33.27499999999857
156.0099999999306
266.4549999998302
402.4699999997065
511.849999999607
544.5399999995773
633.4299999994964
720.9799999994168
783.0399999993604
881.1549999992711
996.774999999166
1150.3700000018996
1245.3300000039724
1362.6600000065334
1464.485000008756
1588.135000011455
1690.1250000136813
1738.720000014742
1825.9650000166464
1933.195000018987
1978.1750000199688
2077.4550000221357
2167.4700000241005
2279.6300000265487
2322.6800000274884
2416.400000029534
2674.4800000351674
2778.8500000374456
2920.935000040547
3122.3100000449426
3385.16500005068
3492.82500005303
3594.290000055245
3617.850000055759
3740.390000058434
3869.665000061256
3971.200000063472
4096.350000066203
4215.410000068802
4318.39500007105
4350.240000071745
4453.865000074007
4570.085000076544
4686.440000079084
4804.845000081668
5053.775000087102
5173.71500008972
5292.160000092305
5412.090000094923
5654.060000100205
5750.380000102307
5788.245000103134
5873.155000104987
6017.025000108128
6137.770000110763
6240.025000112995
6372.745000115892
6474.300000118109
6631.1400001215325
6719.90000012347
6839.115000126072
6957.955000128666
7066.030000131025
7094.425000131645
7190.805000133749
7329.710000136781
7449.215000139389
7551.280000141617
7588.735000142435
7681.840000144467
7805.080000147157
7917.870000149619
8017.32500015179
8056.28000015264
8153.900000154771
8262.220000144362
8382.765000125066
8425.180000118276
8507.715000105065
8621.95000008678
8656.875000081189
8745.530000066998
8792.455000059486
8863.080000048181
8986.415000028439
9104.135000009595
9241.894999987544
9347.1199999707
9456.19999995324
9600.779999930097
9717.224999911457
9824.34999989431
9961.489999872358
10090.264999851745
10186.839999836286
10298.474999818416
10415.614999799665
10538.729999779958
10672.1549997586
10765.469999743664
10814.019999735892
11110.7149996884
11133.26499968479
11249.95999966611
11489.314999627797
11634.454999604564
11845.724999570746
11868.69499956707
11972.534999550448
12095.489999530766
12221.809999510546
12332.074999492896
12466.199999471426
12560.519999456328
12600.039999450002
12685.799999436274
12719.12999943094
12802.919999417527
12917.459999399192
13037.094999380042
13164.879999359588
13271.659999342495
13413.68999931976
13524.664999301996
13631.824999284843
13672.159999278387
13757.22999926477
13864.139999247656
13998.669999226122
14102.414999209515
14148.604999202122
14246.69499918642
14352.664999169458
14477.854999149418
14610.34999912821
14724.259999109976
14841.414999091223
14966.009999071279
15061.234999056036
15204.179999033155
15321.59999901436
15432.899998996543
15671.334998958377
15791.654998939117
15935.909998916026
16028.149998901261
16147.344998882181
16250.144998865726
16301.244998857546
16373.9999988459
16412.23499885005
16498.839998867694
16631.124998894644
16740.454998916917
16855.894998940435
16982.134998966154
17112.279998992668
17217.314999014066
17341.189999039303
17449.89499906145
17580.144999087985
17688.194999109997
17732.894999119104
17821.119999137078
18172.62999920869
18299.254999234487
18414.454999257956
18529.28999928135
18572.219999290097
18649.224999305785
18780.88999933261
18915.269999359985
18987.29499937466
19027.674999382885
19137.24999940521
19239.224999425984
19354.439999449456
19389.039999456505
19592.57999949797
19618.7299995033
19712.309999522364
19839.81499954834
19864.959999553463
19962.734999573382
20085.214999598335
20215.16499962481
20332.404999648694
20433.98499966939
20466.524999676018
20555.024999694047
20587.654999700695
20674.66499971842
20798.239999743597
20946.079999773716
21036.394999792115
21283.60499984248
21402.424999866686
21643.15499991573
21761.734999939887
21863.784999960677
22111.255000011093
22229.810000035246
22342.785000058262
22370.340000063876
22484.365000087106
22590.940000108818
22712.53000013359
22860.855000163807
22943.495000180643
22974.000000186858
23065.55000020551
23304.60000025421
23411.65500027602
23540.145000302196
23591.130000312583
23672.955000329253
23789.305000352957
23900.370000375584
23945.435000384765
24007.31000039737
24045.625000405176
24131.265000422623
24277.47000045241
24383.625000474036
24502.690000498293
24623.600000522925
24747.675000548203
24835.850000566166
24865.105000572126
24978.190000595165
25086.69000061727
25122.63000062459
25217.225000643863
25334.120000667677
25454.905000692284
25571.770000716093
25683.405000738836
25796.745000761926
25827.380000768168
25939.785000791067
26063.120000816194
26296.44500086373
26404.015000885644
26534.76500091228
26662.710000938347
26766.365000959464
26884.365000983504
27010.215001009143
27121.655001031846
27238.025001055554
27347.795001077917
27381.97000108488
27474.515001103733
27621.230001133623
27736.86000115718
27871.675001184645
27948.640001200325
28075.425001226155
28206.385001252835
28236.040001258876
28300.225001271952
28341.94000128045
28422.895001296944
28458.245001304145
28551.985001323243
28788.975001371524
28909.285001396034
29039.055001422472
29158.31500144677
29283.49000147227
29393.78000149474
29514.77500151939
29616.9300015402
29645.29500154598
29753.650001568054
29864.52000159064
29992.955001616807
30097.81000163817
30138.580001646475
30221.50500166337
30334.5600016864
30365.390001692682
30466.15000171321
30593.305001739114
30708.19000176252
30823.310001785972
30961.535001814133
31053.430001832854
31186.075001859877
31292.095001881476
31330.625001889326
31411.69000190584
31530.47000193004
31572.220001938545
31647.010001953782
31780.635001981005
31873.700001999965
31903.785002006094
32007.255002027174
32135.10500205322
32250.965002076824
32369.1350021009
32491.445002125816
32624.955002153016
32728.19500217405
32759.305002180387
32855.080002136536
32971.065002075775
33092.13500201235
33214.45500194827
33325.53000189008
33358.67500187272
33439.72000183026
33704.88000169135
33811.26500163562
33925.33500157586
34052.595001509195
34177.03000144401
34296.855001381235
34404.62000132478
34431.63000131063
34496.05500127688
34527.30500126051
34652.305001195025
34754.57000114145
34881.960001074716
35000.99500101236
35110.56500095496
35236.68500088889
35381.44500081305
35474.06500076453
35511.69500074482
35597.27000069999
35710.23000064081
35834.5250005757
35941.74000051953
36069.73000045248
36192.195000388325
36308.4900003274
36423.46000026717
36677.51000013408
36783.15000007874
36905.35500001472
37023.869999952636
37153.579999884685
37263.73499982698
37413.33499974861
37621.16499963973
37742.45499957619
37869.864999509446
37985.51499944886
38103.28999938716
38221.26499932536
38264.79999930255
38334.23499926618
38378.83999924281
38450.049999205505
38485.23499918707
38574.47999914032
38697.32999907596
38807.349999018326
38836.789999002904
38923.24999895761
38972.61999893175
39065.27499888321
39184.354998820825
39290.62499876515
39329.48999874479
39409.76499870274
39655.579998573965
39776.89499851041
39897.054998447464
40005.08499839087
40139.154998320635
40242.71999826638
40365.509998202055
40485.519998139185
40593.09499808283
40623.189998067064
40726.80999801278
40852.424997946975
40952.09999789476
40995.134997872214
41081.27499782709
41191.12499776954
41248.249997739615
41319.8549977021
41433.8199976424
41575.15499756836
41685.71999751044
41805.889997447484
41909.78499739306
41946.04999737406
42048.2849973205
42148.509997268
42281.01499719858
42397.659997137474
42519.68499707355
42635.35499701295
42765.574996944735
42890.18999687945
43011.17999681607
43106.21999676628
43133.87999675179
43239.07999669668
43491.29999656455
43591.659996511975
43723.09999644312
43822.059996391275
43976.029996310615
44049.789996271975
44079.37999625647
44202.194996192135
44310.93499613517
44437.20499606902
44561.66999600382
44674.47499594472
44776.90499589106
44860.70499584716
44917.87999581721
45038.36499575409
45260.22999563786
45380.07999557508
45630.45999544391
45753.90499537924
45840.599995333825
45869.60999531863
45983.40999525901
46098.74499519859
46221.77499513414
46343.80999507021
46457.34999501073
46552.92499496066
46612.11999492965
46686.459994890705
46748.269994858325
46815.43499482314
46921.784994767426
46972.06999474108
47068.59499469052
47165.719994639636
47273.574994583134
47424.544994504045
47530.029994448785
47581.109994422026
47638.53499439194
47684.33499436795
47769.28499432345
48005.799994199544
48125.96999413659
48263.379994064606
48366.69999401048
48517.03999393172
48609.79999388313
48721.77499382447
48832.17499376663
48870.0299937468
48965.04999369702
49100.119993626264
49207.779993569864
49315.21999351358
49426.82499345511
49564.88499338279
49678.96999332302
49795.614993261916
50004.78499315234
50034.38999313683
50161.73499307012
50290.13499300285
50387.41499295189
50518.009992883475
50618.92499283061
50654.75499281184
50759.78499275682
50872.10999269797
50996.489992632814
51105.56499257567
51168.59999254265
51231.91999250948
51341.33999245216
51378.814992432526
51491.98499237324
51588.34499232276
51708.57999225977
51942.09999213744
52047.62499208216
52099.63499205491
52174.11999201589
52208.29499199799
52305.41999194711
52428.10999188283
52527.059991830996
52673.99999175402
52768.73499170439
52909.884991630446
53037.94499156336
53134.65999151269
53374.04499138729
53459.82499134235
53491.19999132591
53613.87499126165
53732.21999119965
53855.18999113523
53985.69999106686
54088.509991013
54205.22499095186
54458.14499081936
54563.564990764135
54605.12999074236
54684.949990700545
54802.114990639166
54930.28499057202
55047.64499051054
55179.18499044163
55304.61499037592
55440.16499030491
55519.929990263125
55635.05999020281
55667.544990185794
55763.46999013554
55889.20999006967
55990.869990016414
56032.79998999445
56119.7449899489
56252.88498987915
56476.54998976198
56603.49498969548
56716.10998963648
56813.094989585676
56845.624989568634
56966.83998950513
57075.94498944798
57210.64498937741
57331.679989314005
57438.384989258106
57568.11998919014
57661.7349891411
57818.90498905876
57920.164989005716
58024.869988950864
58144.84998888801
58265.17998882497
58392.16498875845
58471.11998871709
58509.264988697105
58744.724988573755
58884.19998850069
58988.34498844613
59088.01998839391
59117.55498837844
59221.57498832395
59334.124988264986
59468.6799881945
59579.379988136505
59702.30498807211
59832.48498800391
59939.27498794797
60079.74498787438
60180.70498782149
60294.47498776189
60423.389987694354
60534.80498763599
60650.13998757557
60767.88998751388
60793.8199875003
60888.124987450894
60934.36998742667
61006.279987388996
61116.85498733107
61141.699987318054
61237.01998726812
61374.41998719614
61488.15498713656
61716.649987016855
61863.479986939936
61961.749986888455
62092.9949868197
62208.21498675934
62319.61498670098
62474.5749866198
62561.41498657431
62692.944986505405
62813.889986442045
62913.54498638984
63023.954986332
63093.749986295436
63149.62998626616
63181.099986249676
63273.53498620125
63312.829986180666
63401.81498613405
63528.88998606748
63642.87998600776
63761.644985945546
64000.62498582035
64122.464985756524
64261.54998568366
64379.489985621876
64484.824985566695
64599.38498550668
64727.50498543956
64821.63998539025
64858.87498537074
64950.86998532255
64988.22498530298
65060.08998526533
65092.9749852481
65179.004985203035
65305.124985136965
65430.87498507109
65531.81498501821
65554.36998503312
65667.02998513804
65817.6299852783
65905.48998536012
66036.64498548227
66147.23998558527
66254.73998568539
66300.72998572822
66401.93498582247
66528.0199859399
66620.12998602568
66750.44498614705
66965.43998634728
66994.10998637398
67084.49498645816
67217.469986582
67331.46998668817
67452.0899868005
67573.76998691383
67695.16498702689
67733.46498706256
67828.50498715107
67938.49998725351
68066.4699873727
68170.0949874692
68289.56998758047
68411.9049876944
68526.69498780131
68655.91998792166
68772.10998802987
68881.88998813211
68991.89498823456
69044.46998828353
69146.47498837853
69267.28998849104
69393.63498860871
69474.17998868373
69505.02998871246
69625.15498882433
69706.84998890042
69734.83498892648
69858.36998904153
69975.19998915034
70075.92498924414
70187.26998934784
70336.19998948654
70432.19498957595
70558.60498969367
70687.39498981362
70792.37498991139
70824.89498994168
70936.909990046
71038.77999014087
71150.6999902451
71185.11499027716
71259.76499034668
71296.26499038067
71380.5749904592
71523.46999059228
71643.79499070434
71748.41999080178
71884.35999092838
72113.14499114145
72237.72999125748
72348.11999136029
72578.97499157529
72714.94999170193
72831.68499181065
72956.2899919267
73049.83499201381
73102.07999206247
73184.21999213897
73298.14499224507
73420.57499235909
73546.92999247677
73649.72999257251
73690.66499261063
73783.5099926971
73901.34499280684
74016.6099929142
74139.6749930288
74368.42499324185
74497.62999336218
74635.8399934909
74850.84499369113
75083.97499390825
75212.3349940278
75349.38999415544
75479.78499427688
75573.38499436405
75812.36999458662
75933.84999469976
76021.95999478182
76070.76499482727
76193.83499494189
76327.32999506622
76404.02499513765
76526.14499525138
76641.13499535847
76763.31999547227
76895.06999559497
77009.75999570178
77128.65499581251
77377.04499604384
77476.06999613607
77605.98999625706
77710.56499635446
77752.09499639313
77835.21499647055
77957.9949965849
78081.0599966995
78195.04999680567
78311.27999691392
78346.73499694694
78418.54999701382
78447.5199970408
78561.6549971471
78686.69499726355
78795.44499736483
78832.33999739919
78914.77499747596
79040.38499759295
79152.65499769751
79260.8749977983
79379.73499790899
79420.12999794661
79515.38499803533
79633.5799981454
79750.10499825393
79858.31999835471
79970.06999845878
79998.05999848485
80092.44499857276
80237.36999870773
80333.04999879684
80367.17499882862
80483.2249989367
80604.92999905004
80700.81999913935
80750.96499918605
80823.07499925321
80939.32499936147
81047.24999946199
81186.04499959125
81303.84499970096
81416.91999980627
81532.1649999136
81666.68500003888
81769.29000013444
81890.84500024765
82041.77500038821
82133.94500047405
82262.83500059409
82381.2800007044
82497.09500081226
82613.01000092021
82732.32000103133
82851.82000114262
82965.02000124805
83082.3300013573
83206.52500147297
83351.515001608
83458.42000170756
83579.38000182022
83672.81500190723
83829.45500205312
83928.0000021449
84034.65000224422
84178.49500237819
84303.58500249468
84511.72000268853
84556.62000273034
84638.62000280671
84760.26000292
84873.17500302516
84995.00500313862
85033.94000317488
85244.35000337084
85344.36000346398
85473.73500358447
85605.89000370755
85707.65500380233
85738.07500383066
85822.67000390944
85946.24000402453
86070.99000414071
86211.45500427153
86343.08500439412
86429.85500447493
86551.52000458824
86675.37000470358
86801.45500482101
87033.39500503702
87157.37500515248
87378.38000535831
87419.85500539694
87494.28500546626
87627.72500559053
87738.30000569351
87872.79500581877
87970.13500590943
88104.58000603464
88241.64500616229
88361.4800062739
88445.6750063523
88487.38000639115
88583.26000648044
88717.61500660557
88822.8700067036
88924.93500679865
88972.64000684308
89062.23500692652
89199.81000705465
89283.0800071322
89410.23500725062
89520.36000735319
89567.26500739687
89659.19500748249
89771.7450075873
89876.67500768503
89930.70000773534
90026.10000782419
90135.34500792593
90272.2150080534
90365.58000814036
90478.56000824558
90509.78000827465
90632.95500838937
90741.25500849023
90843.72000858566
90962.15500869596
91068.500008795
91108.17500883195
91250.72500896471
91317.77500902716
91425.79000912776
91458.20000915794
91563.73000925622
91673.68000935862
91705.0100093878
91819.77500949468
91923.15500959096
92049.0400097082
92272.75500991655
92309.25500995055
92506.29501013405
92639.12501025776
92762.92001037305
92891.73501049302
93126.5350107117
93241.71501081897
93371.80501094012
93449.93501101289
93573.72001112817
93597.08501114993
93723.63001126779
93833.46501137008
93955.81001148402
94061.92501158285
94193.74001170561
94328.82501183142
94561.93001204851
94808.10501227778
94889.00501235313
94936.13501239702
95022.78501247772
95142.20501258894
95266.09501270432
95387.90001281776
95484.05501290731
95518.80501293967
95606.06501302094
95739.63501314534
95861.31001325866
95958.13501334883
95991.75001338014
96098.27001347934
96213.99501358712
96687.56501402817
96807.5350141399
96858.20001418708
96925.50501424976
97067.44001438195
97148.29001445725
97186.00501449237
97405.52001469681
97534.65501481708
97776.56501504238
97919.91501517588
97994.06001524493
98024.44001527323
98117.10501535953
98235.56501546985
98372.4100155973
98490.50001570728
98617.45001582551
98750.82001594972
98847.53001603979
98963.03001614736
99060.9950162386
99102.96001627768
99196.1850163645
99323.2100164828
99427.83501658024
99564.9100167079
99684.02001681883
99809.25001693546
99921.86001704034
100037.17501714773
100278.86501737282
100382.62501746946
100424.81001750875
100514.43501759222
100630.33501770016
100891.53501794342
100993.47501803836
101103.60001814092
101131.24501816666
101224.25001825328
101336.64001835795
101382.17001840036
101476.41001848812
101594.29001859791
101805.84501879493
101833.96001882112
101957.59001893626
102175.05001913878
102306.67001926136
102421.32001936814
102570.01501950662
102666.59001959657
102776.2500196987
102901.89501981571
103026.40001993167
103141.52002003888
103257.46502014686
103387.04502026754
103496.11002036912
103617.00502048171
103730.41002058733
103860.17002070817
103989.98002082907
104081.52002091432
104123.82502095372
104218.24502104166
104327.6000211435
104447.81002125546
104488.19502129307
104567.03002136649
104690.7400214817
104806.17502158921
104930.05502170458
105042.37502180919
105172.97002193081
105284.33002203453
105410.59502215212
105527.96502226143
105633.10002235934
105755.72502247355
105800.48502251523
105881.07002259028
105996.86002269812
106130.81002282287
106249.03002293297
106366.02502304193
106492.57502315979
106598.92002325883
106841.88002348511
106956.70002359204
107088.38002371468
107206.28502382449
107304.70502391615
107443.25002404518
107550.25002414483
107577.73502417043
107658.9950242461
107798.97002437647
107930.10002449859
108040.05002460099
108141.55002469552
108271.03002481611
108386.70502492384
108521.01002504892
108625.56002514629
108747.88502526021
108868.7800253728
108981.98002547823
109116.89502560388
109221.53502570133
109338.63502581039
109470.7100259334
109574.05002602964
109603.95002605749
109703.22502614994
109835.90502627351
110054.15002647677
110193.71002660674
110302.77502670832
110401.98502680071
110445.87502684159
110650.8650270325
110789.82502716192
110890.89002725604
111022.06502737821
111131.62002748024
111253.61502759386
111350.77502768434
111389.72002772061
111478.88502780366
111518.06502784014
111731.53502803895
111854.49002815346
111999.72002828872
112077.72002836136
112105.98002838768
112209.13502848375
112325.70002859231
112569.65502881951
112677.39002891985
112800.64502903464
112929.38002915453
113030.96502924914
113156.23502936581
113290.94002949126
113371.42002956622
113661.92002983677
113762.58502993052
113880.95003004075
113994.55003014655
114037.21503018629
114143.1000302849
114235.37503037084
114351.06003047858
114475.5250305945
114704.19503080746
114821.68003091688
114848.53503094189
114959.10503104486
115070.93503114901
115209.50003127806
115315.34003137663
115431.61503148492
115535.22503158142
115558.35503160296
115643.96003168268
115713.68003174762
115913.07503193332
116062.37503207236
116151.74003215559
116260.5250322569
116388.96503237652
116499.26503247925
116628.0550325992
116754.18503271666
116857.18003281258
117021.51503296563
117107.0650330453
117209.96003314113
117303.8800332286
117340.53503326274
117455.64503336995
117579.87503348564
117692.73503359075
117830.63003371918
117952.6350338328
118066.5550339389
118180.89003404538
118300.34503415663
118422.80003427068
118544.61003438412
118661.75503449322
118757.38003458228
118787.80003461061
118906.19503472088
119124.03003492375
119246.79003503808
119370.65003515343
119484.69503525965
119598.70003536582
119626.31503539154
119732.5650354905
119841.76003559219
119958.9150357013
120068.93003580376
120094.62003582768
120201.44503592717
120453.65503616206
120547.13503624912
120580.34003628005
120683.35003637598
120805.95003649016
120913.74503659055
121047.63503671525
121175.05503683392
121275.71003692766
121401.67503704497
121501.08503713756
121660.475037286
121756.55503737548
121888.58003749844
122009.7650376113
122114.92003770923
122256.48503784108
122349.65503792785
122381.02003795706
122516.33503808308
122579.71503814211
122695.93503825035
122721.49003827415
122824.77003837033
122951.74003848858
123065.65003859467
123195.97003871604
123312.59003882465
123423.21003892767
123534.40003903123
123666.5400391543
123781.51003926137
123898.46503937029
124014.93503947876
124163.92503961752
124260.95503970789
124498.87503992947
124615.91504003847
124760.06004017271
124861.82504026749
124981.29004037875
125078.17004046898
125115.28504050354
125225.28504060599
125363.69504073489
125445.66504081123
125584.91504094092
125701.86504104984
125824.58504116413
125914.57504124794
125939.46504127112
126059.26004138269
126162.11504147848
126189.78504150425
126283.72004159173
126402.88004170271
126523.19504181476
126662.64504194463
126765.13004204008
126894.52504216059
127012.64004227059
127144.24004239315
127243.8250424859
127346.6950425817
127398.22004262969
127471.73504269816
127595.07004281302
127720.21504292957
127851.4600430518
128191.7300433687
128313.51504348213
128348.59004351479
128417.11504357861
128455.36504361423
128659.49004380434
128700.50504384254
128920.65504404757
129051.22504416917
129160.05004427052
129277.00504437945
129386.13504448108
129505.65004459239
129627.18004470557
129751.46504482132
129871.8050449334
129993.58004504681
130104.58504515019
130228.09504526522
130343.66504537285
130368.08004539559
130469.14504548971
130582.35004559514
130699.51504570426
130829.42504582525
130944.99504593288
131057.14004603733
131186.66504615796
131229.27004619763
131298.5850462622
131419.31504637463
131531.26004647888
131650.08004658954
131898.05004682048
131947.08004686615
132028.8550469423
132134.90004704107
132256.31004715414
132364.7250472551
132506.81004738744
132630.18504750234
132711.28004757786
132757.98504762136
132862.88504771906
132961.22004781064
132990.08004783752
133098.4950479385
133201.20004803414
133243.01004807308
133333.39004815725
133451.6750482674
133565.065048373
133694.92504849395
133802.7750485944
133920.40004870394
134023.89504880033
134057.41504883155
134177.87504894374
134407.5000491576
134545.08504928573
134644.6850493785
134751.9700494784
134893.5900496103
134997.02504970663
135093.1900497962
135137.73504983768
135225.35504991928
135254.63004994654
135350.1550500355
135487.78005016368
135601.48505026958
135708.97505036969
135825.4950504782
135950.40505059453
136087.12005072186
136200.06005082704
136332.2000509501
136434.75505104562
136542.0950511456
136597.24505119695
136678.94505127304
136792.42005137872
136902.8850514816
136945.54505152133
137049.40505161806
137138.82505170134
137177.19505173707
137264.81505181867
137366.22505191312
137400.74005194526
137498.99005203677
137616.41005214612
137739.9700522612
137880.67505239224
137968.86505247437
138002.35505250556
138108.1650526041
138226.24005271407
138351.49005283072
138470.19005294127
138584.6900530479
138695.57005315117
138822.04505326896
138947.26005338557
139054.04005348502
139162.7750535863
139213.93505363393
139300.41505371447
139423.20005382883
139534.26505393226
139662.4150540516
139779.28005416045
139901.03005427384
140019.9700543846
140126.695054484
140371.53005471203
140487.84005482035
140526.49505485635
140620.23505494365
140715.7350550326
140767.0800550804
140843.93005515198
140993.02505529084
141092.24505538325
141215.27505549783
141318.63005559408
141436.26005570363
141562.0800558208
141679.5400559302
141725.19505597273
141810.04505605175
141913.63005614822
141948.31005618052
142045.20505627076
142151.03505636932
142177.7600563942
142269.08505647926
142296.01505650434
142424.13005662366
142523.6150567163
142647.3900568316
142747.02505692438
142792.43505696667
142861.59505703108
143029.90005718783
143119.78505727154
143233.08505737706
143339.59005747625
143369.52505750413
143590.39505770983
143622.11005773937
143738.760057848
143853.1050579545
143945.4450580405
144070.56505815702
144194.61505827255
144327.01505839586
144430.75505849248
144541.43005859555
144667.80505871325
144780.68005881837
144905.1700589343
145030.0450590506
145135.21505914856
145287.28005929018
145386.28005938238
145485.2050594745
145528.1500595145
145619.57505959965
145732.0400597044
145765.980059736
145844.31505980896
145878.710059841
145973.19005992898
146084.7850600329
146111.91506005818
146226.11006016453
146325.43506025703
146368.2450602969
146469.55006039125
146590.5100605039
146693.0350605994
146815.63006071356
147044.9100609271
147079.67506095947
147164.18006103818
147309.6000611736
147417.86506127444
147515.7450613656
147643.4150614845
147764.7550615975
147818.28506164736
147891.8900617159
148145.35006195196
148486.36006226955
148725.77506249252
148862.37506261974
148962.56006271305
149079.2300628217
149225.66506295808
149307.45506303426
149436.7800631547
149548.49006325874
149674.7350633763
149719.46006341797
149800.84006349376
149930.8100636148
150033.65006371058
150067.43006374204
150195.61006386142
150276.05506393634
150370.86506402463
150418.0650640686
150513.1000641571
150632.15506426798
150669.27006430255
150746.005064374
150775.6400644016
150852.92006447358
150907.43506452435
151005.9450646161
151124.85006472684
151227.11506482208
151349.3250649359
151414.2800649964
151459.86006503884
151492.6600650694
151590.69006516068
151711.11506527284
151831.04006538453
151929.65506547637
151978.39506552176
152053.62006559182
152187.64506571664
152314.6150658349
152433.7050659458
152561.72506606503
152773.89006626263
152887.70506636862
153018.04006649
153056.60506652592
153126.94506659143
153262.58506671776
153379.5650668267
153492.56506693194
153606.06506703765
153726.9200671502
153849.7550672646
153976.42006738257
154078.6850674778
154107.19006750436
154202.00006759266
154232.72006762127
154334.39506771596
154453.05506782647
154562.26006792817
154682.34006804
154713.44506806898
154921.09506826237
155050.23506838264
155167.71006849204
155293.13006860885
155425.55006873218
155528.16006882774
155645.1500689367
155760.96506904456
155882.32506915758
155982.15506925056
156029.2350692944
156251.74506950163
156361.61506960395
156493.17006972648
156608.7450698341
156738.19006995467
156854.26507006277
156939.36507014203
156966.43007016723
157094.75507028674
157188.37007037393
157316.83507049357
157452.3800706198
157669.71507082222
157789.81507093407
157931.24007106578
158028.24507115613
158142.44507126248
158265.3050713769
158391.59507149452
158509.0550716039
158620.13007170736
158739.4700718185
158883.890071953
158994.87507205637
159210.24507225695
159247.10007229127
159332.12007237045
159372.0000724076
159482.5950725106
159585.4650726064
159700.69507271372
159821.82007282652
159939.2700729359
160056.78507304535
160185.27507316502
160311.76507328282
160416.50007338036
160455.23007341643
160550.330073505
160769.89007370948
160897.43007382826
161024.2650739464
161242.90507415
161393.56007429032
161616.555074498
161832.24007469887
161896.3750747586
161965.03507482255
162096.43507494492
162219.05007505912
162325.3250751581
162364.93007519498
162441.33507526614
162582.64007539774
162699.0100755061
162804.4450756043
162905.66007569857
162951.40007574117
163052.4700758353
163148.83007592504
163276.58007604402
163307.9150760732
163398.49507615756
163525.1400762755
163621.43007636518
163754.7100764893
164002.76507672033
164120.89507683035
164356.61507704988
164486.4600771708
164574.9150772532
164626.84007730155
164723.02007739112
164826.45007748745
164879.61507753696
164949.8950776024
165053.65007769904
165177.4000778143
165314.05007794156
165443.02507806168
165558.01507816877
165670.29007827333
165787.27507838228
165896.61507848412
166024.66007860337
166149.60007871973
166259.88507882244
166308.99007886817
166383.980078938
166505.9400790516
166610.520079149
166640.0500791765
166743.1450792725
166865.04507938604
166968.9500794828
166996.05507950805
167091.7750795972
167215.97507971287
167343.0450798312
167584.16008005576
167702.9600801664
167823.80508027895
167945.4050803922
168055.64508049487
168099.08508053533
168184.4300806148
168307.44008072937
168430.7500808442
168522.9800809301
168574.8350809784
168646.72508104536
168679.46008107584
168770.66508116078
168883.2100812656
169000.62508137495
169117.6200814839
169245.2650816028
169387.05508173484
169501.31008184125
169601.63008193468
169722.9700820477
169956.97508226562
170081.2000823813
170295.03008258046
170337.00008261955
170567.13008283387
170668.6400829284
170700.26008295786
170786.7350830384
170914.38508315728
171038.92508327327
171151.6950833783
171520.39508372167
171644.58008383733
171750.23508393572
171855.8700840341
171887.0050840631
172004.22508417227
172107.06008426804
172142.80008430133
172211.50508436532
172249.03508440027
172355.93008449982
172474.24508461
172586.52508471458
172705.00008482492
172746.60508486367
172825.19508493686
172944.3200850478
173057.12508515286
173097.05008519004
173178.8250852662
173213.97008529893
173320.90508539852
173414.2900854855
173523.64508558734
173665.30008571927
173786.07008583174
173918.03508595465
174030.64508605952
174137.6700861592
174272.09008628438
174403.34508640663
174756.2450867353
174970.7750869351
175089.39008704555
175210.62008715846
175235.0300871812
175351.30508728948
175453.27008738444
175572.04008749506
175690.4150876053
175799.9350877073
175829.94508773525
175927.46508782607
176049.38008793961
176161.0300880436
176291.03508816467
176390.65508825745
176432.035088296
176531.23508838838
176802.500088641
176889.2500887218
177000.52008882543
177112.54508892976
177134.77008895046
177264.55008907133
177385.29008918378
177474.94508926728
177522.08508931118
177579.870089365
177603.80008938728
177720.80008949625
177826.9350895951
177857.80008962384
177973.14508973126
178080.86508983158
178198.49508994113
178312.74509004754
178341.21509007405
178430.9250901576
178546.3500902651
178583.74009029992
178675.58509038546
178794.0750904958
178913.81009060732
179062.12509074545
179151.9350908291
179276.37009094498
179399.79509105993
179511.6400911641
179646.1850912894
179753.21009138908
179878.91009150614
179988.99009160866
180124.2200917346
180235.15509183792
180342.45509193785
180465.94009205286
180607.85509218503
180689.8750922614
180826.83509238897
180959.56009251258
181059.3250926055
181194.43009273132
181297.10009282693
181327.61509285535
181436.35009295662
181541.7550930548
181662.74509316747
181785.53509328183
181940.52009342617
182016.70009349711
182132.04009360453
182162.99009363336
182252.20009371644
182363.24009381986
182492.58509394032
182614.7500940541
182728.07009415963
182852.88509427587
182885.4450943062
182994.1150944074
183079.1600944866
183213.1600946114
183327.12509471754
183442.05009482458
183566.8550949408
183683.030095049
183817.5550951743
183939.635095288
184042.43509538373
184169.56009550212
184295.8050956197
184401.95509571856
184502.5000958122
184545.84509585256
184637.33509593777
184754.32509604673
184904.11509618623
184976.94509625406
185023.84509629774
185236.26009649556
185343.4550965954
185381.98009663128
185473.44509671646
185595.82009683043
185698.28009692585
185829.89009704842
185860.34009707678
185978.17509718653
186079.8200972812
186189.01009738288
186300.24009748647
186428.6750976061
186535.955097706
186670.97009783174
186790.23509794282
186905.04009804974
186930.47509807342
187027.78509816405
187143.3600982717
187278.62009839766
187381.44009849342
187625.96009872115
187733.62509882142
187772.0600988572
187861.24509894027
187984.5450990551
188109.12509917113
188212.05009926698
188338.41009938467
188451.76509949024
188487.11509952316
188586.24509961548
188694.8250997166
188939.89509994484
189079.07510007446
189182.1801001705
189407.10010037996
189535.40510049945
189808.00510075333
189899.32010083838
190019.64010095043
190129.50010105275
190246.13510116137
190279.4351011924
190374.7851012812
190511.2601014083
190623.9201015132
190735.64010161726
190833.23010170815
190865.77510173846
190965.70510183153
191074.29010193265
191105.22010196146
191201.2651020509
191342.9951021829
191445.51510227838
191551.7401023773
191681.62010249827
191795.20510260406
191913.7851027145
192164.45510294795
192286.44010306156
192400.37010316766
192526.60510328523
192757.4451035002
192878.7601036132
192999.1151037253
193117.20010383526
193232.5551039427
193365.1651040662
193466.01010416012
193498.4301041903
193610.86510429502
193711.2401043885
193831.33010450035
193954.95510461548
194198.0701048419
194309.99510494614
194427.2051050553
194544.54010516457
194655.02510526747
194794.98510539782
194896.0151054919
195027.08010561398
195279.13510584872
195385.78010594804
195501.9101060562
195617.8801061642
195754.70010629162
195885.95010641386
195981.85010650317
196079.01010659366
196123.65510663524
196241.12010674464
196342.78010683932
196443.56510693318
196468.15010695608
196588.30010706797
196705.7901071774
196811.9751072763
196933.3301073893
197057.17510750465
197177.22510761645
197281.7401077138
197324.8101077539
197412.06010783516
197452.95010787324
197533.73010794848
197646.2951080533
197780.2951081781
197881.73010827258
198007.99510839017
198123.93010849814
198263.50510862813
198387.52510874363
198493.7751088426
198604.0701089453
198750.97510908212
198874.330109197
198979.61510929506
199083.695109392
199182.34010948386
199214.01510951336
199321.1051096131
199450.7001097338
199560.35510983592
199693.9201099603
199794.27011005377
199926.10511017655
200031.90511027508
200288.63511051418
200384.34511060332
200427.01511064306
200514.4601107245
200620.60511082335
200645.11511084618
200761.94511095498
200861.09011104732
200891.43511107558
200982.54011116043
201017.0851111926
201226.86511138798
201338.71511149214
201478.92011162272
201585.9451117224
201683.62511181337
201708.0251118361
201825.69511194568
201941.33511205338
202057.46511216153
202207.60511230136
202334.6801124197
202417.1301124965
202522.910112595
202679.47011274082
202813.65011286578
202898.41011294472
203029.83511306712
203129.26011315972
203245.55511326803
203371.39011338522
203486.060113492
203746.0101137341
203879.8801138588
203972.28011394484
204098.48511406238
204213.7301141697
204313.98011426307
204440.96011438133
204567.0901144988
204609.10511453793
204688.07011461147
204808.0251147232
204941.5101148475
205057.72011495574
205156.85011504806
205391.6101152667
205433.19011530542
205521.2051153874
205652.58511550975
205770.25011561933
205895.02011573553
206025.73011585727
206124.0251159488
206257.1651160728
206506.9051163054
206591.6301163843
206858.82511663315
206952.22011672013
206985.4801167511
207090.54011684895
207195.74511694693
207319.78011706244
207429.98011716508
207540.08511726762
207575.42511730053
207655.45011737506
207688.32511740568
207784.07511749485
207901.09511760384
208158.83511784388
208389.37011805858
208506.4451181676
208633.86011828628
208760.4901184042
208853.7951184911
208988.52511861658
209103.94511872408
209230.61011884204
209332.40011893684
209481.41511907562
209589.55011917633
209704.36511928326
209964.83511952584
210051.1101196062
210174.04011972068
210304.90511984256
210404.31511993514
210430.65511995967
210525.15012004768
210551.8101200725
210689.5751202008
210786.2151202908
210898.070120395
211025.71512051387
211129.73012061074
211240.87512071425
211274.68012074573
211367.7351208324
211503.75012095907
211618.50012106594
211828.31012126134
212112.77512152627
212222.38512162835
212329.390121728
212431.12012182275
212462.71012185217
212689.96512206382
212790.9951221579
212842.66512220603
212922.6301222805
213037.8251223878
213161.50012250297
213290.86512262345
213400.14512272523
213448.23512277
213525.18012284167
213663.45012297045
213757.93012305844
213782.41512308124
213889.3151231808
213994.84012327908
214238.8101235063
214367.1451236258
214485.95012373646
214570.10012381483
214602.1601238447
214707.5101239428
214734.22512396768
214823.61512405094
214947.155124166
214993.68012420932
215189.99012439215
215302.4751244969
215431.39012461697
215543.47012472135
215594.4101247688
215783.04012494447
215903.31012505648
216039.03512518288
216148.18512528454
216389.35512550914
216499.5801256118
216636.6001257394
216747.43012584263
216868.3001259552
216973.23012605292
217225.8601262882
217357.99012641126
217466.85012651264
217700.41012673016
217803.01512682572
217836.36512685678
217927.1151269413
218041.8101270481
218197.23512719286
218287.50512727693
218321.85512730893
218425.83012740576
218526.71512749972
218557.2001275281
218792.39512774715
218894.70512784243
219019.70512795885
219129.57512806117
219247.69012817118
219365.16512828058
219396.81512831006
219618.23512851627
219725.91512861656
219845.33512872778
219967.52512884157
220099.42512896442
220190.58512904932
220233.75512908952
220315.50512916566
220349.62012919743
220440.07012928167
220567.81012940063
220676.15012950153
220789.35012960696
220897.43012970762
220953.82012976013
221043.4351298436
221150.20012994303
221253.42013003916
221305.1251300873
221405.75513018103
221520.04513028747
221636.64513039606
221722.6801304762
221794.77513054333
221875.1751306182
221992.88013072783
222127.21513085294
222225.93013094488
222341.57513105258
222371.53013108048
222468.66013117094
222585.84013128007
222712.23513139779
222833.83013151103
222965.3301316335
223065.33013172663
223170.68513182475
223210.66513186198
223314.4151319586
223445.23013208044
223531.89513216115
223566.39513219328
223661.15513228154
223771.51513238432
223800.7951324116
223889.53013249423
223945.83513254666
224034.5501326293
224137.8601327255
224183.32013276784
224259.6101328389
224380.23513295123
224491.51013305486
224620.04513317457
224731.19013327808
224775.3501333192
224849.50013338827
224895.10513343074
224977.37013350736
225103.29013362463
225199.53013371426
225240.5851337525
225321.78513382812
225349.64013385406
225441.3751339395
225563.20513405296
225694.3651341751
225910.56513437646
225946.12513440958
226053.4051345095
226093.71513454703
226168.1901346164
226281.96513472236
226323.7751347613
226399.55013483186
226533.6901349568
226667.22513508116
226764.18013517145
226900.08513529802
227005.15513539588
227116.38013549946
227244.13013561844
227293.72013566463
227344.4701357119
227500.64513585734
227737.29513607774
227837.15013617073
227953.85013627942
228091.85513640795
228196.09513650503
228324.74013662484
228407.580136702
228436.4851367289
228563.23513684695
228688.93013696402
228903.3301371637
229037.9901372891
229148.12013739167
229188.0801374289
229278.24513751286
229394.08513762074
229512.61013773113
229627.50513783813
229753.35013795533
229869.7151380637
229976.0101381627
230112.88513829018
230213.47513838386
230343.4501385049
230473.81013862632
230591.1501387356
230686.48513882438
230716.62013885245
230815.71013894473
230945.4901390656
231060.47013917268
231194.63013929763
231294.97013939108
231412.1251395002
231531.095139611
231654.54013972596
231772.32513983565
231821.30013988126
231884.2701399399
232009.51514005655
232150.71514018805
232256.8501402869
232369.86014039215
232498.18014051166
232528.5201405399
232597.36514060403
232747.50014074385
232854.7051408437
232989.255140969
233111.645141083
233209.49014117412
233326.49014128308
233365.66514131957
233431.625141381
233569.9351415098
233672.93514160573
233708.29514163866
233797.8851417221
233928.68514184392
234043.1301419505
234159.3201420587
234273.42014216498
234301.85514219146
234400.71514228353
234522.560142397
234758.62014261686
234811.0651426657
235007.38514284854
235104.44514293893
235141.1451429731
235248.43014307303
235352.63014317007
235478.8301432876
235580.180143382
235716.14514350862
235832.58014361706
235959.215143735
236060.5801438294
236083.1151438504
236193.55014395324
236307.90014405973
236348.1201440972
236426.46014417015
236543.28514427895
236591.9701443243
236670.4701443974
236792.8701445114
236903.1451446141
237060.31514476048
237132.20514482743
237162.81514485594
237380.93014505907
237510.74014517997
237612.65014527488
237744.46514539764
237858.5751455039
237984.8401456215
238009.58014564455
238108.90514573705
238218.42514583905
238332.8401459456
238364.25014597486
238465.1101460688
238570.39514616685
238698.46514628612
238816.05014639563
238934.4401465059
239064.66514662717
239179.30514673394
239305.1001468511
239428.1551469657
239533.2851470636
239647.67014717014
239685.79514720564
239770.41014728445
239804.9251473166
239886.94514739298
240039.450147535
240139.65514762833
240230.84514771326
240259.40014773986
240356.78014783055
240380.00014785217
240498.5551479626
240724.8001481733
240842.8151482832
240960.89514839317
241073.83514849836
241210.70514862583
241314.8351487228
241349.5001487551
241459.97514885798
241540.7501489332
241573.36514896358
241666.73014905053
241698.12514907977
241817.555149191
241933.9451492994
242039.1701493974
242162.1101495119
242253.00014959654
242397.85014973144
242507.24514983332
242547.1601498705
242646.94514996343
242875.97515017673
242996.57015028904
243110.350150395
243228.9901505055
243357.5101506252
243475.400150735
243601.66515085258
243707.91515095154
243736.1151509778
243817.87015105394
243948.79515117587
244069.23015128804
244329.65515153058
244442.08015163528
244537.40015172405
244660.2951518385
244800.27015196887
244911.36015207233
245138.13515228353
245161.69015230547
245260.42515239742
245391.98015251994
245502.3051526227
245534.0901526523
245608.25515272137
245754.03515285713
245881.85515297618
245982.66015307006
246230.79015330115
246332.34515339573
246458.13015351287
246586.1401536321
246684.67515372386
246811.01515384152
246921.73015394463
247038.69515405357
247066.35015407932
247180.1401541853
247289.26015428692
247413.0351544022
247539.26515451976
247637.73015461146
247763.06015472818
247903.77515485924
248033.9901549805
248130.76015507063
248252.02515518357
248354.89015527937
248477.8801553939
248511.1651554249
248601.90015550941
248723.81015562295
248851.0051557414
248946.32515583019
249003.10515588307
249075.1751559502
249199.91015606635
249331.1551561886
249437.65015628777
249549.1351563916
249682.75515651604
249800.00515662524
249922.35515673918
250054.09015686187
250154.56515695545
250266.79015705996
250400.58515718457
250502.6251572796
250527.37015730265
250735.4001574964
250873.57015762507
251011.5751577536
251220.70015794836
251336.10515805584
251383.38515809987
251469.25515817985
251588.73515829112
251695.30015839037
251730.14515842282
251823.3301585096
251936.11515861464
251990.25515866507
252172.59015883488
252217.6151588768
252306.81015895988
252437.86515908194
252537.83015917504
252635.64515926613
252777.84015939856
252881.14515949477
252906.6351595185
253030.70015963406
253129.0001597256
253206.32515979762
253276.56515986304
253372.2951599522
253504.30016007513
253625.43516018795
253729.2201602846
253770.95516032347
253860.12516040652
253992.47016052977
254120.73016064923
254229.83516075084
254330.91516084498
254448.34016095434
254569.36016106704
254678.24016116845
254733.65516122006
254816.5801612973
254923.80516139715
255298.35016174597
255420.63516185986
255521.1951619535
255658.8251620817
255752.11016216857
255777.52016219223
255892.89516229968
256003.92016240308
256110.39516250225
256137.96016252792
256244.6601626273
256360.7501627354
256456.16516282427
256485.10016285122
256597.96516295633
256708.220163059
256750.58016309846
256835.60016317765
256969.14516330202
257102.43516342615
257189.90516350762
257305.56016361533
257426.69516372815
257666.5351639515
257773.98516405158
257807.25016408256
257919.99016418756
258040.74516430002
258147.2451643992
258267.97016451164
258412.58516464633
258509.5051647366
258617.51516483718
258743.9101649549
258879.37016508105
258974.31516516948
259017.02516520926
259102.59016528894
259237.15516541427
259344.22016551398
259491.1251656508
259593.58516574622
259693.1151658389
259823.93016596074
260077.4051661968
260172.48016628536
260290.4201663952
260325.04016642744
260415.54516651173
260661.33516674064
260769.98516684183
260907.4901669699
261008.2151670637
261126.80516717414
261278.2601673152
261381.28016741114
261509.83016753086
261627.07016764005
261845.16016784316
261870.81016786705
261964.95016795472
262117.4001680967
262208.62516818166
262340.8451683048
262434.96516839246
262468.11516842333
262570.2101685184
262697.04516863654
262805.40016873745
263047.07516896253
263184.00516909006
263298.5251691967
263398.2351692896
263523.7751694065
263633.2951695085
263762.85016962915
263866.36016972555
263993.7701698442
264112.2001699545
264238.93017007253
264354.79517018044
264493.96517031005
264583.18517039315
264709.6151705109
264815.8101706098
264850.4701706421
264947.27517073223
265068.340170845
265182.160170951
265313.9051710737
265424.2951711765
265467.9051712171
265538.28517128265
265567.59517130995
265664.4851714002
265689.3901714234
265795.260171522
265909.8501716287
266124.96517182904
266158.8601718606
266497.7401721762
266535.9751722118
266628.9351722984
266749.3051724105
266856.15517251
266980.5751726259
267095.6801727331
267141.50517277577
267221.6251728504
267361.83517298097
267456.20517306885
267495.40017310536
267694.9301732912
267808.7601733972
267918.67517349956
267944.925173524
268042.615173615
268173.04017373646
268282.065173838
268433.29017397884
268512.76017405285
268539.37517407764
268577.350174113
268676.3251742052
268907.9401744209
269011.7051745175
269128.11017462594
269245.8901747356
269415.65017489373
269484.07017495745
269530.1651750004
269593.8351750597
269714.1951751718
269858.15017530584
269970.2301754102
270093.9101755254
270217.2701756403
270330.58517574583
270452.59017585946
270548.03017594834
270673.7451760654
270789.86017617356
270822.4601762039
270907.87017628347
270943.38517631654
271032.8751763999
271170.70017652825
271289.45517663885
271395.6051767377
271506.87017684133
271765.8201770825
271881.74517719046
271997.4351772982
272107.4651774007
272150.82517744106
272239.0151775232
272338.3251776157
272376.60517765133
272472.30517774046
272603.70517786284
272675.84517793
272703.6151779559
272824.59017806855
272929.25517816603
272958.14517819294
273061.6101782893
273185.2901784045
273304.43517851544
273409.6051786134
273549.69017874385
273670.14017885603
273782.2951789605
273890.6401790614
273935.0751791028
274023.6801791853
274147.21517930034
274258.545179404
274361.6751795001
274401.295179537
274610.0401797314
274638.9151797583
274731.85517984483
274869.85017997335
274959.7501800571
274989.5051800848
275077.84018016706
275243.51018032135
275329.2401804012
275448.7451805125
275578.21518063307
275689.8901807371
275815.7701808543
275932.30018096283
276060.255181082
276163.81518117845
276289.5001812955
276417.3001814145
276507.3351814984
276532.8101815221
276622.5951816057
276656.9251816377
276778.76018175116
276910.40018187376
277001.4001819585
277056.74018201005
277128.70018207707
277243.3101821838
277373.69518230524
277477.31518240174
277602.4701825183
277716.8251826248
277828.86518272915
277945.80018283805
278083.9501829667
278312.05018317915
278420.35518328
278446.82518330467
278550.96518340165
278688.4401835297
278785.3351836199
278921.9151837471
279047.02018386364
279155.47018396464
279192.5851839992
279272.915184074
279395.66018418834
279615.6551843932
279663.78518443805
279878.83518463833
279973.8501847268
280013.2601847635
280113.36018485675
280215.4201849518
280240.335184975
280345.4451850729
280486.9751852047
280582.25518529344
280707.9701854105
280809.80018550536
280947.67018563376
281055.2151857339
281091.4651857677
281185.8851858556
281296.870185959
281397.6351860528
281418.235186072
281556.8351862011
281670.70018630713
281787.33518641576
281886.395186508
281909.1401865292
282014.11518662696
282130.3401867352
282253.1701868496
282363.50018695235
282492.6051870726
282615.38518718694
282743.4551873062
282838.2201873945
282875.0551874288
282981.620187528
283085.67518762493
283322.5101878455
283564.645188071
283794.8401882854
283820.9551883097
283934.4451884154
284032.1601885064
284166.4651886315
284293.5201887498
284403.4251888522
284440.0801888863
284513.7201889549
284548.175188987
284630.0251890632
284759.2501891836
284872.61518928915
284984.62518939347
285015.0551894218
285109.5401895098
285376.040189758
285478.84518985375
285521.9901898939
285704.56519006396
285740.54019009747
285838.4001901886
285963.55519030517
286082.17019041564
286178.07519050495
286435.0401907443
286541.4001908433
286574.94019087456
286682.42019097466
286782.0751910675
286900.2951911776
286949.01519122295
287032.44019130064
287133.0851913944
287265.11019151733
287413.5651916556
287617.62019184564
287731.835191952
287874.7351920851
287969.4351921733
288098.9551922939
288150.22019234166
288236.5951924221
288339.07019251754
288374.0101925501
288572.07519273454
288618.6201927779
288706.10519285937
288840.53019298456
288940.68019307783
289074.18019320216
289161.1001932831
289318.2001934294
289412.18019351695
289521.92519361916
289553.5101936486
289751.7401938332
289786.6651938657
289890.51019396243
290001.6151940659
290252.4251942995
290379.5801944179
290497.63019452785
290620.56519464235
290718.6301947337
290848.6751948548
290943.7301949433
291089.9701950795
291227.75019520783
291328.7801953019
291568.5351955252
291688.60019563703
291808.6001957488
291910.46519584366
291939.10519587033
292035.5701959602
292162.48519607837
292285.61019619304
292387.4951962879
292506.6451963989
292552.5251964416
292625.68019650975
292657.5351965394
292768.14519664244
292881.56519674807
292985.5401968449
293024.76519688143
293106.08019695716
293143.02519699157
293231.4251970739
293363.64519719704
293471.78019729775
293583.24519740156
293754.50019756105
293837.83019763866
293959.90519775235
294083.58519786753
294177.44519795495
294301.14019807015
294427.9951981883
294572.3101983227
294655.25019839994
294788.5401985241
295019.78019873943
295132.5701988445
295266.44519896916
295388.39519908273
295500.1151991868
295636.9501993142
295726.44019939756
295839.50019950286
295882.3101995427
296088.2351997345
296345.7301999743
296455.965200077
296705.4352003093
296826.25520042185
296943.430200531
297058.4402006381
297182.40520075354
297408.5952009642
297519.4452010674
297639.0252011788
297674.86020121217
297770.74020130147
297884.9002014078
298008.5002015229
298137.95020164346
298242.65020174097
298373.54020186287
298482.3402019642
298612.77020208567
298756.1702022192
298956.13020240545
299076.6852025177
299194.40020262735
299308.8152027339
299427.94020284485
299456.40020287136
299662.02520306286
299804.40520319546
299902.20020328654
300056.20020342997
300297.6952036549
300403.42020375334
300520.49020386237
300654.9852039876
300743.3452040699
300783.4652041073
300887.79520420445
301001.6852043105
301128.11020442826
301219.3202045132
301346.91020463203
301460.3452047377
301599.9602048677
301706.8152049672
301745.4302050032
301816.6102050695
301843.86020509485
301946.07020519004
302046.8552052839
302092.4752053264
302189.2202054165
302285.4452055061
302311.2152055301
302426.9752056379
302657.905205853
302689.12020588206
302888.17020606744
302943.9702061194
303022.5702061926
303137.7752062999
303255.3202064094
303292.66020644415
303490.99520662887
303610.05520673975
303742.8352068634
303851.75020696485
303979.8152070841
304105.03520720074
304217.5452073055
304327.0502074075
304438.8102075116
304465.8602075368
304574.9852076384
304809.75520785706
304936.6352079752
305062.1202080921
305189.43520821066
305504.14520850376
305529.9552085278
305639.4852086298
305768.3052087498
305877.5202088515
305994.31520896027
306030.35520899383
306111.3902090693
306137.1602090933
306256.6602092046
306349.5352092911
306494.54520942614
306579.9802095057
306715.3852096318
306831.07020973956
306867.8502097738
306958.39020985813
307071.7552099637
307204.145210087
307314.1752101895
307427.87021029537
307558.8152104173
307670.19521052105
307787.17521063
307895.68021073105
307934.6102107673
308043.64021086885
308139.390210958
308269.96521107963
308382.9002111848
308427.0002112259
308522.12021131447
308652.5152114359
308752.00021152856
308864.7602116336
309100.1652118528
309216.355211961
309244.72021198744
309344.12021208
309474.73521220166
309565.98021228664
309620.7952123377
309702.715212414
309821.7852125249
309943.8902126386
310066.5252127528
310225.8802129012
310410.2002130729
310533.32521318755
310659.07521330466
310770.20521340816
310834.41521346796
310907.495213536
311014.25021363545
311132.5252137456
311239.29021384503
311357.22521395487
311490.47521407896
311627.7552142068
311715.96521428897
311763.5552143333
311839.62521440414
311877.9152144398
311973.55521452887
312090.9752146382
312189.0952147296
312338.6902148689
312434.6602149583
312552.71021506825
312586.96521510015
312670.1202151776
312789.8652152891
312921.0702154113
313161.9952156357
313200.17021567124
313283.94521574926
313411.36521586793
313517.2302159665
313655.0652160949
313772.1202162039
313879.00021630345
313983.1952164005
314023.1452164377
314137.0602165438
314254.07021665276
314358.46521675
314476.7152168601
314591.7852169673
314732.53521709837
314830.8102171899
314949.8952173008
315172.09021750774
315207.0452175403
315310.53021763667
315452.0952177685
315551.77521786134
315654.62521795713
315816.7452181081
315906.3602181916
316016.93521829456
316132.5152184022
316158.6052184265
316263.34021852404
316368.68021862215
316410.1652186608
316521.38021876436
316642.0252188767
316785.0302190099
316856.2452190762
316979.64521919115
317122.5952193243
317229.73521942407
317452.4902196315
317601.57521977037
317707.465219869
317799.74521995493
317827.58521998086
317919.5602200665
317949.21022009413
318056.0302201936
318171.7552203014
318218.84522034525
318280.885220403
318406.10522051965
318539.4402206438
318656.39522075275
318709.4702208022
318767.9202208566
318797.0352208837
318889.95022097026
319039.4752211095
319132.83522119647
319268.52522132284
319355.08522140345
319400.17522144545
319487.6352215269
319621.37522165145
319709.11522173317
319826.77022184274
319858.23022187204
319963.39522197
320071.17022207036
320192.26522218314
320227.540222216
320319.73522230185
320453.060222426
320578.9102225432
320686.08022264304
320823.51522277104
320915.22022285644
321034.64022296766
321298.045223213
321389.83022329846
321491.1402233928
321514.7352234148
321633.055223525
321777.57022365957
321886.6952237612
322004.0502238705
322121.3152239797
322251.81522410124
322379.51022422017
322460.7352242958
322596.59022442234
322706.78522452497
322826.79522463673
322946.1752247479
323064.7102248583
323180.82022496645
323298.8902250764
323416.8652251863
323547.6652253081
323652.2352254055
323683.63522543473
323778.6552255232
323834.10522557487
323895.7552256323
323973.04022570426
324024.88022575254
324148.1902258674
324272.1252259828
324373.0552260768
324488.97522618476
324616.0252263031
324743.1902264215
324871.64522654115
324964.62522662774
324993.5902266547
325083.8902267388
325125.4002267775
325230.9552268758
325349.48022698617
325447.6552270776
325674.8552272892
325700.1802273128
325804.07022740954
325848.66522745107
325935.7652275322
326061.6002276494
326176.89522775676
326281.24522785394
326402.7252279671
326531.96022808744
326665.96022821224
326752.4852282928
326783.86522832204
326878.28022841
327007.17022853
327118.6202286338
327240.12022874696
327370.88522886875
327480.3252289707
327613.64022909483
327718.7152291927
327849.4152293144
327963.70022942085
328193.0252296344
328336.6552297682
328449.7552298735
328546.0352299632
328589.13523000333
328667.94523007673
328801.84523020143
328908.2002303005
328972.2402303601
329044.065230427
329152.87523052836
329270.99023063836
329402.705230761
329497.0402308489
329750.93023108534
329875.92523120175
329983.07023130154
330108.3252314182
330348.2152316416
330456.37023174233
330581.47023185884
330713.1552319815
330843.99523210333
330936.26523218927
331061.7152323061
331175.27023241186
331293.17023252166
331425.0902326445
331522.8852327356
331650.2202328542
331684.5702328862
331794.4452329885
332129.2352333003
332262.1702334241
332354.32023350993
332389.7202335429
332485.365233632
332627.4702337643
332745.50023387425
332846.2502339681
332986.12523409835
333318.54023440793
333374.8652344604
333443.86523452465
333481.00523455924
333582.8902346541
333682.23023474665
333814.74523487006
334049.1902350884
334179.50023520977
334267.01523529127
334297.29023531947
334528.4252355347
334637.09023563593
334756.52523574716
334790.1702357785
334884.7702358666
335361.02023631014
335480.9102364218
335606.68523653893
335719.520236644
335830.9502367478
335944.59023685363
335982.9952368894
336069.15023696964
336194.6152370865
336306.7302371909
336446.05023732065
336545.9652374137
336656.845237517
336778.4252376302
336815.5902376648
336923.3552377652
337268.5002380866
337385.79023819586
337496.7802382992
337532.0702383321
337614.2252384086
337751.6852385366
337865.32023864245
337996.7102387648
338091.01523885265
338215.58023896866
338332.50023907755
338501.0052392345
338574.3352393028
338698.32023941824
338814.6902395266
338843.3652395533
338929.7652396338
339088.2802397814
339157.4352398458
339201.05523988645
339419.14524008957
339534.6002401971
339655.57524030976
339778.60524042434
339885.600240524
340023.9352406528
340141.5002407623
340261.0952408737
340360.0902409659
340389.57024099334
340480.21524107776
340501.1652410973
340612.05024120054
340720.4452413015
340759.7602413381
340843.03524141567
340960.39524152497
341077.5702416341
341108.8102416632
341211.5702417589
341325.525241865
341441.7602419733
341570.04024209274
341919.45024241816
342033.5152425244
342155.490242638
342268.5602427433
342398.32024286414
342631.3002430811
342772.10524321225
342872.70024330594
342996.8702434216
343099.5352435172
343140.115243555
343237.7352436459
343369.55024376867
343483.1902438745
343584.30024396867
343704.6952440808
343839.81524420663
343948.19024430757
343979.08024433634
344065.10524441645
344168.1302445124
344209.85024455126
344316.4002446505
344434.77024476073
344555.0202448727
344672.9152449825
344780.42524508265
344915.2452452082
345015.38524530147
345134.11024541204
345170.9852454464
345276.4502455446
345392.3852456526
345517.1502457688
345630.74024587456
345853.42024608195
345899.5602461249
345978.030246198
346098.9252463106
346213.8052464176
346260.5202464611
346329.18524652504
346446.44524663425
346574.0452467531
346684.2052468557
346798.87024696247
346824.7852469866
346934.57024708885
347080.3202472246
347171.8952473099
347292.8002474225
347419.1052475401
347531.15024764446
347657.50524776214
347769.18524786615
347886.32024797524
348002.17024808313
348144.6002482158
348249.35524831334
348361.2002484175
348491.18024853856
348617.65024865634
348726.52524875774
348852.58024887514
348952.4002489681
348987.5202490008
349082.8652490896
349202.7802492013
349311.71024930273
349434.89024941745
349555.48024952976
349681.5002496471
349801.7402497591
349903.34524985374
349929.44524987804
