14.185000000000818
48.705000000006464
173.2799999999149
388.2599999997194
507.9249999996106
616.314999999512
754.9999999993859
850.9249999992986
967.9499999991922
1310.045000005385
1357.1700000064136
1443.175000008291
1557.1350000107784
1677.6600000134092
1809.6600000162905
2033.7850000211827
2146.8650000236507
2246.200000025819
2270.0900000263405
2480.905000030942
2510.7450000315935
2620.0150000339786
2729.5100000363686
2858.7500000391897
2945.310000041079
3205.1300000467504
3286.3500000485233
3330.865000049495
3412.085000051268
3446.365000052016
3547.925000054233
3652.8700000565236
3765.2450000589765
3899.9300000619164
4116.780000066649
4235.275000069236
4383.155000072464
4468.360000074324
4629.550000077842
4702.005000079424
4836.100000082351
4959.880000085052
5056.200000087155
5174.990000089748
5280.610000092053
5399.010000094638
5505.505000096962
5757.985000102473
5871.6550001049545
6017.950000108148
6117.320000110317
6228.685000112748
6334.290000115053
6477.340000118175
6582.720000120476
6689.040000122796
6811.025000125459
6934.895000128163
7028.140000130198
7052.990000130741
7166.58500013322
7277.285000135636
7393.5600001381745
7421.175000138777
7505.220000140612
7649.370000143758
7768.425000146357
7883.415000148867
7985.575000151097
8126.610000154175
8229.295000149632
8327.480000133915
8443.070000115413
8564.565000095965
8666.400000079664
8704.230000073609
8798.855000058462
8912.985000040193
9018.96000002323
9056.06000001729
9151.750000001974
9270.444999982974
9423.429999958485
9503.564999945658
9629.584999925486
9751.614999905953
9875.994999886043
9955.884999873255
9994.474999867078
10070.80499985486
10200.174999834151
10310.539999816485
10419.694999799012
10544.549999779027
10695.564999754853
10801.114999737958
10902.924999721661
11114.594999687779
11151.604999681855
11251.314999665894
11342.889999651235
11379.774999645331
11600.104999610063
11663.519999599912
11738.534999587904
11824.099999574208
11953.119999553555
12055.474999537171
12081.669999532978
12170.134999518817
12307.144999496886
12435.179999476391
12518.824999463002
12573.974999454174
12655.799999441077
12757.54999942479
12788.984999419758
12911.184999400197
13021.454999382546
13124.44499936606
13270.549999342673
13358.249999328635
13477.09999930961
13574.484999294022
13698.354999274194
13952.70499923348
14051.074999217733
14155.849999200962
14187.994999195816
14291.73499917921
14431.24499915688
14550.114999137852
14655.374999121002
14745.769999106533
14874.559999085917
14986.17999906805
15105.87499904889
15222.07999903029
15335.139999012192
15449.654998993861
15565.874998975258
15682.384998956608
15708.54499895242
15801.154998937596
15833.6149989324
16141.694998883086
16266.729998863071
16408.35999884926
16504.819998868912
16619.539998892284
16731.73499891514
16857.92499894085
16967.78499896323
17094.86499898912
17129.754998996228
17196.32499900979
17317.6149990345
17441.664999059773
17566.894999085285
17673.43999910699
17794.659999131687
17825.89499913805
18010.034999175565
18152.35999920456
18269.23499922837
18363.43499924756
18398.064999254617
18506.244999276656
18600.819999295923
18717.08499931961
18838.199999344284
18867.399999350233
18958.43499936878
19072.104999391937
19199.864999417965
19307.989999439993
19427.574999464356
19550.764999489453
19798.604999539944
19904.299999561477
20000.679999581112
20134.1299996083
20283.729999638777
20357.81499965387
20383.859999659177
20489.95499968079
20719.019999727458
20831.72999975042
20941.789999772842
21059.92499979691
21102.18999980552
21186.679999822732
21323.549999850617
21407.809999867783
21523.19999989129
21652.96999991773
21775.24499994264
21885.19999996504
21982.699999984903
22011.019999990673
22096.965000008182
22134.65000001586
22240.405000037405
22349.165000059562
22462.30500008261
22581.735000106943
22715.0300001341
22829.26500015737
22948.210000181603
23064.07500020521
23160.375000224827
23277.675000248724
23415.770000276858
23519.635000298018
23644.830000323524
23738.995000342707
23781.640000351395
23883.67000037218
23971.240000390022
24207.52000043816
24252.260000447273
24334.46500046402
24457.395000489065
24553.18500050858
24589.680000516015
24683.940000535218
24797.33500055832
25021.46500060398
25142.36000062861
25267.71500065415
25389.970000679055
25532.29000070805
25609.045000723687
25637.155000729414
25750.850000752576
25841.805000771106
25879.46500077878
25963.56000079591
26068.905000817373
26104.515000824627
26198.19000084371
26241.565000852548
26445.000000893993
26543.01000091396
26572.835000920037
26673.755000940597
26789.845000964247
26897.06000098609
27132.985001034154
27389.810001086476
27480.18500110489
27527.915001114612
27621.880001133755
27708.910001151486
27745.735001158988
27832.32500117663
27955.525001201728
28089.09500122894
28192.145001249934
28313.440001274645
28423.040001296973
28540.790001320962
28652.670001343755
28783.495001370407
28883.995001390882
28916.52500139751
29024.455001419497
29133.845001441783
29229.20500146121
29347.435001485297
29492.99500151495
29599.225001536593
29706.525001558453
29832.255001584068
29945.21500160708
30051.170001628667
30082.930001635137
30176.9850016543
30277.135001674702
30325.2300016845
30435.240001706912
30523.180001724828
30638.960001748415
30768.590001774824
30866.83000179484
30923.67500180642
30975.095001816895
31126.475001847735
31209.615001864673
31337.095001890644
31380.395001899466
31461.50000191599
31584.155001940977
31689.235001962385
31804.81000198593
31937.555002012974
32075.405002041058
32157.310002057744
32184.53000206329
32279.530002082643
32386.13000210436
32501.165002127796
32646.9700021575
32742.53000217697
32772.945002179564
32862.19000213281
32966.01000207842
33101.535002007426
33205.015001953216
33336.52500188432
33440.44500182988
33495.24500180117
33558.905001767824
33692.445001697866
33800.6200016412
33895.38500159155
33929.52000157367
34042.250001514614
34146.320001460095
34265.16000139784
34381.495001336894
34487.84000128118
34598.74000122309
34729.01000115484
34768.4100011342
34889.22000107091
35089.630000965924
35197.365000909485
35308.120000851464
35424.17500079067
35548.28000072565
35660.060000667094
35704.3300006439
35781.98500060322
35897.140000542895
36012.31500048256
36268.89000034815
36385.02500028731
36471.615000241945
36600.620000174364
36715.77000011404
36826.095000056244
36966.80499998253
37068.81999992909
37171.06999987552
37295.029999810584
37415.419999747515
37528.87499968808
37644.25999962763
37758.884999567585
37881.93999950312
38002.359999440036
38124.3999993761
38364.989999250065
38465.00999919767
38697.21499907602
38835.85999900339
38945.25999894608
39060.524998885696
39191.35499881716
39408.10499870361
39518.66499864569
39617.06999859414
39650.52999857661
39757.46499852059
39856.84499846853
39984.75499840152
40096.97999834273
40216.654998280035
40356.70499820667
40453.06499815619
40603.754998077246
40722.829998014866
40798.82999797505
40918.74999791223
41033.614997852055
41157.85999778697
41269.229997728624
41393.84499766334
41621.98499754383
41729.93999748727
41854.43499742205
41964.82999736422
42091.85999729767
42341.689997166795
42466.3299971015
42560.16999705234
42801.78999692576
42914.47999686673
43035.06499680356
43123.3699967573
43153.63499674144
43264.669996683275
43375.419996625256
43497.45999656132
43608.27999650327
43721.77999644381
43841.319996381186
43973.44999631197
44082.72999625472
44196.10999619532
44306.15499613767
44421.66499607716
44534.70999601794
44666.624995948834
44771.24499589403
44882.114995835946
44909.944995821366
45002.164995773055
45029.824995758565
45144.79999569833
45375.68499557738
45492.229995516325
45589.70999546526
45694.73499541024
45847.719995330095
45954.54999527413
46061.569995218066
46179.68499515619
46418.664995030995
46528.4199949735
46660.77499490416
46768.81999484756
46877.044994790864
46990.05999473166
47224.85499460866
47371.79499453168
47461.384994484746
47583.75999442064
47700.6549943594
47836.39999428829
47941.24499423336
48057.854994172274
48155.09999412133
48183.93999410622
48285.064994053246
48394.77999399577
48547.76999391562
48634.23499387033
48741.24499381427
48772.56999379786
48864.044993749936
49087.76999363273
49118.58499361659
49225.17999356075
49339.87499350066
49456.22499343971
49561.59999338451
49673.714993325775
49802.55999325828
49923.62999319485
50034.35499313685
50118.82999309259
50164.91999306845
50269.40999301371
50365.12499296357
50401.60999294445
50510.60999288735
50617.76499283122
50737.22999276863
50852.654992708165
50970.1799926466
51084.069992586934
51197.54499252749
51320.54999246305
51441.20999239984
51554.52499234048
51696.5049922661
51797.49499221319
51907.31499215566
52029.55999209162
52125.06499204159
52260.60999197058
52488.94499185096
52616.27999178426
52741.484991718666
52851.399991661085
52946.88499161106
53072.75499154512
53186.20999148569
53307.24499142228
53422.63999136183
53528.26999130649
53662.69499123607
53793.41999116759
53890.91999111651
54004.55499105698
54124.25999099427
54245.17499093093
54333.93999088443
54366.38499086743
54599.35999074538
54817.96499063086
54877.479990599684
54946.214990563676
55063.46999050225
55170.03999044642
55210.879990425026
55298.654990379044
55405.33499032316
55527.714990259046
55629.5399902057
55656.759990191444
55760.08999013731
55885.479990071624
55998.16499001259
56111.43998995325
56232.80498988967
56341.95498983249
56373.57498981593
56479.369989760504
56581.644989706925
56691.54498964935
56813.439989585495
56932.23498952326
57024.09998947514
57061.7799894554
57177.75998939464
57286.11998933787
57383.95998928662
57417.80498926889
57505.394989223
57632.31998915651
57747.164989096345
57846.464989044325
57873.22498903031
57976.094988976416
58082.84998892049
58228.75998884405
58328.224988791946
58392.71498875816
58444.28998873114
58588.07498865582
58684.11498860551
58800.46998854455
58909.88498848723
59034.604988421896
59163.22998835451
59297.72998828405
59404.67498822803
59496.10498818013
59630.019988109976
59732.42498805633
59859.28998798987
59991.15498792079
60083.95998787217
60195.87998781354
60320.81998774809
60444.289987683405
60542.81498763179
60675.914987562064
60895.15498744721
61014.21998738484
61123.99998732733
61163.784987306484
61368.97498719899
61483.709987138885
61595.149987080506
61855.1549869443
61943.02998689826
62067.2199868332
62196.199986765634
62317.51498670208
62425.604986645456
62544.21498658332
62644.03498653103
62775.49998646216
62893.36498640041
63005.40498634172
63129.91998627649
63269.88998620316
63352.62498615982
63455.91498610571
63498.204986083554
63580.0149860407
63606.67998602673
63694.25498598085
63823.224985913286
63960.48998584138
64055.18498579177
64181.41998572564
64286.64998567051
64393.084985614754
64431.3599855947
64509.65498555369
64637.62498548665
64737.76498543419
64782.91998541053
64870.73498536453
64993.80998530005
65111.75998523826
65224.03998517944
65341.50498511791
65473.51498504875
65572.46998504997
65671.56998514227
65930.96498538385
66022.73998546932
66056.01498550031
66138.1399855768
66270.98998570052
66387.92498580943
66415.21998583485
66513.71498592658
66606.16498601268
66627.48998603254
66737.40998613491
66852.99498624256
66888.904986276
66976.7299863578
67095.72998646862
67216.67498658126
67324.45498668164
67419.4349867701
67457.43998680549
67563.78998690454
67701.9349870332
67791.79498711688
67930.01998724561
68031.41998734005
68151.82998745219
68254.0599875474
68379.09998766385
68437.20998771797
68600.9849878705
68763.79498802213
68867.26498811849
69089.52498832549
69190.97498841997
69312.15498853283
69430.28498864284
69549.28498875367
69664.46498886094
69817.28998900327
69895.14998907578
70024.59498919634
70120.4399892856
70159.18498932169
70236.32498939353
70346.73498949636
70374.02998952178
70480.61998962105
70600.74998973293
70702.87998982804
70835.06998995115
70937.27999004634
71062.23499016272
71180.62999027298
71307.08999039076
71406.69499048352
71529.5099905979
71648.73999070894
71764.81499081705
71880.82999092509
72002.1699910381
72110.7249911392
72235.22499125515
72348.4549913606
72460.8799914653
72570.30499156722
72704.03999169177
72816.09499179613
72916.25499188941
72943.60499191488
73064.49499202747
73179.36499213445
73284.9699922328
73414.29999235325
73503.34499243618
73631.72499255574
73777.41999269143
73856.25999276486
73984.00999288383
74109.20999300043
74229.49999311246
74332.7349932086
74472.30499333859
74578.09999343712
74693.16499354428
74808.31999365153
74912.49499374855
75042.54999386967
75158.94499397808
75393.40999419644
75495.85999429185
75532.57999432605
75603.32499439194
75721.9349945024
75756.27999453439
75856.05499462731
75961.20499472524
76070.83499482734
76106.50499486056
76195.86999494379
76226.88499497267
76326.37499506533
76434.72499516624
76542.57999526669
76661.26999537722
76780.3249954881
76891.7799955919
77138.33999582153
77285.01499595813
77377.36499604414
77478.97999613878
77617.05499626737
77751.80499639286
77841.1749964761
78077.6199966963
78187.14999679831
78308.77499691158
78428.56499702315
78538.66999712569
78651.26499723055
78698.48499727453
78786.62999735662
78879.15499744279
79009.46499756415
79118.31499766553
79227.29499776702
79354.4049978854
79473.76999799657
79598.20499811246
79713.64999821997
79818.86999831797
79843.9149983413
79960.57499844994
80046.73999853019
80085.26999856607
80170.63499864558
80301.48499876744
80441.80999889813
80523.52999897423
80568.9199990165
80749.7349991849
80775.20999920863
80882.64499930869
80993.61499941204
81111.29999952164
81234.79999963666
81360.94499975414
81454.47499984124
81492.57499987673
81585.05499996286
81692.55500006297
81814.65500017669
81913.8850002691
81957.06000030931
82038.64000038529
82171.85500050936
82284.7450006145
82399.44500072132
82519.99500083359
82626.67500093294
82746.93500104494
82858.16500114853
82979.7800012618
83093.11000136734
83210.22000147641
83358.53000161453
83457.77000170696
83555.64500179811
83694.42500192736
83799.62000202533
83905.95500212436
84036.6700022461
84169.32000236964
84278.85000247165
84390.0400025752
84494.95500267291
84604.93000277533
84747.9200029085
84846.87500300066
84971.66500311688
85096.4550032331
85211.95500334067
85305.0750034274
85351.61000347073
85425.4400035395
85558.20000366314
85654.34500375268
85683.07500377944
85858.02000394237
86022.6600040957
86133.35500419879
86270.79500432679
86361.27500441106
86496.83500453731
86604.50500463758
86704.77500473097
86732.39000475669
86826.63500484446
86962.1800049707
87074.7100050755
87182.35000517574
87301.4900052867
87410.83500538854
87530.61500550009
87643.77000560547
87773.39000572619
87875.63000582141
87908.92500585242
88007.98000594467
88117.98500604712
88251.52500617149
88344.55000625813
88489.20000639284
88589.47000648623
88706.5900065953
88838.78500671842
88943.73500681616
89058.445006923
89161.26500701875
89307.17500715464
89399.06000724022
89520.84500735364
89552.5850073832
89625.395007451
89755.56000757223
89867.46000767645
90000.57000780042
90086.37500788033
90117.39000790921
90214.41500799957
90250.99000803364
90340.41000811692
90454.04500822275
90570.285008331
90691.24500844366
90836.07000857854
90921.00000865763
91040.66500876908
91155.27000887581
91298.3800090091
91399.49500910327
91509.88500920607
91616.70500930556
91753.83500943327
91860.31000953243
91969.62000963424
92098.09000975388
92317.35000995809
92456.11501008732
92565.10501018882
92661.75501027884
92710.69501032442
92798.41501040611
92929.45001052815
93015.09501060791
93039.6750106308
93144.92501072882
93255.78501083207
93310.77501088328
93376.95001094491
93423.02501098783
93481.91001104267
93615.45501116704
93735.52501127886
93829.66501136654
93859.08501139394
93964.71001149231
94069.0700115895
94107.25501162506
94202.36001171364
94329.72001183225
94380.38501187944
94441.3400119362
94546.6700120343
94671.67001215072
94767.89501224033
94908.0850123709
95002.94001245924
95139.5900125865
95246.22001268581
95362.90501279448
95513.45001293469
95615.1500130294
95709.68001311744
95831.04001323046
95935.46501332772
96052.9200134371
96080.23001346254
96162.7500135394
96193.45001356798
96285.58501365379
96317.78001368378
96403.76001376385
96451.04001380788
96877.8750142054
96997.01501431636
97103.01001441508
97149.62501445849
97232.67001453583
97357.99001465255
97462.66501475003
97582.63501486176
97694.21001496568
97735.53001500416
97809.69001507323
97933.88001518889
98186.10501542379
98280.87001551205
98380.4700156048
98422.38501564384
98522.91501573747
98630.48001583765
98744.680015944
98875.10001606547
99083.35501625942
99216.89501638379
99329.59501648875
99465.15001661499
99583.78001672548
99677.75001681299
99816.69001694239
99912.5800170317
100028.35001713951
100270.98001736548
100398.37001748412
100494.52001757367
100613.57001768454
100748.99501781067
100851.45001790609
100966.02501801279
101084.5800181232
101198.99501822976
101322.81501834508
101455.00501846819
101566.35001857189
101693.87501869065
101784.0050187746
101915.08501889667
102022.9250189971
102126.81501909386
102158.12501912302
102266.62001922406
102375.47001932544
102476.56501941959
102509.35501945013
102604.17001953843
102719.31001964567
102772.36001969507
102834.61501975305
102974.9000198837
103058.05001996114
103169.17002006463
103313.50502019905
103426.89002030465
103541.59002041147
103652.14002051443
103786.02002063912
103887.56002073368
104012.18502084975
104129.05502095859
104257.8100210785
104362.51502117602
104491.78502129641
104573.4900213725
104613.20502140949
104714.24002150359
104822.71502160461
104933.87502170814
105083.32002184732
105184.61002194165
105282.40002203273
105521.36502225528
105648.31002237351
105754.48502247239
105809.85502252396
105893.50502260186
105965.88002266927
105994.8000226962
106138.83502283035
106230.12502291537
106346.41002302367
106471.80502314045
106580.16502324137
106715.03502336697
106812.42502345768
106938.01002357464
107052.44502368121
107185.67002380529
107261.75002387614
107321.81502393208
107415.09002401895
107508.54502410599
107541.91502413707
107633.51002422237
107733.51502431551
107848.84002442291
108008.14502457128
108085.74002464354
108197.84502474795
108325.55002486688
108358.78002489783
108455.29502498772
108594.38502511726
108688.58502520499
108800.07002530881
108938.72002543794
109027.0450255202
109162.78502564662
109276.65002575266
109383.01002585172
109489.51502595091
109624.18502607633
109738.03002618236
109961.23502639023
110075.91002649703
110198.3900266111
110333.55502673698
110431.85002682853
110541.22502693039
110665.23002704588
110791.00002716301
110910.85502727464
111025.16002738109
111151.78002749901
111249.48502759001
111376.6050277084
111515.34502783761
111601.660027918
111716.40002802486
111822.87002812402
111872.6750281704
111953.61002824578
112061.81502834655
112173.82502845087
112286.19002855552
112419.69502867985
112530.30002878286
112656.66502890055
112769.5700290057
112889.17502911709
113011.88502923137
113129.05002934049
113220.05002942524
113249.95002945309
113361.78002955724
113473.69502966147
113579.58502976008
113705.17002987704
113814.65502997901
113953.01003010786
114148.16503028962
114288.18503042002
114410.09003053355
114520.39003063628
114624.98003073368
114719.75503082195
114760.87003086024
114864.38003095664
115015.23503109714
115095.14503117156
115235.37003130215
115454.08503150585
115567.7400316117
115785.40003181441
115810.4100318377
115925.95503194531
116026.48503203894
116061.71003207174
116159.10503216245
116265.07003226114
116364.23503235349
116395.21003238234
116528.70503250667
116625.87003259716
116739.36003270285
116861.25003281637
116980.67003292759
117094.97003303404
117230.79503316054
117342.34003326442
117452.73003336723
117560.98003346805
117669.89003356948
117699.21003359678
117795.28003368626
117912.27503379522
118058.84003393172
118142.98503401008
118271.1050341294
118373.13003422442
118509.2600343512
118604.24503443966
118728.67003455554
118852.66503467102
118952.75003476423
119087.53003488976
119203.47503499774
119443.25003522105
119559.0550353289
119661.00503542385
119781.36503553594
119902.49503564875
120008.89503574785
120138.71503586875
120243.15503596602
120270.96003599191
120359.24503607413
120479.86503618647
120583.37503628287
120618.53503631562
120712.38003640302
120953.97503662802
121061.2150367279
121184.99003684317
121295.36503694596
121416.88003705913
121535.93503717001
121655.56503728143
121776.62003739417
121973.31003757735
122107.56003770238
122227.99003781454
122343.66503792227
122446.22503801779
122485.47003805434
122585.8200381478
122692.2350382469
122806.61503835343
122844.51003838872
122928.54003846698
123053.32503858319
123192.87003871315
123284.25003879826
123402.02503890794
123521.07503901882
123636.56003912637
123735.20503921824
123846.5050393219
123879.89003935299
123973.8450394405
124014.02503947791
124103.90003956162
124230.46003967948
124459.36003989266
124570.2150399959
124683.13504010107
124902.91504030576
125039.05504043255
125155.36004054087
125261.26004063949
125362.49504073377
125512.34504087333
125648.32004099997
125722.85004106938
125755.26504109957
125867.85504120443
125965.15004129504
126090.91504141217
126210.63004152366
126327.89004163287
126439.00004173635
126553.92504184338
126790.9200420641
126908.7100421738
127039.30004229542
127140.83504238998
127258.2150424993
127367.5150426011
127495.86004272063
127613.12504282984
127735.00504294335
127835.48004303692
127978.85004317045
128083.00504326745
128186.34004336369
128302.74004347209
128424.58004358556
128552.14004370436
128783.15004391951
128885.43004401476
129006.03504412709
129128.61504424125
129225.24004433124
129357.75004445465
129589.2050446702
129709.87504478259
129843.32004490687
129942.23004499899
130074.23004512192
130200.95504523994
130407.44004543225
130442.76004546514
130526.27504554292
130638.5750456475
130748.96004575031
130870.66504586366
131000.4200459845
131108.1100460848
131211.54504618113
131237.68504620547
131445.31504639884
131480.44004643155
131560.9200465065
131590.95504653448
131704.60504664032
131805.53504673432
131921.6750468425
132034.27004694735
132154.155047059
132188.70504709118
132271.00004716782
132410.8900472981
132500.88504738192
132540.76504741906
132634.56504750642
132743.60504760797
132872.00504772755
132969.15504781803
133011.1000478571
133073.95004791563
133098.32004793832
133213.1700480453
133331.01504815504
133367.34504818887
133436.13504825294
133562.7950483709
133685.8450484855
133917.30004870106
134076.93004884972
134146.4700489145
134247.66504900873
134384.12504913582
134513.46004925627
134613.7650493497
134738.20504946559
134854.13504957355
135069.42504977406
135112.03504981374
135179.8600498769
135202.16004989768
135313.93505000178
135434.6450501142
135554.23005022557
135663.85505032766
135794.08005044895
135906.86505055398
136017.46005065698
136136.5400507679
136373.71505098877
136484.6550510921
136584.8400511854
136717.0150513085
136748.22505133756
136828.140051412
136869.18505145021
136976.48505155015
137051.45505161997
137108.395051673
137172.37005173258
137311.7800518624
137433.70505197597
137537.19505207235
137651.91005217918
137902.45005241252
138003.51005250664
138133.56005262776
138256.71005274245
138358.07505283685
138467.70505293895
138606.53005306824
138701.38005315658
138737.3850531901
138832.9400532791
138927.77505336743
138954.29505339212
139037.92005347
139078.0600535074
139164.33505358774
139301.11005371512
139396.9850538044
139520.8950539198
139626.56005401822
139768.4900541504
139860.7300542363
139891.68005426513
140002.86505436868
140112.28005447058
140212.75505456416
140241.09005459055
140456.93505479157
140574.6450549012
140810.68005512102
140942.56505524385
141059.3300553526
141272.89005555148
141388.35505565902
141509.06005577144
141635.42505588912
141732.0350559791
141871.49505610898
141964.8250561959
142093.08005631535
142239.10505645134
142316.76005652366
142398.6050565999
142456.42005665373
142555.23005674576
142581.85505677055
142686.66505686817
142802.04505697562
142919.74505708524
143031.7050571895
143145.46005729545
143359.10505749442
143488.44505761488
143594.83005771396
143627.7200577446
143742.26505785127
143838.4000579408
143950.95005804562
144071.85505815822
144182.58005826134
144307.58505837776
144442.64505850355
144553.64505860693
144664.23505870992
144788.08505882527
144906.84005893586
145005.4500590277
145150.87505916314
145232.0000592387
145368.86005936615
145471.92505946214
145592.20005957416
145709.09005968302
145828.92005979462
145935.98005989433
146079.49506002798
146178.0950601198
146306.22506023914
146399.52006032603
146541.56006045832
146663.24006057164
146761.50506066316
146860.42006075528
146901.22506079328
147002.63006088772
147233.775061103
147343.26006120496
147467.30006132048
147577.11006142275
147615.75506145874
147690.09006152797
147815.1200616444
147917.0200617393
148059.29506187182
148167.32006197242
148287.09006208397
148397.8400621871
148509.8250622914
148632.14006240532
148737.2300625032
148765.08506252914
148862.2350626196
148891.57006264693
148976.27506272582
149102.78506284364
149210.9650629444
149349.66506307357
149475.30506319058
149566.52506327553
149714.9750634138
149785.6400634796
149827.960063519
149915.7800636008
150269.40506393014
150398.3050640502
150502.8850641476
150617.0450642539
150740.50006436888
150860.75506448088
150994.6750646056
151090.1200646945
151208.6650648049
151319.43506490806
151448.72006502846
151573.45006514463
151659.89506522514
151693.73506525665
151794.7150653507
151910.4650654585
152021.6950655621
152155.11006568634
152257.23006578145
152372.4850658888
152413.45006592694
152475.59506598482
152513.5950660202
152611.3050661112
152726.45006621844
152857.6000663406
152951.64506642817
153061.9450665309
153092.67506655952
153176.17006663728
153307.7350667598
153421.1100668654
153652.15006708057
153785.5350672048
153907.34506731824
154017.70506742102
154142.32506753708
154349.42506772996
154388.82006776665
154491.9500678627
154610.76506797335
154706.10506806214
154831.95006817934
154938.82006827887
155066.45506839774
155181.59006850497
155294.27506860992
155413.28506872075
155522.8700688228
155654.24006894516
155770.50006905344
155865.0450691415
155898.50006917265
155990.39506925823
156127.4950693859
156335.50006957963
156381.5400696225
156454.25506969023
156488.66006972227
156571.62506979954
156604.2250698299
156685.7050699058
156807.8000700195
156923.235070127
157157.6200703453
157289.66007046826
157389.9950705617
157528.0650706903
157637.20007079194
157747.29007089447
157860.96507100033
157969.29007110122
158099.75007122272
158208.16007132368
158342.57507144887
158439.37007153902
158562.38007165358
158594.44007168344
158682.1250717651
158792.26507186767
158906.88507197442
159020.0300720798
159147.74007219874
159191.53507223952
159259.65507230296
159297.45507233817
159379.06007241417
159498.35007252527
159636.4600726539
159735.12507274578
159862.68507286458
159971.8050729662
160079.54507306655
160190.47007316985
160227.90507320472
160300.44007327227
160439.740073402
160537.5500734931
160669.36007361586
160776.7850737159
160908.34507383843
161006.11007392948
161130.39507404523
161251.56007415807
161305.35507420817
161373.40507427155
161483.06507437368
161595.5200744784
161718.86507459328
161941.4750748006
162179.27007502207
162291.42507512652
162316.34507514973
162420.4800752467
162526.38007534534
162553.95507537102
162660.08007546986
162774.3650755763
162872.7150756679
162900.80007569405
163015.35507580073
163127.0000759047
163237.900076008
163361.14507612278
163486.75507623976
163605.29507635016
163707.69507644553
163826.60007655626
163921.5700766447
163948.92007667018
164053.79507676786
164169.24007687537
164273.9650769729
164414.4150771037
164523.22507720505
164641.7150773154
164785.7050774495
164878.7950775362
164981.85007763217
165021.78507766937
165095.28507773782
165218.83007785288
165250.47007788235
165339.89007796563
165479.1250780953
165569.70007817965
165695.0600782964
165909.30007849593
166059.1550786355
166160.90007873025
166289.0550788496
166389.325078943
166519.20507906395
166661.93007919687
166740.18007926975
166980.77507949382
167093.51507959882
167202.46507970028
167248.2100797429
167324.38507981383
167440.25007992174
167553.74508002744
167676.78508014203
167799.78008025658
167936.7100803841
168024.68008046603
168132.94508056686
168262.83008068783
168386.65008080314
168506.05008091434
168596.45008099853
168749.18508114078
168963.15508134005
169069.90008143947
169180.38508154236
169318.55508167105
169421.75508176716
169554.27508189058
169658.73508198786
169768.00008208962
169889.8500822031
170026.10008233
170124.1450824213
170257.64508254564
170375.9350826558
170487.00008275924
170587.1200828525
170729.00508298463
170839.61008308764
170943.99508318485
171043.6850832777
171179.56508340425
171405.26008361444
171434.81508364197
171528.50008372922
171637.3500838306
171759.30008394417
171798.68508398085
171981.99508415157
172114.99508427543
172484.18508461927
172581.66008471005
172726.61008484504
172806.73508491967
172853.75508496346
172914.9950850205
172947.02008505032
173051.10508514725
173170.39508525835
173279.83508536028
173305.61508538428
173397.9800854703
173524.40508558805
173642.1500856977
173750.23508579837
173874.87508591445
174007.7450860382
174111.86508613516
174242.1600862565
174340.87008634844
174444.41508644487
174482.14508648
174577.7900865691
174805.5300867812
174919.60508688743
175026.45508698694
175157.34508710884
175386.18508732197
175494.33008742268
175529.21008745517
175621.03008754068
175862.92508776597
175960.97008785728
176089.77008797723
176202.55508808227
176306.23008817883
176460.00508832204
176555.8350884113
176679.46508852643
176907.66008873895
177017.25508884102
177121.85508893844
177148.63508896338
177249.94008905772
177407.67508920463
177503.27508929366
177616.96008939954
177712.76508948876
177844.26508961123
177948.52508970833
178071.4250898228
178195.32508993818
178302.4100900379
178449.55509017495
178531.5400902513
178661.84009037266
178771.1000904744
178899.98009059444
178984.91009067354
179033.12509071844
179132.33509081084
179239.04509091022
179365.99009102845
179476.57509113144
179703.66509134293
179816.34009144787
179842.43009147217
179930.81509155448
180071.80009168579
180190.6850917965
180293.92009189265
180407.05509199802
180530.37509211287
180739.84009230795
180881.34009243973
180987.11009253823
181081.6650926263
181117.50009265967
181243.7000927772
181362.5750928879
181447.80009296729
181499.95509301586
181574.03009308485
181688.78009319172
181814.01009330834
181947.44509343262
182059.88509353733
182174.56509364414
182264.77009372815
182290.1750937518
182395.59009384998
182521.38009396713
182723.54509415542
182759.78009418916
182867.56009428954
182984.05009439803
183091.09009449772
183215.7200946138
183339.08009472868
183459.5750948409
183565.73509493977
183791.84009515034
183932.3500952812
184029.71509537188
184143.62009547796
184256.88509558345
184289.82009561412
184382.07509570004
184511.75509582082
184615.045095917
184717.74509601266
184838.39509612502
184872.14509615646
184964.9550962429
185086.96509635652
185192.25509645458
185310.57009656477
185435.0450966807
185547.9050967858
185671.0450969005
185786.0600970076
185840.90009705868
185884.210097099
185914.76009712747
186006.23509721266
186058.74009726156
186132.46509733022
186173.30509736825
186240.8800974312
186271.73509745992
186483.95009765757
186585.31009775196
186732.20509788877
186845.36009799415
186951.46009809297
187064.85009819857
187192.38509831735
187297.62509841536
187423.42009853252
187536.81509863812
187651.96009874536
187774.32009885932
187879.7400989575
188112.7400991745
188225.79509927979
188258.3500993101
188354.06509939925
188471.36009950849
188585.97509961523
188697.34509971895
188827.71509984037
188928.92009993462
189077.16510007269
189296.07010027656
189402.23510037543
189525.19010048994
189644.57510060113
189761.0551007096
189880.28510082065
189981.99510091537
190104.66510102962
190218.72010113584
190351.91010125988
190582.29010147444
190692.38010157697
190824.43510169996
190920.22510178917
191057.83010191732
191145.16510199866
191270.79510211566
191321.23510216264
191373.82510221162
191479.5601023101
191511.76010234008
191634.91010245477
191751.07510256296
191856.83510266145
191979.815102776
192100.35510288825
192205.80510298646
192327.6051030999
192444.93010320916
192571.39010332694
192783.13510352414
192816.5001035552
192931.97510366276
193029.69010375376
193147.92510386388
193245.4601039547
193378.18510407832
193485.83010417857
193608.85510429315
193672.56510435248
193717.42510439426
193948.7401046097
194089.91010474117
194186.84510483145
194227.3901048692
194304.18010494072
194450.520105077
194535.71010515635
194775.2151053794
194815.6801054171
194897.0851054929
195014.61510560237
195134.23510571377
195258.86510582984
195364.50010592822
195469.64510602615
195716.30010625586
195940.49010646465
196069.02510658436
196174.68010668276
196311.17510680988
196420.88010691205
196532.64510701614
196647.03010712267
196773.9901072409
196882.28010734176
196994.88510744664
197104.34010754857
197262.99010769633
197344.54010777228
197461.5051078812
197488.92510790675
197585.3001079965
197695.43010809907
197808.4101082043
197971.93510835659
198050.0101084293
198156.08010852808
198207.62010857608
198282.66010864597
198421.59510877536
198514.78010886215
198613.17010895378
198644.16010898264
198885.63510920753
199095.7351094032
199221.93010952073
199333.20010962436
199441.21010972495
199577.53510985192
199687.3751099542
199777.05011003773
199807.7351100663
199935.67511018546
200031.96011027513
200136.25511037227
200168.36511040217
200265.3551104925
200391.59011061006
200621.5301108242
200733.86511092883
200771.71011096408
200850.39511103736
200956.90511113656
201081.76511125284
201203.275111366
201324.12011147855
201439.26011158578
201564.3601117023
201664.99511179602
201701.41011182993
201772.07011189574
201808.7501119299
201901.16011201596
202011.65511211887
202136.16511223483
202248.005112339
202272.4901123618
202399.58511248016
202484.29011255904
202594.68511266186
202626.6301126916
202734.80511279235
202834.89011288557
202943.4751129867
202974.27511301538
203070.41511310491
203185.405113212
203297.9151133168
203434.53511344403
203560.06511356094
203655.88011365017
203771.2451137576
203891.1701138693
204008.49011397857
204144.6751141054
204264.20511421672
204365.0251143106
204576.24511450733
205057.02011495508
205163.73011505447
205201.9951150901
205307.51011518837
205387.645115263
205413.03511528665
205510.040115377
205651.6901155089
205748.91511559946
205882.49011572386
205995.365115829
206099.18011592567
206228.76511604636
206337.28011614742
206360.8701161694
206448.30511625082
206477.77511627827
206583.81511637702
206694.4851164801
206791.05511657003
206829.62011660595
206924.2601166941
207035.25011679746
207058.99011681956
207178.84011693118
207275.58011702128
207409.13511714566
207499.08511722944
207545.3201172725
207611.19011733384
207643.6801173641
207736.53011745057
207850.24511755648
207890.59011759405
207976.03011767362
208100.8901177899
208334.6351180076
208428.41011809494
208453.5901181184
208563.47011822072
208802.2551184431
208908.455118542
208941.34011857264
209030.78511865594
209269.230118878
209389.54511899006
209502.27511909505
209618.7351192035
209726.43511930382
209757.70511933294
209835.24511940515
209871.24011943868
209976.32011953654
210089.1301196416
210212.54011975654
210309.59511984693
210428.3201199575
210610.330120127
210683.93012019555
210781.98012028687
210898.80512039567
211024.10012051236
211134.15012061485
211262.79012073466
211369.460120834
211472.7401209302
211623.46012107056
211732.18512117182
211833.4351212661
211952.34012137685
212065.1201214819
212185.05012159358
212303.620121704
212442.5601218334
212553.20012193645
212650.9601220275
212685.73512205988
212764.85512213357
212865.56012222735
212898.2551222578
213010.28012236214
213127.8251224716
213248.1901225837
213339.27512266854
213369.59012269677
213472.8001227929
213576.1151228891
213623.3501229331
213699.18512300373
213819.97512311622
213944.32512323203
214066.42512334575
214173.78012344573
214284.90012354922
214541.33012378804
214633.35012387374
214659.76012389833
214736.1851239695
214775.54012400616
214991.44512420724
215091.17512430012
215131.69012433785
215227.0751244267
215343.76512453536
215446.15012463072
215564.62012474105
215598.3851247725
215691.72512485943
215802.88012496295
215913.13012506563
216049.39012519253
216144.89012528147
216277.71012540517
216385.63012550568
216511.3901256228
216616.44512572064
216731.57512582786
216810.39512590127
216844.71012593323
216953.8901260349
216993.86012607213
217100.95012617187
217236.62012629822
217315.825126372
217345.38512639952
217452.12012649892
217563.93512660306
217670.5051267023
217726.25012675422
217771.9501267968
217905.9651269216
218156.96012715535
218252.5851272444
218492.8901274682
218614.98512758192
218745.04012770305
218849.4701278003
218980.22512792208
219102.06012803555
219188.29512811586
219218.8201281443
219316.15012823493
219414.94512832694
219530.90512843494
219569.26512847067
219662.6201285576
219764.58012865257
219910.40512878838
220013.7151288846
220139.50012900174
220488.27512932656
220599.51512943016
220718.66012954112
220804.07512962067
220853.78012966696
220956.2451297624
221077.67512987548
221176.60512996762
221296.98513007973
221411.26013018616
221438.9101302119
221539.0751303052
221657.35013041535
221776.3851305262
221898.18013063964
222020.57013075362
222121.93513084803
222246.37013096391
222358.21013106807
222590.8251312847
222698.31013138482
222797.66513147735
222825.24013150303
222917.540131589
222954.99013162387
223051.6601317139
223168.29513182252
223407.23013204505
223515.75013214612
223667.62513228756
223772.19513238495
223881.41513248667
224000.51013259758
224096.4051326869
224233.5301328146
224339.59013291338
224456.26513302204
224558.38013311714
224682.4751332327
224790.50513333332
225042.03513356758
225159.60513367708
225275.24013378477
225390.18013389182
225496.685133991
225604.22013409116
225675.60513415764
225740.25513421785
225859.99513432937
225966.6451344287
226202.70513464854
226321.5201347592
226423.34013485402
226585.69013500522
226674.9901350884
226765.9451351731
226813.44013521733
226906.32513530384
227009.8101354002
227118.11513550108
227263.9601356369
227370.91513573652
227591.37513594184
227628.79013597668
227723.42513606482
227837.9601361715
227978.9701363028
228078.6901363957
228192.0851365013
228418.42013671208
228540.33013682562
228668.92013694538
228746.91513701802
228798.16513706575
228883.72513714543
229005.39513725875
229124.45013736963
229167.22513740946
229235.2451374728
229363.78513759252
229475.03013769613
229508.21513772703
229607.10013781913
229707.0501379122
229843.54013803933
229944.40513813327
229993.69013817917
230068.7651382491
230177.8651383507
230299.1951384637
230412.42513856915
230553.81513870083
230642.3701387833
230761.5501388943
230875.93013900082
230989.6251391067
231136.35013924335
231219.38013932068
231251.3051393504
231356.11513944803
231470.28513955435
231581.7901396582
231697.19513976568
232054.40514009836
232146.70014018432
232291.90014031954
232402.47514042252
232518.04514053016
232620.81014062586
232658.9751406614
232759.28514075483
232859.18014084786
232971.50014095247
233090.33514106314
233214.66014117893
233318.27014127542
233342.1851412977
233440.58514138934
233541.28514148312
233587.7401415264
233663.62514159706
233801.7351417257
233915.95514183206
234023.44514193217
234268.42514216033
234382.60514226666
234491.69514236826
234612.0901424804
234744.6001426038
234851.5451427034
234969.10014281288
235079.21514291543
235202.14014302992
235430.8451432429
235553.41014335706
235667.20014346304
235786.350143574
235891.1351436716
236032.92514380364
236131.030143895
236368.08014411578
236475.28014421562
236598.6351443305
236632.27514436183
236712.09014443617
236827.4401445436
236862.27014457603
236954.92014466232
237057.3201447577
237089.1201447873
237205.25514489546
237307.78014499095
237413.4901450894
237551.65014521807
237647.50514530734
237748.45514540136
237772.64014542388
237879.65514552355
238008.0101456431
238248.38514586695
238363.9701459746
238456.65514606092
238589.76014618488
238703.97514629125
238855.03014643193
238949.28514651972
239039.86514660408
239066.23014662863
239157.12514671328
239188.26014674228
239303.34014684946
239414.505146953
239547.3451470767
239629.33014715306
239742.82014725875
239873.30514738028
239989.76514748874
240112.72014760325
240223.08014770603
240348.53514782287
240460.91514792753
240574.0501480329
240788.86014823295
240910.90514834662
240942.59514837613
241040.11014846695
241163.3201485817
241279.3851486898
241397.27514879958
241515.7301489099
241630.05514901638
241734.68014911382
241766.71014914365
241848.53514921985
241875.550149245
241974.7351493374
242096.4051494507
242201.5301495486
242325.8701496644
242438.7251497695
242561.26514988363
242683.4101499974
242798.35015010444
242900.22515019932
242954.50015024986
243014.1401503054
243272.3651505459
243609.45015085983
243757.4901509977
243840.96515107545
243967.4101511932
244076.0701512944
244168.2051513802
244212.56515142153
244333.06515153375
244444.5601516376
244547.56515173352
244658.75515183707
244770.28015194094
245025.71515217883
245138.9501522843
245238.34515237686
245360.99015249108
245507.30015262734
245597.30015271116
245724.24015282938
245830.9901529288
245864.50015296
245949.05515303876
246063.93515314575
246195.22515326802
246293.96015335998
246409.27015346737
246642.2001536843
246879.86015390564
246999.88015401742
247099.15015410987
247131.56515414006
247244.65515424538
247348.4901543421
247454.35015444068
247579.71015455743
247703.0701546723
247809.30515477125
247938.80515489186
248036.670154983
248284.19015521352
248394.14015531592
248499.17515541374
248755.24015565222
248869.55015575868
248987.65515586868
249115.63515598787
249214.10015607957
249361.3401562167
249477.21515632462
249565.83015640714
249807.1601566319
249957.25015677168
250038.93515684776
250153.7501569547
250262.59515705606
250363.8001571503
250390.15515717486
250512.0751572884
250631.3601573995
250722.79515748465
250852.9951576059
250904.34515765373
250951.07015769725
250982.60515772662
251077.55515781505
251245.74015797168
251328.19015804847
251540.9201582466
251664.38515836158
251778.73015846807
251909.45515858982
251952.57515862997
252038.26515870978
252129.18515879445
252259.88015891617
252291.44515894557
252383.2801590311
252493.64015913388
252607.52515923994
252715.4001593404
252951.79515956057
253082.2851596821
253195.8951597879
253329.2501599121
253419.14015999582
253542.64516011084
253635.65016019746
253660.940160221
253694.79516025254
253817.56016036688
253884.7951604295
253927.89016046963
254126.1651606543
254235.1501607558
254372.46016088367
254602.04016109748
254691.37016118068
254836.80516131612
254953.25016142457
255057.70516152185
255187.8801616431
255279.65016172855
255401.93516184244
255527.4051619593
255657.8851620808
255754.45516217075
255780.01016219455
255875.3051622833
255997.87516239745
256126.37016251712
256247.09516262956
256346.360162722
256461.8801628296
256583.30516294268
256713.575163064
256809.4551631533
256921.9751632581
257044.8151633725
257157.96016347787
257291.44516360218
257395.8401636994
257506.70016380266
257630.09516391758
257745.71516402526
257858.53516413033
257971.5801642356
258099.54016435478
258225.96016447252
258326.79016456642
258451.47516468255
258569.46016479243
258683.59516489872
258811.80016501812
258910.72016511025
259052.3851652422
259153.48016533634
259276.65516545105
259381.32016554853
259490.98516565067
259592.95516574563
259622.0101657727
259739.5851658822
259847.79016598297
259972.30016609892
260086.13016620494
260202.03016631288
260333.8001664356
260445.5801665397
260667.5201667464
260796.13516686618
260905.71516696824
261019.08516707382
261123.24016717082
261151.2401671969
261256.43516729487
261368.52016739926
261481.36516750435
261605.94016762037
261711.92516771908
261831.7901678307
261955.65516794607
262069.12516805175
262167.36016814323
262298.6501682655
262432.61016839027
262545.67516849557
262655.655168598
262770.9851687054
262885.26516881183
263010.2401689282
263111.60516902263
263232.43516913516
263350.5701692452
263478.2851693641
263586.54516946495
263690.91516956215
263929.9951697848
264061.58016990736
264171.3601700096
264295.8851701256
264403.87017022615
264442.7851702624
264518.3601703328
264551.19517036335
264633.2601704398
264760.4151705582
264883.3401706727
264988.22017077036
265116.1301708895
265243.8351710084
265334.48017109284
265459.6451712094
265571.1751713133
265694.5501714282
265832.4551715566
265932.34517164965
266081.3101717884
266156.6901718586
266281.11517197447
266415.7751720999
266513.1801721906
266617.93017228815
266735.3451723975
266841.1851724961
266978.6651726241
267314.9451729373
267458.7151730712
267548.8151731551
267581.51517318556
267670.63017326855
267704.0901732997
267800.6801733897
267917.9551734989
268024.20517359785
268147.3351737125
268247.10517380544
268511.845174052
268609.1501741426
268639.26517417066
268732.0551742571
268856.77017437323
268967.6801744765
269062.84017456515
269198.45517469145
269314.0651747991
269413.2751748915
269445.3801749214
269544.2701750135
269677.34017513745
270009.2601754466
270134.6751755634
270231.27517565334
270256.85017567716
270363.6151757766
270596.4201759934
270723.0201761113
270824.7951762061
271048.2351764142
271075.02017643914
271177.48017653456
271302.2001766507
271413.8801767547
271525.0851768583
271690.91517701274
271755.8401770732
271911.49017721816
272005.1751773054
272114.84517740755
272221.4951775069
272262.455177545
272337.3651776148
272387.9401776619
272499.8051777661
272580.1451778409
272704.4901779567
272922.38517815963
272953.7251781888
273072.4851782994
273172.6651783927
273259.1901784733
273288.6901785008
273406.77017861075
273518.11517871445
273623.79017881287
273755.85017893586
273880.2351790517
273981.13517914567
274092.45017924934
274214.1401793627
274335.2901794755
274461.0051795926
274562.44017968705
274601.7901797237
274687.62017980363
274803.5751799116
274909.3901800102
274942.9201800414
275048.7051801399
275181.97018026403
275294.3601803687
275389.42518045724
275508.1201805678
275656.7601807062
275733.36018077756
275851.7101808878
275965.48518099374
276087.26518110716
276193.2851812059
276336.70518133946
276438.4151814342
276563.815181551
276653.78518163477
276807.560181778
276912.9051818761
277019.17018197506
277132.1801820803
277494.0201824173
277633.1801825469
277725.8401826332
277837.9301827376
277969.8751828605
278064.5801829487
278212.3751830863
278304.84018317243
278419.00018327875
278463.77018332045
278644.735183489
278700.1501835406
278764.1651836002
278899.8451837266
279010.54018382967
279130.77018394164
279233.4001840372
279367.9451841625
279470.6951842582
279607.870184386
279716.72018448735
279840.3401846025
279922.9301846794
279949.29018470395
280058.7451848059
280181.1751849199
280291.06018502224
280394.15518511826
280643.99018535094
280769.62018546794
280896.7051855863
280991.69018567476
281096.4451857723
281127.5601858013
281220.05518588744
281252.93018591806
281342.92018600187
281462.5501861133
281795.5251864234
281930.57518654916
282048.0701866586
282148.4651867521
282265.2951868609
282294.65518688824
282403.6101869897
282614.8351871864
282675.0451872425
282737.79018730094
282855.4001874105
282978.20518752484
283088.3301876274
283211.00518774166
283329.53018785204
283444.76018795936
283578.85518808424
283695.0651881925
283797.26518828765
283907.65518839046
284039.40518851316
284263.2401887216
284395.5251888448
284513.53518895473
284618.47518905246
284764.82518918876
284839.7951892586
284873.9801892904
284963.15018937347
285088.0301894898
285177.89518957346
285217.84018961067
285311.4201896978
285343.9501897281
285412.8601897923
285545.44018991577
285656.44019001914
285781.915190136
285905.5801902512
286019.92019035766
286129.6801904599
286248.09019057016
286364.03019067814
286490.9001907963
286606.93019090436
286709.91519100027
286839.2101911207
286966.30519123905
287067.23019133304
287293.79019154405
287420.92019166244
287534.95519176865
287675.3551918994
287770.77019198827
287856.86519206845
287880.08019209007
287993.845192196
288118.97019231255
288189.30019237805
288251.27019243577
288342.8951925211
288478.14019264706
288570.70519273326
288597.3501927581
288701.68019285524
288809.25519295543
288933.82519307145
289061.17519319005
289150.52519327326
289297.51519341016
289633.90519372345
289664.07519375155
289776.92019385664
289856.785193931
289894.07019396574
290112.59519416926
290217.28519426676
290340.7251943817
290460.02519449283
290571.5451945967
290691.6751947086
290792.03019480204
290907.36019490944
291049.8051950421
291162.25019514683
291287.80519526376
291376.100195346
291632.4401955847
291855.2951957923
291925.4451958576
291965.33519589476
291991.10519591876
292070.835195993
292106.18519602594
292205.6001961185
292332.75519623695
292459.66519635514
292555.3751964443
292666.2351965475
292783.42519665667
292902.6651967677
293021.5351968784
293145.90519699425
293372.5401972053
293402.83519723354
293492.71019731724
293604.61019742145
293740.2451975478
293939.5851977334
293974.3251977658
294067.93519785296
294103.88519788644
294184.4751979615
294312.93519808113
294426.46519818687
294556.0051983075
294781.09519851714
294879.715198609
294904.58019863215
295133.4401988453
295245.6351989498
295348.980199046
295382.95019907766
295482.6101991705
295587.06519926776
295848.9801995117
295947.3301996033
296061.34019970946
296089.6251997358
296171.62019981217
296203.06519984145
296294.8101999269
296321.4101999517
296416.1202000399
296546.64520016144
296671.2752002775
296767.9802003676
296876.39520046854
297009.6102005926
297119.525200695
297236.94520080433
297349.330200909
297464.8602010166
297597.6002011402
297939.94520145905
298043.01020155504
298184.10520168644
298286.4902017818
298380.095201869
298417.54020190384
298528.3802020071
298759.7802022226
298851.25020230777
298981.5202024291
299100.86520254024
299219.9152026511
299363.63020278496
299560.12020296796
299689.8952030888
299798.3552031898
299905.2702032894
299933.55520331574
300050.92020342505
300154.7202035217
300264.28520362376
300388.27020373923
300499.31520384265
300616.13520395145
300751.7802040778
300847.21520416666
300967.4152042786
301081.0152043844
301320.81520460773
301452.11520473
301556.9202048276
301680.0302049423
301789.250205044
301893.0802051407
302006.33020524617
302047.12020528415
302156.74020538625
302251.23520547425
302378.03520559234
302463.4452056719
302606.09020580474
302739.45520592894
302828.24520601163
302952.71020612755
303093.80520625896
303258.2352064121
303298.8202064499
303419.36020656215
303535.0602066699
303656.0602067826
303776.750206895
303878.5352069898
304002.3652071051
304119.8402072145
304254.6502073401
304376.8502074539
304483.86520755355
304591.43520765373
304712.3002077663
304832.1202078779
304953.580207991
305070.2852080997
305168.305208191
305298.9802083127
305411.56520841754
305520.535208519
305661.3802086502
305750.43020873313
305783.8152087642
305888.9002088621
305988.2202089546
306115.85520907346
306216.65020916733
306305.38020924997
306360.24520930107
306458.2952093924
306583.3002095088
306682.9402096016
306800.47020971106
306930.61020983226
307049.56520994304
307168.4852100538
307292.4152101692
307385.605210256
307511.5552103733
307622.96521047706
307750.8852105962
307838.54521067784
307871.975210709
307964.28521079494
308009.5452108371
308097.7302109192
308221.3752110344
308345.05021114956
308451.0952112483
308581.76521137
308678.1902114598
308811.90521158435
309026.3552117841
309145.52521189506
309265.02021200635
309373.2002121071
309620.1902123371
309728.03521243756
309844.2602125458
309976.1952126687
310081.93021276715
310193.5252128711
310303.6002129736
310424.260213086
310546.86021320015
310669.2302133141
310791.8302134283
310897.3602135266
311013.2302136345
311116.0952137303
311150.2602137621
311242.4002138479
311392.4552139877
311490.530214079
311575.0952141578
311618.97021419863
311744.4502143155
311839.3702144039
311962.92021451896
312069.5752146183
312188.8452147294
312302.9202148356
312414.30021493934
312464.425214986
312526.50521504384
312550.6452150663
312651.5552151603
312786.38021528587
312897.3452153892
312996.94021548197
313113.0252155901
313217.6252156875
313252.1752157197
313369.4302158289
313468.27521592093
313577.0002160222
313697.8102161347
313839.5352162667
313947.83521636756
314062.5302164744
314160.63021656574
314293.6552166896
314404.8902167932
314513.91521689476
314637.65021701
314734.4902171002
314765.79021712934
314856.0352172134
314992.03021734004
315098.56021743926
315134.09521747235
315212.6102175455
315331.45021765615
315466.86021778226
315574.0652178821
315680.31021798105
315719.1002180172
315806.60021809867
315931.79021821526
316040.21521831624
316175.32521844207
316277.63521853735
316321.305218578
316395.2752186469
316514.9652187584
316622.96021885896
316865.9102190852
316959.8402191727
317104.1302193071
317226.8452194214
317317.43021950574
317439.83521961974
317558.5602197303
317684.3952198475
317787.5952199436
317912.19022005965
318015.8802201562
318156.0952202868
318261.8602203853
318386.4252205013
318497.60522060486
318730.3352208216
318851.83022093476
318970.3302210451
319077.00522114447
319201.32522126025
319329.9802213801
319445.0902214873
319547.41022158257
319658.61022168613
319749.8602217711
319896.0002219072
320005.5852220093
320124.9052221204
320167.1002221597
320247.3002222344
320380.81522235874
320476.3302224477
320583.10022254713
320630.4202225912
320699.50022265554
320831.48022277845
320965.38022290316
321064.92022299586
321164.45022308856
321213.73522313446
321299.5702232144
321406.1152233136
321525.6152234249
321659.98522355006
321764.75522364763
321890.0152237643
321987.0802238547
322111.2052239703
322242.25022409233
322346.8002241897
322477.8802243118
322580.51522440737
322696.9152245158
322819.82022463024
322918.6602247223
322946.97522474866
323054.0602248484
323107.1902248979
323224.11522500677
323291.76022506977
323409.2452251792
323515.82022527844
323641.5902253956
323765.16022551066
323867.68522560614
323981.375225712
324106.17022582825
324225.47022593935
324348.8152260542
324449.9302261484
324570.7252262609
324724.96522640454
324940.6202266054
325041.3602266992
325288.59522692946
325504.980227131
325546.5452271697
325606.5702272256
325754.7452273636
325859.82522746146
325962.91022755747
326086.6402276727
326123.97022770747
326203.5952277816
326323.8252278936
326458.2552280188
326670.5352282165
326778.83022831735
326889.72522842063
327015.4502285377
327135.8052286498
327248.59022875485
327356.2452288551
327466.3902289577
327490.8802289805
327600.8002290829
327704.6502291796
327966.28522942326
328073.6902295233
328202.58522964333
328306.0602297397
328364.40022979403
328431.3902298564
328550.4152299673
328653.56023006333
328776.0702301774
328892.4202302858
328988.9452303757
329120.5802304983
329151.2002305268
329247.46023061645
329377.38523073745
329454.81023080955
329483.02523083583
329600.7702309455
329699.72523103765
329733.22023106884
329844.5052311725
329976.76523129566
330053.375231367
330158.76523146516
330281.6102315796
330359.32523165195
330396.5252316866
330419.01523170754
330504.355231787
330551.3452318308
330646.7152319196
330754.05023201957
330864.42023212236
330906.29523216136
331104.6652323461
331143.9852323827
331224.9152324581
331340.1152325654
331455.5752326729
331555.04023276555
331732.8802329312
331796.54023299046
331824.21523301624
331919.03523310454
332053.77023323
332177.50523334526
332281.7802334424
332397.2052335499
332506.2452336514
332626.84523376374
332743.2902338722
332856.4452339776
332982.6152340951
333092.19523419713
333212.04523430875
333333.2302344216
333444.4252345252
333568.95523464115
333701.23523476435
333808.94523486466
333892.45023494243
333923.6752349715
334144.36023517704
334274.0002352978
334393.5352354091
334614.0952356145
334750.4352357415
334838.46023582347
334961.5202359381
335085.93023605394
335185.3152361465
335212.95523617225
335318.4652362705
335422.89023636776
335660.6402365892
335784.51023670455
335902.95023681485
336011.62023691606
336128.8952370253
336244.8502371333
336362.645237243
336494.3102373656
336608.4452374719
336726.4302375818
336813.35023766273
336849.35523769626
336944.92523778527
337086.85523791745
337168.54523799353
337310.17523812543
337426.9752382342
337526.0402383265
337587.0502383833
337665.2102384561
337775.67023855896
337884.3452386602
338002.3952387701
338123.76023888314
338226.4452389788
338257.77523900795
338357.2602391006
338471.0602392066
338577.8752393061
338705.1702394246
338827.5352395386
338941.5902396448
339044.52023974067
339186.56023987295
339289.4502399688
339407.00024007825
339536.7452401991
339629.17524028517
339782.535240428
339862.45524050243
339996.82024062757
340107.72524073086
340215.250240831
340348.385240955
340465.5752410641
340564.5252411563
340690.43024127354
340795.4202413713
340915.51524148317
340943.5652415093
341042.5852416015
341162.6302417133
341386.67024192197
341511.1802420379
341638.21024215623
341737.54024224874
341959.035242455
341999.7252424929
342074.5302425626
342205.5352426846
342331.67524280207
342436.02524289925
342559.71024301444
342667.62024311494
342692.8852431385
342791.3902432302
342930.8702433601
343019.7802434429
343068.7002434885
343141.69524355646
343267.5952436737
343376.1502437748
343488.3352438793
343521.98524391063
343618.10024400015
343741.0052441146
343841.4152442081
343959.9252443185
344066.81024441804
344212.9802445542
344294.1752446298
344461.86024478596
344546.77024486504
344678.6852449879
344890.2152451849
345124.2752454029
345262.4652455316
345354.99024561775
345478.66524573293
345586.08024583297
345609.0602458544
345707.5452459461
345754.73024599004
345937.49524616025
346081.6552462945
346181.78524638776
346288.6502464873
346314.59024651145
346399.84024659084
346532.8402467147
346647.4202468214
346763.6702469297
346882.17524704005
347004.8702471543
347126.88024726795
347230.5752473645
347344.32024747046
347383.63024750707
347456.62524757505
347511.72024762636
347577.8152476879
347683.8652477867
347796.4302478915
347840.7752479328
348087.99024816306
348179.1002482479
348296.8652483576
348403.1952484566
348518.8302485643
348641.6652486787
348870.1652488915
348985.84024899924
349216.5402492141
349329.21024931903
349458.1152494391
349574.3102495473
349704.3152496684
349794.2202497521
349836.3952497914
349906.60024985677
