31.149999999998087
129.77999999995447
190.0949999998996
306.0449999997942
414.3499999996957
532.9399999995878
557.6699999995653
627.8149999995015
734.9299999994041
881.8249999992705
1120.5300000012483
1233.3300000037104
1348.7050000062288
1411.930000007609
1490.8950000093325
1590.7950000115131
1661.6250000130592
1728.3400000145155
1771.110000015449
1885.0100000179352
2031.8050000211394
2264.945000026228
2414.2300000294867
2479.9550000309214
2619.3350000339638
2697.4450000356687
2736.4600000365203
2802.4300000379603
2870.0700000394368
3083.570000044097
3138.2050000452896
3311.0450000490623
3367.880000050303
3769.1900000590626
3840.4800000606187
3872.4000000613155
4051.27000006522
4165.335000067709
4201.685000068503
4235.00000006923
4448.790000073896
4619.605000077625
4726.505000079958
4893.900000083612
5090.550000087905
5170.585000089652
5334.255000093224
5406.695000094805
5478.885000096381
5557.535000098098
5878.215000105098
6043.055000108696
6205.135000112234
6304.010000114392
6369.330000115818
6455.315000117695
6534.450000119422
6695.815000122944
6808.2550001253985
6855.410000126428
6920.445000127847
7149.730000132852
7265.390000135377
7495.730000140405
7633.505000143412
7737.820000145689
7801.420000147077
7873.790000148657
8016.535000151773
8445.190000115073
8545.175000099069
8658.985000080851
8876.21000004608
8947.700000034636
9264.484999983928
9417.249999959475
9579.63999993348
9665.41499991975
10015.494999863713
10156.089999841208
10225.72999983006
10274.874999822194
10480.379999789298
10595.119999770932
10737.68999974811
10802.559999737727
10984.659999708578
11127.719999685678
11247.324999666533
11597.664999610453
11841.14499957148
12024.644999542106
12138.809999523832
12193.29499951511
12447.134999474478
12551.334999457798
12624.639999446064
12728.769999429396
12982.32499938881
13134.404999364466
13161.914999360062
13265.214999343527
13329.274999333273
13374.804999325985
13558.394999296597
13608.299999288609
13662.734999279895
13762.249999263966
13872.604999246301
13936.044999236146
14058.27999921658
14161.074999200126
14229.939999189102
14405.009999161079
14518.274999142948
14734.889999108274
14838.409999091704
14904.879999081064
14980.229999069003
15012.249999063877
15176.754999037545
15333.64999901243
15423.23999899809
15586.619998971937
15694.854998954612
16081.549998892713
16550.664998878252
16614.489998891255
16693.529998907357
16773.514998923652
16872.784998943876
17019.459998973758
17227.819999016207
17502.729999072213
17685.864999109523
17873.16499914768
17925.92999915843
18032.7799991802
18235.31499922146
18436.429999262433
18625.619999300976
18732.584999322768
18882.324999353274
18986.874999374573
19197.369999417457
19229.259999423954
19298.144999437987
19461.089999471184
19568.539999493074
19622.31499950403
19706.05499952109
19761.28499953234
20125.869999606617
20230.419999627917
20341.594999650566
20437.17499967004
20520.114999686935
20686.29499972079
20796.05499974315
21008.599999786453
21087.80499980259
21198.954999825233
21583.169999903508
21768.939999941354
21831.929999954187
21981.874999984735
22158.990000020818
22199.570000029085
22300.925000049734
22344.355000058582
22410.205000071997
22485.580000087353
22584.890000107585
22629.990000116773
22733.665000137895
22831.46500015782
22930.940000178085
23329.93500025937
23399.150000273472
23447.84000028339
23580.380000310393
23765.980000348205
23914.255000378413
24083.430000412878
24169.49000043041
24287.595000454472
24347.485000466673
24374.600000472197
24544.69000050685
24695.945000537664
24735.820000545787
25157.455000631686
25223.25500064509
25326.890000666204
25401.4800006814
25551.460000711955
25596.68500072117
25767.790000756027
25902.755000783523
25945.54000079224
25985.585000800398
26150.86000083407
26255.75500085544
26376.475000880033
26488.095000902773
26809.555000968263
26942.31000099531
27021.970001011538
27159.850001039627
27393.75000108728
27513.170001111608
27553.465001119817
27623.845001134156
27668.770001143308
27874.470001185215
28043.625001219676
28223.320001256285
28277.78500126738
28369.340001286033
28483.115001309212
28667.42000134676
28755.03500136461
29272.615001470054
29451.570001506512
29559.775001528556
29752.95000156791
29808.590001579247
30049.245001628275
30162.2600016513
30336.390001686774
30551.480001730593
30945.825001810932
31003.355001822652
31091.9350018407
31160.435001854654
31200.285001862772
31318.005001886755
31366.560001896647
31520.02000192791
31595.825001943354
31726.400001969956
31977.845002021182
32043.96000203465
32448.060002116978
32520.92000213182
32552.53000213826
32626.915002153415
32834.61500214726
33022.260002048955
33165.96500197367
33223.83500194336
33345.510001879615
33378.84500186215
33508.61500179417
33575.86500175894
33671.605001708784
33737.060001674494
33946.42000156482
34012.02000153045
34078.30000149573
34380.03500133766
34483.26500128358
34660.24000119087
35189.98500091335
35273.510000869595
35533.47000073341
35635.63000067989
35669.16000066233
35770.82000060907
35828.65500057877
35992.44500049297
36058.22000045851
36161.060000404636
36370.295000295024
36458.60000024876
36548.15500020185
36661.84000014229
36953.28499998961
37082.75499992179
37153.199999884884
37623.24999963864
37728.97499958325
37773.34999956001
37987.259999447946
38050.59499941477
38126.96499937476
38275.73999929682
38446.54499920734
38737.54999905489
38817.87999901281
38876.23999898224
38912.454998963265
38972.85999893162
39051.229998890565
39236.27999879362
39443.2449986852
39549.49999862954
39737.67499853096
40053.084998365724
40154.22499831274
40217.30999827969
40274.33499824982
40357.069998206476
40666.804998044216
40772.88999798864
40909.19999791723
40951.8299978949
41413.939997652815
41558.744997576956
41626.30999754156
41759.49499747179
41875.064997411246
42097.869997294525
42235.46999722244
42327.95499717399
42386.67499714323
42411.04999713046
42553.73499705571
42629.30999701612
42694.184996982134
42764.37999694536
42841.47999690497
42988.42499682799
43195.15999671969
43406.919996608754
43480.754996570075
43625.044996494486
43764.97999642118
43837.12999638338
43913.359996343446
44156.90499621586
44309.52499613591
44722.17999591973
44873.599995840406
44950.244995800254
45084.56499572989
45264.959995635385
45539.98499549131
45664.05999542631
45791.48999535955
46013.159995243426
46091.42999520242
46231.30499512915
46298.80999509378
46555.25999495944
46623.0899949239
46735.01499486527
46940.25999475775
47084.52499468217
47266.194994587
47311.71499456315
47366.57999453441
47510.634994458946
47585.254994419854
47761.18999432769
47839.09999428687
47972.20499421714
48151.61999412315
48264.24999406415
48340.87499402401
48381.81999400256
48478.88499395171
48689.56499384134
48772.494993797896
48904.82999372857
48982.149993688065
49051.25499365186
49158.14999359586
49370.969993484374
49439.61499344841
49526.07499340312
49612.80999335768
49659.48999333323
49695.48499331437
49769.709993275486
49938.46499318708
50055.57999312573
50181.14499305995
50341.974992975694
50405.97499294217
50521.22499288179
50688.17499279433
50734.10999277027
50778.21499274716
50874.914992696504
51144.48999255528
51233.23499250879
51448.929992395795
51592.28999232069
51647.23499229191
51700.87499226381
51730.36499224836
51826.98999219774
51909.31999215461
51954.08999213116
52020.57499209633
52096.13999205674
52157.07499202482
52233.954991984545
52409.94499189235
52509.31499184029
52648.75999176724
52737.74999172062
52808.46499168358
52949.75499160956
53125.264991517615
53268.24999144271
53353.63499139798
53444.56999135034
53513.77499131409
53836.814991144856
53910.4149911063
53986.04499106668
54026.809991045324
54114.004990999645
54191.564990959014
54242.42999093237
54278.59499091342
54419.004990839865
54626.88999073096
54777.40499065211
54849.644990614266
54885.819990595315
55121.834990471674
55302.549990377
55376.22499033841
55466.859990290926
55549.07499024786
55663.97999018766
55771.364990131406
55878.00499007554
55982.389990020856
56062.51498997888
56253.9449898786
56411.53498979604
56516.77498974091
56733.894989627166
56834.84498957428
56984.53998949586
57087.12498944212
57309.06998932585
57345.06998930699
57411.45998927221
57478.2949892372
57631.889989156734
57799.67498906884
58094.30998891449
58158.66498888077
58379.73998876496
58510.13998869665
58558.9099886711
58619.7999886392
58702.98998859562
58752.96498856944
58880.10998850283
58917.94998848301
59017.24498843099
59052.42998841256
59301.59498828203
59362.97498824987
59429.67498821493
59489.34998818367
59594.44498812861
59664.08998809213
59695.40998807572
59841.859987999
60015.01498790829
60226.01498779775
60261.16498777934
60512.989987647416
60619.23498759176
60866.94498746199
60913.47998743761
60980.149987402685
61161.53998730766
61198.92998728807
61239.16998726699
61306.29498723183
61618.229987068415
61662.324987045315
61801.29998697251
61972.61498688276
62127.98498680137
62263.93498673015
62439.88998663797
62552.06498657921
62841.02998642783
62977.119986356534
63342.27498616524
63521.13998607154
63662.12498599768
63903.35498587131
64086.344985775446
64132.96498575102
64334.939985645215
64655.78998547713
64798.8299854022
64947.229985324455
65013.564985289704
65091.424985248916
65193.46498519546
65449.759985061195
65751.82498521701
65972.98498542298
66053.41498549789
66127.65998556704
66249.79998568079
66301.38498572883
66519.55998593202
66595.35998600262
66700.17998610024
66801.0699861942
66904.33498629037
67118.7899864901
67167.23498653522
67206.28998657159
67337.05998669338
67440.46498678968
67738.48998706724
67767.25498709403
67970.85998728365
68125.29498742748
68207.93998750445
68307.97498759761
68490.52998776763
68557.20998782973
68758.44998801715
68838.45998809166
68932.5599881793
68993.99498823652
69212.9099884404
69302.85498852417
69446.79998865823
69511.07498871809
69563.56998876698
69712.36498890555
69801.47498898854
69875.6249890576
70112.46998927818
70235.82998939307
70405.56998955115
70446.89498958964
70549.23998968495
70851.71998996666
70951.17999005929
71193.44499028492
71235.31499032391
71331.16999041318
71411.78499048826
71597.38999066112
71634.79499069595
71892.22999093571
71940.37499098055
72018.11499105295
72194.29999121703
72330.39999134379
72551.30999154953
72614.80499160866
72663.98999165447
72735.84999172139
72848.23999182606
73088.45999204979
73157.46499211405
73210.68499216362
73260.42499220994
73444.5349923814
73764.46999267937
73903.42499280878
73987.86999288743
74090.63999298314
74160.7199930484
74411.25999328174
74598.70499345631
74655.1699935089
74846.84999368741
74880.5549937188
75008.79499383824
75339.34499414609
75766.26999454369
75872.3649946425
76441.99999517301
76519.96999524563
76593.10499531374
76668.37999538385
76766.71999547543
76914.80999561335
76983.06999567692
77118.9849958035
77517.91499617504
77945.56999657332
78240.88999684836
78407.7999970038
78600.82999718358
78707.88999728329
78744.98499731784
78799.73999736883
78918.30499747925
79057.85999760922
79126.06999767275
79266.45499780349
79508.88499802927
79692.02499819983
79825.70499832433
79918.91499841114
80024.34999850934
80128.38499860623
80371.03999883222
80437.39499889401
80817.0549992476
80871.48499929829
80942.92999936483
81092.18999950384
81157.25499956444
81511.41999989428
81563.20999994251
81736.22000010364
81838.15500019857
81985.11500033544
82077.72500042169
82130.80500047113
82223.18500055716
82311.82500063971
82422.0850007424
82517.13000083092
82670.760000974
82740.09500103857
82927.42500121304
83106.50500137982
83312.3300015715
83370.98500162613
83452.36000170192
83496.470001743
83677.94500191201
83763.5050019917
83904.61500212312
84088.06000229396
84149.97000235162
84258.1850024524
84472.16000265168
84586.34500275803
84798.02000295516
84876.1200030279
85041.38000318181
85122.99000325782
85228.02000335563
85352.18500347127
85584.22500368737
85645.48000374442
85771.46000386175
85941.01000401966
86015.3550040889
86162.17500422563
86235.44000429387
86492.62000453338
86533.34500457131
86719.70000474487
86839.87500485679
86946.76500495634
87025.20000502939
87155.18500515044
87375.74000535585
87451.20000542613
87549.45000551763
87654.73500561569
87723.82500568003
87801.89000575274
87948.16500588896
88092.18000602309
88189.1550061134
88262.7000061819
88373.67000628525
88411.8400063208
88476.28500638081
88553.50500645273
88692.92500658258
88948.02500682016
89021.70000688877
89158.85500701651
89545.86000737693
89687.28000750864
89746.03000756336
89886.69500769436
89948.20500775165
89989.46000779007
90045.45500784222
90147.9850079377
90362.0850081371
90413.80500818527
90589.92000834929
90702.68500845431
90767.70000851486
91072.13500879839
91409.37000911246
91589.03500927979
91735.1800094159
91773.3050094514
91987.28000965068
92056.37500971503
92140.69000979356
92229.67000987643
92296.6350099388
92408.58501004305
92551.56001017621
92661.34001027845
92805.3850104126
92869.22001047205
93012.0700106051
93166.41001074883
93520.37501107849
93561.09001111641
93805.8900113444
93910.35001144168
94078.14001159795
94252.4600117603
94368.92001186876
94446.61001194111
94559.21001204598
94689.7950121676
94877.80001234269
95050.51001250354
95175.39501261985
95231.79501267237
95396.52001282579
95511.2150129326
95595.80001301138
95698.6900131072
95792.66001319472
95896.95501329185
95954.20501334517
95987.30001337599
96060.92501344456
96098.29501347936
96273.39501364244
96333.98501369887
96463.54001381953
96631.22001397569
96909.660014235
97055.22501437058
97122.85001443356
97302.5350146009
97396.08001468802
97440.4000147293
97589.1200148678
97696.51501496782
97765.73501503229
98161.11501540052
98338.09501556534
98442.59001566266
98578.92501578963
98616.52501582465
98696.5750158992
98803.21501599852
98980.3700161635
99043.89001622266
99132.65001630533
99355.15501651255
99405.25501655921
99624.56501676346
99837.34501696163
99882.27001700347
99986.32001710037
100087.46001719456
100271.26001736574
100334.86501742498
100421.04001750523
100474.53001755505
100723.10501778655
100944.82501799305
101121.77501815784
101286.45501831122
101348.05001836858
101409.95501842623
101661.55001866055
101851.05001883704
102212.77501917392
102341.85001929413
102380.1600193298
102476.12001941918
102514.14001945459
102590.43501952564
102655.1300195859
102906.30001981981
103086.10001998727
103245.42502013565
103341.84502022545
103558.74002042745
103765.50502062001
103808.13002065971
103943.5200207858
104132.09502096142
104203.06502102752
104310.1000211272
104479.48002128495
104624.68502142018
104663.74502145656
104697.76502148825
104799.01002158254
105019.24502178765
105055.12502182106
105186.86502194375
105235.7650219893
105317.44002206536
105475.83502221288
105557.25502228871
105618.21002234548
105728.04002244776
105957.69502266165
105987.86502268974
106021.78502272133
106055.92502275313
106124.500022817
106447.85502311814
106564.58002322685
106641.90002329886
106688.95002334268
106755.13002340432
106806.16002345184
106913.51002355182
107007.88502363971
107153.01002377487
107229.11502384575
107303.97002391546
107490.01502408873
107522.32502411882
107586.48002417857
107654.3750242418
107764.88002434472
107940.73002450849
108021.20002458344
108156.8900247098
108213.80002476281
108462.61502499453
108649.48502516857
108797.17002530611
108912.21502541326
109017.18002551101
109131.3000256173
109217.73002569779
109267.50002574414
109335.76502580772
109692.49002613995
109883.32502631767
109939.34002636984
110135.41002655245
110305.61002671096
110558.66502694663
110625.3150270087
110831.61002720083
110946.8950273082
111013.32502737007
111051.73502740584
111132.80002748134
111205.93502754945
111293.37002763088
111342.85502767697
111535.5150278564
111596.19502791291
111649.45502796251
111746.93002805329
112157.91002843605
112263.52502853441
112331.34502859757
112615.96002886264
112738.08002897637
112906.72002913343
113042.58002925996
113164.58502937359
113304.48502950388
113487.12002967397
113588.81502976868
113982.12003013497
114083.58003022947
114155.025030296
114266.23003039957
114432.18003055413
114483.20003060164
114515.52003063174
114596.03003070672
114650.25003075722
114731.56503083295
114950.94503103726
115024.27503110556
115348.1550314072
115408.38503146329
115514.36503156199
115620.85003166116
115725.60003175872
115945.30503196333
116069.75003207923
116166.12503216899
116340.75503233162
116457.63003244047
116831.87503278902
117195.06003312726
117264.9000331923
117625.81003352843
117700.38503359788
117751.72003364569
117872.78003375843
118264.08003412286
118310.55003416614
118347.3300342004
118409.4050342582
118652.1750344843
118840.09503465932
118891.99003470765
118974.25503478426
119268.38503505819
119587.97503535583
119691.59503545234
119811.6050355641
119878.7150356266
119949.87003569287
120013.58003575221
120070.20003580494
120230.06503595383
120527.92503623123
120589.38503628847
120777.34003646352
120850.77503653191
120950.4050366247
121090.14503675484
121270.88503692317
121373.92503701913
121484.99003712257
121760.68503737933
121837.8600374512
121909.18003751762
122055.20003765362
122187.23503777658
122239.0100378248
122369.19003794604
122557.33003812126
122616.23503817612
122667.89003822423
122727.95003828016
123086.12503861374
123164.19003868644
123275.71503879031
123353.5450388628
123445.11003894807
123576.52003907046
123685.94003917236
124015.44003947923
124121.20003957773
124250.6550396983
124492.58503992361
124764.07504017645
124877.33004028193
124906.83504030941
124993.1600403898
125048.53504044138
125157.82004054316
125234.16504061426
125304.56504067982
125526.20004088624
125623.42004097678
125766.5750411101
125812.81004115316
125925.66004125826
126429.99504172796
126588.10004187521
126938.44504220149
127051.86004230712
127268.83504250919
127431.47004266066
127769.68004297564
127807.94004301127
127846.26004304696
127912.52504310868
128016.04004320508
128260.86504343309
128478.27504363557
128590.00504373963
128728.88004386897
128986.14004410856
129127.44504424016
129230.55504433619
129306.45004440687
129598.45504467882
129920.79004497902
130125.92504517006
130301.04504533316
130444.46004546672
130520.06504553714
130580.62004559353
130662.14504566946
130744.50504574616
131029.05504601117
131160.39004613349
131305.09504626825
131435.41504638962
131615.94004655775
131703.89504663966
131943.29504686262
132054.45004696614
132332.13004722475
132412.30504729942
132487.36004736932
132563.17004743993
132617.3650474904
132699.67504756706
132772.50004763488
132867.7500477236
133129.51004796737
133193.92504802736
133298.0200481243
133417.1000482352
133811.97504860297
133879.21004866558
134086.71504885884
134155.12504892255
134273.14504903246
134357.71504911123
134403.77504915412
134556.84504929668
134691.70504942228
135054.34504976
135089.07004979235
135153.130049852
135242.15504993493
135337.52005002374
135435.36505011487
135667.3200503309
136086.195050721
136126.87005075888
136191.17005081876
136253.50505087682
136485.68005109305
136527.63005113212
136616.79005121515
136734.23505132453
136835.3500514187
136879.11505145946
136977.88005155144
137056.77505162492
137091.69505165744
137293.38005184528
137625.8400521549
137729.9850522519
137801.96505231893
137969.27005247475
138077.5500525756
138411.68005288678
138514.48505298252
138594.43005305697
138664.255053122
138699.77505315508
138770.63005322107
138812.3250532599
138987.17005342274
139076.31005350576
139128.25505355414
139159.28005358303
139232.3750536511
139375.54005378444
139484.63005388604
139545.64005394286
139660.87005405017
139725.7500541106
139843.21005422
139962.74505433132
140086.2050544463
140449.42005478457
140939.65505524114
141201.68005548517
141391.8800556623
141480.92505574523
141617.02505587199
141693.79005594348
141791.33005603432
141910.99505614577
142022.77005624986
142197.78005641286
142336.50505654205
142542.90005673427
142628.81005681428
142713.83005689346
142839.67505701067
142984.6600571457
143058.99505721492
143086.95505724096
143167.16505731567
143407.8350575398
143526.64505765046
143680.81505779404
143740.64005784976
143831.99005793483
144051.4400581392
144123.18505820603
144194.09505827207
144355.7200584226
144754.7300587942
144856.87005888933
144907.16505893617
145051.45005907054
145228.49505923543
145462.0100594529
145499.4700594878
145554.16005953873
145623.84505960363
145813.29005978006
145916.8500598765
146294.0600602278
146477.4300603986
146546.9000604633
146953.49006084196
147011.87506089633
147117.87006099505
147266.8550611338
147419.04006127553
147629.33506147139
147977.63506179577
148132.14006193966
148231.88506203255
148296.49506209273
148420.67006220837
148481.60506226512
148633.01506240614
148725.8700624926
148878.73506263498
148941.81506269373
149278.28006300709
149551.21506326128
149635.44006333972
149800.2550634932
149926.5050636108
150049.9000637257
150155.40506382397
150199.61506386515
150368.2600640222
150420.13506407052
150620.19006425684
150789.6800644147
150881.0800644998
151012.1650646219
151128.29006473004
151187.87006478553
151377.86006496247
151633.47006520053
151776.91006533412
151868.02006541897
151939.37506548542
152053.62006559182
152197.84006572614
152257.42006578163
152369.8200658863
152470.8450659804
152660.02506615658
152836.92506632133
153126.50506659102
153170.9400666324
153222.5900666805
153379.1200668263
153549.04006698454
153596.80506702902
153736.5950671592
153770.27506719058
154186.94006757863
154375.11506775388
154424.2150677996
154499.17506786942
154653.5600680132
154881.24506822525
154975.465068313
155051.21006838355
155169.3750684936
155352.1250686638
155483.48006878613
155548.49006884667
155701.48006898916
155754.0350690381
155902.77506917663
156015.4950692816
156154.5300694111
156302.14506954857
156373.70506961521
156453.42506968946
156647.64506987034
156696.5700699159
156790.2050700031
156880.19507008692
157313.99007049092
157873.09007101163
157944.61007107823
158011.08007114014
158233.26007134706
158297.67007140705
158438.22507153795
158555.305071647
158653.41507173836
158894.43507196283
159011.40007207176
159123.8550721765
159200.89507224824
159302.90507234324
159408.56007244164
159530.280072555
159594.23007261456
159698.60007271176
159882.09507288266
159937.67507293442
160049.27507303836
160114.85007309943
160832.24507376755
160944.15007387177
161128.7550740437
161525.26507441298
161732.1900746057
161813.93507468182
162024.08507487754
162185.13007502753
162267.38007510413
162304.835075139
162340.99007517268
162413.43507524015
162450.29507527448
162588.91507540358
162809.33007560886
162845.58507564262
162914.3850757067
163088.21007586858
163176.4850759508
163308.2500760735
163411.94007617008
163517.1850762681
163570.5600763178
163801.78007653315
163853.87507658167
163979.92507669906
164126.41007683548
164651.62507732463
164720.6350773889
164771.34507743613
164833.88007749437
164942.34007759538
165060.2550777052
165124.30507776485
165164.81507780257
165198.29007783375
165299.55007792806
165368.51007799228
165517.475078131
165583.32007819234
165683.42507828557
165802.28007839626
166302.8050788624
166337.22007889446
166395.06507894833
166443.4700789934
166519.18007906392
166986.10007949878
167079.0950795854
167337.85507982638
167403.13507988717
167617.31508008664
167662.62508012884
167736.4550801976
168307.73008072964
168372.50508078997
168546.29508095182
168633.6600810332
168728.2600811213
168840.0450812254
169085.67008145415
169301.5400816552
169367.1350817163
169555.17508189142
169743.15008206648
169775.5000820966
169979.48008228658
170091.24008239066
170160.18508245487
170213.54008250457
170378.80508265848
170443.54008271877
170551.03008281888
170691.0550829493
170815.22508306493
170967.14508320641
171055.69508328888
171124.3150833528
171273.84508349205
171329.8250835442
171465.7600836708
171663.63508385507
171760.67008394544
171903.41008407838
172533.01008466474
172583.79508471204
172663.4350847862
172800.18508491357
172897.15508500388
172977.0700850783
173083.55008517747
173132.94508522347
173199.14008528512
173339.8700854162
173415.45008548658
173481.01508554764
173624.24508568103
173658.11508571258
173728.16508577781
173865.14008590538
173943.26008597814
174050.5800860781
174291.5450863025
174566.54508655862
174599.89508658968
174743.4850867234
175019.25008698023
175133.10008708626
175160.77508711204
175233.4150871797
175446.06008737773
175650.11008756777
175723.1500876358
175956.9150878535
175984.6200878793
176338.70008820907
176428.09008829232
176545.52008840168
176816.84508865437
176871.56008870533
177128.52008894464
177304.4550891085
177452.48508924636
177505.63008929585
177672.56508945132
177795.9250895662
177866.82008963224
177945.72008970572
178083.64008983417
178125.335089873
178278.7650900159
178348.29009008064
178403.5550901321
178602.64009031752
178660.98009037186
178729.69509043585
178836.07509053493
179100.8200907815
179196.02009087015
179340.23509100446
179397.34009105765
179478.97009113367
179615.8100912611
179705.7900913449
179843.50509147317
179963.61009158503
180159.41009176738
180204.01009180892
180337.15509193292
180514.75509209832
180586.51009216515
180663.9800922373
180751.99509231927
180811.26009237446
181020.7800925696
181083.33509262785
181162.07509270118
181229.2150927637
181447.7200929672
181494.78509301104
181770.20509326755
181838.91009333153
181877.7350933677
181915.70509340306
182094.1100935692
182252.2550937165
182336.8800937953
182582.79009402433
182731.5950941629
182831.59509425604
182886.8350943075
182953.01509436913
182993.00509440637
183050.99509446038
183123.0550945275
183195.94009459537
183487.55009486695
183695.6800950608
183766.9850951272
183806.8150951643
183874.12509522698
184162.61009549565
184257.8900955844
184404.94509572134
184483.5950957946
184680.29009597778
184751.85509604443
184804.3350960933
184884.8700961683
184940.4950962201
185053.115096325
185128.54509639525
185369.84009661997
185509.63509675016
185626.42009685893
185692.56009692053
185733.94009695906
185812.87509703258
185938.99509715004
186044.2850972481
186172.54009736754
186273.6450974617
186372.71009755397
186441.74509761826
186582.09509774897
186796.39509794855
186856.1600980042
186895.74509804108
186981.560098121
187085.58009821788
187140.3700982689
187441.92009854974
187482.31009858736
187579.9450986783
187679.83009877132
187833.27509891422
187991.12009906123
188191.3400992477
188265.40009931667
188450.15509948874
188736.3850997553
188862.71509987296
188978.1850999805
189088.11510008288
189157.33510014735
189547.5851005108
189594.5201005545
189695.84010064887
189803.7951007494
189982.1201009155
190343.03510125162
190517.13010141376
190617.3601015071
190800.98510167812
190871.2001017435
190986.55010185094
191018.6151018808
191170.71510202246
191215.49010206416
191337.5051021778
191419.05010225374
191463.86510229547
191551.6151023772
191937.6351027367
192042.26510283415
192301.77510307584
192523.4651032823
192579.6051033346
192633.14510338445
192872.48510360735
192994.6101037211
193050.48510377313
193197.80010391033
193390.4951040898
193427.36010412412
193467.6101041616
193520.06010421045
193619.29510430287
193728.47010440455
193900.92510456516
193973.85010463308
194014.95010467136
194058.95010471233
194089.91010474117
194196.8951048408
194477.31010510196
194520.76010514243
194684.53010529495
194741.97010534845
194771.80510537623
194832.72510543297
194920.87510551506
194987.1501055768
195092.35010567476
195168.93010574608
195302.1901058702
195346.7551059117
195528.70510608115
195656.30010619998
195953.38510647666
196117.73510662973
196265.8801067677
196367.4501068623
196414.18510690582
196553.8701070359
196694.17010716657
197013.36510746385
197087.9401075333
197231.64010766713
197275.61010770808
197337.64510776586
197511.99010792823
197577.73510798946
197911.88510830066
197978.14510836237
198087.66510846437
198154.64010852674
198271.24010863533
198373.5151087306
198413.41510876775
198452.80010880443
198555.34010889992
198655.53010899323
198869.44510919246
199164.7701094675
199304.5701095977
199482.14010976307
199663.4101099319
199871.14011012536
199949.84511019866
200022.5901102664
200094.68011033355
200155.01511038974
200337.24511055945
200413.78511063074
200733.69511092867
200911.220111094
200977.30511115555
201026.27011120116
201102.2301112719
201180.80511134508
201392.16011154192
201439.13511158567
201583.9251117205
201669.11511179985
201923.3351120366
201956.95511206792
202020.96511212754
202055.77011215995
202275.925112365
202370.15011245274
202592.24511265958
202727.05511278514
202829.985112881
203081.73011311545
203160.44511318876
203233.13511325646
203438.08011344733
203518.1551135219
203665.77011365938
203731.1901137203
203806.2251137902
203911.21511388797
204190.2151141478
204308.69011425815
204458.0101143972
204547.4501144805
204725.01011464588
204835.58511474886
205020.9651149215
205192.35511508113
205485.5601153542
205613.8751154737
205684.3151155393
205875.9751157178
205980.7801158154
206054.56011588412
206128.0001159525
206224.67511604255
206342.6301161524
206515.62511631352
206626.97511641722
206762.43511654338
206871.18511664466
206950.12011671817
207097.025116855
207156.8401169107
207227.78511697677
207403.29011714022
207695.34511741222
207869.04011757398
208011.48011770664
208121.99511780957
208205.62511788745
208277.37011795427
208375.89511804603
208589.03011824453
208641.67511829355
208795.66011843696
208845.14511848305
208934.12011856592
208986.820118615
209204.66011881788
209271.06511887972
209593.0501191796
209680.37011926092
210006.19011956436
210067.95511962188
210236.8601197792
210342.88511987793
210449.8051199775
210587.0201201053
210731.03512023942
210912.19512040814
210973.8951204656
211035.97512052342
211168.7751206471
211221.21012069593
211267.42512073898
211334.86512080178
211375.50012083963
211518.57512097288
211569.79512102058
211768.54012120567
211969.43012139277
212056.2251214736
212130.4051215427
212346.16512174363
212510.97012189712
212958.22512231366
212989.01012234233
213058.2251224068
213271.30512260523
213390.62512271636
213430.79512275377
213700.29012300476
213733.9451230361
213909.79512319987
213949.2251232366
214010.37512329355
214103.40012338018
214188.72512345965
214296.6951235602
214388.01012364525
214444.4301236978
214612.41012385424
214741.42012397439
214949.7351241684
215162.2301243663
215324.97512451786
215615.44012478838
215765.29512492794
215807.225124967
216052.84012519574
216157.9201252936
216338.87012546213
216449.94512556557
216485.830125599
216592.60512569844
216948.37012602977
217078.47512615094
217402.0751264523
217556.08012659574
217657.89012669056
217861.53512688022
217957.32012696943
218096.74012709927
218332.5651273189
218554.7351275258
218662.98012762662
218734.64012769336
219082.18012801703
219268.04012819013
219306.6601282261
219415.72012832767
219701.62012859393
219836.61012871965
220162.4451290231
220309.9651291605
220447.02012928814
220621.49512945063
220730.15012955182
220774.44512959308
220870.93512968294
220983.5301297878
221052.52512985206
221187.78512997803
221310.96013009275
221360.59513013897
221441.145130214
221526.86513029382
221587.4951303503
221809.83013055736
221912.9451306534
221983.22013071884
222120.60013084678
222302.1751310159
222442.0851311462
222483.48513118475
222834.39513151156
222959.98513162852
223014.02013167884
223140.11013179627
223259.14513190713
223593.94013221894
223740.01513235498
223792.16013240354
223975.31513257412
224064.03013265674
224124.92013271345
224174.50013275963
224422.05513299018
224770.22013331443
225155.79513367353
225337.28513384255
225476.7001339724
225522.07013401465
225588.84513407684
225691.4401341724
225878.5151343466
225985.38513444614
226203.06513464887
226590.31513500953
226665.51513507956
226895.68013529392
227014.70513540477
227082.98013546836
227152.78513553337
227300.47513567092
227365.3101357313
227411.5951357744
227519.57013587496
227584.1551359351
227638.23013598548
227689.55013603327
227846.3551361793
227936.7451362635
228028.18513634865
228265.48513656965
228313.08013661398
228409.44013670372
228835.9101371009
228944.5601372021
229049.96513730026
229161.48513740412
229293.35013752693
229350.90013758052
229408.6501376343
229559.12013777444
229629.3951378399
229915.52513810637
230121.86013829854
230191.6201383635
230698.48513883556
230762.4301388951
230874.68513899966
230974.94013909303
231020.09013913508
231155.98513926164
231250.73013934988
231499.38013958145
231620.9801396947
231847.91513990605
231898.81013995345
231977.3651400266
232549.37014055933
232715.0301407136
232845.52514083515
233124.89514109533
233264.5601412254
233726.67014165578
233839.40514176077
233888.6201418066
233977.99014188984
234061.2651419674
234121.13514202315
234196.38014209323
234315.320142204
234452.41014233168
234723.04014258372
234771.9751426293
234871.91014272236
234946.1401427915
235120.47514295386
235253.5551430778
235389.8001432047
235460.7851432708
235556.8951433603
235663.6251434597
235726.24514351803
235844.0101436277
236015.42014378734
236380.2401441271
236557.13514429185
236630.31014436
236693.91514441924
236763.40014448395
236809.91514452727
236880.7151445932
236983.43014468887
237110.36014480708
237590.28014525404
237708.5701453642
237936.25014557625
238045.0801456776
238188.23014581093
238237.88014585717
238299.3351459144
238521.0501461209
238631.58014622383
238692.39514628047
238773.45514635596
238872.9401464486
239024.07514658937
239083.0701466443
239191.57014674536
239260.82014680986
239480.83014701476
239700.91514721973
239731.6101472483
239800.82514731277
239874.4101473813
239947.37014744926
239989.9501474889
240157.0051476445
240272.2201477518
240380.41014785256
240439.36514790746
240705.3851481552
240874.12014831236
241089.1201485126
241296.9951487062
241358.47014876344
241443.20514884236
241637.5001490233
241800.08014917473
241881.71514925075
241948.0151493125
242146.41514949728
242229.61514957476
242287.67514962883
242346.10514968325
242583.84014990466
242761.39015007002
242980.50015027408
243140.32015042292
243276.61515054986
243404.08015066857
243699.4901509437
243907.86015113775
243943.82515117124
244158.81515137147
244309.34515151166
244446.36015163927
244567.3151517519
244654.8051518334
244701.99515187735
245032.4351521851
245156.20015230036
245247.6301523855
245373.3701525026
245512.86015263252
245670.2401527791
245939.28015302966
246047.96015313087
246159.89515323512
246230.5101533009
246311.40015337622
246408.91015346703
246526.38015357644
246596.63015364186
246705.07015374285
246744.93515377998
246844.51515387272
246916.8751539401
246992.96015401097
247082.40515409427
247208.1551542114
247372.40015436435
247558.12015453732
247585.71515456302
247663.83515463577
247766.15515473107
247880.17015483725
248084.94015502796
248192.33515512798
248227.77515516098
248276.71515520656
248398.51015532
248478.31515539432
248585.1251554938
248796.95015569107
248904.1451557909
248985.01515586622
249053.54515593004
249125.6551559972
249412.32515626418
250018.24015682848
250056.6051568642
250120.815156924
250183.89015698276
250307.27015709766
250383.49515716865
250549.49015732325
250636.91015740467
250785.17015754274
250829.17515758373
251080.22015781753
251196.5701579259
251629.45515832904
251800.26015848812
251904.45515858516
251983.18515865848
252090.33015875827
252303.1951589565
252475.89015911735
252609.67015924194
252658.87515928777
252797.48015941685
253086.53015968605
253157.27515975194
253404.67015998234
253473.40016004635
253608.1001601718
253766.97516031977
253898.37016044214
253985.03016052285
254052.78016058594
254234.01516075473
254322.21516083687
254375.90016088687
254442.96516094933
254553.16516105196
254625.60016111942
254702.5551611911
254835.47516131488
255014.62016148173
255167.7001616243
255301.54516174895
255373.68016181613
255552.5301619827
255702.69016212254
255771.3701621865
255912.6701623181
256049.16516244522
256123.07516251405
256265.3001626465
256481.5251628479
256590.89016294974
256891.40516322962
257029.5651633583
257124.99016344716
257173.29516349215
257208.570163525
257290.3951636012
257422.1301637239
257516.21516381152
257664.03016394918
257699.83516398253
257753.73516403273
257910.0551641783
257956.37516422145
258010.70516427205
258331.56016457087
258437.49016466952
258485.81016471452
258538.925164764
258589.69016481127
258808.79516501533
258869.5301650719
259157.55516534013
259194.81516537484
259238.44516541547
259301.86016547453
259350.4551655198
259514.92516567296
259584.59516573785
259638.93516578845
259804.07016594225
260093.13516621146
260160.69016627438
260283.83016638906
260311.3501664147
260406.3901665032
260650.92016673094
260761.0501668335
260830.32516689802
260949.8201670093
260983.5151670407
261051.10016710364
261118.21516716614
261197.90516724036
261369.58516740025
261721.7351677282
261772.8301677758
261825.4301678248
261927.27016791963
261974.33016796346
262192.94016816706
262399.30516835925
262510.45016846276
262559.7701685087
262616.7751685618
262688.5051686286
262730.35016866756
262820.52516875154
262869.37016879703
262915.7151688402
263234.13516913675
263300.3251691984
263483.91016936937
263536.8901694187
263871.7751697306
263964.8851698173
264041.3451698885
264086.7451699308
264142.85516998306
264301.1451701305
264376.0351702002
264489.9351703063
264760.170170558
264843.80017063586
264905.8801706937
265117.49517089076
265301.83017106244
265706.5701714394
265763.56017149246
265907.4851716265
266019.95017173124
266067.63517177565
266148.70017185115
266236.1801719326
266296.14017198846
266347.44517203624
266445.6451721277
266520.5051721974
266664.8201723318
266699.9901723646
266733.34017239563
266809.5501724666
266949.83517259726
266988.27017263306
267052.665172693
267193.7151728244
267270.2701728957
267328.85517295025
267585.9501731897
267841.0051734272
268011.5701735861
268200.1651737617
268278.60017383477
268405.17517395265
268634.4551741662
268699.0301742263
268839.06517435674
269239.1151747293
269345.02017482795
269478.61517495237
269802.96017525444
269840.33017528924
269919.2101753627
270009.8151754471
270159.2851755863
270223.370175646
270340.27017575485
270470.365175876
270661.2501760538
271163.0051765211
271204.0601765593
271407.24517674855
271444.09017678286
271519.78517685336
271695.24517701677
271898.1301772057
271960.2951772636
272017.3251773167
272121.3651774136
272240.8251775249
272429.22017770034
272752.2551780012
272909.00017814717
272984.9451782179
273050.0201782785
273205.00017842284
273413.10517861665
273484.9801786836
273662.4651788489
273700.4951788843
273739.18517892034
273946.64017911354
274039.64517920016
274127.6151792821
274307.54017944966
274383.55017952045
274480.64017961087
274617.8951797387
274690.32017980615
274946.93518004514
275052.04518014303
275586.79018064105
275715.5001807609
275840.39018087724
275943.80018097354
276035.1351810586
276082.09518110234
276259.2051812673
276490.7251814829
276629.82018161245
276736.2701817116
276844.8301818127
276952.3201819128
277202.0751821454
277452.2651823784
277507.7451824301
277586.3851825033
277731.6451826386
277808.5201827102
278036.22018292226
278728.5851835671
278873.2401837018
278976.6351837981
279163.1301839718
279311.92018411035
279518.760184303
279610.64018438855
279728.0651844979
279946.5351847014
279982.0801847345
280021.03518477076
280300.52518503106
280469.1751851881
280517.07518523274
280802.5501854986
280880.1501855709
280943.9501856303
281017.14518569846
281056.41518573504
281235.1801859015
281269.90518593387
281366.94018602424
281550.6101861953
281617.36518625746
281743.61018637504
281801.0101864285
282159.095186762
282300.0701868933
282478.04518705903
282589.1601871625
282697.87518726377
282803.5601873622
283233.44518776255
283336.42518785846
283699.8051881969
283818.7051883076
284027.0151885016
284124.9301885928
284197.3751886603
284238.7351886988
284301.40018875716
284452.33018889773
284484.35018892755
284637.9401890706
284881.020189297
285020.77518942714
285310.550189697
285570.88518993946
285730.52519008814
285871.4701902194
286011.00519034936
286157.0901904854
286246.03019056824
286279.21519059915
286341.28019065695
286407.42519071855
286518.21019082173
286623.65519091993
286701.86019099277
286780.42519106594
287024.08519129286
287049.4451913165
287221.8851914771
287311.0201915601
287441.5951916817
287487.93019172485
287752.5801919713
287941.9351921477
288113.61019230756
288270.1051924533
288337.9251925165
288514.72519268113
288637.14019279514
288749.6501928999
288798.9151929458
288958.050193094
289021.55019315315
289096.7751932232
289161.56519328355
289294.19519340707
289412.17019351694
289802.7251938807
289900.30019397155
289994.1101940589
290084.7251941433
290156.7801942104
290431.3251944661
290477.9401945095
290517.2051945461
290625.3351946468
290920.13519492134
291160.75519514544
291229.3401952093
291342.23019531445
291415.37519538257
291618.61519557185
291844.08019578183
291906.1351958396
292010.29519593663
292238.5351961492
292268.02019617666
292412.12019631086
292480.3501963744
292637.25519652053
292847.0501967159
292978.0401968379
293090.06519694225
293159.44019700686
293222.1051970652
293306.0351971434
293371.6551972045
293913.54019770917
294053.0751978391
294123.5801979048
294259.78519803163
294344.2351981103
294395.445198158
294448.3801982073
294516.9201982711
294621.0451983681
294731.8601984713
294793.2701985285
294882.02019861114
294943.6101986685
295132.55519884446
295196.94519890443
295304.4801990046
295381.09519907593
295416.2601991087
295660.40519933606
295726.925199398
295798.6201994648
295976.81519963074
296122.41519976634
296162.3401998035
296296.6151999286
296350.80519997905
296551.540200166
296631.2102002402
296773.86520037305
296879.21020047116
296918.5252005078
297090.6702006681
297202.19520077197
297330.2352008912
297408.55020096415
297463.7902010156
297512.39520106086
297591.93520113494
297771.92020130256
297917.2302014379
298026.86520154
298150.2552016549
298269.80020176625
298348.52020183956
298375.45520186465
298514.7952019944
298601.0152020747
298632.0352021036
298703.68520217034
298734.9002021994
298944.33520239446
299119.34520255745
299193.77520262677
299338.27520276135
299442.65520285856
299555.890202964
299622.3502030259
299765.5452031593
299833.7302032228
299977.4102033566
300340.5802036948
300493.6702038374
300654.4002039871
300938.39020425157
301049.9552043555
301210.8102045053
301250.1002045419
301340.06520462566
301457.5502047351
301673.7002049364
301724.87520498404
301841.6352050928
302040.6252052781
302189.2552054165
302270.57020549226
302339.6352055566
302594.2502057937
302701.23520589335
302736.24520592595
302849.40020603134
303023.000206193
303047.8902062162
303186.5052063453
303263.525206417
303416.8052065598
303533.40020666836
303607.4352067373
303696.3202068201
303870.63520698244
304077.2652071749
304161.62020725344
304374.1852074514
304554.2752076191
304618.92020767933
304698.4702077534
304750.620207802
304916.39020795637
305051.66020808235
305124.8602081505
305290.5952083049
305479.4052084807
305699.6902086859
305855.90020883136
306067.4652090284
306308.0002092524
306522.04020945175
306726.6452096423
306807.950209718
307017.335209913
307081.1002099724
307127.3402100155
307198.6802100819
307269.79021014814
307373.62021024484
307520.7952103819
307764.9802106093
307839.30021067854
308000.3152108285
308202.4002110167
308367.90021117084
308483.7052112787
308590.7752113784
308699.47521147964
308773.4402115485
308868.9502116375
308942.2152117057
309015.81521177426
309058.475211814
309300.37021203927
309406.4952121381
309476.64521220344
309728.3752124379
309871.27021257096
310155.7602128359
310447.66021310777
310515.26521317073
310565.44521321746
310768.92521340697
310948.3752135741
311007.6752136293
311097.8752137133
311141.80521375424
311225.37021383207
311429.6252140223
311551.0502141354
311844.81521440897
311901.785214462
312121.2252146664
312264.2452147996
312355.16521488427
312445.4152149683
312542.29021505854
312690.47521519655
312880.20521537325
313232.8652157017
313342.9302158042
313382.7752158413
313449.70521590364
313629.02021607064
313727.7852161626
313835.7852162632
313949.10521636874
314047.4302164603
314335.0952167282
314412.66521680047
314503.5202168851
314625.1752169984
314736.0202171016
314834.32521719317
314952.5702173033
315017.05521736335
315204.30521753774
315523.7252178352
315735.4352180324
315780.3152180742
315857.7702181463
315951.5052182336
316097.3902183695
316155.64021842374
316446.96021869505
316502.47521874675
316547.55021878873
316666.85021889984
316763.0302189894
316838.5302190597
317130.49021933164
317177.76521937567
317266.3052194581
317555.50521972746
317658.110219823
317728.91521988896
317821.1602199749
317942.46522008785
318096.8952202317
318213.4202203402
318454.7202205649
318555.0802206584
318617.83022071683
318682.7852207773
318729.0302208204
318874.06522095547
319013.2702210851
319155.24022121733
319271.20522132533
319368.94022141636
319483.82522152335
319591.31522162346
319705.3802217297
319834.8952218503
319940.880221949
320015.33022201835
320260.855222247
320520.5802224889
320703.0052226588
320934.32022287423
321089.38522301865
321340.4802232525
321471.8902233749
321544.20522344223
321657.9602235482
321770.34022365283
321834.44522371254
321946.68522381707
322067.44522392954
322184.7652240388
322258.9652241079
322381.55022422207
322423.1452242608
322540.65522437025
322733.83522455016
322807.1902246185
322911.925224716
322945.9552247477
323052.96022484737
323262.20522504224
323320.2252250963
323664.1852254166
323775.98022552073
323815.30022555735
323856.2802255955
323962.8002256947
324016.53022574476
324096.3202258191
324189.7702259061
324473.3352261702
324632.9902263189
324681.6652263642
324746.935226425
324864.6352265346
325086.59522674134
325234.0002268786
325336.48022697406
325580.86022720166
325652.04022726795
325772.7752273804
325838.24022744136
325903.42022750207
326020.22522761085
326192.4302277712
326261.6752278357
326359.09522792645
326479.2952280384
326910.15522843966
326982.62022850715
327054.97522857453
327257.0952287628
327447.23522893986
327538.71522902505
327661.2852291392
327761.42522923247
327879.8702293428
328011.9852294658
328118.0552295646
328196.4252296376
328232.8552296715
328317.07522974996
328447.065229871
328510.13022992975
328619.4052300315
328664.29523007333
328947.56523033715
329012.31023039744
329125.92523050326
329410.13523076795
329451.78523080674
329588.405230934
329652.3452309935
329707.2902310447
329794.7902311262
329981.24523129984
330015.72523133195
330083.435231395
330130.9002314392
330248.8952315491
330373.350231665
330557.8102318368
330624.1602318986
330765.53523203026
330856.3902321149
330942.13523219473
331024.6452322716
331086.4052323291
331205.6152324401
331237.0252324694
331270.960232501
331334.5502325602
331479.11023269483
331763.9402329601
331908.6702330949
331981.8952331631
332266.4802334281
332307.31523346616
332442.71023359225
332698.5202338305
332765.3052338927
332935.87523405155
333024.9452341345
333084.4152341899
333299.1802343899
333375.77523446124
333778.8002348366
333949.07023499516
334158.21523518994
334267.1252352914
334410.590235425
334663.6802356607
334798.80523578654
334868.73523585167
334968.980235945
335079.545236048
335215.53023617464
335279.1252362339
335343.2402362936
335475.0052364163
335614.54523654626
335673.0902366008
335749.3352366718
335832.9152367496
336155.68523705023
336205.880237097
336315.39023719897
336406.43523728376
336518.11023738777
336760.13023761316
336878.96523772384
336974.9952378133
337146.475237973
337233.7152380542
337335.0352381486
337492.5702382953
337545.2102383443
337586.34023838263
337798.3752385801
337872.7952386494
337945.8252387174
338091.5852388532
338269.8502390192
338420.45023915946
338478.0302392131
338586.0952393137
338693.29023941356
338860.6102395694
338908.0752396136
339048.6102397445
339127.0152398175
339196.0602398818
339480.11524014635
339513.3602401773
339690.220240342
339802.75524044683
340014.455240644
340052.31024067925
340157.300240777
340265.2752408776
340375.31524098007
340446.4502410463
340592.95524118276
340726.5902413072
340801.0952413766
340983.9252415469
341235.25024178094
341302.58024184365
341382.1852419178
341450.2502419812
341527.355242053
341597.6202421184
341825.1952423304
341906.34524240595
342119.27524260426
342201.18024268054
342367.2352428352
342411.3852428763
342655.94524310407
342775.41524321534
342913.92524334433
343014.8352434383
343184.170243596
343236.8602436451
343295.97024370014
343482.71524387406
343753.4652441262
343804.9002441741
343873.00024423754
344085.07024443505
344204.90024454665
344335.79524466855
344433.6652447597
344603.9852449183
344839.4152451376
345051.3052453349
345201.7902454751
345431.2702456888
345521.42024577275
345584.9302458319
345623.42524586775
345727.38024596457
345903.8202461289
345987.8102462071
346131.6852463411
346263.16024646355
346373.6702465665
346518.79524670163
346707.8802468777
346905.0752470614
347088.66524723236
347222.53524735704
347454.46024757304
347537.7752476506
347817.4552479111
347921.23524800775
348159.4402482296
348217.6252482838
348342.90024840046
348380.4452484354
348515.8952485616
348729.1752487602
348950.5502489664
349093.74524909974
349188.48024918797
349269.55024926347
349430.90024941374
349557.51024953165
349649.62024961744
349946.555249894
350021.46024996374
350079.2952500176
350344.65525026474
350514.2552504227
350733.8152506272
350800.1252506889
350869.31525075337
351003.0052508779
351049.24525092094
351183.1802510457
351231.5152510907
351302.730251157
351587.5802514223
351650.0652514805
351700.9802515279
351846.1152516631
351909.7102517223
351984.57525179203
352160.05525195546
352272.5202520602
352344.94525212765
352454.3302522295
352550.2652523189
352790.00525254215
352875.9552526222
352906.27525265043
353090.0902528216
353155.3202528824
353376.17525308806
353513.6752532161
353589.0202532863
353634.93025332905
353698.28525338805
353896.4652535726
354045.21025371115
354161.07525381906
354233.97525388695
354337.7552539836
354407.5752540486
354594.19525422243
354745.81025436363
354809.2102544227
354916.6902545228
354976.9802545789
355195.7552547827
355798.09025534365
355838.1152553809
355948.22025548347
356001.57025553315
356073.8052556004
356268.16525578144
356445.11525594624
356764.99525624415
356944.0452564109
357017.35025647917
357115.5102565706
357222.4702566702
357296.82025673945
357410.30525684514
357559.0652569837
357659.62525707734
357739.11525715137
357849.71025725437
357927.8852573272
358002.17025739636
358191.9502575731
358410.5902577767
358576.9802579317
358636.8102579874
358797.3252581369
358946.41025827575
358981.32025830826
359378.59025867825
359414.14525871136
359465.4902587592
359517.44525880757
359618.4952589017
359732.9552590083
359772.32525904494
359861.3252591278
359960.2052592199
360099.28525934945
360259.50525949866
360447.4452596737
360591.8752598082
360767.765259972
360846.82026004564
361115.7352602961
361236.6402604087
361312.49526047934
361360.73526052426
361472.40026062826
361549.25526069984
361841.6802609722
361994.8202611148
362100.9902612137
362131.2902612419
362309.04026140744
362416.6902615077
362554.40526163595
362591.2802616703
362732.83526180213
362868.1052619281
363127.83026217
363267.9552623005
363339.0252623667
363409.9952624328
363587.4852625981
363637.2102626444
363766.43526276475
363836.3852628299
363904.51526289334
363994.81026297744
364179.31026314927
364408.41526336264
364468.8452634189
364662.8752635996
364744.5902636757
364781.5802637102
364812.8452637393
364973.3802638888
365227.57026412553
365270.64526416565
365454.12526433653
365556.9652644323
365683.32526455
365834.25026469055
365909.8052647609
365976.1752648227
366019.24526486284
366064.6402649051
366115.9652649529
366243.3102650715
366299.665265124
366408.9752652258
366657.6252654574
366695.93526549306
366752.785265546
366910.4052656928
366945.04026572505
366989.4502657664
367039.490265813
367187.8452659512
367339.8952660928
367372.350266123
367443.0052661888
367501.21526624303
367566.2402663036
367660.78526639164
367758.1552664823
368115.1402668148
368262.5602669521
368431.4802671094
368804.8052674571
369164.7102677923
369276.0002678959
369406.58026801754
369554.4952681553
369844.12526842504
369909.08026848553
370092.0352686559
370227.8652687824
370375.1502689196
370478.7652690161
370516.08026905084
370589.42526911915
370809.34526932397
370877.9152693878
370963.8102694678
371152.51526964357
371208.5002696957
371333.84026981244
371453.9302699243
371595.4902700561
371774.9702702233
371943.74027038045
372046.80527047644
372122.95527054736
372203.80027062265
372439.8852708425
372552.64527094754
372594.95527098695
372690.71527107613
372877.3302712499
373054.75527141517
373223.64027157245
373325.5852716674
373452.6352717857
373555.42027188145
373733.7202720475
373851.33527215704
373909.1552722109
373944.87527224416
373996.71527229244
374093.68527238275
374375.6802726454
374482.70027274505
374682.74027293135
374769.4752730121
375198.22527341143
375273.4902734815
375408.71027360746
375799.9302739718
375945.99527410785
376056.5402742108
376270.7252744103
376607.11027472356
376875.76527497376
376984.1652750747
377234.60527530796
377419.38527548005
377552.42027560394
377695.1552757369
377911.27027593815
378135.02027614653
378166.4552761758
378301.6052763017
378442.87027643324
378644.9902766215
378976.6002769303
379092.8702770386
379167.7952771084
379393.2152773183
379492.2952774106
379552.26527746645
379733.62027763535
379801.06527769816
379908.52027779823
379947.42527783447
380126.255278001
380227.10027809493
380270.93527813576
380301.9152781646
380361.24527821987
380591.21527843404
380758.28527858964
380950.71527876885
381018.525278832
381131.30027893704
381358.95027914905
381520.6102792996
381568.280279344
381620.49027939263
381730.26027949486
381793.0052795533
381897.41527965054
381941.8302796919
382087.1252798272
382142.5902798789
382214.4552799458
382321.3852800454
382655.5402803566
382877.73528056353
383057.7502807312
383338.3152809925
383472.3552811173
383513.51028115564
383582.99028122035
383766.16028139094
383831.55028145184
384054.16028165916
384228.3552818214
384302.16528189013
384373.1152819562
384523.3152820961
384602.4302821698
384663.61028222676
384818.7252823712
384936.1652824806
385095.2752826288
385167.39028269594
385303.88528282306
385373.9652828883
385523.66028302774
385592.04528309143
385739.61528322886
385975.6752834487
386238.87528369384
386368.38028381445
386847.48528426065
386974.60028437903
387231.78028461855
387369.43528474675
387624.54528498434
387726.76028507954
387877.83028522023
387948.440285286
388192.00528551283
388319.3952856315
388400.00028570654
388593.2402858865
388800.10528607917
388915.96028618707
389014.8802862792
389057.605286319
389168.38028642215
389332.75528657524
389554.9002867821
389807.92028701777
389910.9102871137
389995.2452871922
390117.13028730574
390227.0102874081
390302.8552874787
390407.5102875762
391054.10528817837
391271.39028838073
391553.4002886434
391877.4052889451
391941.0802890044
392126.6852891773
392169.2152892169
392219.42028926365
392265.35528930643
392470.3752894974
392533.91528955655
392602.5952896205
392753.1152897607
392840.34528984193
392950.6052899446
393021.3552900105
393129.83029011154
393262.2602902349
393377.9202903426
393467.455290426
393561.1252905132
393591.6302905416
393654.02529059973
393968.64029089274
394017.71029093844
394095.1852910106
394166.30529107683
394232.45529113844
394282.6502911852
394483.6402913724
394684.38529155933
394770.4802916395
395085.3802919328
395183.0252920237
395366.10529219423
395623.0252924335
395765.6002925663
395980.95529276686
396128.28029290406
396186.8702929586
396516.65529326577
396623.38529336517
396845.6702935722
397083.81029379397
397151.6902938572
397262.9552939608
397351.59029404336
397418.58529410575
397548.6552942269
397587.39529426297
397658.44029432914
397749.30529441376
397871.71029452776
398031.8452946769
398123.5402947623
398195.65029482945
398278.6252949067
398313.43029493914
398551.58029516094
398657.90529525996
398712.99029531126
398832.5652954226
398974.87029555516
399061.95029563626
399159.7002957273
399231.0302957937
399551.0902960918
399689.77529622096
399945.63529645925
399984.4202964954
