10.48500000000024
40.320000000002175
183.47499999990563
331.3199999997712
450.6399999996627
613.8499999995142
726.0149999994122
757.5449999993835
867.6449999992834
900.2499999992538
1035.4699999993916
1166.4600000022508
1292.1100000049935
1331.4750000058527
1448.4800000084067
1561.420000010872
1597.6000000116617
1727.2950000144926
1865.895000017518
2027.0750000210362
2168.2900000241184
2282.9250000266206
2401.5700000292104
2567.355000032829
2724.6500000362626
2859.000000039195
2980.8450000418547
3043.6900000432265
3131.4100000451413
3266.5600000480913
3307.330000048981
3408.4150000511877
3546.8900000542103
3595.300000055267
3697.9550000575077
3835.7950000605165
3980.1150000636667
4119.710000066713
4155.9100000675035
4258.155000069735
4396.755000072761
4532.375000075721
4656.855000078438
4802.765000081623
4837.270000082376
4939.6350000846105
4978.360000085456
5085.185000087788
5221.225000090757
5263.125000091672
5373.8050000940875
5413.675000094958
5512.095000097106
5648.835000100091
5785.925000103083
5814.010000103696
5921.540000106043
5971.78000010714
6085.490000109622
6226.03000011269
6371.210000115859
6495.365000118569
6635.980000121638
6766.135000124479
6807.005000125371
6909.080000127599
6969.165000128911
7076.0300001312435
7190.095000133733
7228.990000134582
7344.105000137095
7482.740000140121
7641.2700001435815
7752.430000146008
7818.690000147454
7897.960000149184
8044.135000152375
8175.685000155247
8203.76000015372
8316.730000135636
8344.585000131177
8484.32000010881
8618.14000008739
8745.95500006693
8880.470000045398
9027.600000021846
9315.214999975808
9444.289999955146
9477.929999949762
9597.189999930672
9726.559999909963
9758.839999904796
9875.034999886197
10005.479999865316
10131.71499984511
10176.704999837908
10278.449999821622
10330.174999813342
10425.414999798097
10582.224999772996
10707.899999752879
10870.214999726897
11126.049999685945
11156.43999968108
11277.649999661679
11397.104999642557
11440.954999635538
11558.179999616774
11697.969999594397
11834.749999572503
11870.894999566717
11978.26999954953
12153.169999521533
12244.26999950695
12285.304999500382
12386.534999484178
12529.299999461326
12690.834999435468
12801.189999417804
12975.674999389874
13089.444999371663
13116.929999367263
13227.929999349495
13376.824999325661
13406.114999320973
13510.479999304267
13640.324999283483
13680.124999277112
13789.374999259624
13933.499999236554
13980.039999229104
14072.454999214311
14100.739999209783
14232.054999188764
14365.464999167409
14645.58499912257
14790.939999099302
14915.15499907942
14948.3849990741
15075.069999053821
15220.869999030483
15378.739999005213
15487.974998987727
15534.604998980263
15630.224998964957
15781.44999894075
15910.159998920148
15938.114998915673
16057.119998896624
16209.039998872306
16324.954998853751
16358.619998848362
16464.194998860636
16499.939998867918
16615.189998891397
16774.939998923943
16894.04999894821
17049.394998979857
17130.88999899646
17167.239999003865
17212.404999013066
17320.989999035188
17436.35999905869
17463.969999064317
17519.49999907563
17593.75999909076
17624.084999096936
17740.659999120686
17869.38499914691
18026.10499917884
18159.76499920607
18298.48499923433
18429.089999260937
18457.159999266656
18568.3149992893
18611.324999298064
18716.19499931943
18873.26999935143
18999.384999377122
19126.75499940307
19163.894999410637
19282.229999434745
19323.349999443122
19408.35499946044
19539.60999948718
19575.969999494588
19689.099999517635
19718.46999952362
19837.774999547924
19973.81999957564
20013.52999958373
20113.284999604053
20391.53499966074
20424.31499966742
20551.829999693397
20688.094999721157
20819.94999974802
20875.434999759324
20975.25999977966
21100.72499980522
21134.859999812175
21250.054999835644
21283.254999842407
21392.78499986472
21521.764999891
21676.174999922456
21832.639999954332
21955.269999979315
22075.235000003755
22363.315000062445
22397.90000006949
22517.165000093788
22677.230000126397
22935.73000017906
23066.750000205753
23216.64500023629
23350.605000263582
23411.190000275925
23514.19500029691
23646.550000323874
23767.170000348448
23908.21000037718
23954.410000386593
24047.585000405576
24073.52500041086
24186.345000433845
24338.455000464834
24461.750000489952
24487.790000495257
24610.195000520194
24744.845000547626
24902.055000579654
24953.850000590206
25036.52500060705
25183.845000637062
25461.230000693573
25502.585000701998
25608.190000723513
25736.97000074975
25908.030000784598
26025.515000808533
26142.700000832407
26173.560000838694
26218.090000847766
26302.25000086491
26433.89500089173
26467.750000898628
26574.510000920378
26721.3750009503
26867.375000980042
27006.18500100832
27157.725001039194
27304.975001069193
27449.150001098566
27577.33500112468
27703.755001150435
27863.99500118308
27984.425001207615
28013.865001213613
28124.670001236187
28261.815001264127
28421.575001296675
28558.46000132456
28675.03500134831
28708.200001355068
28842.005001382327
28960.840001406537
28993.5500014132
29118.895001438737
29153.51000144579
29270.14000146955
29397.870001495572
29541.705001524875
29667.19500155044
29700.23000155717
29826.310001582857
29950.200001608096
30098.16500163824
30252.740001669732
30364.45000169249
30400.295001699793
30513.7150017229
30582.465001736906
30654.00500175148
30806.535001782555
30921.980001806074
30945.015001810767
31074.96500183724
31194.665001861627
31224.82000186777
31370.45500189744
31505.700001924994
31630.335001950385
31769.66500197877
32061.050002038133
32184.070002063196
32237.40500207406
32338.535002094664
32374.955002102084
32486.295002124767
32625.51000215313
32761.550002180844
32905.610002110065
33023.96500204806
33051.3800020337
33215.360001947796
33334.440001885414
33461.245001818985
33498.86000179928
33595.50000174865
33630.430001730354
33912.235001582725
34033.485001519206
34162.185001451784
34291.14000138423
34327.32500136527
34448.71000130168
34587.080001229195
34712.46500116351
34748.42500114467
34875.82500107793
35054.84000098415
35160.810000928635
35281.99000086515
35320.125000845175
35433.38500078584
35578.71000070971
35711.045000640384
35847.95500056866
36012.86500048227
36158.04000040622
36281.06000034177
36399.115000279926
36427.615000264996
36555.375000198066
36702.24000012113
36903.36000001577
36978.51999997639
37126.15499989905
37275.12499982101
37396.03999975767
37538.53499968302
37600.46999965057
37690.78999960326
37814.38999953851
37852.169999518715
37954.429999465145
38081.27999939869
38136.73999936964
38263.554999303204
38417.159999222735
38515.714999171105
38557.939999148984
38644.22499910378
38682.63999908366
38946.38499894549
39069.75999888086
39113.229998858085
39363.789998726825
39499.85999865554
39548.93499862983
39661.419998570906
39770.14499851395
39792.16999850241
39931.44499842945
40065.94499835899
40202.34999828753
40364.83499820241
40619.46999806901
40659.97999804779
40762.54999799406
40913.72499791486
41051.654997842605
41191.499997769344
41329.15999769723
41456.849997630336
41483.79999761622
41630.33999753945
41738.774997482644
41765.12999746884
41887.15999740491
42040.05499732481
42173.859997254716
42450.40999710984
42583.39999704017
42623.304997019266
42726.479996965216
42765.14999694496
42878.20999688573
43020.65499681111
43154.15999674117
43287.804996671155
43316.46999665614
43427.17499659814
43488.02999656626
43574.09499652118
43621.3949964964
43731.849996438534
43863.329996369655
43979.3099963089
44018.13499628856
44152.36499621824
44269.12499615707
44441.16999606694
44565.65999600173
44694.169995934404
44728.87499591622
44854.934995850184
44963.299995793415
44993.16499577777
45123.76999570935
45261.524995637184
45301.344995616324
45398.95999556519
45529.759995496664
45565.62999547787
45690.50999541245
45817.12499534612
45983.63499525889
46112.05499519162
46231.594995128995
46318.29999508357
46388.139995046986
46517.02499497947
46565.169994954245
46655.9299949067
46682.93499489255
46798.34999483209
46956.964994748996
47109.69999466898
47217.5149946125
47260.19999459014
47387.88999452325
47528.13499444978
47662.95499437915
47784.8399943153
47837.109994287915
47931.21499423862
48104.70999414773
48214.69999409011
48237.88499407796
48354.78999401672
48491.63499394503
48657.48499385815
48770.9649937987
48815.38499377543
48930.324993715214
49046.96999365411
49083.45999363499
49179.6499935846
49349.55499349559
49472.83499343101
49618.67499335461
49746.26499328777
49788.46499326566
49913.19999320032
50042.624993132515
50190.60499305499
50315.73499298944
50456.36999291577
50577.81999285214
50604.78499283802
50642.409992818306
50741.96499276615
51013.58499262386
51055.95499260166
51150.47499255215
51195.09999252877
51319.60999246354
51463.46999238818
51576.60499232891
51609.00499231194
51715.14999225633
51886.579992166524
52013.02499210028
52142.43499203249
52175.73999201504
52287.46999195651
52433.44499188004
52571.369991807784
52719.359991730256
52845.36999166424
53004.0849915811
53128.70999151581
53268.43499144261
53413.99499136636
53559.73999129001
53710.89499121082
53854.46999113561
53970.07999107504
54099.06499100747
54249.01499092892
54402.73499084839
54530.23999078159
54680.68499070278
54820.51499062953
54952.06499056061
54988.00999054178
55081.124990493
55111.36499047716
55235.88499041193
55375.25999033891
55518.35999026395
55682.50499017796
55810.53999011088
55962.67999003118
56071.14998997436
56129.184989943955
56225.01998989375
56360.024989823025
56399.63998980227
56495.61498975199
56639.5349896766
56926.46998952628
56960.37498950852
57065.9699894532
57201.6999893821
57345.35998930684
57478.44498923712
57519.589989215565
57609.85498916828
57651.759989146325
57744.64998909766
57778.909989079715
57890.97498902101
57925.284989003034
58047.299988939114
58202.129988858
58315.324988798704
58455.474988725284
58486.78998870888
58590.89998865434
58623.24998863739
58882.639988501505
59025.824988426495
59144.62498836426
59294.2049882859
59338.42998826273
59454.784988201776
59592.62998812956
59735.60998805466
59881.72998797811
59993.27498791968
60153.55998783571
60297.55998776027
60431.37498769017
60560.94498762229
60588.789987607706
60702.07498754836
60734.784987531224
60852.999987469295
61011.624987386196
61138.224987319874
61265.98998725294
61413.18998717583
61538.59998711013
61569.69498709384
61696.26998702753
61816.849986964364
61855.44998694414
61984.654986876456
62115.454986807934
62156.11998678663
62251.724986736546
62291.164986715885
62389.77998666422
62422.8499866469
62537.599986586785
62682.18998651104
62711.439986495716
62815.95998644096
62852.334986421905
63095.68498629442
63224.31498622704
63308.14998618312
63392.34498613901
63526.854986068545
63650.83998600359
63685.864985985245
63806.91998592183
63949.19998584729
64081.614985777924
64209.504985710926
64364.25498562986
64400.19998561103
64513.57498555163
64643.4399854836
64784.079985409924
64918.74498533938
64963.44498531596
65056.28998526732
65086.41998525154
65228.87498517691
65329.15998512437
65363.07498510661
65517.5099850257
65622.93498509697
65778.83998524217
65909.34998536372
66032.71998547862
66059.81998550385
66194.24498562905
66246.4899856777
66330.17498575564
66354.62998577842
66468.004985884
66498.74998591264
66608.88998601522
66734.27498613199
66762.46498615824
66899.27998628566
67014.98498639342
67065.71998644067
67169.29998653714
67221.29498658556
67324.29498668149
67451.7549868002
67591.8799869307
67738.56498706731
67771.33998709783
67874.61998719402
68021.65998733096
68148.31498744892
68200.56498749758
68300.35998759052
68447.51498772757
68577.70498784882
68611.27998788009
68703.79998796625
68728.96498798969
68848.51498810103
68991.44998823415
69112.65498834703
69138.81498837139
69270.52998849406
69300.56498852203
69418.2049886316
69451.64498866274
69555.25998875924
69579.13998878148
69702.15498889604
69835.00498901977
69868.13498905062
69989.7599891639
70119.74998928496
70257.47998941323
70324.17498947534
70392.29498953879
70413.09998955816
70549.63998968533
70661.26998978929
70703.44998982857
70815.48998993292
70969.63499007648
71098.27999019629
71247.95999033569
71377.72499045654
71527.80499059631
71663.3999907226
71697.7699907546
71802.4599908521
71943.77499098371
72095.85999112536
72229.1599912495
72373.18999138364
72513.87499151466
72616.4599916102
72663.51999165403
72786.26999176835
72819.84499179962
72910.13499188371
72937.289991909
73088.73999205005
73238.70499218971
73346.0699922897
73495.72499242908
73530.28999246127
73643.43499256665
73758.02499267337
73780.99499269476
73913.40999281808
74067.97499296203
74099.65499299153
74179.62999306602
74206.10499309067
74342.72999321792
74476.7149933427
74505.02499336906
74609.5349934664
74762.98499360931
74902.25499373901
75035.57999386318
75063.45499388914
75177.14499399503
75327.99999413552
75458.91499425744
75590.2899943798
75618.2099944058
75742.62499452167
75783.2399945595
75879.58499464922
75923.0499946897
76017.81499477796
76046.22999480442
76168.51999491832
76314.15999505395
76456.0449951861
76582.92999530426
76734.06999544502
76871.50999557303
77002.20999569475
77043.07499573281
77134.2299958177
77160.16499584186
77285.15499595826
77323.54499599402
77558.684996213
77588.68999624095
77720.64999636385
77842.10499647696
77877.77999651019
78002.39999662625
78123.8899967394
78169.17499678157
78308.42499691126
78415.78999701125
78563.64999714895
78694.89999727119
78827.58999739477
78851.81999741733
78977.8449975347
79113.21999766078
79256.5899977943
79375.454997905
79414.11499794101
79534.17999805283
79675.26999818423
79818.73499831784
79939.40999843023
80096.56499857659
80258.32999872725
80385.66499884584
80511.42499896296
80655.94999909756
80830.81999926042
80933.58499935613
81088.29999950022
81217.85499962087
81252.01499965269
81355.51999974909
81385.44499977696
81501.31999988487
81630.23500000493
81660.40500003303
81769.6800001348
81796.15500015946
81940.78000029415
82045.59500039177
82078.00000042195
82190.94500052714
82231.1750005646
82366.69000069081
82505.43500082003
82608.490000916
82636.59500094218
82772.35000106861
82914.58500120108
83040.39000131824
83085.83000136056
83188.2050014559
83345.9300016028
83478.79000172653
83599.40000183886
83740.24000197003
83887.70000210736
84027.25000223733
84192.74500239146
84289.55500248162
84335.065002524
84454.12500263489
84603.85500277433
84729.17500289105
84883.2100030345
85012.78000315517
85042.59500318294
85164.14500329614
85277.4800034017
85303.87000342627
85429.88000354363
85567.38000367169
85697.88000379322
85746.67000383866
85862.05000394612
85997.7450040725
86146.77000421128
86276.69500433229
86333.35000438505
86405.27000445203
86444.30000448838
86559.54500459571
86693.93000472087
86756.15500477882
86818.3100048367
86842.93500485964
86963.22000497166
87102.91000510176
87252.6400052412
87290.20000527619
87392.1050053711
87546.80500551517
87705.34000566282
87823.68000577303
87955.67000589595
87990.15500592807
88111.96500604152
88251.69500617165
88400.98500631069
88536.03000643646
88654.90000654716
88683.62500657392
88803.72000668576
88941.03500681365
88977.24000684737
89074.32500693778
89099.62500696135
89233.0500070856
89354.51500719873
89395.65000723704
89500.21000733442
89641.7050074662
89797.92500761169
89837.5650076486
89913.96000771975
90073.60500786843
90117.00000790885
90207.350007993
90346.28500812239
90495.34500826121
90634.11500839045
90773.61000852037
90816.36000856018
90920.04000865674
91029.69000875886
91070.35000879673
91186.53500890493
91339.81500904768
91495.07500919228
91621.43500930996
91760.36500943935
91889.60000955971
91930.95000959822
92033.50500969373
92166.42000981752
92211.22500985925
92316.17000995699
92449.7650100814
92582.73001020524
92615.91501023615
92753.64501036442
92875.99501047836
93044.13501063496
93154.25001073751
93182.18001076352
93296.78001087025
93434.77501099877
93577.49001113168
93709.80501125491
93733.59501127707
93852.57001138787
94002.3850115274
94146.29501166142
94270.32001177693
94402.94001190044
94569.65501205571
94698.62501217582
94824.78501229332
94872.50001233775
94973.35501243168
95006.39501246245
95147.9700125943
95266.12001270434
95295.32001273154
95399.1100128282
95445.94501287182
95540.33501295972
95571.28001298854
95681.75001309143
95716.22001312353
95820.17001322034
95863.91001326108
95980.52501336968
96101.21001348208
96385.63501374697
96422.19001378102
96529.90001388133
96675.6850140171
96804.99001413753
96827.27501415828
96864.555014193
96953.92501427623
97086.05501439929
97232.11001453531
97381.49501467444
97503.06001478765
97635.70501491119
97666.82501494017
97792.43501505716
97821.49501508422
97924.59501518024
97956.64501521009
98079.19501532422
98207.77501544397
98237.78501547192
98341.56501556857
98492.36001570901
98527.36001574161
98633.3350158403
98772.33001596975
98918.45001610584
99056.90001623478
99188.76001635758
99219.86501638655
99341.72001650004
99460.79001661093
99497.07001664472
99613.69001675333
99653.68001679057
99765.11001689435
99888.70001700945
99931.54001704935
100026.26501713757
100072.52501718065
100154.36501725687
100180.55001728126
100319.59001741075
100443.78001752641
100474.77501755528
100581.55501765473
100622.9800176933
100732.170017795
100766.08001782658
100866.27001791989
100893.87001794559
101018.08001806127
101152.68001818663
101189.02001822047
101291.34001831576
101315.08501833788
101436.52001845097
101498.64001850883
101725.53001872014
101761.81501875393
101860.7900188461
101894.77501887776
102006.64001898194
102120.67001908814
102145.77501911152
102191.44501915405
102291.98001924768
102412.12501935958
102447.70501939271
102547.71501948586
102586.67001952213
102712.14501963899
102842.77001976065
102988.34001989622
103117.73502001673
103160.17002005625
103268.70502015733
103377.03502025822
103416.3150202948
103563.72002043208
103703.38502056216
103828.4150206786
103982.50502082211
104107.38502093841
104249.60002107086
104292.96002111124
104409.15502121946
104541.1650213424
104671.80502146407
104704.50002149452
104802.21002158552
104825.90002160758
104940.8150217146
105089.89502185344
105254.64502200688
105376.14502212004
105518.83002225292
105809.4700225236
105943.40502264834
106064.85502276145
106096.81002279121
106220.84502290672
106355.94502303255
106508.28502317442
106649.8800233063
106771.48002341954
106801.56502344756
106913.99002355227
107067.1400236949
107211.09002382896
107320.10502393049
107361.50502396905
107485.22002408426
107616.70002420672
107649.35002423712
107765.27002434508
107903.44502447377
108038.4450245995
108070.95502462977
108185.41502473637
108232.94002478063
108330.42502487142
108461.34502499335
108592.43502511544
108638.04002515791
108732.99002524634
108763.1200252744
108873.280025377
108913.91502541484
109035.425025528
109172.26502565545
109301.33002577565
109340.53502581216
109446.31502591068
109481.10502594308
109609.10002606228
109726.8050261719
109761.93502620462
109875.77002631064
110001.58502642781
110048.54502647155
110157.78502657328
110298.2400267041
110422.83002682013
110446.76502684242
110563.63502695126
110725.47502710199
110848.08002721617
110884.05502724968
110995.17502735317
111126.27002747526
111155.38502750237
111281.93002762023
111416.16002774524
111574.36002789257
111695.79502800567
111727.8200280355
111831.7700281323
111874.43002817204
111978.63502826908
112007.68502829614
112130.39502841042
112259.23002853041
112377.26002864033
112413.46002867405
112535.94002878811
112659.5050289032
112692.08502893354
112821.8650290544
112847.80002907856
112956.11002917943
113110.55502932327
113247.41002945072
113374.9450295695
113514.05502969906
113547.42502973013
113658.24002983334
113812.78502997727
113955.74503011041
114068.49003021541
114097.17503024213
114215.30503035214
114370.5200304967
114510.435030627
114643.40003075084
114794.79003089183
114925.07503101317
114970.41003105539
115065.82503114425
115203.48503127246
115342.49003140192
115374.38503143162
115616.50003165711
115648.02503168647
115758.82003178966
115902.18503192317
115942.88003196107
116046.64003205771
116084.51003209298
116180.03003218194
116336.2150323274
116485.05003246601
116615.22003258724
116666.63003263512
116759.23503272136
116878.42003283236
116919.43003287056
117029.35503297293
117171.62003310543
117305.49503323011
117334.5800332572
117461.02003337495
117582.99003348855
117619.69503352273
117735.63503363071
117883.99003376887
118006.22503388271
118035.23003390973
118160.91003402678
118280.68003413832
118314.14003416948
118425.8250342735
118461.94003430713
118580.50003441755
118724.55503455171
118859.10003467702
119038.51503484411
119142.46503494092
119275.96503506525
119313.46503510018
119421.57503520086
119559.90003532969
119694.3400354549
119833.25003558426
119862.09503561113
120127.01003585785
120274.15003599488
120405.64003611734
120461.03003616893
120563.40503626427
120686.63003637904
120836.00003651815
121106.1100367697
121236.1350368908
121272.67003692483
121391.02503703505
121503.10503713944
121532.13003716647
121804.54003742017
121938.28503754473
121984.48003758775
122099.46003769484
122250.8150378358
122362.8050379401
122501.4300380692
122526.84003809287
122649.33003820694
122798.36503834574
122833.7550383787
122941.09003847867
123069.09503859788
123207.57503872685
123237.71003875491
123352.57503886189
123399.44503890554
123477.34003897809
123512.29003901064
123635.59503912547
123774.38003925473
123891.55503936386
123919.67503939004
124059.76003952051
124186.63003963867
124225.76003967511
124329.790039772
124485.9150399174
124600.98004002456
124646.18004006665
124768.59004018066
124891.85004029545
125036.9650404306
125177.1900405612
125271.97004064947
125307.57504068263
125335.80004070891
125466.81504083093
125606.74004096125
125636.51504098898
125731.9900410779
126020.56504134665
126183.59004149848
126294.3100416016
126344.63004164846
126439.67004173697
126484.60004177882
126556.71504184598
126581.1100418687
126607.86004189361
126744.71004202106
126888.1950421547
127020.0500422775
127154.57504240278
127288.08504252712
127322.36504255905
127446.43004267459
127574.36004279373
127704.51504291495
127842.7650430437
127992.47504318313
128125.68004330719
128153.47504333308
128279.04004345002
128414.47004357615
128552.77004370495
128678.16504382173
128830.32504396344
128970.20504409372
128992.50504411448
129116.44504422991
129247.98504435242
129410.33504450362
129529.88504461496
129576.105044658
129666.75504474243
129802.96504486928
129840.58504490432
129944.59504500119
129982.26504503627
130087.32004513411
130235.19004527183
130384.59504541097
130519.19004553632
130657.28504566493
130783.81004578277
130815.36004581215
130943.99504593195
131076.96004605578
131210.27504617994
131255.83004622237
131353.54004631337
131385.6850463433
131505.8150464552
131647.72004658735
131690.8250466275
131783.89004671416
131926.87004684733
132207.3000471085
132329.7050472225
132367.37504725758
132479.88004736236
132518.0500473979
132631.07504750317
132754.83504761843
132918.41504777077
133045.9000478895
133170.09004800516
133225.755048057
133330.57504815463
133461.8550482769
133606.85504841193
133749.99004854524
133904.27004868892
134035.82004881144
134172.00004893827
134285.80004904425
134311.4150490681
134465.63504921173
134583.74504932173
134620.26504935574
134730.77004945866
134888.39504960546
135003.91504971305
135049.98004975595
135161.08504985942
135303.62004999217
135344.40005003015
135452.5800501309
135563.69505023438
135618.35005028528
135703.00005036412
135747.89005040593
135863.1650505133
135988.93505063042
136137.04005076835
136275.64005089743
136413.33505102567
136552.03005115484
136702.82005129528
136828.24005141208
136861.7450514433
136977.21005155082
137107.9750516726
137273.5500518268
137410.4500519543
137537.73505207285
137573.4500521061
137680.72505220602
137819.19505233498
137952.51505245914
137998.9600525024
138098.14005259477
138249.98005273618
138388.28005286498
138532.27005299908
138643.26505310246
138674.75005313178
138809.0900532569
138933.60005337285
138958.37505339592
139084.66505351354
139217.50505363726
139256.81505367387
139361.16505377105
139394.25005380186
139506.5000539064
139535.30505393323
139674.4300540628
139772.0400541537
139806.710054186
139936.7500543071
140071.2950544324
140196.84505454934
140225.82505457633
140370.29505471088
140485.1100548178
140626.3100549493
140747.6450550623
140783.7100550959
140918.32005522127
141047.25005534134
141198.31505548203
141324.26005559933
141455.72005572176
141600.43505585653
141628.4300558826
141762.8650560078
141888.98505612527
142033.71505626006
142159.23505637696
142195.3700564106
142316.2650565232
142362.7550565665
142455.7450566531
142588.0250567763
142627.28505681286
142723.58505690255
142764.70005694084
142890.69505705818
143167.22505731572
143197.30005734373
143298.03005743754
143435.3100575654
143593.28005771252
143697.7300578098
143741.3450578504
143872.99505797302
143987.92005808005
144141.77005822334
144277.47005834972
144408.16005847143
144456.53505851649
144538.3800585927
144700.1800587434
144818.930058854
144868.05005889974
144974.78005899914
145013.280059035
145122.86005913705
145167.30505917844
145254.85005925997
145296.30005929858
145396.9350593923
145536.24005952204
145571.8500595552
145691.80505966692
145807.72505977488
145831.78005979728
145862.57005982596
145961.59005991818
146109.7950600562
146242.6200601799
146269.43006020488
146399.04006032558
146527.65506044537
146673.8300605815
146802.06006070093
147084.14006096363
147215.25006108574
147261.710061129
147364.44006122468
147385.66006124445
147505.2300613558
147545.45506139327
147641.75506148295
147678.49006151716
147805.25006163522
147940.54506176122
148090.01506190043
148213.28506201523
148251.5850620509
148351.2250621437
148375.42006216623
148497.8900622803
148634.10006240715
148800.21506256185
148913.36006266723
148959.91006271058
149054.4100627986
149188.82006292377
149329.98006305523
149371.1850630936
149476.33006319153
149609.89506331593
149667.1100633692
149742.84006343974
149781.25506347552
149891.4150635781
149919.4250636042
150058.00006373326
150168.8550638365
150327.41506398417
150452.39506410056
150598.31006423646
150633.74006426946
150727.40006435668
150763.35506439017
150881.99006450066
150922.53506453842
151003.66506461398
151041.52506464923
151162.13006476156
151230.22506482498
151294.19006488455
151346.90506493364
151451.73006503127
151574.8300651459
151745.3100653047
151858.74006541033
151886.65006543632
152018.22006555885
152149.29006568092
152180.70506571018
152299.24506582058
152436.68006594857
152569.8600660726
152603.4700661039
152704.11506619764
152735.1050662265
152867.75006635004
152987.23506646132
153030.4900665016
153135.1650665991
153271.61006672616
153404.98006685037
153549.73006698518
153690.9550671167
153821.6050672384
153967.29006737407
154087.51506748603
154143.55506753823
154251.18506763846
154391.42006776907
154537.10006790474
154808.98506815796
154953.91506829293
155093.6700684231
155238.39506855787
155371.42006868176
155515.80506881623
155800.7350690816
155946.46506921732
156066.64506932924
156091.23506935214
156216.32506946864
156356.02506959875
156504.92006973742
156540.37506977044
156647.95506987063
156772.13006998628
156808.82507002045
156920.19507012417
157053.75507024856
157084.0750702768
157208.99007039313
157347.84007052245
157509.45507067296
157634.24507078918
157751.65507089853
157893.32007103047
157923.06507105817
158049.08007117553
158190.235071307
158312.1100714205
158476.7300715738
158587.45507167693
158645.9300717314
158786.52007186232
158889.50507195824
159023.43007208296
159171.26507222065
159341.85007237952
159445.10507247568
159591.83007261233
159731.8050727427
159854.0000728565
159892.94507289276
160020.27007301134
160146.53507312894
160184.9500731647
160272.9800732467
160302.54007327423
160438.4350734008
160560.01507351402
160593.6000735453
160701.4100736457
160741.20007368276
160840.91007377562
160875.59507380793
160992.2750739166
161170.39007408248
161281.20007418568
161414.97507431026
161573.63507445803
161684.56507456134
161724.54007459857
161840.77007470682
161974.3400748312
162101.0150749492
162265.18007510208
162307.70007514168
162397.42007522524
162529.1350753479
162669.49507547863
162714.64507552068
162836.31007563398
162955.68507574516
162985.18507577264
163087.9150758683
163127.7350759054
163239.8350760098
163287.49507605418
163378.98007613939
163427.65507618472
163515.44007626647
163545.12507629412
163646.80507638882
163699.33007643773
163792.1800765242
163829.6450765591
163948.69507666997
164103.81507681444
164221.75507692428
164255.77507695596
164365.62507705827
164409.51007709914
164522.23507720412
164643.71007731726
164682.4250773533
164788.57507745217
164815.8750774776
164944.47507759737
165086.38007772953
165197.53507783305
165245.0650778773
165353.0600779779
165383.54007800628
165532.0550781446
165619.43507822597
165774.17007837008
165924.86507851043
166058.39507863479
166196.46507876337
166329.88007888763
166472.9900790209
166613.9600791522
166748.77007927775
166790.7950793169
166890.20507940947
167034.46507954382
167170.50507967052
167318.6650798085
167444.02507992525
167472.8600799521
167619.2100800884
167880.63508033188
168021.39508046297
168156.56008058885
168283.04508070665
168312.69008073426
168433.99008084723
168562.57508096698
168713.75508110778
168740.3000811325
168856.29008124053
169003.74508137786
169133.26508149848
169286.36008164106
169321.0850816734
169453.1500817964
169555.07508189132
169594.60008192813
169690.38508201734
169737.34508206107
169841.44508215802
169890.30008220352
169987.5450822941
170145.91008244158
170254.35008254257
170409.67508268723
170547.70008281578
170596.96508286166
170669.9300829296
170835.00008308335
170886.67508313147
170956.35008319636
171110.12508333958
171249.44508346933
171374.03508358536
171430.94508363836
171518.67008372006
171559.54508375813
171668.1700838593
171798.54508398072
171935.9650841087
171999.5300841679
172080.58008424338
172121.37008428137
172230.3900843829
172366.85008451
172505.50508463912
172703.7050848237
172798.77508491225
172824.0650849358
172935.77008503984
173079.01008517324
173209.5200852948
173235.54508531903
173389.20008546213
173484.01008555043
173513.5100855779
173626.08008568274
173769.88008581667
173921.3100859577
174051.7900860792
174197.63508621504
174321.65008633054
174348.63508635567
174471.0650864697
174625.93508661393
174744.07008672395
175032.91008699295
175167.24008711806
175197.11008714588
175339.45508727845
175440.16508737224
175476.06508740567
175592.4900875141
175630.09508754913
175730.3550876425
175767.98508767755
175898.9350877995
176015.1000879077
176153.2000880363
176197.46008807753
176292.33008816588
176450.49008831318
176569.35508842388
176599.31008845178
176730.81008857425
176860.9950886955
176993.32008881873
177034.61008885718
177120.13008893683
177146.55508896144
177192.21008900396
177294.10008909885
177413.0150892096
177440.59008923528
177552.58508933958
177605.02008938842
177698.33508947532
177834.17508960183
177868.73008963402
177994.5400897512
178124.3850898721
178165.2800899102
178288.49509002495
178411.29509013932
178550.06509026856
178607.37509032193
178693.86509040248
178851.6000905494
178973.22009066265
179127.07509080594
179238.96509091015
179288.07009095588
179388.8000910497
179528.14509117947
179684.76509132533
179808.7400914408
179919.51009154395
179972.13009159296
180098.47509171063
180368.9050919625
180401.70009199303
180507.79509209184
180541.66509212338
180643.7850922185
180768.97009233508
180803.3650923671
180933.66509248846
181042.30509258964
181087.12009263138
181221.41009275644
181261.44509279373
181345.23009287176
181379.99009290413
181499.50509301544
181645.32009315124
181763.80009326158
181800.8750932961
181907.99509339588
182030.92009351036
182064.92509354203
182198.12509366608
182336.52009379497
182374.5550938304
182490.3250939382
182625.5000940641
182775.3950942037
182898.71509431856
183067.4600944757
183187.98509458796
183309.75009470136
183340.00509472954
183476.20009485638
183749.66509511106
183913.62509526376
184035.8600953776
184164.7200954976
184201.48009553185
184299.42009562306
184348.68509566894
184458.41509577114
184591.45509589504
184641.08009594126
184741.47509603476
184865.19509614998
185039.78509631258
185150.80009641597
185284.3900965404
185337.8700965902
185425.76509667205
185460.55509670445
185562.64009679953
185593.35009682813
185738.8150969636
185847.60009706492
186003.1550972098
186135.51509733306
186279.5600974672
186407.77509758662
186452.45509762823
186566.50009773445
186597.41009776323
186689.6200978491
186719.3500978768
186841.09009799018
186968.71509810904
187005.0750981429
187115.2250982455
187268.49509838823
187411.94009852182
187519.13009862165
187545.8200986465
187840.85009892128
187949.83509902278
187988.0950990584
188100.20509916282
188246.72009929927
188377.37009942095
188406.04009944765
188528.94509956212
188680.41509970318
188799.21509981382
188870.23509987997
188947.82009995222
188997.58509999857
189112.86010010593
189235.37510022003
189350.68510032742
189383.06510035758
189780.41010072763
189917.20010085503
189952.0551008875
190065.16010099283
190222.69010113954
190352.81510126073
190479.13510137837
190511.1751014082
190621.39010151086
190653.16510154045
190786.0451016642
190903.4001017735
191046.28010190657
191188.67510203918
191317.09510215878
191376.72510221432
191467.4501022988
191510.590102339
191615.14510243636
191755.75510256732
191796.07010260486
191878.98010268208
191925.41510272532
192052.27510284347
192165.02010294847
192204.54510298528
192305.160103079
192329.46010310162
192438.70510320336
192598.0901033518
192739.25010348327
192870.05010360508
192904.47010363714
193028.6701037528
193143.26010385953
193292.19010399823
193341.15010404383
193423.42510412046
193465.91010416002
193578.61010426498
193716.97010439384
193750.03510442463
193864.255104531
194008.62010466546
194150.25510479737
194440.93510506809
194576.07010519394
194705.76510531473
194858.8451054573
194985.81510557554
195273.88010584383
195398.8351059602
195541.13010609272
195573.14510612254
195678.90010622103
195705.700106246
195826.77510635875
195987.96510650887
196101.89010661497
196137.72510664834
196252.8901067556
196371.3351068659
196401.34510689386
196525.17010700918
196679.22010715265
196812.35510727664
196947.45510740246
197086.16510753165
197121.58010756463
197369.41010779544
197525.44510794076
197627.33010803565
197803.5951081998
197925.28510831314
198049.71510842902
198095.2151084714
198215.43510858336
198358.04510871618
198493.39010884223
198646.2501089846
198784.11010911298
198910.2851092305
199174.07510947617
199209.62510950927
199339.6851096304
199475.11010975653
199633.39510990394
199887.1951101403
200040.24511028285
200184.3851104171
200316.34011053998
200454.64011066878
200594.9901107995
200637.65011083923
200753.2551109469
200875.21011106047
201020.12011119543
201174.77011133946
201298.69011145487
201324.54011147894
201438.08011158468
201606.2601117413
201721.40011184855
201842.65511196147
201872.99011198973
202004.05011211178
202034.72511214035
202134.28011223307
202172.66011226882
202273.6701123629
202423.10011250206
202455.85011253256
202559.0801126287
202598.8051126657
202705.7701127653
202856.9501129061
202975.71511301672
203267.56011328852
203401.9851134137
203550.27011355181
203687.57011367969
203726.50011371594
203828.27011381072
203969.60011394235
204001.95511397248
204108.9101140721
204245.21511419903
204378.71011432336
204417.6101143596
204536.47011447028
204685.39011460898
204961.54011486616
205090.94011498668
205131.1101150241
205232.63011511863
205351.91011522972
205400.08011527458
205527.0151153928
205675.15511553077
205796.3201156436
205947.40511578432
206088.42511591566
206219.4651160377
206344.64011615427
206392.2351161986
206493.24511629267
206626.01011641632
206656.44511644467
206772.61511655286
206914.70011668518
206956.67011672427
207056.61011681735
207094.58511685272
207204.00011695462
207347.03511708783
207470.22011720255
207633.915117355
207786.12511749676
207906.4301176088
208055.4701177476
208178.75011786242
208226.24511790666
208321.2151179951
208459.26511812367
208494.77011815674
208601.6801182563
208641.47011829336
208737.97011838324
208768.34511841153
208878.5851185142
208902.19511853618
209028.01511865336
209168.22511878394
209296.58011890348
209341.01011894486
209443.72511904052
209596.56011918286
209740.4901193169
209871.23011943867
209993.53511955257
210038.90011959482
210141.45011969033
210190.87011973636
210293.2401198317
210439.22511996765
210611.88012012845
210713.00512022263
210843.7551203444
210869.4151203683
210985.055120476
211146.36012062622
211287.2101207574
211427.440120888
211562.9401210142
211692.59512113495
211728.49512116838
211818.66512125236
211866.4801212969
211971.6251213948
212007.96012142865
212133.37512154545
212262.2851216655
212408.17012180138
212536.605121921
212671.40512204653
212803.62012216967
212832.30512219638
212948.67012230476
212983.0701223368
213111.03512245597
213244.80012258055
213280.48012261378
213393.80012271932
213534.21012285008
213816.46512311295
213931.14012321975
213977.16512326262
214074.15012335294
214232.78012350068
214387.87012364512
214484.45512373507
214644.2551238839
214775.5701240062
214921.1901241418
215082.62512429216
215218.77012441895
215348.62012453988
215382.19012457115
215468.41012465145
215492.59512467397
215622.71012479515
215683.27012485155
215756.6651249199
215782.40512494388
215910.88512506353
216044.7501251882
216202.31012533495
216335.06012545858
216486.2601255994
216609.89012571453
216750.48512584547
216778.60512587166
216892.52012597775
217037.2101261125
217198.5951262628
217348.55512640247
217443.630126491
217480.95012652577
217583.37512662116
217741.2701267682
217771.6501267965
217872.4701268904
218038.7951270453
218143.00512714236
218181.02012717776
218311.210127299
218416.5401273971
218450.785127429
218565.06512753543
218594.8901275632
218848.4851277994
218899.31512784673
218988.6101279299
219038.32012797619
219142.13512807287
219172.1101281008
219280.75512820197
219415.08512832707
219576.02012847696
219724.0251286148
219824.7451287086
219863.22512874444
219977.71012885106
220107.0351289715
220143.30012900528
220254.43512910878
220405.50512924948
220535.52012937056
220571.49512940407
220673.36512949894
220857.7851296707
220975.06512977992
221119.040129914
221248.50013003458
221365.92013014393
221390.93013016722
221448.90513022122
221515.6701302834
221646.36513040512
221813.50513056078
221954.63513069222
222104.75013083202
222242.43513096025
222295.5401310097
222381.91513109015
222505.39013120515
222656.04513134545
222777.35513145843
222829.515131507
222920.8701315921
222949.78513161902
223065.8451317271
223210.01513186138
223249.4401318981
223390.44513202942
223505.99513213703
223630.500132253
223753.70013236773
223786.7301323985
223903.60013250733
224047.8751326417
224209.0501327918
224367.90013293974
224480.42013304454
224598.4801331545
224644.80013319763
224766.4351333109
225067.25013359106
225197.16513371206
225309.9701338171
225458.62513395556
225505.93513399962
225591.88513407967
225627.52013411286
225748.60513422563
225883.13513435092
226023.92013448203
226161.78513461043
226211.84013465705
226288.63513472857
226434.36013486428
226462.12513489014
226587.57013500697
226727.37013513717
226888.11513528688
226994.9851353864
227026.20013541548
227167.18513554678
227280.64513565245
227426.4201357882
227570.065135922
227717.43513605924
227844.80013617786
227882.67013621313
228020.5151363415
228139.43013645225
228268.1051365721
228547.0851368319
228587.5401368696
228691.22513696615
228819.50013708562
228844.9301371093
228972.57013722818
229120.47513736592
229161.1451374038
229236.02013747353
229396.1851376227
229521.5051377394
229559.54513777484
229666.2451378742
229801.89513800055
229830.99513802765
229960.6551381484
230082.16513826157
230117.99013829493
230246.00013841415
230304.7951384689
230415.51013857202
230523.14013867226
230666.71013880597
230773.40013890533
230803.13513893302
230934.67513905553
230976.06513909408
231071.72013918316
231098.20013920782
231228.47513932915
231352.90013944503
231382.41013947251
231505.8851395875
231634.8401397076
231673.23013974336
231789.27013985143
231936.82013998885
232063.1401401065
232103.3001401439
232207.1301402406
232232.03014026379
232335.90514036053
232466.62014048226
232508.48014052125
232620.44014062552
232663.0401406652
232752.33014074835
232783.34514077724
232911.4151408965
233048.89514102455
233188.18514115427
233331.2201412875
233453.5501414014
233588.9251415275
233619.8601415563
233752.1551416795
233894.79014181235
234035.31014194322
234326.31014221424
234448.59514232812
234491.54514236812
234580.1051424506
234631.13014249812
234754.62514261313
234866.86014271766
235012.35014285316
235145.1201429768
235281.695143104
235313.00514313317
235437.45014324907
235573.5401433758
235691.855143486
235719.2451435115
235854.07014363707
235991.2151437648
236033.80014380446
236144.59514390765
236277.85014403175
236397.8501441435
236456.2551441979
236557.48014429217
236592.16514432448
236689.98014441557
236856.3201445705
236994.5301446992
237122.8401448187
237238.77514492668
237261.3551449477
237533.89514520153
237562.71014522837
237676.80014533462
237820.62014546857
237970.1101456078
238101.34014573
238218.2601458389
238391.20514599996
238514.97514611523
238653.92514624464
238800.6651463813
238829.5351464082
238949.19014651963
239080.29514664173
239115.97514667496
239223.22014677484
239373.53014691483
239503.68514703604
239639.53514716256
239699.85014721873
239794.92014730728
239920.97014742467
240055.9701475504
240084.58014757704
240191.99014767708
240216.79014770017
240344.65514781926
240470.7601479367
240617.08514807298
240661.0301481139
240776.54014822148
240900.12514833658
240934.77014836884
241062.35014848766
241208.93014862417
241332.17514873896
241463.26014886104
241614.37014900177
241739.03514911787
241881.59014925064
241908.5051492757
242018.93514937855
242051.68014940905
242178.8601495275
242309.73514964938
242452.6701497825
242600.69014992035
242755.7851500648
242879.02015017957
243017.09515030816
243044.1001503333
243165.62015044648
243225.06515050185
243290.75515056303
243318.82515058917
243457.12015071796
243587.66015083954
243746.69515098765
243853.0401510867
243889.40015112056
244016.4851512389
244147.39515136083
244276.46515148104
244321.04515152256
244410.81515160616
244454.49015164684
244580.25515176397
244707.99015188293
244833.1701519995
244861.87015202624
244971.41015212826
244998.4201521534
245115.5401522625
245141.56015228672
245261.42515239835
245314.0751524474
245401.74015252903
245540.38515265816
245676.77015278518
245707.48515281378
245958.58515304764
246099.5151531789
246133.8801532109
246246.46015331574
246406.36015346466
246535.10515358456
246675.96515371575
246803.83015383483
246836.6501538654
246945.2201539665
246980.77515399962
247091.9901541032
247230.9451542326
247378.09015436965
247506.06015448883
247650.49515462335
247795.86015475873
247943.48515489622
248070.65015501465
248197.56015513284
248234.1151551669
248347.3051552723
248513.13515542675
248633.675155539
248800.25515569415
248958.19015584124
249047.30015592423
249085.76015596004
249184.14515605167
249222.1751560871
249337.15015619417
249485.43015633227
249613.75515645178
249750.86515657947
249801.43015662656
249887.41015670664
249926.79015674331
250046.23015685455
250187.0601569857
250322.25015711162
250451.4051572319
250490.7151572685
250595.54015736614
250725.59015748726
250769.61015752825
250871.9801576236
250908.7051576578
251019.69015776116
251165.7801578972
251430.95015814417
251484.29015819385
251605.780158307
251709.75015840383
251754.03015844506
251858.56015854242
252010.570158684
252083.00515875145
252154.31015881785
252284.95515893953
252318.18515897047
252426.07515907096
252555.67515919165
252597.88015923096
252705.9501593316
252845.87515946192
252882.460159496
252993.8101595997
253110.59015970846
253142.38015973807
253253.56515984162
253298.68015988363
253410.56515998783
253545.73016011372
253680.81516023952
253714.3951602708
253844.92516039236
253973.00016051164
254008.02016054426
254099.79016062972
254141.59016066865
254245.11516076507
254277.92516079562
254371.12516088242
254422.79016093054
254535.94516103592
254674.50016116496
254803.64516128524
254964.435161435
255084.03016154637
255118.26516157825
255232.60516168474
255286.1301617346
255358.31516180182
255409.1951618492
255513.5651619464
255550.75016198104
255652.96016207623
255921.52016232634
255949.5001623524
256087.40516248083
256203.03016258852
256358.2851627331
256509.64016287407
256625.7401629822
256671.7951630251
256772.4101631188
256915.18016325176
257053.7451633808
257086.74516341154
257201.74016351864
257326.74516363506
257360.05016366608
257479.17516377702
257623.87016391178
257655.72016394144
257779.20516405645
257914.9851641829
258042.7501643019
258166.84516441746
258216.14016446337
258331.11516457045
258476.91516470624
258608.82016482909
258746.68516495748
258883.67016508506
259024.5751652163
259163.48016534565
259198.220165378
259307.0801654794
259344.18516551395
259457.00516561902
259591.28516574408
259723.3851658671
259763.6301659046
259871.96516600548
259901.99516603345
259996.5401661215
260023.56516614667
260169.17016628227
260279.77516638528
260317.87516642077
260446.990166541
260589.96016667417
260722.8151667979
260855.13516692113
261000.8151670568
261141.2701671876
261286.2101673226
261408.4051674364
261456.09516748082
261565.2901675825
261698.26016770635
261840.02516783838
261986.8151679751
262020.05016800604
262153.31516813015
262269.49016823835
262527.4551684786
262558.74016850773
262680.62016862124
262823.2751687541
262962.9451688842
263100.01516901184
263246.220169148
263382.20516927465
263658.4401695319
263824.1101696862
263936.4051697908
264097.4651699408
264222.8801700576
264361.98517018714
264385.17517020873
264511.58517032646
264665.1701704695
264781.41017057776
264826.0201706193
264907.46517069516
264948.25017073314
265052.20017082995
265077.2451708533
265209.9851709769
265283.8451710457
265348.35017110576
265473.180171222
265502.72517124953
265622.0851713607
265777.3301715053
265802.83517152903
265891.4001716115
265935.7251716528
266062.80017177114
266102.00017180765
266187.69517188746
266337.59017202706
266385.9651720721
266510.43017218803
266619.2601722894
266746.89017240825
266797.24017245515
266895.93017254706
267033.7601726754
267062.9201727026
267183.655172815
267315.84017293813
267445.2801730587
267581.63017318567
267739.9201733331
267780.5201733709
267880.9451734644
267924.11517350463
268006.8401735817
268167.33517373115
268298.53517385334
268353.2751739043
268460.6051740043
268575.68017411145
268712.4351742388
268751.4901742752
268879.7201743946
269005.3601745116
269145.8751746425
269262.8401747514
269410.20517488866
269447.9201749238
269557.28517502564
269706.86517516494
269843.33017529204
269972.8651754127
270115.7951755458
270264.6301756844
270415.7151758251
270559.465175959
270694.0301760843
270961.75017633365
271117.46517647867
271257.9701766095
271353.6951766987
271396.7951767388
271503.23517683794
271528.49017686147
271567.9051768982
271677.3401770001
271813.3951771268
271941.5151772461
271992.10017729324
272078.34517737356
272116.1701774088
272211.1851774973
272248.63517753215
272385.1701776593
272501.3251777675
272690.28017794347
272782.130178029
272806.2801780515
272935.40517817176
273068.44017829566
273178.0951783978
273213.0901784304
273338.8601785475
273492.01517869014
273539.0151787339
273620.5951788099
273790.4951789681
273895.23017906566
273936.0651791037
274064.13017922296
274109.44517926517
274187.25517933763
274222.3401793703
274338.86517947883
274477.39017960784
274616.4751797374
274770.01017988037
274878.95517998183
274905.6351800067
275038.33518013026
275176.39018025884
275213.5301802934
275325.02018039726
275465.76518052834
275594.17518064793
275623.62018067535
275740.9401807846
275890.1801809236
276014.99018103984
276062.04018108366
276155.75518117094
276189.7251812026
276310.91518131545
276436.74018143263
276473.660181467
276579.23518156534
276652.8351816339
276717.5051816941
276854.13018182135
276885.68018185074
277001.67518195877
277036.5001819912
277149.18518209615
277292.93018223
277420.5651823489
277464.02018238936
277579.620182497
277712.38018262066
277843.745182743
277991.86018288095
278124.15018300415
278166.8501830439
278268.56018313864
278303.8351831715
278403.4551832643
278442.42018330056
278557.750183408
278687.5651835289
278716.6151835559
278836.88518366794
278971.5201837933
279103.4301839162
279243.0101840462
279399.44018419186
279522.82518430677
279568.13018434896
279665.0251844392
279689.97518446244
279816.67518458044
279975.48518472834
280119.50018486247
280373.33518509887
280399.71018512343
280520.29018523573
280667.83018537314
280785.5801854828
280945.3601856316
281102.7901857782
281207.51518587576
281241.88018590776
281373.60518603044
281510.6501861581
281609.6801862503
281647.2751862853
281792.6501864207
281910.2301865302
281940.8951865588
282056.4851866664
282083.0701866912
282195.1851867956
282325.0101869165
282358.0901869473
282476.5951870577
282525.4501871032
282610.3851871823
282640.72018721054
282767.88018732896
282911.4601874627
283033.4501875763
283192.2851877242
283327.18518784986
283456.46518797026
283487.1351879988
283630.2301881321
283740.15018823446
283769.2651882616
283873.7851883589
283912.0001883945
284012.1851884878
284051.95018852485
284187.34518865094
284297.5801887536
284442.7251888888
284584.5651890209
284717.68518914486
284876.59518929286
285020.1101894265
285154.3001895515
285195.2351895896
285319.95018970576
285410.0751897897
285437.3651898151
285578.83018994686
285751.13019010733
285855.0651902041
285981.2851903217
286018.73019035655
286126.1451904566
286261.61019058275
286289.43519060867
286409.8501907208
286552.14519085333
286694.34019098576
286839.0201911205
286977.02019124903
287102.14519136556
287156.98519141664
287261.2051915137
287397.1251916403
287431.9451916727
287554.3151917867
287686.9601919102
287830.3851920438
287957.9701921626
288090.6551922862
288140.1701923323
288232.15019241796
288370.77019254706
288418.74519259174
288520.75019268674
288558.585192722
288658.08519281464
288695.46519284946
288793.4651929407
288828.8701929737
288957.9451930939
289090.5601932174
289230.6601933479
289377.09019348427
289518.03519361553
289655.8501937439
289811.2401938886
289920.9701939908
289964.110194031
290059.5701941199
290214.04019426374
290353.2351943934
290478.43519451
290618.63519464055
290671.36519468966
290754.68519476725
290780.7951947916
290916.26019491773
291052.8151950449
291184.2451951673
291342.3751953146
291476.8051954398
291614.6751955682
291751.6151956957
291868.81019580486
291901.65519583545
292030.58519595553
292169.9551960853
292328.37519623287
292424.22019632213
292457.390196353
292580.66519646783
292611.2301964963
292770.42519664456
292884.4001967507
293018.87519687595
293159.21019700664
293423.6101972529
293455.78519728285
293578.6801973973
293717.26019752637
293758.25519756455
293861.7251976609
293898.9601976956
294001.3101977909
294056.185197842
294163.82519794226
294298.9101980681
294432.69519819267
294569.48019832006
294696.17519843805
294726.9651984667
294826.025198559
294861.74519859225
294973.3451986962
295113.00019882625
295255.7501989592
295403.44019909675
295542.16019922594
295699.8351993728
295819.43019948417
295855.6351995179
295974.930199629
296099.99019974546
296244.5851998801
296285.22019991797
296379.765200006
296455.83020007686
296528.4402001445
296665.6652002723
296813.9552004104
296956.5352005432
297087.5452006652
297249.83020081633
297361.40020092024
297391.0052009478
297501.87020105106
297530.11520107737
297652.37520119123
297707.69020124275
297791.98520132125
298076.3452015861
298212.65520171303
298256.26520175365
298358.7702018491
298488.61520197004
298527.70020200644
298628.8202021006
298659.05020212877
298770.50020223256
298817.5552022764
298908.45020236104
298942.1252023924
299059.0502025013
299196.00520262885
299233.765202664
299337.2452027604
299465.42520287976
299492.6352029051
299604.67020300945
299644.5352030466
299747.82020314276
299795.7402031874
299894.5202032794
299920.77520330384
300038.5052034135
300159.28020352597
300189.53020355414
300328.38020368345
300598.74520393525
300732.9902040603
300902.7752042184
301015.2902043232
301039.1702043454
301162.15020445996
301309.90520459757
301448.37520472653
301585.61020485434
301726.2352049853
301857.69020510773
302002.78020524286
302028.34520526667
302172.2902054007
302292.4902055127
302423.6402056348
302511.4402057166
302563.6502057652
302590.97020579065
302693.0552058857
302737.63520592725
302834.7752060177
302874.3502060546
302998.6952061704
303125.2252062882
303161.21520632174
303254.11020640825
303395.18520653964
303441.16020658246
303562.15020669514
303683.4702068081
303712.2252068349
303828.7252069434
303990.92520709446
304093.5852071901
304258.7352073439
304390.6202074667
304523.18020759017
304686.78020774253
304826.9702078731
304955.6252079929
305101.3002081286
305136.04520816094
305227.43520824605
305259.7102082761
305369.7602083786
305501.78020850156
305526.56020852464
305657.3052086464
305789.3902087694
305925.4952088962
305959.2102089276
306095.11520905414
306207.95520915923
306239.5102091886
306389.64020932844
306501.3852094325
306638.0602095598
306771.56520968414
306800.89520971145
306900.3652098041
306941.34520984226
307043.15020993707
307069.87020996195
307219.42521010124
307492.6702103557
307631.84021048533
307764.7602106091
307900.63021073566
308038.1352108637
308171.3452109878
308329.0852111347
308398.4502111993
308457.4052112542
308602.8202113896
308636.55521142104
308735.65521151334
308771.72521154693
308907.3252116732
309027.4302117851
309162.8352119112
309195.3652119415
309314.7952120527
309440.03521216934
309473.20021220023
309587.5302123067
309727.5502124371
309761.3402124686
309864.845212565
310001.51521269226
310044.8202127326
310147.62521282834
310279.28521295096
310433.7552130948
310470.2302131288
310571.6102132232
310729.6902133704
310874.44021350524
310993.7852136164
311037.1752136568
311130.3652137436
311270.53521387413
311317.57521391794
311423.26521401637
311559.05021414283
311693.61521426815
311728.6552143008
311844.855214409
311974.17021452944
312120.0652146653
312260.5702147962
312308.5152148408
312542.3452150586
312577.8702150917
312677.38521518436
312804.6452153029
312831.02021532744
312955.27521544317
312982.09021546814
313090.2052155688
313147.77521562245
313237.1552157057
313264.30021573097
313382.3402158409
313455.1602159087
313520.1052159692
313651.17021609127
313686.6502161243
313795.3252162255
313964.7602163833
314073.6002164847
314104.49521651346
314235.90021663584
314356.4602167481
314505.7852168872
314665.7952170362
314793.09521715477
314938.79021729046
315065.1902174082
315202.36521753593
315355.8902176789
315484.12521779834
315628.2552179326
315790.5552180837
315897.3902181832
315930.7452182143
316053.97521832905
316096.29521836847
316176.6602184433
316218.7552184825
316314.6052185718
316343.58021859877
316467.80021871446
316504.2202187484
316615.1552188517
316753.82021898084
316903.84021912055
317046.1552192531
317193.08521938993
317308.64021949755
317461.5052196399
317589.370219759
317625.08521979226
317727.2602198874
317762.4652199202
317872.3152200225
317899.1302200475
318038.8452201776
318152.70022028364
318281.2952204034
318309.86522043
318427.98522054
318480.84522058925
318595.485220696
318717.37022080953
318857.9902209405
318911.54022099037
319009.98522108205
319132.9802211966
319168.84022123
319286.7602213398
319424.12022146775
319558.4852215929
319700.73022172536
319737.44522175955
319848.495221863
319974.12022198
320016.7952220197
320123.79022211937
320270.11522225564
320395.41022237233
320432.35522240674
320539.73522250674
320676.51522263413
320810.8152227592
320862.63522280747
320966.64022290433
321116.22022304364
321249.8702231681
321383.3002232924
321539.9952234383
321659.4902235496
321684.68022357306
321824.5252237033
322099.7302239596
322255.36522410455
322358.53022420063
322394.360224234
322522.53022435337
322652.88022447476
322803.5352246151
323089.02022488095
323211.98022499547
323346.2502251205
323486.09022525075
323531.9602252935
323636.07522539044
323669.5302254216
323796.1102255395
323910.1702256457
323943.30022567656
324056.8552257823
324206.3102259215
324343.48522604926
324476.330226173
324621.03022630775
324744.9752264232
324790.0652264652
324879.7452265487
324904.4202265717
325034.29522669263
325169.0252268181
325314.54522695363
325458.9352270881
325581.80522720254
325607.7702272267
325739.4902273494
325879.89022748015
326022.7252276132
326160.03522774106
326292.9002278648
326325.59522789525
326593.5452281448
326716.6852282595
326753.6402282939
326858.70022839174
326991.2402285152
327036.3352285572
327137.1852286511
327289.8702287933
327425.6202289197
327453.7352289459
327565.47022904997
327693.77522916946
327735.52022920834
327868.4002293321
327980.2952294363
328011.79022946564
328126.59022957255
328260.3352296971
328298.9452297331
328397.640229825
328559.41022997565
328687.06023009453
328727.43523013213
328834.70023023203
328976.8302303644
329106.6602304853
329251.97523062065
329390.1102307493
329530.9602308805
329677.2452310167
329704.87523104245
329819.46023114916
329962.3402312822
330089.3052314005
330132.6202314408
330394.5102316847
330514.60023179656
330547.03523182677
330655.04023192736
330788.885232052
330843.7602321031
330957.83523220936
331075.3252323188
331209.0252324433
331249.24023248075
331373.57023259654
331655.5152328591
331765.2202329613
331806.2452329995
331932.24523311685
332069.2952332445
332186.50023335364
332340.93523349747
332485.67523363227
332627.135233764
332758.8802338867
332909.6302340271
333055.2202341627
333192.3552342904
333345.72523443325
333455.66023453564
333499.8802345768
333614.79023468384
333767.05023482564
333892.1802349422
334022.37523506343
334056.74523509544
334163.17023519456
334224.9752352521
334425.5502354389
334480.79523549037
334577.7052355806
334757.90523574845
334862.51023584587
335001.23023597506
335060.1052360299
335149.17023611284
335331.27023628243
335434.925236379
335566.5752365016
335600.9602365336
335701.63023662736
335857.1402367722
335971.79523687897
336005.6602369105
336128.7252370251
336274.2202371606
336447.0802373216
336559.97023742675
336694.92023755243
336728.22523758345
336825.2202376738
336871.56023771694
336974.97523781325
337109.72023793875
337144.53523797117
337254.13523807324
337425.5852382329
337540.06523833954
337664.44023845537
337709.2702384971
337827.93523860764
337961.1202387317
338097.0052388582
338127.7702388869
338247.24023899814
338381.15523912286
338660.6952393832
338803.8302395165
338931.43023963535
338977.0252396778
339085.30523977865
339222.9302399068
339260.7752399421
339355.7452400305
339402.9902400745
339650.455240305
339792.13524043694
339906.07024054305
339969.9102406025
340074.11024069955
340210.49524082657
340354.45024096064
340616.855241205
340650.7802412366
340753.1152413319
340919.5452414869
341041.11524160014
341071.30524162826
341176.19024172594
341203.80024175165
341331.8252418709
341470.435242
341615.6052421352
341764.3302422737
341905.2052424049
342037.23524252785
342067.1152425557
342181.21024266194
342305.77024277794
342456.7852429186
342605.1602430568
342744.52024318656
342866.6702433003
342900.2552433316
343010.4102434342
343035.58024345763
343146.7052435611
343217.29524362687
343284.9702436899
343428.57524382364
343459.63024385256
343572.6002439578
343602.7802439859
343716.4002440917
343844.12524421065
343995.910244352
344130.0152444769
344168.8702445131
344443.08024476847
344548.2302448664
344682.5702449915
344713.98524502077
344839.26024513744
344974.1802452631
345012.9302452992
345144.33024542156
345263.82024553284
345324.0052455889
345403.2802456627
345549.9302457993
345668.07024590933
345705.8202459445
345819.6552460505
345850.96024607966
345954.7402461763
346108.22524631926
346276.6652464761
346400.9752465919
346517.3552467003
346571.9102467511
346671.61024684395
346815.61524697806
346950.4902471037
347086.82524723065
347229.995247364
347370.62024749495
347521.6102476356
347641.6652477474
347782.6502478787
347928.5052480145
348208.8552482756
348353.15524841
348381.95524843683
348507.60024855385
348645.8252486826
348801.28524882736
348913.8452489322
349048.0652490572
349247.51024924294
349342.74024933163
349474.52524945437
349524.32024950074
349630.00024959916
349751.3652497122
349791.02524974913
349911.52524986136
