19.26500000000045
61.92500000001323
135.22499999994952
201.07999999988962
227.52499999986557
353.8849999997507
413.3449999996966
485.3349999996311
557.8899999995651
647.8799999994833
708.5999999994281
808.9949999993368
847.5349999993017
868.3349999992828
941.2999999992164
970.7249999991897
1080.5950000003766
1134.8350000015605
1175.9800000024586
1230.060000003639
1279.7800000047243
1311.0650000054072
1358.7200000064474
1392.7150000071895
1432.3100000080537
1487.2400000092528
1524.450000010065
1565.8500000109686
1623.3300000122233
1679.6850000134534
1709.3150000141002
1871.2900000176357
1903.8600000183467
1961.8350000196122
1989.4600000202151
2013.2550000207345
2070.370000021981
2115.7850000229723
2151.450000023751
2184.205000024466
2249.9050000259
2292.195000026823
2311.845000027252
2339.385000027853
2395.920000029087
2441.995000030093
2479.845000030919
2549.4200000324377
2630.3150000342034
2681.285000035316
2726.8000000363095
2751.3650000368457
2792.390000037741
2815.565000038247
2844.4100000388767
2872.870000039498
2937.8150000409155
3009.585000042482
3044.180000043237
3073.2050000438708
3139.180000045311
3167.460000045928
3216.750000047004
3264.4150000480445
3306.5300000489638
3347.4700000498574
3381.02500005059
3422.440000051494
3479.4600000527385
3502.6000000532435
3553.7150000543593
3586.0250000550645
3613.6950000556685
3662.8550000567416
3819.3500000601575
3862.0000000610885
3890.5450000617116
3936.5750000627163
3997.4350000640447
4056.040000065324
4079.3800000658334
4127.310000066879
4163.3800000676665
4186.140000068163
4248.065000069515
4280.530000070224
4354.035000071828
4408.125000073009
4546.230000076023
4573.520000076619
4596.660000077124
4620.015000077634
4659.860000078504
4761.0550000807125
4807.65000008173
4871.605000083126
5037.575000086748
5068.765000087429
5096.920000088044
5153.295000089274
5204.285000090387
5226.805000090879
5270.84000009184
5340.175000093353
5381.355000094252
5445.150000095645
5468.360000096151
5512.455000097114
5589.6300000987985
5636.850000099829
5670.9000001005725
5712.640000101484
5747.810000102251
5803.790000103473
5848.940000104459
5888.470000105322
5948.000000106621
5982.945000107384
6014.215000108066
6051.765000108886
6077.190000109441
6188.060000111861
6234.800000112881
6279.585000113859
6346.06000011531
6374.650000115934
6509.595000118879
6537.12000011948
6657.075000122099
6679.710000122593
6772.830000124625
6836.7050001260195
6870.710000126762
6894.4750001272805
6941.690000128311
7007.915000129757
7052.540000130731
7086.010000131461
7122.60000013226
7155.715000132983
7179.335000133498
7285.595000135818
7318.385000136534
7343.40500013708
7375.270000137775
7447.510000139352
7487.575000140227
7519.465000140923
7550.465000141599
7577.875000142198
7615.865000143027
7636.710000143482
7687.755000144596
7740.9150001457565
7781.545000146643
7864.31000014845
7901.025000149251
7945.41500015022
8015.130000151742
8049.430000152491
8075.52500015306
8129.12000015423
8155.070000154797
8176.125000155256
8295.755000138994
8326.790000134026
8355.910000129365
8400.430000122238
8466.225000111706
8499.890000106318
8566.830000095602
8594.855000091116
8618.01500008741
8715.785000071759
8843.925000051247
8911.840000040376
9084.915000012672
9111.065000008486
9146.170000002867
9201.444999994019
9243.85999998723
9283.724999980848
9421.494999958795
9455.119999953413
9525.659999942121
9588.459999932069
9617.889999927358
9653.564999921648
9764.669999903863
9886.82499988431
9926.134999878017
9991.564999867544
10095.749999850867
10141.004999843622
10225.014999830175
10299.644999818229
10336.394999812346
10367.894999807304
10403.014999801682
10434.029999796718
10455.489999793283
10506.629999785097
10563.259999776032
10649.129999762286
10692.909999755278
10711.859999752245
10746.12499974676
10781.979999741021
10819.554999735006
10853.9549997295
10928.829999717515
10962.199999712173
10992.919999707256
11028.81499970151
11084.72999969256
11118.934999687084
11155.549999681223
11277.179999661754
11328.48999965354
11374.339999646201
11418.259999639171
11522.199999622533
11547.689999618453
11579.69499961333
11599.519999610156
11630.194999605246
11655.764999601153
11693.684999595083
11730.62999958917
11762.55499958406
11791.214999579472
11821.369999574645
11930.804999557127
11975.279999550008
12005.829999545118
12091.244999531446
12127.269999525679
12156.74499952096
12186.249999516238
12226.204999509842
12281.93999950092
12310.949999496277
12336.264999492225
12388.814999483813
12414.614999479683
12445.329999474767
12469.85999947084
12498.554999466247
12642.02999944328
12690.169999435575
12741.48499942736
12779.734999421238
12822.194999414442
12854.179999409322
12888.979999403751
12931.924999396877
13000.134999385959
13027.464999381584
13093.369999371034
13152.134999361628
13184.614999356429
13256.88499934486
13299.354999338062
13375.184999325924
13399.709999321998
13458.809999312538
13531.279999300938
13563.804999295731
13653.26999928141
13694.639999274788
13765.7849992634
13791.014999259362
13814.76499925556
13849.319999250029
13885.394999244254
13944.489999234795
14010.149999224284
14030.509999221025
14071.674999214436
14106.094999208926
14150.719999201783
14188.869999195676
14296.969999178373
14357.494999168684
14388.294999163754
14449.059999154028
14517.919999143005
14571.279999134464
14613.174999127757
14689.654999115515
14773.829999102041
14806.274999096848
14830.084999093036
14883.404999084501
14903.09499908135
14932.839999076588
14982.449999068647
15034.274999060352
15205.469999032948
15229.244999029142
15252.449999025428
15298.739999018018
15351.219999009618
15388.109999003713
15466.014998991242
15515.25999898336
15548.359998978061
15632.149998964649
15699.834998953815
15740.989998947227
15879.174998925108
15924.964998917778
15970.05499891056
16003.35499890523
16029.89999890098
16062.489998895764
16107.569998888548
16134.849998884181
16254.43499886504
16303.634998857164
16373.62999884596
16422.274998852095
16470.30499886188
16515.329998871053
16559.774998880108
16614.37499889123
16651.544998898804
16699.799998908635
16759.56499892081
16800.124998929074
16907.769998951004
16961.859998962023
17007.58999897134
17055.899998981182
17153.32499900103
17179.814999006427
17224.469999015524
17272.909999025393
17314.974999033962
17423.144999056
17517.14499907515
17561.16999908412
17604.304999092907
17645.20999910124
17672.44499910679
17718.179999116106
17749.46999912248
17797.90999913235
17833.44499913959
17867.749999146577
17949.08999916315
17995.519999172608
18089.159999191685
18180.054999210202
18264.4699992274
18318.199999238346
18362.09999924729
18445.474999264276
18468.12499926889
18503.889999276176
18531.319999281764
18585.82999929287
18614.74999929876
18662.169999308422
18712.444999318664
18767.999999329983
18826.659999341933
18856.254999347962
18884.879999353794
18935.039999364013
18993.159999375854
19050.87499938761
19073.05499939213
19108.764999399405
19135.319999404815
19206.02999941922
19245.00499942716
19294.799999437306
19386.50999945599
19442.189999467333
19511.27999948141
19565.489999492453
19600.199999499524
19625.84499950475
19659.094999511522
19698.464999519543
19733.68999952672
19780.06999953617
19829.274999546193
19869.824999554454
19922.294999565143
20002.23499958143
20035.76499958826
20071.709999595583
20169.204999615446
20190.989999619884
20250.969999632103
20321.319999646435
20439.864999670586
20527.224999688384
20631.144999709555
20674.399999718367
20798.11499974357
20904.879999765322
20965.33999977764
21041.609999793178
21097.174999804498
21127.08499981059
21199.37499982532
21256.354999836927
21291.689999844126
21359.789999858
21394.309999865032
21425.829999871454
21452.924999876974
21514.834999889586
21570.55999990094
21606.074999908175
21649.00999991692
21752.849999938077
21858.9899999597
21914.20999997095
21939.554999976113
21962.724999980834
22039.934999996563
22122.855000013456
22155.980000020205
22211.32000003148
22241.670000037662
22321.160000053856
22368.385000063477
22405.830000071106
22431.395000076314
22483.730000086976
22512.41000009282
22539.07500009825
22624.33000011562
22698.475000130726
22753.315000141898
22778.075000146942
22799.75500015136
22850.630000161724
22888.145000169367
22922.13500017629
22962.12500018444
22992.71500019067
23054.300000203217
23100.64500021266
23159.385000224625
23208.965000234726
23257.03000024452
23347.79500026301
23407.505000275174
23434.33500028064
23467.985000287495
23487.620000291496
23511.720000296405
23550.890000304385
23605.16000031544
23637.950000322122
23660.890000326795
23726.665000340196
23750.54500034506
23820.88500035939
23867.27500036884
23895.470000374586
24068.445000409825
24123.020000420944
24341.855000465526
24374.880000472254
24432.00000048389
24522.055000502238
24552.55500050845
24581.250000514297
24616.910000521562
24645.46500052738
24734.030000545423
24786.060000556023
24829.455000564863
24867.510000572616
24900.155000579267
24940.935000587575
24975.36000059459
25025.265000604755
25113.59500062275
25165.13500063325
25219.290000644283
25283.850000657436
25323.67500066555
25359.135000672773
25386.240000678295
25417.645000684694
25461.3700006936
25491.130000699664
25526.075000706784
25566.21000071496
25605.1800007229
25722.770000746856
25757.670000753966
25817.67500076619
25865.3400007759
25961.420000795475
25995.175000802352
26025.030000808434
26096.43500082298
26122.160000828222
26170.130000837995
26212.96500084672
26278.39500086005
26357.965000876262
26403.66000088557
26427.195000890366
26460.810000897214
26503.270000905864
26556.26500091666
26599.75500092552
26624.030000930466
26695.205000944967
26817.665000969915
26872.995000981187
26914.660000989676
26960.04000099892
27005.180001008117
27040.83000101538
27137.490001035072
27166.23500104093
27208.3150010495
27285.440001065213
27311.68000107056
27375.820001083626
27446.825001098092
27488.155001106512
27507.940001110543
27539.625001116998
27583.675001125972
27634.750001136377
27663.77000114229
27724.40000115464
27754.695001160813
27778.795001165723
27851.200001180474
27877.230001185777
27945.67500119972
28013.330001213504
28058.57000122272
28086.290001228368
28106.830001232553
28141.335001239582
28166.925001244796
28199.05500125134
28235.400001258746
28263.115001264392
28289.76500126982
28394.890001291238
28431.47500129869
28460.4700013046
28538.92000132058
28563.725001325634
28599.3900013329
28649.71000134315
28709.59000135535
28759.490001365517
28808.10500137542
28833.91500138068
28997.435001413993
29055.075001425736
29086.740001432187
29148.11500144469
29183.65500145193
29241.405001463696
29277.150001470978
29298.600001475348
29323.58500148044
29392.495001494477
29418.38000149975
29505.0050015174
29588.820001534474
29627.025001542257
29743.950001566078
29783.3200015741
29845.505001586767
29902.01500159828
30049.685001628364
30077.705001634073
30157.45500165032
30182.905001655505
30208.730001660766
30311.34500168167
30390.110001697718
30445.29500170896
30496.78500171945
30526.04500172541
30553.360001730976
30590.795001738603
30615.18500174357
30695.09500175985
30730.560001767077
30754.77000177201
30777.65500177667
30830.56000178745
30868.45000179517
30900.385001801675
30949.665001811714
31008.9800018238
31072.12000183666
31106.585001843683
31130.510001848557
31192.200001861125
31222.70500186734
31270.305001877037
31317.180001886587
31349.855001893244
31421.16500190777
31460.215001915727
31484.91500192076
31517.195001927335
31623.560001949005
31645.005001953374
31670.02500195847
31699.260001964427
31754.425001975666
31798.92000198473
31829.675001990996
31853.530001995856
31884.455002002156
31940.050002013482
31980.24500202167
32040.635002033974
32086.540002043326
32171.935002060723
32197.305002065892
32233.605002073287
32295.86500208597
32391.645002105484
32433.05500211392
32463.715002120167
32484.320002124365
32507.355002129058
32619.550002151915
32648.165002157744
32769.99500218111
32800.19000216529
32840.325002144265
32888.42000211907
32962.46000208028
33029.75000204503
33056.890002030814
33079.80000201881
33160.71500197642
33203.04000195425
33257.04500192596
33305.2650019007
33347.455001878596
33367.785001867946
33448.98500182541
33485.82000180611
33513.85000179143
33589.750001751665
33658.505001715646
33719.8650016835
33777.67000165322
33827.11500162732
33850.710001614956
34057.43000150666
34110.31000147896
34138.630001464124
34187.01500143878
34241.89500141003
34274.980001392694
34297.34500138098
34384.11500133552
34485.5150012824
34532.50000125779
34558.105001244374
34613.175001215524
34673.420001183964
34710.06000116477
34734.60500115191
34754.74000114136
34784.57500112573
34858.940001086776
34907.62500106127
34936.44500104617
34962.01500103278
35017.930001003486
35059.18500098187
35079.28000097135
35113.63000095335
35180.67000091823
35279.38000086652
35387.70500080977
35440.24000078225
35536.975000731574
35614.49000069097
35650.06000067233
35720.10500063564
35755.060000617326
35791.17000059841
35824.26500058107
35873.59000055523
35922.3250005297
35958.42500051079
36036.80000046973
36188.41000039031
36207.85500038012
36258.24500035372
36296.230000333824
36363.15000029877
36482.18000023641
36537.24000020757
36563.850000193626
36596.37000017659
36731.645000105724
36774.01500008353
36825.12500005675
37055.2499999362
37185.08499986818
37260.29499982878
37287.69499981443
37333.49499979043
37392.21499975967
37506.34499969988
37526.67999968923
37557.10999967329
37636.889999631494
37758.40999956783
37792.309999550074
37827.60999953158
37896.229999495634
37995.70999944352
38056.27499941179
38150.30999936253
38174.04999935009
38225.529999323124
38330.69999926803
38395.914999233864
38424.98999921863
38445.694999207786
38494.99499918196
38518.31999916974
38546.6449991549
38577.3849991388
38611.62499912086
38659.00499909604
38702.079999073474
38733.114999057216
38834.059999004334
38878.399998981105
38940.474998948586
39061.40999888523
39085.73999887249
39197.09499881415
39223.659998800234
39290.26499876534
39311.58999875417
39358.1149987298
39436.934998688506
39464.329998674155
39501.60499865463
39532.28999863855
39605.32499860029
39644.944998579536
39703.55499854883
39742.9399985282
39770.09999851397
39799.644998498494
39908.85999844128
39975.19499840653
39994.35999839649
40022.809998381585
40055.69499836436
40240.64499826747
40290.434998241384
40366.88999820133
40397.51499818529
40445.26499816027
40490.4499981366
40512.2099981252
40551.61999810456
40755.61499799769
40795.75499797666
40857.75499794418
40892.19499792614
40968.92999788594
41069.57499783322
41133.49499779973
41176.019997777454
41227.41999775053
41255.579997735775
41292.764997716295
41316.87999770366
41379.96499767061
41439.58499763938
41462.404997627425
41488.83499761358
41530.10499759196
41575.984997567924
41657.41999752526
41708.189997498666
41744.039997479886
41816.81499744176
41868.67499741459
41905.63999739523
41936.02499737931
41978.40999735711
42027.55499733136
42053.374997317835
42114.27999728593
42153.29499726549
42189.82999724635
42229.16999722574
42274.65999720191
42443.644997113384
42546.75499705937
42592.23499703554
42653.30499700355
42704.989996976474
42801.28499692603
42851.86499689953
42873.23999688833
42903.66999687239
42969.634996837834
43012.36999681545
43060.53999679021
43097.319996770944
43193.0449967208
43264.8149966832
43293.23499666831
43335.66999664608
43359.12999663379
43409.65499660732
43466.63499657747
43508.68999655544
43594.429996510524
43652.514996480095
43682.999996464125
43738.434996435084
43766.42999642042
43942.17999632835
44016.46999628943
44046.05499627393
44096.29499624761
44154.70499621701
44177.02999620532
44205.36999619047
44237.97999617339
44307.619996136906
44359.38499610979
44456.67499605882
44482.45999604531
44583.91999599216
44639.10999596325
44780.79999588902
44816.66499587023
44858.214995848466
44897.94499582765
44925.179995813385
45009.244995769346
45056.91999574437
45086.02499572912
45158.44999569118
45241.634995647604
45267.824995633884
45299.32499561738
45327.5449956026
45361.34999558489
45395.48499556701
45424.134995552
45518.59999550251
45551.08999548549
45619.954995449414
45685.38499541514
45748.56999538204
45780.394995365365
45816.204995346605
46017.32999524124
46062.53999521756
46154.50999516938
46198.29499514644
46232.11999512872
46260.30999511395
46297.42499509451
46421.964995029266
46491.314994992936
46523.36999497614
46584.97499494387
46658.25999490548
46693.80499488686
46759.629994852374
46801.62999483037
46851.16499480442
46888.859994784674
47160.90499464216
47231.17999460534
47268.07999458601
47300.69499456893
47345.88999454525
47375.03999452998
47401.66999451603
47447.1499944922
47499.889994464575
47607.35499440828
47665.159994377995
47702.039994358674
47729.74999434416
47787.48999431391
47836.80999428807
47934.614994236836
47997.75499420376
48066.74499416762
48135.794994131444
48167.344994114916
48200.05499409778
48229.34999408243
48291.519994049864
48332.42999402843
48365.53499401109
48394.234993996055
48521.58499392934
48581.33499389804
48627.82999387368
48679.09999384682
48717.43999382674
48754.22499380747
48791.834993787765
48877.42499374293
48930.81499371496
48999.86999367878
49038.309993658644
49136.33999360729
49318.184993512026
49346.71999349708
49414.11999346177
49447.8499934441
49487.42499342337
49593.959993367556
49648.464993339
49689.19999331766
49766.79999327701
49795.289993262086
49893.80499321048
49951.04999318049
49999.75999315497
49999.999993154845
50114.339993094945
50138.04499308253
50177.94999306162
50258.18499301959
50314.54999299006
50361.52499296545
50400.04999294527
50430.104992929526
50516.2499928844
50554.34999286444
50617.47499283137
50644.1399928174
50667.34499280524
50724.57999277526
50764.104992754554
50799.224992736155
50919.51999267314
50997.48499263229
51025.70999261751
51048.924992605345
51110.75999257295
51160.96999254665
51202.55499252486
51243.11999250361
51280.52499248402
51351.214992446985
51410.15499241611
51430.53499240543
51475.94999238164
51526.19499235532
51561.474992336836
51689.99499226951
51729.324992248905
51783.824992220354
51809.09999220711
51875.57999217229
51931.319992143086
51957.97499212912
51995.22499210961
52022.29499209543
52064.944992073084
52100.09999205467
52218.12499199284
52260.10999197084
52293.11499195355
52345.34499192619
52379.62999190823
52427.34999188323
52472.89499185937
52501.294991844494
52561.46999181297
52582.05999180218
52628.38999177791
52645.68999176885
52693.40999174385
52748.244991715124
52842.74499166562
52902.23999163445
52955.08499160677
52978.109991594705
53007.754991579175
53075.6699915436
53099.399991531165
53186.09499148575
53239.55499145774
53276.61499143833
53353.28999139816
53408.50999136923
53441.17499135212
53493.25499132484
53547.85499129623
53634.209991250995
53714.98499120868
53741.44499119482
53818.86499115426
53868.274991128375
53923.04999109968
54058.94499102849
54110.704991001374
54143.59999098414
54196.09999095664
54342.31999088004
54455.27999082086
54495.39499079985
54521.41999078621
54594.37999074799
54635.25499072658
54736.869990673345
54778.68499065144
54814.084990632895
54847.93499061516
54903.494990586056
54955.589990558765
54991.80999053979
55059.5499905043
55158.98999045221
55193.92499043391
55275.31999039127
55312.104990372
55390.814990330764
55434.71999030776
55468.654990289986
55509.49499026859
55539.629990252804
55601.52999022038
55638.99999020075
55678.959990179814
55741.2149901472
55792.31499012043
55826.96499010228
55853.10999008858
55914.58499005638
56038.02498999171
56066.364989976864
56118.90498994934
56147.89998993415
56221.88498989539
56246.42498988254
56308.444989850046
56343.16498983186
56370.159989817716
56459.83498977074
56479.80998976027
56631.5199896808
56658.58498966662
56691.79998964922
56724.159989632266
56803.86498959051
56837.71498957278
56880.17998955053
56905.49998953727
56959.62498950891
57137.834989415554
57177.92998939455
57224.94998936992
57274.26998934408
57350.73498930402
57388.11498928444
57422.849989266244
57461.58498924595
57558.339989195265
57614.804989165685
57660.57498914171
57754.75498909237
57886.284989023465
57919.69498900596
58008.77998895929
58037.199988944405
58157.31498888148
58216.02998885072
58246.78998883461
58283.40998881542
58318.66998879695
58358.309988776185
58406.78998875079
58512.16998869558
58608.279988645234
58641.84498862765
58709.254988592336
58735.01498857884
58756.37998856765
58785.06998855262
58855.134988515914
58887.239988499095
58923.53498848008
58973.33498845399
59022.74498842811
59057.70998840979
59085.954988394995
59109.74998838253
59224.7249883223
59297.73998828405
59348.7999882573
59375.93998824308
59445.43998820667
59480.194988188465
59533.9599881603
59655.369988096696
59679.58998808401
59788.71998802684
59831.369988004495
59872.429987982985
59928.569987953575
60032.82998789896
60100.729987863386
60123.334987851544
60192.68498781521
60253.52998778334
60343.594987736156
60371.28498772165
60435.61498768795
60474.849987667396
60495.544987656554
60535.859987635435
60585.50498760943
60660.544987570116
60699.5199875497
60723.66498753705
60821.99498748554
60870.20498746028
61032.09498737547
61093.45498734333
61151.37998731298
61226.354987273706
61269.66498725102
61296.0399872372
61423.01998717068
61443.79998715979
61478.3349871417
61504.18498712816
61563.89498709688
61596.124987079995
61631.93998706123
61702.58998702422
61803.39498697141
61835.62498695453
61863.044986940164
61946.574986896405
61978.664986879594
62152.944986788294
62201.274986762975
62304.14998670908
62341.75498668938
62380.899986668875
62439.47998663819
62481.58498661613
62531.34998659006
62585.71498656158
62632.584986537026
62675.284986514656
62742.1999864796
62805.489986446446
62861.919986416884
62887.669986403394
62954.45498636841
62977.69998635623
63000.39498634434
63092.699986295986
63131.49498627566
63153.93498626391
63355.38498615837
63404.9599861324
63433.06498611768
63477.86998609421
63509.504986077634
63545.44498605881
63631.67998601363
63675.35498599075
63743.43998595508
63793.78498592871
63834.679985907285
63989.549985826154
64096.174985770296
64117.43498575916
64140.20998574723
64162.70998573544
64186.22498572312
64213.474985708846
64233.96998569811
64256.944985686074
64403.66998560921
64451.284985584265
64552.53498553122
64618.084985496884
64652.61998547879
64685.429985461604
64712.48998544743
64764.36498542025
64870.47998536466
64956.95998531936
64994.20998529984
65024.579985283934
65056.40998526726
65111.84498523822
65155.33998521543
65214.34998518452
65344.5749851163
65370.214985102866
65404.119985085104
65453.02998505948
65513.3149850279
65550.32498502935
65598.09998507384
65620.42998509464
65693.54998516274
65738.54998520465
65784.8899852478
65880.2299853366
65910.67998536496
65986.0949854352
66032.4849854784
66056.77498550102
66081.71998552425
66188.1749856234
66232.0999856643
66263.09498569317
66369.40998579218
66405.09998582542
66434.22498585255
66460.9049858774
66489.94998590444
66585.4699859934
66611.3349860175
66662.65498606529
66730.2099861282
66760.35498615628
66788.99998618296
66819.70998621156
66880.6399862683
66922.0849863069
66961.09498634323
67022.55998640048
67071.73498644627
67105.6899864779
67135.17998650536
67187.59498655418
67306.11498666456
67335.62998669205
67448.04998679674
67467.76998681511
67502.36998684733
67532.80998687568
67568.06998690852
67611.79998694925
67687.95498702017
67747.43998707557
67782.35498710809
67806.42998713051
67845.77998716716
67891.8849872101
67966.13998727925
68007.33998731762
68039.00998734712
68096.19498740038
68189.67998748744
68230.49998752546
68261.144987554
68288.53998757951
68312.20998760156
68486.37498776376
68517.46498779271
68580.1549878511
68693.83498795697
68743.17498800292
68817.01498807169
68840.80998809385
68873.46998812427
68910.06998815836
69046.25498828519
69078.60498831532
69122.63498835632
69159.80998839095
69194.69998842344
69223.65998845041
69260.45998848468
69347.68498856592
69404.61998861894
69489.84498869831
69535.01998874039
69584.25498878624
69634.83998883335
69664.80998886126
69714.64498890768
69776.03498896485
69850.22998903395
69904.21498908423
69933.79998911178
70002.25498917553
70051.89498922176
70093.62498926063
70138.93998930283
70228.76998938649
70276.41998943087
70332.64498948323
70363.61998951208
70447.58498959028
70484.39998962457
70525.4549896628
70576.39998971025
70649.09998977795
70695.84498982149
70726.22498984978
70754.17498987581
70785.42498990492
70822.63998993958
70854.53998996929
70919.02499002934
70969.4499900763
71130.03999022587
71211.84999030206
71252.50499033992
71313.44499039667
71437.269990512
71463.42499053635
71623.27499068523
71675.7599907341
71713.69999076944
71732.79999078723
71759.23999081185
71797.8349908478
71877.91499092238
71904.37999094703
71954.43999099365
71996.83999103314
72138.63499116519
72200.96999122325
72223.87999124458
72247.7349912668
72281.20499129797
72311.6249913263
72357.07499136863
72397.21499140601
72453.10499145807
72492.32499149459
72515.86499151652
72545.50499154412
72576.60499157308
72599.00999159395
72626.35499161942
72684.16999167326
72703.89999169164
72767.21999175061
72803.53499178443
72829.35999180848
72852.5699918301
72877.55499185337
72911.63999188511
72945.0249919162
73005.5849919726
73039.67999200436
73072.7949920352
73097.69999205839
73135.77999209386
73213.53499216627
73275.76499222423
73332.04999227665
73417.06999235583
73446.03999238281
73468.49999240373
73563.11999249185
73600.6449925268
73638.72499256226
73754.68499267026
73786.59999269998
73897.16999280296
73921.88499282597
73971.92499287258
74010.94499290892
74109.57499300077
74155.93999304395
74209.4649930938
74249.35999313096
74278.00499315764
74316.8399931938
74410.99499328149
74498.96499336342
74539.23499340093
74578.4999934375
74649.67499350378
74706.96999355714
74757.44499360415
74807.87499365112
74834.27999367571
74875.6099937142
74934.97999376949
74970.77999380283
75040.30499386758
75074.5699938995
75110.14999393263
75146.24499396625
75191.75499400863
75219.82499403477
75269.47499408101
75300.22499410965
75322.54999413044
75397.32499420008
75427.25999422796
75479.99999427708
75517.9199943124
75548.82499434118
75607.97999439627
75663.90499444836
75726.94999450707
75907.95999467565
75946.32499471138
75982.87999474542
76040.16499479878
76067.52999482426
76106.7699948608
76153.27999490412
76303.82499504433
76341.38999507931
76408.98999514227
76446.57499517727
76483.17999521137
76554.0849952774
76578.7799953004
76660.23499537626
76691.26999540516
76730.79499544197
76803.87999551004
76846.34499554959
76885.56999558612
76915.97499561444
76940.54499563732
76971.40499566606
77025.85999571678
77110.64999579574
77133.94499581744
77182.68499586283
77277.98499595159
77373.65999604069
77400.6249960658
77426.73999609012
77473.39999613358
77535.21499619115
77566.79999622056
77629.02499627852
77657.52999630506
77702.08499634656
77792.5399964308
77955.69999658276
78007.6099966311
78053.62499667396
78124.46999673994
78172.78999678494
78215.55499682477
78294.99499689875
78325.41499692708
78353.80999695353
78428.10999702272
78463.74999705591
78511.65999710053
78631.28499721194
78666.4549972447
78692.24999726872
78759.93499733176
78788.98499735881
78815.21999738325
78839.06499740545
78890.45499745331
78937.7849974974
79048.26499760029
79081.80499763152
79116.70499766403
79179.8149977228
79216.04499775654
79273.8749978104
79326.65999785956
79359.54499789019
79416.7949979435
79524.88499804417
79649.16499815992
79693.72999820142
79725.35999823088
79756.75499826012
79778.71999828058
79798.35499829886
79872.00499836745
79902.17999839556
79929.82999842131
79961.43499845074
80048.10499853146
80129.40499860718
80201.0449986739
80292.7399987593
80358.39999882045
80392.95999885263
80416.69999887474
80467.56999892212
80571.61499901902
80666.59999910748
80757.0249991917
80783.26499921613
80856.79999928462
80900.154999325
80988.35999940714
81035.99999945151
81101.76999951276
81162.40499956923
81212.9449996163
81246.17499964725
81307.8649997047
81328.88499972428
81361.35999975452
81450.18499983725
81477.63499986281
81523.50499990553
81547.06499992748
81602.57999997918
81646.72500002029
81703.84000007348
81742.8300001098
81803.56000016636
81854.89000021416
81880.72000023822
81899.00000025524
81944.40000029752
81993.79500034353
82027.62000037503
82088.64000043186
82125.26500046597
82200.02000053559
82273.9000006044
82333.79500066017
82378.54500070185
82397.10000071913
82421.8750007422
82492.25500080775
82541.44500085356
82609.73000091716
82762.82500105974
82802.27000109648
82872.04500116146
82899.73500118725
82937.62500122254
82990.59000127186
83021.37000130053
83048.66000132594
83077.9300013532
83100.62000137434
83164.39000143373
83200.29500146717
83256.19000151922
83287.59000154847
83348.28000160499
83399.87000165303
83454.07500170352
83494.77500174142
83622.92000186077
83698.10500193079
83735.99000196607
83759.48000198795
83794.68500202073
83935.02500215144
83979.83500219317
84004.87000221648
84028.65000223863
84071.81000227883
84104.77500230953
84166.61000236712
84199.6600023979
84251.75500244641
84304.18000249524
84354.84000254242
84397.73000258236
84447.7000026289
84478.90500265796
84514.74500269134
84559.23000273277
84597.64000276854
84650.23000281752
84686.94000285171
84732.94500289456
84777.73500293627
84808.93000296532
84845.1900029991
84870.59500302275
84910.1600030596
84969.1100031145
85124.64000325935
85212.26000334095
85291.20000341447
85323.32000344439
85393.83000351005
85459.42500357114
85505.53500361409
85540.63500364678
85582.33000368561
85734.24000382709
85791.19000388013
85830.75500391697
85887.28000396962
85941.71500402031
85962.26500403945
86005.80500408
86064.28500413446
86099.40500416717
86178.84500424116
86241.2750042993
86264.22500432067
86330.70000438258
86360.5650044104
86386.96500443498
86408.1350044547
86443.91000448802
86512.55500455195
86543.4200045807
86564.5850046004
86623.78500465554
86682.96500471066
86709.76000473561
86754.57000477734
86807.82500482694
86861.65500487707
86905.01000491745
86972.16000497999
86995.88000500208
87028.1150050321
87081.11500508146
87137.68500513415
87218.43000520935
87282.06500526861
87334.10500531708
87360.91000534204
87404.11500538228
87434.51500541059
87488.34000546072
87527.24000549695
87554.08000552194
87605.88000557019
87692.83000565117
87734.29000568978
87780.1550057325
87823.42000577279
87873.43500581937
87929.27500587137
87981.18500591972
88065.07500599785
88114.26500604366
88138.11500606587
88164.4500060904
88219.87000614201
88268.54000618734
88308.38500622445
88346.4500062599
88443.7350063505
88490.07500639366
88512.30000641436
88599.45500649553
88632.36000652617
88697.13000658649
88720.19500660797
88767.11000665167
88829.62000670988
88920.8050067948
88974.64500684495
89009.93500687781
89067.70000693161
89095.56500695756
89139.04000699805
89165.42000702262
89234.66500708711
89316.0500071629
89344.93500718981
89414.27500725439
89466.82500730333
89493.25500732794
89555.46000738587
89588.19000741636
89612.1750074387
89645.85500747006
89683.71500750532
89779.08500759414
89851.23000766133
89924.46500772954
89954.14000775717
90003.96000780357
90067.31500786258
90164.22000795283
90211.53000799689
90254.51000803692
90334.45500811137
90399.8800081723
90418.01500818919
90456.48000822501
90510.49000827532
90532.02500829537
90560.66500832204
90617.35500837484
90639.23000839521
90747.48000849603
90792.6500085381
90831.69000857446
90861.72000860242
90932.31000866817
90959.23500869324
91006.84500873758
91039.76500876824
91076.25000880222
91101.83000882604
91209.50500892632
91242.18000895676
91277.96500899008
91304.45000901475
91328.70000903733
91385.7800090905
91448.20500914863
91530.97500922572
91566.44000925875
91622.71000931115
91749.51500942925
91781.21000945877
91837.42500951112
91909.03500957781
91954.92000962055
91980.30500964419
92016.42000967782
92067.23500972515
92197.70000984665
92229.15500987595
92256.7000099016
92286.0100099289
92326.54500996665
92417.85001005168
92441.25501007348
92542.71501016797
92586.95001020917
92622.89501024265
92652.32001027005
92715.97001032933
92739.90501035162
92816.2200104227
92842.48501044716
92941.34001053922
93025.78501061787
93070.28501065931
93114.69501070067
93132.96501071769
93156.44501073955
93266.6550108422
93352.54001092218
93399.01001096546
93483.59001104423
93565.29501112032
93595.005011148
93630.81001118134
93662.24001121061
93695.39001124148
93799.26501133823
93852.01501138735
93889.90001142264
93910.17501144152
93946.45501147531
93978.6600115053
94005.11001152993
94041.13501156349
94067.8900115884
94097.89001161634
94129.04001164535
94158.06501167238
94185.12001169758
94269.07501177577
94307.86001181189
94340.6100118424
94372.5000118721
94430.08501192572
94539.75001202786
94571.53001205745
94600.21001208416
94633.66501211532
94705.42501218215
94744.41001221846
94787.69001225877
94807.6900122774
94841.45001230884
94963.7050124227
94988.07001244539
95080.3250125313
95115.09001256368
95167.92001261289
95210.93501265295
95246.52501268609
95295.50501273171
95326.71001276077
95360.16501279193
95453.5450128789
95527.70001294796
95591.43001300731
95642.90001305524
95676.41501308646
95731.71501313796
95774.15001317748
95833.6600132329
95887.11001328268
95931.75501332426
95970.2300133601
96027.01001341298
96087.79001346958
96136.20001351467
96242.2150136134
96280.70501364925
96307.85001367453
96351.96001371561
96405.3100137653
96458.20001381455
96583.10501393088
96618.670013964
96656.06001399882
96696.54501403653
96757.96001409373
96792.33501412574
96873.8950142017
96913.04501423816
97045.52001436154
97080.25501439389
97128.13001443847
97205.23501451028
97232.96501453611
97260.50501456176
97308.59001460654
97361.4850146558
97404.0050146954
97423.59501471365
97466.72501475381
97648.18501492281
97675.73501494847
97704.56501497532
97733.59001500235
97766.32501503284
97842.28001510358
97948.42001520243
97990.47001524159
98019.71001526882
98102.1550153456
98198.34001543518
98236.77001547097
98272.53001550428
98427.51001564862
98457.1350156762
98481.36001569877
98551.71501576429
98579.9700157906
98606.51501581533
98655.62001586106
98736.13501593604
98785.06501598161
98840.38001603313
98887.60001607711
98926.2450161131
99038.16501621733
99075.37001625198
99099.71501627465
99132.59001630527
99181.23501635058
99209.1800163766
99237.15501640266
99264.60501642822
99324.52501648403
99363.21001652005
99403.19001655729
99451.01001660182
99489.94501663808
99547.3000166915
99666.81501680281
99691.8300168261
99732.45501686394
99796.91001692397
99841.9300169659
99879.56001700094
99925.31501704355
99963.54501707916
99989.81001710362
100028.3350171395
100090.32501719723
100126.51501723094
100161.98501726397
100223.60501732136
100280.57001737441
100318.26501740952
100346.40501743573
100363.58001745172
100389.4300174758
100523.7650176009
100551.76501762698
100669.06001773622
100702.46001776733
100802.87001786084
100827.64001788391
100858.21001791238
100969.92001801642
101009.8450180536
101043.82501808525
101095.22501813312
101158.11501819169
101195.62001822662
101224.8100182538
101253.05501828011
101397.48501841462
101443.60501845757
101491.75001850241
101563.96001856966
101596.82001860027
101634.19001863507
101659.69501865882
101690.52001868753
101715.2900187106
101744.58501873788
101834.02501882118
101890.12501887343
101932.10501891252
101960.48001893895
102016.41001899104
102087.59001905733
102123.07501909038
102150.73001911613
102181.14501914446
102219.30501918
102266.47001922393
102306.7100192614
102329.95501928305
102377.60501932743
102424.66001937125
102467.08001941076
102517.13001945737
102572.48501950892
102599.05501953367
102631.63501956401
102700.8800196285
102761.24501968472
102789.01501971058
102825.80001974484
102862.55501977907
102883.65001979872
102935.45001984696
102991.56001989922
103034.75501993945
103091.41001999221
103154.2050200507
103200.63502009393
103253.12002014281
103278.47002016642
103508.35502038052
103585.62502045248
103610.48002047563
103685.32002054533
103749.02502060466
103790.00002064282
103827.46502067772
103855.77502070408
103909.78502075438
103950.02502079186
103984.14502082363
104035.9650208719
104085.12502091768
104121.86002095189
104175.36002100172
104201.47502102604
104248.61002106994
104279.45502109866
104385.78002119769
104470.81002127688
104504.0150213078
104576.66002137546
104625.8800214213
104672.805021465
104700.6150214909
104760.97502154711
104789.82002157398
104815.9300215983
104880.26502165821
104999.91002176964
105038.3150218054
105057.3200218231
105079.31502184359
105101.29502186406
105130.8650218916
105171.38502192934
105269.81502202101
105292.15002204181
105336.33002208296
105355.75502210105
105406.67002214846
105503.89002223901
105534.93002226792
105568.71002229938
105606.4300223345
105679.19502240227
105701.57502242312
105721.90502244205
105752.07002247014
105777.65502249397
105810.47002252453
105849.8450225612
105872.87002258265
105905.73002261325
105956.45502266049
106032.9150227317
106131.40502282343
106162.14502285206
106189.74002287776
106287.66502296895
106322.27002300118
106351.85502302874
106376.28002305148
106427.63502309931
106468.77002313762
106557.4400232202
106638.71002329589
106672.9650233278
106798.53002344473
106848.28502349107
106872.13502351328
106902.31502354139
106944.99502358114
106989.46502362256
107087.31502371369
107131.74002375506
107231.30002384778
107256.78002387151
107368.80002397584
107407.02002401144
107504.01502410177
107543.57002413861
107576.88502416963
107682.86002426833
107777.73002435669
107827.21002440277
107892.4150244635
107992.03502455627
108036.16502459737
108078.40502463671
108107.79502466408
108173.18502472498
108246.50002479326
108284.20002482837
108323.01002486452
108362.89002490166
108435.74502496951
108487.24002501747
108522.34502505016
108573.15002509748
108637.89002515777
108662.67502518086
108740.69502525352
108814.19502532197
108851.50502535672
108891.45502539392
108947.82002544642
108973.91502547072
109010.60002550489
109063.71002555435
109087.16502557619
109140.44002562581
109162.06002564594
109260.86502573796
109307.54002578143
109367.5300258373
109405.89502587303
109442.2550259069
109493.82502595492
109566.1750260223
109603.44502605702
109641.38502609235
109682.28002613044
109710.08502615633
109746.96502619068
109792.99002623354
109918.91002635082
109965.91502639459
109997.31502642384
110026.43002645095
110077.47502649849
110157.57502657309
110185.7200265993
110219.06002663035
110298.32002670417
110352.0350267542
110381.73002678185
110483.38502687652
110520.55502691114
110566.33502695378
110596.8550269822
110643.6700270258
110668.22002704866
110696.70002707519
110723.95502710057
110765.14502713893
110802.00502717326
110823.32002719311
110849.97502721794
110884.31002724991
110959.68502732011
111053.68002740765
111105.29502745572
111136.44002748473
111165.5050275118
111202.15502754593
111276.86502761551
111298.49002763565
111345.66002767958
111365.95502769848
111401.8400277319
111515.43002783769
111551.50502787129
111573.72002789198
111605.34002792143
111731.10002803855
111800.32002810301
111881.0550281782
111916.84002821153
111996.2600282855
112020.71502830827
112049.78502833535
112076.85502836056
112213.53502848785
112264.5900285354
112331.51002859772
112359.34002862364
112408.07002866903
112493.01502874814
112530.29002878285
112628.11002887395
112786.49002902146
112817.92002905073
112868.39002909773
112961.5500291845
113001.98002922215
113035.38502925326
113067.8600292835
113102.22502931551
113149.00502935908
113190.09002939734
113309.89502950892
113403.80502959638
113441.55502963153
113542.30002972536
113563.15502974478
113602.24502978119
113674.48502984847
113704.54502987646
113729.13002989936
113756.49002992484
113779.17502994597
113843.78003000614
113895.2750300541
113928.26003008481
113964.25003011833
114001.45003015298
114031.20003018068
114058.14503020578
114097.60003024252
114129.60503027233
114155.97503029689
114182.25003032136
114226.04003036214
114267.18003040046
114306.19003043679
114355.05003048229
114397.38503052172
114487.54503060569
114575.05003068718
114618.61003072775
114682.50003078725
114792.45503088966
114890.01503098052
114922.48003101075
114946.52003103314
114971.8100310567
115055.16003113432
115163.43503123516
115197.98503126734
115254.81003132026
115304.86503136688
115332.62503139273
115384.05503144063
115433.50503148668
115452.41003150429
115473.13003152359
115511.3650315592
115537.02003158309
115561.9500316063
115587.39003163
115619.09003165952
115651.40503168962
115685.72003172158
115712.33503174636
115748.93003178044
115790.26003181894
115827.0500318532
115905.79503192654
115938.1900319567
115999.9250320142
116075.48003208457
116104.3950321115
116139.57503214426
116168.09503217082
116236.07003223413
116306.25003229949
116330.36503232195
116361.90003235132
116402.28003238892
116438.98503242311
116466.88003244909
116545.35503252217
116573.93003254879
116671.78503263992
116706.88503267261
116747.31003271026
116787.81003274798
116820.50003277842
116849.45503280539
116947.15503289638
116981.48503292835
117011.54503295635
117114.250033052
117165.45503309969
117203.6900331353
117252.54003318079
117288.12503321393
117377.34003329702
117421.90503333852
117460.28003337426
117494.5650334062
117520.13003343
117706.01003360312
117740.68503363541
117764.05503365718
117786.93503367848
117821.70503371087
117850.98003373813
117929.79003381153
117955.49503383547
118069.75503394188
118099.32503396942
118260.72003411973
118287.26503414445
118412.90003426146
118494.7550343377
118580.30003441736
118620.1800344545
118661.56003449304
118702.90003453154
118753.79003457894
118784.62003460765
118847.01003466576
118875.12003469194
118915.47503472952
118950.86503476248
118979.83003478945
119017.76003482478
119040.41003484587
119086.88003488915
119119.73003491975
119151.18003494904
119213.27003500686
119249.18503504031
119279.71003506874
119351.02503513516
119424.32503520342
119480.2400352555
119520.70003529318
119544.4550353153
119632.51503539731
119695.15503545565
119726.38003548473
119773.74503552885
119807.06503555988
119906.3050356523
120004.47003574373
120035.33503577247
120091.12503582443
120156.3750358852
120228.92503595277
120273.59503599437
120302.42003602121
120336.74003605318
120413.31003612449
120517.62503622164
120616.0450363133
120696.85003638855
120719.93003641005
120736.38503642537
120841.14503652294
121073.97003673977
121111.11503677437
121215.58003687166
121263.09503691591
121309.10003695876
121351.9950369987
121462.6950371018
121522.46503715747
121581.04003721202
121686.00503730978
121735.19003735558
121785.48003740242
121880.96503749135
121913.41503752157
121940.84503754711
121975.46003757935
122016.48503761756
122056.4700376548
122103.41503769852
122190.08503777924
122255.47003784013
122276.97003786016
122320.14503790037
122357.18003793486
122404.78003797919
122434.60003800696
122567.5750381308
122673.92003822984
122722.68003827526
122837.64503838232
122879.57503842138
122906.43503844639
122945.64503848291
122978.01003851305
123002.48003853584
123026.94503855862
123052.59003858251
123087.85503861535
123126.19503865106
123165.69503868785
123244.55503876129
123292.39503880584
123334.42003884498
123417.60503892245
123455.5550389578
123483.63503898395
123521.82503901952
123550.9050390466
123581.26003907487
123613.40503910481
123644.58003913384
123668.9050391565
123717.25003920152
123764.30503924534
123799.49503927812
123831.86503930826
123906.40003937768
124078.07503953757
124104.91003956256
124135.31003959087
124167.60003962094
124199.65003965079
124309.57503975317
124338.99503978057
124365.93503980566
124419.01003985509
124453.56003988726
124490.81503992196
124518.36503994762
124559.80503998621
124713.3450401292
124753.35004016646
124775.26504018687
124825.85004023399
124860.75004026649
124896.65004029992
124958.28504035732
125083.83004047425
125105.80504049471
125127.89004051528
125198.62504058116
125341.9000407146
125392.94504076213
125457.27504082205
125500.44504086225
125621.52504097502
125664.6700410152
125741.31504108658
125821.32004116109
125850.37004118814
125877.55004121346
126024.36004135018
126050.52004137455
126090.91004141216
126231.58004154317
126299.32504160627
126338.37504164263
126368.23504167044
126397.22504169744
126453.53504174988
126514.6500418068
126579.24004186696
126625.37504190992
126653.11504193576
126696.58004197624
126803.9200420762
126836.95004210697
126972.51004223322
127092.68004234514
127179.49004242598
127223.60004246706
127264.6600425053
127406.57504263747
127444.88504267315
127526.79504274944
127567.81004278763
127598.30504281603
127675.18504288764
127713.66504292347
127833.5300430351
127875.70504307438
127901.8100430987
127920.75504311634
127957.51504315058
128029.4800432176
128084.55004326889
128122.55004330428
128184.52004336199
128215.51004339085
128266.66004343849
128308.34504347731
128342.9050435095
128382.81504354667
128424.36504358536
128497.76004365372
128556.02504370798
128585.19004373514
128721.41504386201
128761.50504389935
128798.34004393365
128827.98504396126
128848.07004397997
128881.2750440109
128988.09504411038
129010.69004413142
129117.73004423111
129156.12004426686
129199.62004430738
129297.3600443984
129318.53004441812
129418.71004451142
129447.6800445384
129497.91504458518
129530.48504461552
129571.61504465382
129648.7950447257
129688.06504476228
129816.28504488169
129899.7200449594
129933.15004499053
129967.41004502244
130015.32504506706
130095.37504514161
130166.34504520771
130233.3400452701
130262.72504529747
130290.97504532378
130325.33504535578
130388.0650454142
130428.47504545184
130466.33004548709
130546.81504556205
130573.64004558703
130594.1200456061
130656.74504566443
130785.11504578398
130855.4600458495
130992.59004597721
131046.31504602724
131147.68004612165
131181.64504615328
131209.60004617932
131237.3950462052
131379.16504633724
131414.33504637
131442.3600463961
131481.80004643282
131519.76004646817
131544.41504649114
131610.35004655254
131663.62504660216
131702.38004663825
131727.9850466621
131771.62504670274
131802.24004673125
131842.00004676828
131887.4500468106
131994.76504691056
132072.1300469826
132099.90504700848
132176.6100470799
132232.57504713204
132305.4500471999
132339.3900472315
132377.51504726702
132495.9400473773
132557.52504743467
132587.71504746279
132610.9150474844
132681.0300475497
132733.71004759875
132801.54504766193
132829.57004768803
132874.7350477301
132900.5000477541
132943.49004779413
133007.3450478536
133062.2100479047
133084.5600479255
133110.19504794938
133233.77504806448
133276.6350481044
133336.31004815997
133447.34504826338
133478.54504829244
133515.70504832704
133591.4750483976
133759.85004855442
133787.4250485801
133809.15504860034
133855.54504864354
133888.21504867397
133917.94504870166
133942.64004872466
133985.35004876443
134024.42504880083
134048.92504882364
134076.20504884905
134100.850048872
134172.28504893853
134224.13504898682
134251.67504901247
134306.5750490636
134357.19504911074
134396.00004914688
134459.54504920606
134513.18504925602
134585.27004932315
134699.3650494294
134749.8300494764
134910.1400496257
134948.2500496612
134979.33504969015
135034.0350497411
135078.8050497828
135097.30504980002
135123.6900498246
135170.91504986858
135255.29004994716
135281.59504997166
135312.19005000015
135345.5200500312
135389.0150500717
135417.50005009823
135439.25005011848
135483.54505015974
135571.18505024136
135613.71005028096
135641.39005030674
135740.70005039923
135788.40505044366
135854.4850505052
135894.2100505422
135969.76505061256
136017.29505065683
136114.46005074732
136139.7800507709
136184.3250508124
136241.6600508658
136265.23505088774
136307.22505092685
136337.5700509551
136403.23505101627
136431.01505104214
136504.16005111026
136550.85005115374
136590.7400511909
136695.83505128877
136813.29505139816
136877.89005145832
136946.22005152196
136978.1450515517
137022.41505159292
137068.2450516356
137124.42505168793
137223.00005177973
137256.0500518105
137283.3200518359
137325.66505187534
137512.72505204956
137567.18005210027
137621.72505215107
137661.5900521882
137758.62005227857
137777.5550522962
137796.90005231422
137834.17505234893
137877.97505238972
137905.38505241525
137935.89005244366
138009.86005251255
138038.24005253898
138082.80005258048
138165.89505265787
138188.19505267864
138219.65505270794
138242.41505272913
138269.41005275428
138473.68005294452
138501.94505297084
138524.1250529915
138572.92005303694
138600.83005306293
138672.14005312935
138783.09505323268
138825.70005327236
138857.92505330237
138881.3750533242
138918.21005335852
138951.24005338928
139006.58505344082
139040.89505347278
139086.42005351518
139132.33505355794
139159.8850535836
139216.8000536366
139253.60505367088
139320.6400537333
139371.06505378027
139395.7950538033
139443.8950538481
139500.0400539004
139534.7400539327
139561.56005395768
139596.85505399056
139617.8450540101
139725.2100541101
139749.01005413226
139803.9150541834
139845.78005422238
139874.05505424872
139937.77505430806
139963.1700543317
140034.0350543977
140063.41005442507
140104.86505446368
140134.35505449114
140294.16005463997
140334.29005467735
140421.55505475862
140466.57505480055
140515.0550548457
140591.33505491674
140630.20505495294
140662.495054983
140697.4950550156
140725.3900550416
140840.6050551489
140874.02005518
140908.44005521206
140943.82505524502
140969.42005526886
141003.80505530088
141045.43505533965
141097.1500553878
141173.1600554586
141220.9500555031
141265.63505554473
141298.54005557537
141393.9250556642
141419.60005568812
141491.91005575546
141520.05505578168
141563.4750558221
141612.02005586732
141657.5100559097
141759.1000560043
141869.0400561067
141916.4000561508
141959.82005619124
142032.01005625847
142065.0150562892
142087.15005630982
142129.56505634933
142281.65505649097
142317.41505652427
142375.12505657802
142542.87505673425
142593.86505678174
142652.8900568367
142694.8650568758
142791.68505696597
142847.1200570176
142897.40005706443
142928.87005709374
142966.05005712836
142990.08505715075
143023.9700571823
143050.1650572067
143079.44505723397
143119.89505727164
143229.35505737358
143270.09505741153
143311.16005744977
143349.81005748577
143394.01005752693
143418.04505754932
143499.5150576252
143552.58505767462
143579.05005769926
143637.21005775343
143678.33005779173
143731.0350578408
143839.4750579418
143883.695057983
143965.54505805922
143991.68005808356
144070.20005815668
144098.9950581835
144132.77005821496
144158.96505823935
144261.40505833476
144315.19005838485
144368.05505843408
144395.59005845973
144416.37505847908
144445.5050585062
144514.03005857003
144555.53005860868
144616.9750586659
144676.22005872108
144718.72505876067
144768.7950588073
144818.48005885357
144878.51505890948
144956.78005898237
145022.68505904375
145050.78005906992
145151.9200591641
145188.00005919772
145224.11005923135
145255.89505926095
145290.54505929322
145331.04505933094
145385.61505938176
145412.8250594071
145474.29005946434
145523.78005951043
145657.34505963483
145692.29005966737
145740.61505971238
145782.3000597512
145824.64005979063
145861.4400598249
145993.87005994824
146056.2250600063
146110.2100600566
146145.000060089
146176.88006011868
146227.60006016592
146250.6750601874
146283.1950602177
146341.48006027198
146385.29506031278
146461.3300603836
146510.77506042965
146536.44506045355
146560.4300604759
146582.6700604966
146632.0450605426
146653.2150605623
146704.8650606104
146798.34006069746
146970.21506085753
147001.6550608868
147087.1100609664
147139.37506101507
147231.640061101
147274.43006114085
147331.53506119404
147369.79006122967
147404.98006126244
147495.93006134714
147566.08006141247
147593.23506143776
147623.6500614661
147649.50006149017
147693.32006153098
147743.2850615775
147781.75506161334
147886.7350617111
147934.6050617557
147959.87006177922
148004.78006182105
148032.1250618465
148065.7200618778
148089.4350618999
148133.82006194122
148203.24006200588
148276.45006207406
148318.10006211285
148339.55006213282
148415.62506220368
148488.32506227138
148536.25506231602
148670.91006244143
148752.35506251728
148825.89006258576
148865.91506262304
148887.43006264308
148923.9600626771
148978.23506272765
149033.68006277928
149068.35006281157
149092.07006283366
149132.08506287093
149189.20506292413
149238.22506296978
149271.79506300105
149321.06506304693
149365.10006308794
149427.82506314636
149473.55506318895
149516.96506322938
149629.1900633339
149660.91506336344
149691.19006339164
149720.7700634192
149746.62506344327
149808.04006350046
149845.18006353505
149868.89506355714
149894.58506358106
149976.58006365743
150002.960063682
150055.97506373137
150193.90006385982
150233.4000638966
150270.94506393158
150300.9150639595
150346.3500640018
150411.35506406234
150455.8800641038
150501.15006414597
150541.69506418373
150590.90006422956
150658.7950642928
150689.11006432102
150725.8050643552
150774.00006440008
150918.61506453477
150967.66006458044
150995.92506460677
151032.87506464118
151057.72506466432
151095.57506469957
151117.02006471955
151136.91006473807
151186.85006478458
151328.96506491693
151419.90506500163
151462.13506504096
151502.84006507887
151546.23006511928
151589.79506515985
151632.6750651998
151657.46506522287
151690.93006525404
151766.3800653243
151807.43006536254
151904.53506545298
151963.58006550797
152076.4800656131
152219.35006574617
152272.02006579522
152354.33506587188
152459.73506597005
152501.2400660087
152558.8850660624
152625.82006612472
152682.99006617797
152723.5100662157
152743.9150662347
152771.36506626027
152805.04506629164
152920.09006639878
152978.93006645358
153061.90006653086
153083.7400665512
153122.35506658716
153156.9750666194
153190.45506665058
153221.7150666797
153246.29006670258
153346.68506679608
153419.79506686417
153448.02506689046
153469.15006691014
153528.94006696582
153622.03506705252
153662.26506709
153703.67506712856
153736.74506715935
153760.9600671819
153791.81006721064
153828.33506724465
153878.46006729134
153920.48506733048
153965.7200673726
154039.54506744136
154071.2550674709
154121.88006751804
154160.47506755398
154292.92006767733
154322.58006770496
154401.17006777815
154427.89006780303
154487.6750678587
154520.56006788934
154584.35506794875
154608.06006797083
154641.530068002
154724.61006807938
154783.6800681344
154810.89506815973
154875.31006821973
154928.34506826912
155034.60006836808
155073.15006840398
155102.83006843162
155160.11006848497
155180.09506850358
155257.7550685759
155390.1300686992
155431.74006873794
155473.00506877637
155511.4650688122
155574.01506887045
155635.6000689278
155657.45006894815
155687.76006897638
155730.9600690166
155847.17506912485
155911.1300691844
155968.29506923765
156019.21006928507
156049.17506931297
156081.67006934324
156116.6300693758
156150.69006940752
156175.96006943105
156218.81006947096
156316.565069562
156340.8300695846
156426.90006966476
156466.9850697021
156598.03506982414
156623.9750698483
156653.04006987537
156716.62506993458
156742.67006995884
156858.30507006653
156914.8550701192
156949.7550701517
156986.17507018562
157016.57007021393
157046.02507024136
157079.32007027237
157116.33507030684
157151.4100703395
157176.59007036296
157240.4000704224
157263.67507044406
157306.72507048416
157350.87007052527
157381.34507055365
157452.95507062034
157529.3550706915
157552.60507071315
157591.36007074924
157643.6000707979
157687.58507083886
157765.4750709114
157785.68007093022
157816.32507095876
157855.47507099522
157911.085071047
157982.82507111382
158016.44007114513
158070.91507119586
158143.80507126375
158203.42507131927
158231.3600713453
158305.2300714141
158355.37007146078
158377.35507148126
158401.9800715042
158439.9900715396
158490.53507158667
158544.95007163734
158577.63507166778
158646.17507173162
158679.3500717625
158718.80507179926
158752.890071831
158798.47507187346
158823.29007189657
158862.0750719327
158890.52007195918
158923.35007198976
159003.4950720644
159066.06007212267
159125.63007217814
159201.26507224859
159242.515072287
159409.55007244257
159449.06507247937
159558.06007258088
159614.48007263342
159650.1000726666
159766.42507277493
159809.7850728153
159842.80507284607
159961.23507295636
160004.30007299647
160045.0200730344
160120.55007310474
160184.98507316475
160214.32507319207
160283.27007325628
160392.43507335795
160429.56007339252
160459.76507342065
160483.05507344235
160547.67007350252
160613.8850735642
160838.2950737732
160904.7700738351
160956.8350738836
161031.49007395311
161078.2950739967
161104.13007402077
161142.79007405677
161175.4500740872
161211.4300741207
161232.85507414065
161285.46507418965
161327.23507422855
161353.5850742531
161415.4500743107
161440.70507433423
161478.1500743691
161504.5800743937
161624.55507450545
161691.16007456748
161734.8850746082
161777.10507464752
161826.19507469324
162033.89507488668
162124.7600749713
162152.74007499736
162299.9950751345
162341.85007517348
162366.16007519612
162430.7850752563
162455.4700752793
162510.73507533077
162557.3550753742
162610.91007542406
162646.83007545752
162687.70007549558
162724.91507553024
162775.91507557774
162820.24507561902
162866.89007566246
162972.77007576107
163010.5000757962
163047.14007583034
163063.90007584594
163083.47007586417
163105.89007588505
163371.86507613276
163390.65507615026
163411.08007616928
163458.40507621336
163510.0850762615
163534.73007628444
163569.2550763166
163600.34507634555
163653.47007639502
163698.40507643687
163751.82507648662
163776.3850765095
163819.57507654972
163854.81507658254
163880.91007660684
163913.03007663676
163988.70507670724
164098.48507680948
164178.42007688392
164223.45507692586
164253.5700769539
164309.25007700577
164369.46507706185
164399.18007708952
164459.01007714524
164487.6450771719
164520.2850772023
164557.7350772372
164584.44507726206
164608.3350772843
164659.68507733213
164712.155077381
164756.52007742232
164793.1200774564
164821.31507748266
164942.01507759508
164963.7450776153
165012.6000776608
165065.9650777105
165129.45007776964
165206.58007784147
165277.30007790733
165362.24507798644
165413.14007803384
165543.57007815532
165605.4050782129
165653.7050782579
165714.61507831461
165745.39507834328
165779.7750783753
165802.93007839686
165832.01507842395
165870.57007845986
165910.64507849718
165941.01007852546
165995.33507857606
166115.2100786877
166191.74507875898
166253.43507881643
166384.02007893805
166439.20007898944
166497.8800790441
166537.90007908136
166600.84007913998
166645.18507918128
166676.30007921025
166703.11007923522
166751.6100792804
166789.2100793154
166809.20007933403
166839.4400793622
166876.3750793966
166898.20507941692
166922.91007943993
166956.72507947142
167039.6100795486
167132.7900796354
167168.26507966843
167190.59007968922
167262.12507975585
167341.4350798297
167380.1850798658
167449.52507993038
167487.30507996556
167520.81007999677
167546.835080021
167568.34508004104
167591.01508006215
167654.88008012163
167821.6000802769
167915.82508036465
167945.11508039193
167977.26508042187
168000.72508044372
168022.74508046423
168084.72508052195
168138.81008057232
168222.6350806504
168269.28008069383
168311.39508073305
168359.14008077752
168389.80008080608
168437.95008085092
168471.78008088242
168508.98508091707
168610.23008101137
168637.13508103642
168668.64508106577
168717.4300811112
168783.51508117275
168809.49508119695
168845.70008123067
168879.29508126195
168920.77008130058
168990.86008136586
169030.07008140237
169063.40508143342
169111.46008147817
169138.6550815035
169179.53008154157
169202.61508156307
169225.9600815848
169246.3650816038
169328.23008168006
169363.35008171276
169429.08008177398
169469.2700818114
169550.7700818873
169658.62508198776
169694.99508202163
169771.98508209334
169816.09508213442
169944.94508225442
169980.2600822873
170045.5450823481
170076.63508237706
170108.2350824065
170132.55508242914
170242.06008253113
170280.75008256716
170355.39508263668
170396.40008267487
170440.59008271602
170478.64508275146
170508.03008277883
170574.92008284113
170597.78008286242
170681.68508294056
170728.79008298443
170810.00508306007
170940.3850831815
170967.06008320634
171002.7900832396
171057.73008329078
171083.03508331435
171120.5800833493
171239.0050834596
171263.00008348195
171328.9900835434
171381.74008359254
171445.02008365147
171483.51008368732
171653.1450838453
171699.83008388878
171778.08008396166
171806.5850839882
171874.47008405143
171918.19008409214
171956.695084128
172115.89508427627
172154.255084312
172214.87008436845
172248.56008439983
172277.44508442673
172320.20508446655
172390.51008453203
172410.80508455093
172455.70508459274
172496.8850846311
172528.63008466066
172579.7900847083
172700.63508482085
172728.83508484712
172772.5250848878
172823.8300849356
172849.9250849599
172929.16008503368
172961.30508506362
173041.51008513832
173081.975085176
173117.03008520865
173152.15008524136
173193.16508527956
173246.55508532928
173330.1100854071
173361.66008543648
173400.6700854728
173452.87008552143
173482.93008554942
173518.19508558227
173665.46508571942
173698.16508574988
173743.54008579213
173801.63508584624
173831.7750858743
173869.035085909
173897.1450859352
173963.71008599718
174072.2900860983
174113.34508613654
174166.41008618596
174195.26508621284
174221.5450862373
174327.87508633634
174394.68008639856
174429.04508643056
174457.38008645695
174477.28008647548
174508.35508650442
174557.97508655064
174605.74008659512
174649.0050866354
174695.4750866787
174734.5550867151
174765.1700867436
174797.65008677385
174899.9150868691
174932.53008689947
174980.2250869439
175005.27508696722
175070.88008702832
175130.51008708385
175209.52008715743
175236.50008718256
175272.7350872163
175301.10508724273
175319.78008726012
175376.04008731252
175395.880087331
175448.66008738015
175496.62008742482
175525.53008745174
175557.94008748193
175600.60508752166
175625.1350875445
175665.405087582
175719.79508763266
175756.49508766684
175785.4350876938
175826.20508773177
175861.62008776475
175893.38508779433
175928.93008782744
175983.9800878787
176045.73008793622
176120.50508800586
176209.3650880886
176249.75508812623
176272.90008814778
176314.6900881867
176350.68008822022
176412.55008827784
176443.860088307
176491.65508835152
176561.4200884165
176637.84508848767
176721.99508856604
176802.88508864137
176847.0600886825
176877.45508871082
176943.49008877232
177001.2400888261
177022.56008884596
177068.780088889
177130.99008894694
177161.91508897574
177213.3100890236
177282.14508908772
177338.23008913995
177407.08008920407
177468.5400892613
177554.59008934145
177640.92508942186
177665.36508944462
177706.20008948265
177747.87508952146
177784.68508955574
177893.66008965723
177971.29008972953
177995.9600897525
178028.83508978313
178069.42508982093
178100.15008984954
178208.07508995006
178246.9800899863
178287.62509002414
178334.3900900677
178356.4200900882
178477.1900902007
178563.12009028072
178590.3600903061
178631.74509034463
178669.78009038005
178708.56509041617
178745.4300904505
178828.29509052768
178895.37009059015
178937.1950906291
179005.08009069233
179076.10509075847
179108.37009078852
179150.78009082802
179187.5750908623
179209.72509088292
179284.08009095216
179309.73509097606
179331.60509099643
179374.25009103614
179400.06009106018
179437.05509109463
179464.12509111984
179488.17509114224
179575.37509122345
179669.0400913107
179720.3800913585
179746.71009138302
179817.81009144924
179932.8650915564
179968.15009158925
180008.48509162682
180045.11009166093
180105.23509171692
180138.47009174788
180207.9550918126
180247.3600918493
180308.45009190618
180369.39509196294
180388.6650919809
180405.8650919969
180429.9100920193
180478.2400920643
180521.0800921042
180562.23509214254
180647.09009222157
180789.22509235394
180885.13509244326
180914.14509247028
180977.60509252938
181011.555092561
181090.74009263475
181131.68009267288
181185.31509272283
181223.6100927585
181251.5400927845
181282.3550928132
181304.38509283372
181345.19009287172
181391.10009291448
181425.77009294677
181460.56009297917
181489.77509300638
181552.20009306452
181656.36009316152
181720.25009322102
181780.19009327685
181829.51009332278
181869.5800933601
181898.43509338697
181923.39509341022
181958.53509344294
182021.77009350184
182057.20509353484
182083.98509355978
182128.50009360124
182172.64009364235
182208.29509367555
182248.98509371345
182303.75509376446
182328.35009378736
182403.51509385736
182524.44009396998
182550.7700939945
182587.19009402842
182618.64009405772
182691.38009412546
182826.67509425146
182893.09509431332
182920.61009433895
183003.5500944162
183081.85509448912
183218.48509461636
183291.6300946845
183344.97509473417
183381.76009476843
183415.94509480026
183483.8500948635
183518.34509489563
183541.10009491682
183573.88009494735
183634.87009500415
183673.49509504013
183772.27509513212
183825.7150951819
183890.11009524186
184001.67009534576
184052.44509539305
184099.05009543645
184162.1200954952
184222.50509555143
184251.01009557798
184281.66509560653
184346.97509566735
184376.07509569445
184414.10509572987
184448.4800957619
184475.8700957874
184558.0150958639
184601.9200959048
184645.105095945
184672.43009597046
184702.39009599836
184860.19009614532
184918.42009619955
184968.32009624603
184996.5350962723
185040.41009631316
185078.71009634883
185167.0300964311
185190.7600964532
185234.34009649378
185260.17509651784
185278.69009653508
185299.5400965545
185345.47509659728
185396.13509664446
185425.54009667184
185483.78009672608
185530.68509676977
185607.9150968417
185640.3450968719
185680.06009690888
185818.18509703752
185935.0800971464
185979.4450971877
186006.10009721253
186041.90009724587
186075.94009727758
186128.98509732698
186182.680097377
186236.88509742747
186269.39509745775
186304.6850974906
186345.55509752868
186380.88009756157
186426.88509760442
186465.82509764069
186549.46009771858
186604.49009776983
186706.4600978648
186736.27009789256
186828.6600979786
186863.6650980112
186893.515098039
186928.945098072
186962.64009810338
187024.03009816055
187055.3350981897
187124.23509825388
187149.83509827772
187180.47009830625
187218.82009834197
187344.0550984586
187377.82509849005
187423.76509853284
187456.07009856292
187485.86009859067
187530.00509863178
187560.4100986601
187588.26509868604
187627.70509872277
187735.18509882287
187776.0200988609
187935.1350990091
187996.80009906652
188025.69509909343
188096.6300991595
188158.1600992168
188204.09009925957
188232.28509928583
188284.28509933426
188317.88009936555
188341.86509938788
188403.79509944556
188441.92009948107
188485.85509952198
188517.47009955143
188612.33009963977
188662.62509968661
188726.84509974642
188789.6350998049
188818.03509983135
188845.28009985673
188918.77009992517
188982.2750999843
189047.8701000454
189091.37510008592
189110.2401001035
189159.6401001495
189181.07010016945
189199.87510018697
189246.7201002306
189284.78510026605
189333.5751003115
189435.13510040607
189460.96510043013
189487.9951004553
189578.02510053915
189609.07010056806
189656.08510061185
189688.21510064177
189749.1201006985
189776.25010072376
189855.4401007975
189885.2751008253
189926.90010086406
189957.56010089262
189985.5601009187
190074.1651010012
190168.40510108898
190226.0801011427
190256.92510117142
190311.10510122188
190357.76510126534
190400.4751013051
190431.95010133443
190459.2951013599
190489.12510138768
190521.2651014176
190586.45510147832
190631.5401015203
190672.17010155815
190711.1001015944
190779.52510165813
190814.6951016909
190862.67010173557
190906.27510177618
190942.8151018102
191119.74010197498
191149.75010200293
191194.7151020448
191217.94510206644
191287.4801021312
191311.08010215318
191393.22010222968
191418.82510225353
191479.47010231
191719.03510253312
191748.61010256066
191777.88010258792
191797.53510260623
191847.77510265302
191907.3401027085
191936.48510273563
191975.69010277215
192072.86510286265
192108.49010289583
192130.81510291662
192151.26510293566
192331.43510310346
192397.70010316517
192462.30010322534
192487.4801032488
192525.88510328456
192561.87010331807
192632.05010338343
192671.13010341983
192690.51510343788
192716.405103462
192736.34010348056
192791.92510353233
192818.61010355718
192916.37510364823
192956.7051036858
192984.0851037113
193032.66010375653
193061.46510378335
193084.40510380472
193136.31510385306
193165.50510388025
193207.83510391967
193304.96010401013
193327.56010403117
193433.53510412987
193459.68510415422
193588.68510427437
193610.56010429474
193653.84510433505
193682.21010436147
193720.74010439735
193778.60010445124
193814.82010448497
193868.56510453502
193899.9051045642
193926.72010458919
194022.36010467826
194067.32510472013
194099.53510475013
194127.14010477584
194158.28510480485
194191.82010483608
194252.6051048927
194304.95510494144
194383.05510501418
194427.49510505557
194452.46510507882
194501.4051051244
194562.97010518174
194660.34510527243
194711.70510532026
194738.4851053452
194764.9101053698
194791.50010539457
194820.01510542113
194864.1201054622
194887.1951054837
194950.61510554276
194980.97010557103
195039.43010562548
195063.4001056478
195124.57010570477
195149.0751057276
195194.5051057699
195228.14510580123
195265.2751058358
195319.24010588607
195441.41010599985
195479.31010603515
195520.85510607384
195560.58510611084
195614.79510616133
195636.84010618186
195702.9351062434
195813.5301063464
195845.9451063766
195880.46510640875
195932.0601064568
195968.3501064906
196000.17010652024
196032.58010655042
196150.84010666056
196199.36510670575
196238.5001067422
196296.84010679653
196453.98510694288
196496.6401069826
196532.47510701598
196575.71010705625
196605.2951070838
196718.11010718887
196815.3101072794
196888.27010734734
196935.38010739122
197013.01010746352
197053.41010750114
197073.89510752022
197129.86510757235
197189.68010762805
197231.42510766693
197286.98010771867
197318.65010774817
197370.81510779675
197414.1401078371
197520.2401079359
197562.24510797503
197621.42010803014
197650.00510805676
197708.18510811095
197793.51510819042
197828.10010822263
197866.31510825822
197903.4451082928
197925.05010831292
197946.0701083325
197964.47010834963
197995.1501083782
198041.68010842154
198074.53510845214
198100.8951084767
198133.8701085074
198154.57010852668
198192.505108562
198330.3651086904
198369.8751087272
198457.3901088087
198484.05010883353
198537.35510888317
198591.47510893358
198627.71010896732
198649.6851089878
198692.25510902744
198738.6101090706
198775.6551091051
198864.4351091878
198931.1401092499
198994.74510930915
199034.91510934656
199103.4451094104
199135.84510944056
199157.54510946077
199196.48510949704
199280.00010957482
199382.92510967067
199404.46510969073
199439.30510972318
199473.00510975457
199525.1251098031
199576.95010985137
199649.00010991847
199713.4551099785
199766.36011002777
199787.72511004767
199822.58011008013
199856.99011011218
199908.6651101603
