81.7899999999981
124.69499999995908
335.55499999976735
395.1149999997132
465.0299999996496
535.1999999995858
717.9749999994195
866.8999999992841
1072.2500000001944
1153.275000001963
1335.4500000059395
1445.3000000083373
1608.8200000119066
1676.5750000133855
1852.1900000172188
2047.5650000214835
2120.4550000230743
2421.345000029642
2850.235000039004
2956.6000000413255
3131.9200000451524
3326.4350000493982
3519.580000053614
3727.5400000581535
3974.365000063541
4314.5150000709655
4597.210000077136
4913.94000008405
5046.005000086932
5283.240000092111
5360.9300000938065
5668.980000100531
5746.4450001022215
5865.315000104816
6005.140000107868
6136.70500011074
6399.7400001164815
6567.500000120143
6653.185000122014
6771.275000124591
6877.460000126909
6932.645000128114
7133.025000132488
7363.960000137528
7453.160000139475
7689.935000144644
7908.925000149424
8059.93000015272
8100.7300001536105
8155.740000154811
8342.670000131484
8511.170000104512
8613.210000088178
8926.205000038077
9059.740000016702
9137.020000004331
9201.12999999407
9371.074999966866
9483.409999948884
9542.809999939376
9713.074999912122
9967.064999871465
10093.47499985123
10251.854999825879
10313.489999816013
10472.519999790557
10557.879999776893
10814.749999735775
10923.73999971833
11001.689999705852
11154.584999681378
11385.879999644354
11638.699999603885
11804.634999577323
11941.589999555401
12123.19999952633
12272.63499950241
12608.409999448662
12663.189999439894
12838.549999411824
12977.94999938951
13061.429999376147
13308.209999336645
13370.409999326688
13659.33499928044
13734.629999268387
13848.299999250192
14090.19999921147
14185.749999196176
14345.814999170554
14416.339999159265
14489.789999147508
14564.899999135485
14769.349999102758
14863.92499908762
15062.789999055787
15107.399999048646
15248.764999026018
15345.669999010506
15393.834999002796
15815.759998935258
15856.844998928682
15944.924998914583
16089.839998891386
16209.394998872249
16323.254998854023
16563.26499888082
16612.59499889087
16966.54999896298
17073.50499898477
17157.05499900179
17266.244999024035
17409.779999053277
17542.37499908029
17642.684999100726
17982.054999169864
18077.144999189237
18119.799999197927
18197.86999921383
18281.50499923087
18498.94999927517
18658.08999930759
18764.68999932931
18883.559999353525
19161.819999410214
19247.929999427757
19392.59999945723
19453.144999469565
19536.52499948655
19637.03999950703
19678.47999951547
19872.094999554916
20099.954999601337
20242.574999630393
20308.864999643898
20450.374999672727
20542.61999969152
20681.909999719897
20783.459999740586
20912.734999766923
20971.664999778928
21113.544999807833
21181.484999821674
21293.749999844546
21414.119999869068
21472.63499988099
21546.75499989609
21703.58999992804
21791.604999945972
21837.204999955262
22010.76499999062
22070.15500000272
22440.675000078205
22625.76000011591
22802.11500015184
22917.895000175427
22964.04000018483
23060.64000020451
23121.725000216953
23265.82500024631
23511.830000296428
23702.425000335257
24109.31000041815
24268.63000045061
24303.075000457626
24550.810000508096
24631.3300005245
24713.15000054117
24853.135000569688
25178.720000636018
25626.465000727236
25709.620000744177
25810.470000764722
25883.44500077959
25984.95500080027
26124.06000082861
26296.570000863754
26634.760000932652
26824.105000971227
26896.655000986008
27084.76000102433
27197.840001047367
27333.24000107495
27873.890001185096
27952.210001201052
28453.835001303247
28534.74500131973
28722.570001357995
28899.25500139399
29061.695001427084
29129.95000144099
29706.145001558376
29846.69500158701
30088.83000163634
30202.050001659405
30305.375001680455
30665.380001753798
30757.345001772534
31083.560001838992
31212.240001865208
31265.885001876137
31897.48500200481
31975.33500202067
32149.800002056214
32509.895002129575
32744.020002177273
32866.250002130684
33160.55500197651
33365.360001869216
33502.8250017972
33582.360001755536
33702.8850016924
33818.47500163184
33986.510001543815
34118.37000147474
34197.4750014333
34519.63500126453
34611.68000121631
34744.56500114669
34917.64500105602
35004.625001010456
35163.79500092707
35504.78500074844
35728.795000631086
35877.54000055316
35975.07000050207
36065.47500045471
36170.85000039951
36219.055000374254
36468.125000243774
36574.56500018801
36654.390000146195
36795.37500007234
37087.38499991936
37258.23999982986
37311.94999980172
37447.61999973065
37499.374999703534
37566.48499966838
37674.739999611666
37732.24999958154
38128.214999374104
38368.539999248205
38573.92999914061
38800.30499902202
38889.949998975055
39038.67999889714
39356.50499873064
39783.92999850673
39943.454998423156
39982.73499840258
40265.47499825446
40361.43499820419
40625.30999806595
40891.5149979265
41042.28499784751
41164.57499778345
41330.654997696445
41448.7099976346
41530.09999759196
41623.01499754329
41730.944997486746
41977.48999735759
42035.95499732696
42131.53499727689
42339.10499716815
42454.89499710749
42726.574996965166
42840.56999690545
42966.599996839424
43015.72999681369
43155.8199967403
43542.39999653778
43623.22499649544
43914.84499634267
44244.169996170145
44407.8399960844
44548.98499601046
44622.51499597194
44807.59999587498
44872.24999584111
44913.194995819664
45001.74999577327
45088.234995727966
45204.47999566707
45325.204995603824
45611.799995453686
45668.17499542415
46033.739995232645
46237.529995125886
46345.18499506949
46494.90999499105
46538.979994967965
46746.06999485948
46851.71999480413
46934.54999476074
46998.99499472698
47430.94499450069
47513.594994457395
47651.299994385256
47994.59999420541
48085.99999415753
48272.11999406003
48470.699993956
48585.769993895716
48655.77999385904
48728.92999382072
48909.39499372618
48972.5349936931
49172.214993588495
49304.62999351913
49399.32499346952
49473.19499343082
49686.49499331908
49756.539993282386
49807.20999325584
49881.5499932169
49991.199993159455
50072.91499311665
50171.499993065
50417.79999293597
50582.2899928498
50759.389992757024
50872.09999269798
50971.52999264589
51149.85499255247
51367.45499243848
51471.47999238398
51579.56999232736
51660.9899922847
51846.164992187696
51925.099992146344
52278.68999196111
52397.51999189886
52553.10499181735
52635.02499177444
52694.93499174305
52789.29999169362
52997.159991584726
53104.42999152853
53195.27499148094
53293.609991429425
53535.749991302575
53634.534991250825
53780.06999117458
53861.98499113167
53944.54499108842
54187.80999096098
54269.959990917945
54349.08999087649
54438.969990829406
54509.95499079222
54548.98999077177
55028.95999052033
55164.589990449276
55291.88999038259
55407.04999032226
55485.73499028104
55571.64499023603
55767.624990133365
56071.834989974
56136.43498994016
56419.754989791734
56501.61998974885
56689.40498965047
56806.21998958928
56939.09498951967
56991.09498949243
57074.189989448896
57144.69998941196
57396.0199892803
57541.73998920396
57620.06998916293
58063.849988930444
58139.55998889078
58253.08498883131
58396.944988755946
58528.449988687054
58577.219988661505
58656.90498861976
58845.644988520886
58898.17498849337
59062.85998840709
59222.344988323544
59270.5399882983
59462.35498819781
59625.94498811211
59710.01498806807
59747.67998804834
59871.724987983354
60091.40498786827
60278.33998777034
60343.044987736444
61263.60498725419
61499.35998713069
61651.614987050925
61737.649987005854
62002.389986867165
62062.57998683563
62119.54998680579
62305.174986708545
62449.10998663314
62674.28998651518
62785.11998645712
62832.37998643236
62931.11998638063
63119.53498628193
63243.60498621693
63399.84498613508
63468.919986098896
63645.62998600632
63732.24498596095
63816.85498591662
63905.41498587023
64124.544985755434
64232.8449856987
64359.32498563244
64487.95998556505
64627.41998549199
64780.42498541184
64882.38998535842
65447.80498506222
65791.79998525424
65922.29998537578
66021.32998546801
66109.88998555049
66371.41998579405
66432.64998585108
66509.27498592244
66601.9949860088
66957.28498633968
67084.87998645852
67212.94498657779
67291.2399866507
67387.9799867408
67602.76998694084
67895.80998721375
68053.68498736079
68285.66498757683
68425.5299877071
68539.36498781311
68644.07998791063
68801.39998805715
68879.28498812969
69026.71498826699
69096.07998833159
69223.31498845009
69413.43498862715
69558.72998876247
69895.23498907586
70209.2349893683
70386.079989533
70529.81998966687
70777.69498989772
70830.22998994665
71127.33999022335
71445.82999051997
71501.7999905721
71572.23499063769
71647.48999070778
71788.10499083874
72005.21499104094
72231.12999125134
72473.41999147699
72526.30499152624
72619.62499161315
72874.06499185011
72934.72999190661
73019.79999198584
73077.17499203928
73302.33499224897
73629.56499255373
73690.86499261082
73824.33499273512
73919.20999282348
74101.1149929929
74148.07499303663
74263.30999314395
74419.25999328919
74749.85499359708
74950.50999378395
75110.82499393326
75203.16999401926
75281.62999409233
75460.61499425903
75722.579994503
75972.78999473603
76036.93499479577
76406.32499513979
76495.83999522316
76756.95999546634
76870.82999557239
76957.71999565331
77020.3099957116
77086.41999577318
77181.69999586191
77236.72999591316
77309.26999598072
77473.18999613338
77731.06499637355
78084.66499670286
78264.58999687043
78454.5999970474
78529.97499711759
78795.63999736501
78846.37999741227
78890.58499745344
79035.04499758797
79116.68499766401
79183.10499772587
79417.13999794383
79658.19499816833
79729.62499823485
80076.19999855763
80138.70999861584
80384.27499884454
80461.33499891631
80651.32499909325
80812.95499924378
80874.98499930155
80932.67999935528
81116.52999952651
81157.08999956428
81317.37999971356
81378.33999977034
81526.4799999083
81573.42499995203
81699.12500006909
81801.025000164
81862.78000022151
82116.46000045777
82167.53500050533
82302.84000063135
82504.29000081896
82585.13000089425
82770.38000106678
82844.15500113548
83257.81000152073
83318.48500157724
83410.90500166331
83629.24500186666
83762.09500199038
83841.93500206474
84196.9850023954
84289.15000248124
84503.89000268123
84809.35000296572
84929.98500307807
84991.58500313543
85071.71500321006
85260.77000338613
85527.5650036346
85649.57500374824
85759.04000385018
85907.41500398837
86266.3950043227
86321.43000437395
86376.73500442546
86449.65500449337
86577.50000461243
86860.81500487629
86939.92500494997
87392.38000537135
87468.20500544197
87627.32000559015
87816.94500576676
87889.76000583457
87950.93500589154
88040.35500597482
88259.24000617868
88593.13000648963
88834.80000671471
88927.6750068012
89015.68000688317
89240.16500709223
89403.06500724395
89553.58000738412
89784.27500759898
90129.00000792003
90262.53000804438
90504.32500826957
90568.10500832897
90837.30000857968
91086.85000881209
91162.08500888216
91243.69500895817
91428.08000912989
91533.33500922791
91595.5900092859
91666.96000935236
91766.76500944531
91812.21500948764
91965.5050096304
92061.36500971968
92523.32501014991
92779.02001038805
92876.10001047846
92966.17001056235
93222.35001080093
93387.40001095465
93452.46001101524
93647.37001119676
93786.33501132618
93879.35001141281
94010.39501153486
94113.03501163045
94359.23501185974
94603.41001208714
94765.66001223825
94899.1750123626
95021.78501247679
95187.24501263088
95424.23001285159
95818.01001321833
95893.63501328876
96026.44501341245
96263.89501363359
96356.04501371941
96562.31501391152
96705.60501404497
96768.69501410372
96954.84501427709
97071.85501438606
97390.21501468256
97905.84001516277
97974.52001522674
98627.24001583463
98766.59001596441
98866.46001605742
99047.41001622594
99179.70501634915
99223.04001638951
99355.13501651253
99504.93501665205
99591.82501673297
99784.75501691265
99962.11001707782
100095.72001720226
100227.81001732528
100274.85001736908
100454.7250175366
100599.18001767114
100939.58501798817
101039.18501808093
101217.2900182468
101470.08001848223
101603.8350186068
101661.70001866069
101714.05501870945
101907.85001888993
102056.5250190284
102204.1700191659
102301.4450192565
102363.0850193139
102543.83001948224
102918.8450198315
103157.4400200537
103241.75002013223
103306.77002019278
103413.85502029251
103593.41502045974
103674.9700205357
103803.63502065552
104233.1050210555
104515.66502131865
104662.31502145523
104754.18502154079
104916.95502169238
105105.26502186776
105181.89502193913
105402.61002214468
105610.63502233842
105670.61002239428
105718.40502243879
105765.53002248268
105988.43002269027
106236.83002292161
106322.7200230016
106377.18502305233
106448.28002311854
106539.17002320319
106711.96502336412
106816.01502346102
106880.91502352146
107130.63002375403
107261.30502387573
107327.80502393766
107484.46002408356
107591.9950241837
107859.1400244325
108011.08502457401
108577.55502510158
108691.04502520728
108820.75002532807
108886.90502538969
109147.92002563277
109220.4300257003
109581.77002603683
109845.92002628284
109946.04502637609
110060.9450264831
110190.36502660363
110296.2000267022
110491.94002688449
110589.99502697581
110864.73002723168
110946.9950273083
111107.77502745803
111215.16002755804
111368.1300277005
111416.47002774553
111923.01002821728
111990.54002828017
112118.62002839945
112204.47502847941
112365.6300286295
112555.02502880589
112749.32502898684
112883.4900291118
112991.3000292122
113198.91502940556
113554.51502973674
113670.36502984463
113762.43002993037
113875.51003003569
114051.8300301999
114226.68503036274
114269.47003040259
114304.52503043524
114372.86003049888
114469.53003058891
114582.82003069442
114783.19003088103
115069.78003114794
115268.31003133283
115399.99503145547
115456.15003150777
115488.78503153817
115678.64003171498
115973.07003198919
116115.4550321218
116275.9850322713
116419.42003240489
116470.07503245206
116589.0850325629
116869.435032824
116954.78003290348
117068.2950330092
117164.31503309862
117223.0250331533
117288.0900332139
117421.89503333851
117562.09503346909
117665.12503356504
117792.80003368395
117854.46503374138
117995.06503387232
118177.29003404203
118232.29003409325
118477.22503432137
118698.22503452719
118891.36503470707
119162.02003495913
119330.455035116
119494.90003526915
119557.03003532701
119673.14003543515
119978.58003571961
120353.33003606863
120396.99503610929
120523.61503622722
120616.74003631395
120809.52003649349
121115.64503677859
121200.34003685747
121260.95503691392
121458.610037098
121657.73503728345
121991.87503759464
122153.82503774547
122483.23503805225
122579.88003814226
122693.420038248
122824.3100383699
123064.49003859359
123171.28503869305
123240.57003875758
123299.07003881206
123549.69503904547
123679.30003916618
123902.15503937373
124007.20503947156
124179.74003963225
124294.12003973877
124467.58503990032
124747.46504016098
124886.3250402903
124981.82504037925
125204.40504058654
125360.36004073179
125439.9350408059
126037.20004136214
126481.31504177576
126560.84004184982
126733.02504201018
126793.91004206688
126934.11004219746
127092.35504234483
127240.41504248272
127302.3500425404
127354.66504258913
127513.96504273749
127563.14004278329
127672.99004288559
127771.5750429774
128106.01004328887
128244.14004341752
128336.18504350324
128450.9300436101
128799.8950439351
128918.37504404545
128979.5300441024
129346.17504444387
129661.28504473733
129789.29504485655
129854.85504491761
129981.35504503542
130036.74504508701
130216.46004525438
130338.22504536778
131033.31504601514
131176.01504614804
131315.3500462778
131410.12504636607
131540.17004648718
131641.18504658126
131740.31004667358
131818.58004674647
131891.085046814
131954.15504687274
132110.8950470187
132323.3900472166
132551.5350474291
132858.34504771483
133011.46504785743
133086.175047927
133326.9950481513
133598.58504840423
133856.10504864407
134109.61004888016
134300.06504905754
134422.8600491719
134549.7900492901
134636.91504937125
135002.3550497116
135041.19004974776
135140.59004984034
135223.6650499177
135308.08504999633
135441.4200501205
135520.41505019407
135651.2200503159
135732.36005039146
135804.61005045875
135909.07005055604
136036.815050675
136128.44505076035
136238.25505086262
136309.18505092867
136614.18505121273
136805.34505139076
136901.7000514805
137264.04505181796
137719.64005224226
137779.75005229824
137969.73005247518
138021.01505252294
138107.1850526032
138245.74005273223
138323.17505280435
138378.24505285564
138510.73505297903
138579.72005304327
138749.7200532016
138878.65005332167
139003.08005343756
139065.04505349527
139443.5800538478
139532.8100539309
139823.2350542014
139948.75005431828
140056.85505441896
140194.05505454674
140440.7650547765
140557.1650548849
140764.12005507766
140797.785055109
141078.00505536998
141305.73005558207
141527.0650557882
141694.5650559442
142125.17505634524
142201.06505641592
142294.17005650263
142366.3050565698
142407.34505660803
142810.1800569832
142877.9250570463
143103.01505725592
143146.4800572964
143474.9450576023
143715.81505782664
143921.5000580182
144007.0950580979
144114.95505819836
144180.2800582592
144319.640058389
144443.91005850473
144502.64505855943
144846.2100588794
144924.72505895252
145005.05505902733
145192.11005920154
145267.41505927168
145384.7000593809
145477.55505946738
145676.9550596531
146006.30505995982
146274.90506020997
146442.445060366
146496.29006041616
146679.2100605865
146809.50006070785
146957.59506084578
147073.62006095384
147150.4550610254
147224.7800610946
147349.55006121082
147404.0650612616
147708.2750615449
147795.345061626
148019.39506183466
148109.0850619182
148262.58506206115
148342.34006213542
148390.6250621804
148464.25006224896
148616.3300623906
148715.4250624829
148830.46506259002
149019.34506276593
149201.27506293537
149382.37506310403
149483.7050631984
149582.64006329054
149754.32006345043
149889.3750635762
149994.41006367403
150067.36006374197
150188.33006385464
150252.1950639141
150326.2750639831
150377.11006403045
150464.90506411222
150571.78006421175
150651.515064286
150715.63506434573
150778.23506440403
150889.83006450796
151046.13506465353
151141.5700647424
151288.81006487954
151467.2350650457
151689.85006525303
151740.8050653005
151862.92506541422
152079.23506561568
152409.15006592294
152693.78506618802
152888.3100663692
153038.49006650905
153359.25006680778
153640.84006707004
153679.86506710638
153778.72006719845
153888.0850673003
153974.86506738112
154041.57006744324
154132.2650675277
154296.66006768082
154484.03006785532
154673.39506803168
154833.45506818075
154890.61006823397
154924.42506826547
155012.80006834777
155067.61006839882
155139.745068466
155224.70506854512
155296.03506861156
155332.1700686452
155573.9550688704
155660.53006895102
155735.41006902076
155913.12006918626
156223.5900694754
156457.37006969313
156713.51006993168
156758.71506997378
157133.20007032255
157423.29007059272
157464.85007063142
157547.69507070858
158087.35007121117
158188.82007130567
158379.81007148355
158498.97507159453
158782.965071859
158946.72007201152
159188.45507223665
159367.09507240303
159412.22007244505
159664.72507268022
159762.215072771
159860.93507286295
159957.68007295305
160057.29007304582
160138.25007312122
160473.3550734333
160901.50507383206
161024.0550739462
161228.99507413706
161377.3300742752
161454.29007434688
161706.02507458132
161835.8050747022
161959.8200748177
162016.2100748702
162166.82507501048
162518.1900753377
162656.7050754667
162764.99507556757
162839.7750756372
162974.22007576242
163103.65507588297
163286.90007605363
163648.13507639006
163780.01507651288
163971.62507669133
164043.19507675798
164097.0200768081
164183.7650768889
164245.98507694685
164417.54507710662
164484.80007716926
164653.16507732606
164810.7300774728
164987.81007763773
165122.7400777634
165209.285077844
165385.46507800807
165743.12007834116
165836.63007842825
166027.13507860567
166187.5900787551
166261.92007882433
166466.03507901443
166537.34007908084
166860.62007938192
167031.18507954077
167112.04507961607
167152.765079654
167302.10007979308
167506.95507998386
167593.28508006426
167728.90008019056
167936.67008038406
168570.02508097392
168756.48508114758
168909.12008128973
169044.62508141593
169100.66508146812
169182.10008154396
169400.100081747
169503.5200818433
169601.30508193438
169662.35008199123
169702.4800820286
169896.97008220974
170044.61008234724
170152.30508244754
170307.15008259175
170555.52508282306
170637.3800828993
171106.0850833358
171352.86508356564
171426.22008363396
171638.94008383207
171797.53008397977
172024.6550841913
172171.08008432767
172290.91508443927
172553.65008468396
172706.10008482594
172846.22508495644
172983.05508508388
173111.54508520354
173618.21508567542
173819.7350858631
173962.69508599624
174036.54508606502
174511.61508650746
174690.25008667383
174785.64008676267
174963.51508692832
175039.44008699903
175111.21508706588
175221.5150871686
175328.07008726784
175406.75008734112
175483.97508741304
175533.51508745918
175762.1300876721
175850.59008775448
175968.05508786388
176183.83508806484
176244.93508812174
176409.9250882754
176480.81508834142
176878.59508871188
176960.60008878825
177069.85508889
177240.34008904878
177468.37508926116
177643.08508942387
177709.20508948545
177749.50008952298
177904.6850896675
177962.04508972092
178068.07008981967
178147.29508989345
178215.8500899573
178602.33009031723
178794.74009049643
179053.53509073745
179124.70009080373
179181.54009085667
179262.07009093167
179314.47009098047
179422.3000910809
179765.01509140007
179818.4100914498
179937.4750915607
180064.7350916792
180267.82009186834
180338.5450919342
180465.70509205264
180693.2900922646
180755.39509232243
180973.7600925258
181120.59509266255
181344.0850928707
181490.93509300746
181633.8950931406
181899.7400933882
182302.13509376295
182346.4300938042
182397.08509385138
182565.51009400823
182614.26509405364
182690.59509412473
182753.35009418317
182817.3600942428
183211.3350946097
183304.81509469677
183392.09509477805
183588.8550949613
183723.4000950866
183819.0650951757
183902.01009525295
184146.43509548059
184215.15009554458
184375.12509569357
184560.8050958665
184666.61009596504
184707.53509600315
184850.73509613652
184958.01009623642
185560.0300967971
185827.75509704644
185969.11009717808
186114.1800973132
186179.62509737414
186247.120097437
186387.41009756766
186471.530097646
186524.66509769548
186578.3800977455
186676.69509783707
186784.24009793723
186843.4850979924
187219.14009834226
187379.44509849156
187538.76009863993
187965.44509903732
188036.4100991034
188106.57009916875
188202.38509925798
188475.21509951208
188533.78509956662
188748.11009976623
188927.36509993317
189112.86510010593
189471.58510044002
189630.12510058767
189680.59510063467
190039.00010096846
190181.88010110153
190236.97010115284
190458.89010135952
190550.96510144527
190717.57510160044
190904.01010177407
191159.83010201232
191260.69510210626
191315.35010215716
191356.34510219534
191464.71510229626
191821.72010262875
191903.22510270466
192184.39510296652
192263.5151030402
192378.54510314733
192438.46010320314
192836.33510357369
193000.01510372612
193157.32010387263
193306.93510401197
193400.6101040992
193662.74010434333
193851.59010451921
193964.48010462435
194100.08010475064
194175.8501048212
194279.9851049182
194385.68010501663
194495.35010511876
194722.6951053305
194779.22010538314
194928.88010552252
195046.35510563193
195118.1701056988
195290.56510585936
195464.47510602133
195808.775106342
195893.4151064208
195954.32510647754
196121.32010663307
196168.66010667715
196366.3951068613
196648.17510712374
196701.2701071732
196847.65510730952
196999.10510745057
197112.69010755635
197276.57510770898
197638.52010804607
197679.7901080845
197766.46510816523
197828.68010822317
197922.96010831097
198015.24510839692
198374.7051087317
198520.03010886704
198619.59010895976
198683.3051090191
198922.88010924222
199237.00510953477
199327.05010961863
199387.95510967536
199492.18010977242
199637.19510990748
199699.97010996594
200121.19511035824
200340.01511056203
200596.44011080085
200659.91511085996
201194.3651113577
201301.3951114574
201387.02011153713
201471.710111616
201721.75011184887
202004.1851121119
202174.29011227033
202316.45011240273
202382.37011246412
202695.8801127561
202934.6851129785
203109.75511314155
203239.5051132624
203420.42011343088
204043.4251140111
204255.53011420864
204370.83511431603
204533.50511446752
204622.31011455023
204695.88011461875
204955.60011486063
204996.96511489915
205088.13511498406
205351.4451152293
205488.62511535705
205733.90011558548
205882.91011572425
205943.67011578084
206046.67011587677
206093.7301159206
206269.13511608395
206384.41511619132
206461.7001162633
206513.39011631144
206640.6001164299
206850.86011662573
207094.53511685267
207158.16011691192
207421.315117157
207489.00011722004
207780.0551174911
207896.14011759922
207968.89511766698
208193.6501178763
208405.66511807375
208584.5001182403
208762.28511840588
208881.14511851658
209035.44511866028
209182.72511879745
209277.23011888546
209555.52011914464
209629.32011921337
209711.46511928987
209855.8051194243
210024.89011958177
210087.1851196398
210294.7401198331
210407.66511993826
210603.2501201204
210744.9551202524
210791.0451202953
210990.17012048076
211067.98512055323
211197.0051206734
211270.32512074168
211337.1301208039
211439.93512089964
211492.950120949
211759.215121197
211826.68012125982
211954.46512137883
211994.00512141566
212057.65512147493
212145.92512155714
212216.33512162272
212374.3801217699
212633.84512201155
212914.44512227288
213088.49512243498
213213.25512255117
213865.0401231582
214100.80012337776
214243.63012351078
214689.7751239263
214897.83512412006
215163.48012436746
215519.53512469906
215831.75512498984
215916.3201250686
215975.5901251238
216019.97012516513
216097.6651252375
216210.960125343
216270.3351253983
216363.52012548508
216590.6201256966
216755.18012584985
216823.1001259131
216927.66512601048
217033.38012610894
217128.8001261978
217203.6251262675
217271.79012633098
217445.09012649237
217556.4751265961
217714.86012674362
217767.49512679264
218119.5401271205
218434.0201274134
218548.2951275198
218802.27512775635
219048.71012798586
219210.1351281362
219313.17512823216
219384.12512829824
219512.44012841774
219654.37512854993
219737.63512862747
219781.43012866826
219957.245128832
220341.8501291902
220420.80512926372
220566.11512939906
220628.13512945682
220663.37512948964
220828.73512964364
221201.36012999067
221410.59513018554
221571.22513033514
221716.26513047022
221904.2751306453
222082.45013081125
222248.14013096556
222426.83013113198
222751.7501314346
222920.09513159137
222963.8151316321
223095.17513175443
223360.66513200168
223747.68013236212
223812.89013242285
224006.16513260285
224118.8501327078
224197.74013278127
224225.13513280678
224490.9051330543
224765.48013331002
224878.81513341557
225051.96013357682
225238.60013375065
225427.2051339263
225838.80013430963
225935.05513439927
225994.95013445505
226130.98013458174
226203.9451346497
226653.7351350686
226818.69013522222
226882.51513528166
226960.4051353542
227007.50013539806
227062.8451354496
227185.7851355641
227251.55513562536
227442.38013580308
227783.13513612043
227941.3601362678
228019.4501363405
228204.4301365128
228324.35013662447
228474.40513676422
228616.78513689683
228706.8451369807
228753.2401370239
228849.74013711378
228956.97513721365
229078.53513732686
229486.35513770668
229641.0101378507
229811.81013800978
229951.78513814014
230210.44513838104
230356.3351385169
230452.6401386066
230559.84013870644
230662.2401388018
230880.3151390049
230950.93013907067
231052.56513916532
231113.40013922198
231328.2701394221
231500.23013958224
231693.00513976178
231756.9251398213
231838.05513989687
232149.84514018724
232236.10514026758
232436.4901404542
232511.79014052433
232577.05514058511
232733.40014073072
232859.36014084803
232903.21514088887
232960.54514094227
233003.15014098195
233085.38514105853
233190.8051411567
233349.97014130495
233802.04514172598
233844.77514176577
234068.51514197415
234150.22514205024
234326.9301422148
234386.79514227057
234439.0101423192
234854.60514270625
235007.3501428485
235135.3351429677
235253.760143078
235314.04014313413
235472.62514328182
235748.05514353834
235920.3351436988
236060.00514382886
236282.15014403575
236482.47014422232
236670.08514439705
236729.7501444526
237095.240144793
237501.13514517102
237868.15014551283
238067.01014569803
238139.06014576514
238481.9851460845
238592.94014618784
238640.1451462318
238964.66014653404
239124.97014668334
239252.20014680183
239317.3451468625
239366.18014690798
239534.94514706515
239612.2051471371
239870.6301473778
240155.64514764323
240421.76514789107
240534.5351479961
240704.24514815415
240878.43014831637
241238.97514865216
241336.54014874302
241401.6951488037
241499.65014889493
241612.88014900038
241683.6501490663
241823.2551491963
241905.4951492729
242142.11014949327
242268.61014961108
242379.0151497139
242432.74014976394
242495.7251498226
242680.28514999448
243001.97515029408
243121.05015040498
243208.13515048608
243715.67515095876
244052.19015127217
244094.72015131178
244276.36515148095
244493.98515168362
244720.35015189444
244833.88515200018
244889.9451520524
244951.2801521095
245081.06015223038
245285.29015242058
245364.5501524944
245924.620153016
245994.64515308122
246250.79515331978
246390.79515345016
246445.395153501
246492.625153545
246604.77515364945
246723.50015376002
246867.72515389434
246956.03015397658
247247.65015424817
247598.65515457507
247906.36515486165
248112.6851550538
248336.05015526182
248407.17515532806
248452.79515537055
248609.54015551653
248681.60515558365
248852.21015574253
249032.50015591044
249117.36015598947
249244.0901561075
249307.7501561668
249429.11515627982
249467.46515631553
249678.2151565118
249870.97515669133
250020.69015683077
250082.88015688868
250182.20015698118
250330.62515711942
250490.22015726805
250633.15015740116
250942.59015768935
251015.60515775735
251107.71515784314
251203.42515793227
251281.66015800514
251401.765158117
251473.57015818387
251551.3501582563
251611.51515831234
251834.94015852042
251935.9701586145
252268.51515892422
252378.63515902677
252689.02515931585
252853.0351594686
253001.24515960662
253051.8851596538
253168.4101597623
253308.65015989292
253361.91015994252
253718.45516027458
253877.64516042284
254008.51516054472
254115.83016064466
254447.61516095366
254514.26516101573
254552.7701610516
254594.93016109086
254637.0501611301
254707.35516119556
255023.14016148966
255101.63016156276
255395.4401618364
255553.32016198343
255627.03016205208
255768.2451621836
255913.15016231855
256043.4451624399
256358.99016273377
256600.33516295854
256694.5801630463
257283.70016359497
257603.0501638924
257866.4551641377
257992.45016425505
258162.66516441357
258295.48516453727
258378.97016461502
258490.81016471918
258705.44016491907
258871.54016507376
258936.7451651345
259037.9001652287
259171.42016535305
259223.59516540164
259360.26016552892
259505.54016566422
259604.24516575615
260048.31516616972
260140.03516625514
260227.6051663367
260333.93016643572
260475.46016656753
260638.0001667189
260902.64516696538
261062.57016711432
261120.0951671679
261222.90016726364
261309.4051673442
261366.9451673978
261445.0101674705
261626.44516763947
261940.79516793223
262105.55016808567
262234.39516820566
262321.9701682872
262494.3601684478
262590.7901685376
262669.44016861083
262800.5051687329
263058.7601689734
263234.3151691369
263421.6601693114
263656.97516953055
263716.4351695859
263766.41516963247
263886.8201697446
263993.07516984356
264061.9501699077
264402.7401702251
264558.2151703699
264696.7251704989
264945.03017073014
265040.05517081864
265121.7501708947
265482.00017123023
265683.4751714179
265753.0651714827
265949.5551716657
266121.2401718256
266170.08517187106
266286.2851719793
266431.4601721145
266566.0301722398
266621.4101722914
266700.7601723653
267157.59517279075
267295.4151729191
267406.7501730228
267702.73517329845
267897.3401734797
268355.090173906
268576.4751741122
268854.8201743714
269063.1301745654
269130.91017462855
269285.44517477247
269436.9701749136
269739.71517519554
269885.34517533117
270084.870175517
270419.8001758289
270781.80017616606
270910.30517628574
271306.98017665517
271355.39017670025
271404.2001767457
271484.46517682046
271619.3751769461
271835.7451771476
272051.2251773483
272181.9901774701
272324.9251776032
272602.0351778613
272662.45517791755
272818.34517806274
272991.97017822444
273298.7151785101
273415.26017861866
273566.2851787593
273614.0851788038
273904.4801790743
274288.86017943226
274330.09517947066
274410.4401795455
274727.24017984053
274792.5951799014
274871.02517997444
274909.79518001055
274981.8701800777
275179.30018026155
275219.90018029936
275381.26518044964
275508.08518056775
275777.89518081903
275870.7301809055
276072.42018109333
276279.55518128624
276548.20018153643
276593.4851815786
276729.5251817053
277020.8101819766
277391.1701823215
277566.0551824844
277881.9701827786
277995.63018288446
278083.56018296635
278413.0451832732
278761.805183598
278822.4301836545
279000.01518381987
279131.9951839428
279382.05518417567
279555.6301843373
279708.1701844794
279782.10018454824
280022.95018477255
280133.8201848758
280208.8651849457
280366.99018509296
280450.08518517035
280646.0751853529
280724.02018542547
280796.6451854931
280898.8801855883
280969.66018565424
281123.23518579727
281301.23018596304
281455.6101861068
281493.0401861417
281679.8901863157
281779.16018640815
281893.72518651484
282049.0501866595
282220.15018681885
282330.30518692144
282460.01518704224
283013.3901875576
283125.1801876617
283251.3101877792
283293.8451878188
283382.58518790145
283511.55518802156
284214.18018867593
284334.2001887877
284530.975188971
284600.40518903563
284641.33018907375
284801.10518922255
284872.83018928935
284965.70518937585
285038.1101894433
285385.33018976665
285633.0151899973
285708.84519006795
285797.4001901504
286002.4351903414
286127.19019045756
286320.2001906373
286537.55019083974
286785.2401910704
287090.3801913546
287314.62019156344
287420.7701916623
287513.9401917491
287683.4151919069
287743.3151919627
287925.36519213225
288039.8751922389
288173.52519236336
288576.69019273884
288720.57519287284
288891.3551930319
288991.335193125
289045.07519317506
289159.0301932812
289206.68019332556
289354.6551934634
289540.40019363636
289698.6251937837
289739.66519382194
289904.2251939752
289961.72519402875
290073.8901941332
290244.44019429205
290320.9201943633
290427.5551944626
290620.9351946427
290685.62019470293
290855.9051948615
291207.9301951894
291358.8151953299
291547.7901955059
291656.18019560684
291862.3801957989
292071.2551959934
292362.92019626504
292456.310196352
292578.45019646577
292825.640196696
292985.5351968449
293054.5601969092
293215.03519705863
293356.1851971901
293435.48019726394
293551.0001973715
293673.4751974856
293885.8751976834
294180.8151979581
294311.8401980801
294439.74519819923
294596.76519834547
294834.3901985668
294932.82019865845
295031.8651987507
295095.9801988104
295482.46019917034
295616.06019929476
295686.9701993608
295866.7251995282
295953.09019960865
296141.2601997839
296293.9551999261
296612.17020022246
296789.34020038747
296939.2502005271
297139.26520071336
297377.71520093543
297572.82020111714
297730.7252012642
298212.58020171296
298294.49020178925
298581.3402020564
298826.5902022848
299104.40520254354
299522.0752029325
299671.9502030721
299814.1302032045
299884.9502032705
300024.3552034003
300130.68520349934
300269.2752036284
300361.43520371424
300433.9852037818
300678.11020400916
301081.7602043851
301159.45520445745
301440.6952047194
301604.7852048722
301767.780205024
301968.8902052113
302019.9002052588
302095.56020532927
302293.6102055137
302502.8552057086
302775.53520596254
302999.95020617155
303214.47520637134
303482.1402066206
303560.5152066936
303640.6202067682
303699.47520682303
303826.9052069417
304046.73520714644
304216.5702073046
304299.63020738197
304528.21020759485
304860.0202079039
304950.1652079878
305135.2402081602
305206.16020822624
305305.5202083188
305422.6952084279
305911.9952088836
306148.90020910423
306665.3202095852
306773.81520968623
306889.4302097939
306987.61520988535
307216.96521009895
307342.635210216
307430.9402102982
307502.49021036486
307583.76521044056
307738.57521058474
307823.72521066404
308014.31521084154
308120.9952109409
308309.06521111605
308514.4202113073
308657.3252114404
308816.5752115887
308875.23521164333
309016.56521177496
309101.93521185446
309294.5202120338
309551.1252122728
309855.4402125562
309975.0202126676
310051.97521273926
310112.30021279544
310174.15021285304
310338.67021300626
310500.77021315723
310618.1052132665
310671.3352133161
310763.65521340206
310809.1452134444
311026.5252136469
311542.6702141276
311616.8102141966
311698.2852142725
311916.95021447615
311946.9502145041
312031.94021458324
312150.5452146937
312380.16021490755
312670.63021517807
312740.8652152435
312900.08521539177
313034.2502155167
313321.8752157846
313386.6502158449
313566.6052160125
313928.83521634986
314043.51521645667
314104.3052165133
314312.305216707
314614.3502169883
314791.6452171534
314981.09021732985
315132.645217471
315226.5202175584
315823.76521811465
315970.54521825135
316270.4802185307
316684.36021891615
316838.4752190597
316933.1952191479
317080.38021928497
317195.7402193924
317423.10021960415
317513.9102196887
317571.2152197421
317631.8602197986
317838.42021999095
318029.64522016904
318252.23022037634
318493.2702206008
318631.6252207297
318841.0252209247
318888.580220969
319043.68522111344
319548.46522158355
319624.26522165415
319768.47022178845
320056.25022205646
320130.44022212556
320213.64522220305
320326.7502223084
320518.1002224866
320642.07522260206
320681.755222639
320847.2902227932
320971.3602229087
321172.8752230964
321234.55022315384
321450.6202233551
321509.3802234098
321576.01022347185
321684.5302235729
321782.2152236639
322175.49022403016
322521.13022435206
322640.31022446306
322678.52522449865
322767.44022458146
322900.15022470505
323112.94522490323
323179.5802249653
323254.3302250349
323321.6702250976
323555.8552253157
323856.32522559556
323951.8302256845
324373.6802260774
324518.37522621214
324667.31522635085
324793.68022646854
324859.4552265298
325020.12522667943
325145.5152267962
325255.6902268988
325483.26522711077
325731.08022734156
325795.4452274015
325860.78022746235
326002.7502275946
326370.1202279367
326521.89022807806
326705.455228249
326816.055228352
326947.30522847426
327293.5102287967
327352.3402288515
327475.9252289666
327717.62022919167
327777.035229247
328057.5852295083
328340.90522977215
328380.19022980874
328426.8702298522
328707.6402301137
329116.47023049445
329251.7002306204
329468.0452308219
329664.41523100476
329749.00023108354
329848.7902311765
329898.2302312225
330080.5102313923
330314.57023161027
330579.9252318574
330826.3252320869
330923.9802321778
331033.67023228
331284.5952325137
331438.45523265697
331510.410232724
331627.2252328328
331838.0202330291
331939.3602331235
332028.9602332069
332100.0302332731
332176.5952333444
332279.1252334399
332390.5802335437
332451.85523360077
332640.6352337766
332732.18523386185
332813.3352339374
332908.3652340259
333156.1852342567
333360.5652344471
333458.46023453824
333649.6152347163
333947.45523499366
334343.03023536206
334612.42023561295
334663.6002356606
334910.7852358908
334988.64023596334
335056.9052360269
335204.5052361644
335358.25023630756
335473.33523641474
335583.0102365169
335695.0302366212
336054.6302369561
336350.1202372313
336558.36523742526
336660.15023752005
336857.8852377042
336981.5652378194
337187.68023801135
337256.1202380751
337405.76523821446
337615.15523840947
337771.1202385547
337861.1652386386
338002.8902387706
338308.8252390555
338366.5102391092
338504.28523923754
338616.1302393417
338744.7802394615
338836.1652395466
338965.430239667
339080.1852397739
339177.23523986427
339438.25024010736
339775.8502404218
339837.7502404794
340034.71524066286
340243.3952408572
340293.650240904
340353.2602409595
340533.7002411276
340594.24524118396
340715.3802412968
341038.1852415974
341165.2052417157
341352.09024188976
341422.3752419552
341482.96524201165
341557.9952420815
341730.9252422426
341945.075242442
342170.1202426516
342469.29024293023
342594.83524304716
342678.0952431247
342778.22524321795
342952.6452433804
343059.7352434801
343122.88524353894
343251.9002436591
343406.435243803
343733.31524410745
343831.13524419855
344011.43024436646
344314.1402446484
344878.99024517444
344996.99524528434
345153.03524542967
345247.4752455176
345383.10024564393
345629.2852458732
345753.15024598857
345919.68024614366
346077.71524629084
346326.29524652235
346432.72024662147
346519.15024670196
346707.3152468772
346774.9652469402
346932.595247087
347053.1552471993
347125.3452472665
347178.09024731565
347294.80024742434
347429.9202475502
347798.71524789365
347851.690247943
347916.2252480031
347970.1702480533
348180.74024824944
348330.44024838886
348402.6702484561
348561.2152486038
348725.3902487567
348896.0252489156
348963.8802489788
349226.3202492232
349318.70524930925
349379.9852493663
349630.86024959997
349864.36024981743
349939.21524988714
350156.21025008924
350956.6602508347
351251.7202511095
351420.0702512663
351731.50525155634
351884.4852516988
351977.82025178574
352292.32025207864
352343.7052521265
352619.81525238365
352712.1902524697
352839.91525258863
352948.4602526897
353165.90525289223
353339.2852530537
353451.5802531583
353762.0202534474
353817.5052534991
354010.7902536791
354057.0952537222
354205.64525386057
354312.25025395985
354394.82525403675
354683.75525430584
354845.4052544564
354941.66525454604
355236.72025482083
355344.270254921
355540.5852551038
355629.19025518635
355823.3602553672
356252.8002557671
356497.97025599546
356728.4302562101
356818.9852562944
356869.2852563413
356970.965256436
357197.40525664686
357402.90525683825
357536.840256963
357892.42025729414
358250.74025762785
358401.79525776854
358566.580257922
358912.6402582443
359143.3702584592
359237.7602585471
359323.73025862715
359386.3652586855
359524.1452588138
359641.9102589235
359717.67525899404
359782.77025905467
360053.3102593066
360251.5852594913
360531.47025975195
360725.16525993234
360996.6652601852
361176.70026035287
361406.9252605673
361526.7602606789
361744.3152608815
362072.52026118716
362161.8152612703
362288.02026138786
362561.7402616428
362618.1002616953
362753.7702618216
363016.9152620667
363286.91526231816
363412.54026243516
363516.77526253223
363861.8352628536
363935.8302629225
364013.680262995
364146.20526311843
364244.58026321005
364502.8852634506
364757.8952636881
364875.6852637978
364971.61026388715
365023.78026393574
365111.39526401734
365171.170264073
365254.41526415054
365402.5652642885
365591.8802644648
365927.34026477725
366164.20026499784
366263.4902650903
366470.8302652834
366582.85026538774
366967.560265746
367015.9802657911
367402.0452661507
367470.6802662146
367536.4102662758
367632.13026636495
367753.4352664779
367956.38026666694
368069.03526677185
368162.25026685867
368298.1002669852
368368.0252670503
368544.1202672143
368643.1952673066
368752.7502674086
369100.4252677324
369172.7602677998
369205.69026783045
369262.130267883
369381.45526799414
369448.48526805657
369643.15526823787
370004.55526857445
370195.8702687526
370242.9552687965
370505.2702690408
370577.18026910775
370656.2852691814
370798.2052693136
371126.40526961925
371197.93526968587
371589.4802700505
371712.9252701655
371873.5652703151
371989.03027042263
372055.06527048413
372166.97527058836
372307.4652707192
372577.1852709704
372779.700271159
372860.5402712343
373074.79527143383
373227.3102715759
373365.3952717045
373437.4952717716
374021.00027231505
374174.7802724583
374300.8702725757
374349.12027262064
374524.28027278377
374634.3602728863
374735.1102729801
374854.3702730912
374920.720273153
375022.8702732481
375168.4702733837
375317.41027352243
375367.7352735693
375441.99027363845
375640.72527382354
375710.95027388894
375898.31027406343
375957.26527411834
376000.0552741582
376134.2602742832
376179.65027432545
376279.41027441836
376511.1352746342
376750.9152748575
376804.8452749077
377124.025275205
377332.8752753995
377466.0352755235
377558.43527560955
377761.38027579855
377795.9802758308
377939.9952759649
378020.1802760396
378084.8702760998
378334.63527633244
378391.87527638575
378477.6102764656
378548.4852765316
378647.09027662344
378825.8352767899
378913.4552768715
378968.35027692263
379061.7602770096
379201.1002771394
379347.0052772753
379396.8602773217
379518.03527743457
379585.44027749734
379826.9002777222
379975.4802778606
380025.68527790735
380100.9752779775
380198.2902780681
380364.2652782227
380696.98027853254
380820.14527864725
380869.76027869346
381052.94527886406
381193.4152789949
381290.7152790855
381508.08027928794
381733.99527949834
381862.6802796182
382225.3252799559
382363.22028008435
382418.30528013565
382751.82528044627
382823.7052805132
383093.4202807644
383870.98528148857
384005.40528161376
384126.52528172656
384262.02028185275
384439.72028201824
384493.2302820681
384572.1702821416
384644.6552822091
384838.18028238934
384914.1302824601
385077.3652826121
385300.31028281973
385360.1802828755
385437.35528294736
385645.65528314136
385813.0152832972
385886.16528336535
385987.72028345993
386078.6602835446
386125.60028358834
386242.4902836972
386411.46028385457
386621.2152840499
386848.3202842614
387031.1452844317
387121.0252845154
387362.7402847405
387482.6852848522
387562.8402849269
387863.625285207
388018.9652853517
388163.7352854865
388371.2002856797
388498.5352857983
388608.64028590085
388872.7002861468
388952.88528622146
389197.50028644927
389408.1952866455
389582.5452868079
389665.0252868847
389812.440287022
389973.91528717236
390058.4302872511
390096.8902872869
390220.96528740245
390385.99028755614
390468.05028763256
390558.685287717
390644.0802877965
390820.56028796086
391059.8202881837
391150.38528826804
391243.05028835434
391325.94028843154
391405.84528850595
391616.61028870224
392102.92028915515
392275.05028931546
392322.05028935923
392427.5652894575
392665.88028967945
392862.4202898625
392919.7752899159
393186.7802901646
393250.1252902236
393407.8052903704
393514.79529047007
393994.2302909166
394253.9102911584
394374.775291271
394569.6502914525
394661.63029153814
394726.62529159867
394783.70529165183
395083.52529193106
395288.6652921221
395502.60029232135
395572.9652923869
395627.59029243776
395687.26529249334
396034.20529281645
396549.6452932965
396595.8352933395
396851.3802935775
397112.4102938206
397247.42029394634
397712.2152943792
397901.7302945557
397996.3102946438
398098.1002947386
398324.26529494923
398744.00529534015
398910.42029549513
399049.7652956249
399132.530295702
399283.3752958425
399448.60529599636
399625.0852961607
399794.7002963187
400049.505296556
400255.7952967481
400315.0502968033
400477.960296955
400649.90029711515
400794.19529724953
400952.3152973968
401136.00529756787
401171.7752976012
401412.4102978253
401594.3152979947
401756.0452981453
401977.945298352
402398.5252987437
402467.42029880785
402559.5852988937
402771.59529909113
402986.8602992916
403105.0852994017
403281.5902995661
403456.5852997291
403660.9502999194
403760.8303000124
403862.9303001075
403947.38030018617
404023.51030025707
404153.9153003785
404618.4903008112
404723.76530090923
404914.07030108647
405015.93030118133
405104.11030126346
405300.72030144656
405440.4253015767
405678.3653017983
405878.7303019849
406028.8453021247
406152.4553022398
406297.16030237457
406366.9803024396
406653.5503027065
406763.620302809
406833.0703028737
406879.7953029172
406986.70030301675
407449.8603034481
407548.04530353955
407796.74530377117
407909.04530387576
408214.50030416023
408893.23530479235
408994.850304887
409095.2403049805
409237.1953051127
409435.89530529774
409516.31530537264
409714.1703055569
409786.07030562387
410004.03030582686
410246.03030605224
410552.9903063381
410592.41530637484
410688.33530646417
410760.6053065315
410863.99030662776
410933.25030669227
411144.02030688856
411259.53530699614
411439.0453071633
411588.7903073028
412215.04530788603
412292.8753079585
412645.64530828706
412721.1753083574
412845.4153084731
412979.4153085979
413095.98030870646
413464.85030905
413518.6203091001
413564.46030914277
413611.1703091863
413705.0303092737
413903.2753094583
414013.03530956054
414401.08530992194
414464.3703099809
414551.500310062
414701.7053102019
414829.4503103209
414930.0553104146
415047.40031052387
415124.81531059596
415216.2403106811
415413.40031086473
415590.9653110301
415623.5753110605
415674.7103111081
415842.2403112641
415921.7703113382
416129.4203115316
416202.6853115998
416557.21031193
416737.66031209804
417015.2753123566
417092.7853124288
417231.50031255797
417382.46531269856
417450.85031276225
417526.64031283284
417576.37031287915
417622.64531292225
417754.0053130446
418055.8553133257
418271.0553135261
418416.1753136613
418665.9503138939
418978.0953141846
419335.48031451745
419431.8203146072
419553.9403147209
419747.6603149013
419789.3903149402
419949.42531508923
420000.1653151365
420206.2503153284
420805.1503158862
421212.4303162655
421325.02531637036
421408.420316448
421545.98531657615
421677.42031669855
421811.72031682363
421996.2853169955
422116.9353171079
422243.26531722554
422298.3303172768
422759.52531770634
422900.60531783773
422995.1403179258
423286.2653181969
423459.20531835797
423541.8253184349
423618.19531850604
423739.1753186187
423893.9803187629
424073.05031892966
424146.68531899824
424233.47531907907
424391.9703192267
424531.4803193566
424630.8153194491
424708.5303195215
424853.2903196563
424927.30031972524
425192.5653199723
425343.60532011295
425437.8053202007
425704.1953204488
425796.1053205344
426353.5303210535
426454.4603211475
426516.6203212054
426596.2703212796
426737.8003214114
426893.43032155634
427121.83032176906
427257.85032189573
427318.1303219519
427401.54532202956
427610.340322224
427726.45032233215
428028.2303226132
428145.6903227226
428233.68532280455
428371.0903229325
428504.5503230568
428667.960323209
428783.75032331684
428888.1553234141
429278.6103237777
429382.93032387487
429436.4153239247
429498.4803239825
429547.08532402775
429665.1603241377
429750.7303242174
429968.1703244199
430674.1553250774
431123.615325496
431165.2403255348
431370.60032572603
431489.80032583704
431740.5553260706
431835.89032615937
431909.8803262283
432014.785326326
432190.84032648994
432487.6103267663
432756.83032701706
432884.7753271362
433099.66032733634
433263.93032748933
433521.9953277297
433677.5203278745
433741.85532793443
434023.8903281971
434367.10032851674
434440.8203285854
434591.6853287259
434654.1553287841
434897.30532901053
435150.7853292466
435244.26532933366
435515.80032958655
435657.7903297188
435761.02532981493
435833.97032988287
436015.555330052
436095.060330126
436190.00033021445
436261.5953302811
436323.15533033846
436439.730330447
436491.3703304951
436676.5903306676
436768.5903307533
436823.010330804
436998.1803309671
437130.0103310899
437403.0853313442
437809.85033172305
438103.2453319963
438485.205332352
438539.6453324027
438779.53033262613
438831.1203326742
438882.83033272234
439015.46533284587
439140.55033296236
439441.4353332426
439559.1303333522
439633.50533342146
439821.07033359614
439888.1253336586
440014.13533377595
440140.5603338937
440540.1153342658
440700.48033441516
440785.5703344944
440856.4153345604
441076.8853347657
441606.51533525897
441683.6453353308
441815.935335454
441968.5903355962
442093.4953357125
442490.49533608224
442586.70033617184
442813.72033638327
442956.7903365165
443001.58533655823
443075.3203366269
443191.7253367353
443436.46033696324
443734.9053372412
443830.0353373298
443941.1053374332
444028.6003375147
444377.58533783973
444420.2753378795
444578.17533802654
444676.62533811823
444724.2903381626
444832.67033826356
444961.5653383836
445186.24033859285
445526.72533890995
445655.3353390297
445766.4603391332
445871.93033923145
445964.5403393177
446030.345339379
446294.56533962506
446372.70533969783
446493.63033981045
446602.0003399114
447078.9753403556
447175.55534044554
447298.46034056
447343.1353406016
447518.50034076493
447620.19034085964
447691.5253409261
447829.1803410543
448039.2453412499
448116.5203413219
448225.1903414231
448351.5603415408
448590.4903417633
448957.32534210494
449128.57034226443
449237.45534236584
449397.11534251453
449503.00034261314
449566.0053426718
449657.6503427572
449973.7853430516
450071.02534314216
450171.770343236
450261.3203433194
450429.1503434757
450483.03034352587
450936.78534394846
451033.83534403885
451209.5703442025
451306.5303442928
451514.2003444862
451666.3503446279
451982.105344922
452100.0353450318
452239.97534516215
452334.6253452503
452586.57534548495
452681.8453455737
452755.195345642
452924.15534579934
453183.4453460408
453277.22034612816
453799.02534661413
453860.79534667166
454259.9353470434
454385.5653471604
454774.4103475225
454932.73534767
454990.9353477242
455186.53534790635
455246.25534796197
455346.2403480551
455393.6253480992
455527.45034822385
455752.09534843307
455902.63534857327
456104.89534876164
456419.895349055
456615.89534923754
456698.8353493148
456809.8753494182
456884.815349488
456996.1753495917
457108.00534969586
457232.9203498122
457375.3153499448
457491.95035005343
457591.9953501466
457825.1953503638
457995.3153505222
458103.1653506227
458394.3003508938
458518.0703510091
458573.00035106024
458630.88035111415
458714.11535119166
458828.1053512978
459000.02535145794
459074.9353515277
459292.30035173014
459351.185351785
459611.5703520275
460051.6903524374
460252.5303526244
460333.63535269996
460749.0003530868
460840.510353172
460917.2603532435
461311.855353611
461393.460353687
461536.30035382
461994.0953542464
462037.4003542867
462113.8353543579
462488.670354707
462725.39035492745
462834.89535502944
463084.1553552616
463219.6653553878
463393.3103555495
463524.7603556719
463823.36535595
463899.0553560205
464312.4153564055
464418.5303565043
464497.4053565778
464534.8003566126
464776.1853568374
464957.6153570064
465055.6703570977
465232.2853572622
465298.4403573238
465671.10035767086
465863.40535784996
466097.8453580683
466310.91535826673
466406.2553583555
466606.465358542
466906.8253588217
466995.185358904
467149.2603590475
467333.9653592195
467587.9853594561
467688.4753595497
467918.09535976354
468096.67535992985
468253.3803600758
468333.12036015006
468427.2453602377
468473.78036028106
468705.9803604973
468816.70536060043
468909.3603606867
469070.3803608367
469205.2453609623
469266.2603610191
469358.5853611051
469480.7003612188
469602.0103613318
469692.2753614159
469937.16036164394
470192.16536188143
470491.78036216047
470660.6203623177
470857.3103625009
471013.82036264666
471257.01036287314
471359.4903629686
471624.055363215
471726.14536331006
471797.5003633765
471911.69536348287
472073.1053636332
472133.1303636891
472217.37036376755
472458.5603639922
472589.2753641139
472802.7053643127
472949.3853644493
473018.4303645136
473314.135364789
473417.3403648851
473571.6253650288
473678.75036512857
473779.9603652228
473981.6603654107
474169.5053655856
474230.8903656428
474304.4453657113
474502.5903658958
474729.9553661076
474793.5703661668
474907.19036627264
475013.28036637144
475191.9903665379
475421.19036675134
475627.2053669432
475749.6853670573
475994.02536728483
476133.4753674147
476556.0753678083
476673.3653679175
476754.2803679929
476868.93536809966
477084.85036830074
477238.38036844373
477314.97536851506
477368.3603685648
477414.17036860745
477522.6703687085
477655.02536883176
477851.96036901517
478065.455369214
478297.01536942966
478356.1903694848
478424.7453695486
478580.14536969335
478670.1953697772
479306.0453703694
479442.7353704967
479562.4453706082
479987.5503710041
480058.34037107
480129.7403711365
480288.075371284
480475.975371459
480826.7103717856
480993.50537194096
481113.2553720525
481218.6303721506
481289.2553722164
481433.770372351
481571.05537247885
482191.2953730565
482346.29537320085
482434.3103732828
482538.1453733795
482667.0603734996
482879.1453736971
483014.7403738234
483087.20037389087
483532.2803743054
483676.80037444
483848.68537460006
483986.97037472884
484103.085374837
484653.0753753492
484731.230375422
484806.25037549186
485282.10537593503
485328.3253759781
485416.9553760606
485608.5903762391
485674.03037630004
485765.0553763848
485850.7403764646
485935.3053765434
486115.65037671133
486271.0853768561
486388.2153769652
486492.67037706246
486744.6203772971
486979.69537751604
487075.83037760557
487265.24037778197
487401.1853779086
487480.6953779826
487677.8253781662
487762.0803782447
487984.8953784522
488194.1553786471
488276.5503787238
488337.3203787804
488458.9603788937
488631.6003790545
488774.6553791877
489047.7753794421
489162.1303795486
489319.6403796953
489367.40037973976
489438.7303798062
489555.1253799146
489688.99538003927
489752.77038009866
489868.81038020673
489959.55538029125
490020.2753803478
490124.620380445
490176.87038049364
490224.490380538
490303.70038061176
490578.6203808678
490707.4653809878
491202.2653814486
491331.14538156864
491388.430381622
491548.37538177095
491655.5753818708
491723.2503819338
491827.1503820306
491997.7653821895
492047.6303822359
492247.80038242234
492401.4953825655
492559.0103827122
492637.8203827856
492780.27038291824
492937.14038306434
493058.91538317775
493127.0353832412
493243.87538335
493378.065383475
493476.90038356703
493579.5003836626
493749.97038382135
493872.8353839358
493970.7003840269
494068.46038411796
494243.6303842811
494400.4903844272
494543.9503845608
494652.89538466226
494824.7303848223
495006.1103849912
495324.0453852873
495399.22538535733
495481.570385434
495726.71538566233
495816.6703857461
495899.200385823
495979.29038589756
496029.170385944
496204.96038610773
496321.9703862167
496419.7803863078
496469.03038635367
496606.815386482
496736.1053866024
496824.9953866852
497244.9553870763
497348.6803871729
497460.6453872772
497615.25038742117
497711.3853875107
497834.29038762517
498003.790387783
498105.06038787734
498172.5603879402
498245.2553880079
498432.46538818226
498618.22038835526
498749.52038847754
498867.6003885875
498995.4703887066
499326.4903890149
499523.28038919816
499644.38038931094
499728.180389389
499799.31538945524
499882.2603895325
