2.539999999999968
40.85500000000245
88.84499999999169
130.89999999995345
208.1449999998832
245.12999999984956
292.2699999998067
366.2999999997394
418.67499999969175
478.04499999963775
529.9449999995906
567.3099999995566
629.5699999994999
683.6399999994508
732.1349999994067
787.6999999993561
848.1549999993011
913.5199999992417
958.1149999992011
998.989999999164
1029.2449999992557
1061.369999999957
1109.2650000010024
1151.8150000019311
1192.7450000028246
1226.89500000357
1301.845000005206
1353.1000000063248
1402.1600000073956
1451.650000008476
1490.685000009328
1535.8300000103134
1594.7650000115998
1662.7750000130843
1722.2050000143815
1761.9400000152489
1806.525000016222
1869.465000017596
1916.0400000186125
1968.0000000197467
2019.00000002086
2055.425000021655
2090.5400000224213
2126.2150000232
2170.19000002416
2222.695000025306
2273.2950000264104
2315.795000027338
2354.9350000281925
2399.5950000291673
2461.065000030509
2508.9250000315537
2573.5500000329644
2617.7650000339295
2664.6350000349526
2722.015000036205
2766.8300000371833
2806.1450000380414
2849.8000000389943
2895.470000039991
2952.730000041241
3000.0650000422743
3058.240000043544
3114.310000044768
3196.0050000465512
3237.315000047453
3290.8400000486213
3351.205000049939
3390.325000050793
3449.250000052079
3484.525000052849
3516.050000053537
3552.105000054324
3602.260000055419
3646.695000056389
3681.070000057139
3714.7600000578745
3761.970000058905
3807.8550000599066
3851.435000060858
3898.1400000618773
3931.2350000625997
3977.0250000635992
4012.3250000643698
4069.9900000656285
4150.445000067384
4202.315000068516
4242.285000069389
4276.880000070144
4336.900000071454
4376.57000007232
4482.360000074629
4523.755000075533
4590.150000076982
4642.185000078118
4706.140000079514
4736.260000080171
4770.56000008092
4814.07500008187
4850.775000082671
4896.885000083677
4925.275000084297
4960.940000085076
5010.070000086148
5059.980000087237
5098.530000088079
5132.9200000888295
5187.0250000900105
5242.510000091222
5283.490000092116
5320.475000092923
5358.110000093745
5396.82500009459
5438.605000095502
5477.730000096356
5517.875000097232
5560.595000098165
5621.420000099492
5696.875000101139
5742.3700001021325
5794.565000103272
5838.780000104237
5916.79000010594
5967.475000107046
6001.635000107792
6053.950000108934
6110.665000110172
6152.8100001110915
6205.720000112246
6254.335000113308
6313.810000114606
6353.290000115468
6394.585000116369
6451.375000117609
6490.610000118465
6524.4450001192035
6583.8350001205
6626.860000121439
6680.095000122601
6746.0400001240405
6801.805000125258
6840.3750001261
6878.445000126931
6926.140000127972
6961.675000128747
7003.660000129664
7055.820000130802
7173.0650001333615
7227.50500013455
7259.9700001352585
7298.725000136104
7339.485000136994
7412.455000138587
7439.995000139188
7483.560000140139
7528.860000141128
7572.275000142075
7624.515000143216
7671.5100001442415
7729.505000145507
7785.425000146728
7828.255000147663
7918.550000149634
7979.900000150973
8019.665000151841
8062.915000152785
8110.130000153816
8168.805000155096
8237.185000148369
8278.855000141699
8313.780000136108
8352.675000129882
8394.540000123181
8435.395000116641
8503.675000105712
8552.780000097851
8602.040000089966
8651.085000082116
8692.815000075436
8738.51500006812
8789.915000059893
8818.825000055265
8851.40500005005
8896.110000042894
8950.99000003411
9007.285000025098
9057.120000017121
9142.2100000035
9188.4449999961
9243.54499998728
9286.189999980454
9313.539999976076
9353.609999969662
9403.169999961729
9444.839999955058
9481.304999949221
9510.7949999445
9559.609999936687
9625.889999926078
9672.399999918633
9722.924999910545
9783.719999900813
9843.83999989119
9901.699999881928
9958.214999872882
9990.929999867645
10028.159999861686
10078.009999853706
10111.694999848314
10151.529999841938
10214.404999831873
10263.099999824079
10288.649999819989
10317.56999981536
10363.144999808064
10411.924999800256
10459.529999792636
10494.789999786992
10524.589999782222
10584.704999772599
10671.214999758751
10702.154999753799
10770.644999742835
10833.249999732814
10877.139999725789
10926.244999717928
10969.494999711005
11013.064999704031
11069.54499969499
11147.344999682537
11178.629999677529
11216.934999671397
11263.984999663866
11325.18499965407
11371.104999646719
11422.859999638435
11504.939999625296
11562.434999616093
11601.944999609768
11637.85499960402
11686.89999959617
11756.829999584976
11801.129999577885
11842.654999571238
11911.759999560176
11981.689999548982
12041.224999539452
12084.014999532603
12118.219999527128
12169.129999518978
12207.819999512785
12268.369999503093
12334.029999492583
12382.299999484856
12412.599999480006
12480.079999469204
12613.929999447779
12664.46499943969
12719.9949994308
12754.019999425354
12797.08999941846
12875.384999405927
12921.044999398619
13003.339999385445
13053.514999377414
13101.14499936979
13160.944999360217
13198.03499935428
13235.034999348358
13279.179999341291
13313.384999335816
13354.424999329247
13390.869999323413
13421.24999931855
13465.399999311483
13501.984999305627
13578.699999293347
13623.579999286163
13673.249999278212
13704.634999273188
13738.724999267732
13796.76999925844
13830.349999253065
13897.459999242323
13959.314999232422
14020.004999222707
14059.59499921637
14112.669999207874
14160.10999920028
14197.499999194295
14253.279999185366
14309.424999176379
14364.314999167593
14414.594999159544
14469.2199991508
14524.674999141924
14571.914999134362
14699.43499911395
14737.409999107871
14782.779999100609
14853.829999089236
14887.59999908383
14915.699999079332
14958.294999072514
15024.66499906189
15072.914999054166
15113.9349990476
15180.644999036922
15283.48999902046
15341.384999011192
15393.644999002827
15430.074998996995
15475.929998989655
15583.97499897236
15618.939998966764
15654.499998961071
15689.174998955521
15729.35499894909
15768.939998942753
15836.24499893198
15917.58499891896
15952.604998913353
16017.679998902937
16103.714998889165
16142.994998882878
16181.579998876701
16218.929998870723
16263.169998863641
16341.789998851056
16385.254998844553
16423.889998852424
16500.519998868036
16551.324998878386
16586.58999888557
16647.969998898076
16682.379998905086
16743.784998917596
16795.749998928182
16853.729998939994
16893.504998948098
16928.879998955304
16983.529998966438
17036.70499897727
17070.03499898406
17110.61499899233
17168.924999004208
17267.229999024235
17319.62499903491
17367.619999044688
17416.86999905472
17471.2449990658
17530.124999077794
17576.329999087207
17633.214999098796
17680.144999108357
17737.014999119943
17773.094999127294
17825.489999137968
17880.739999149224
17932.85499915984
18003.86999917431
18035.229999180698
18080.10999918984
18144.489999202957
18180.209999210234
18235.434999221485
18339.849999242757
18390.304999253036
18446.704999264526
18481.71999927166
18518.869999279228
18563.83499928839
18603.73999929652
18653.46999930665
18708.43999931785
18748.40499932599
18801.964999336902
18849.289999346543
18890.714999354983
18943.234999365683
19003.289999377917
19045.384999386493
19093.539999396304
19124.25499940256
19178.82499941368
19231.79999942447
19312.68499944095
19362.174999451032
19411.619999461105
19475.179999474054
19518.79999948294
19545.419999488364
19581.63499949574
19671.284999514006
19711.194999522137
19757.339999531538
19802.95999954083
19846.109999549622
19881.214999556774
19920.229999564723
20012.14499958345
20052.884999591748
20091.159999599546
20155.119999612576
20190.354999619754
20259.559999633853
20306.634999643444
20348.264999651925
20383.209999659044
20412.439999665
20452.6999996732
20532.724999689504
20576.77499969848
20625.56999970842
20659.674999715367
20700.749999723736
20791.449999742214
20847.354999753603
20888.019999761887
20933.259999771104
20983.244999781287
21028.149999790436
21064.994999797942
21100.984999805274
21143.51999981394
21249.964999835625
21294.4999998447
21389.949999864144
21425.52499987139
21459.264999878265
21507.754999888144
21561.519999899097
21608.21999990861
21643.474999915794
21676.304999922482
21742.31499993593
21793.744999946408
21822.889999952346
21860.394999959986
21904.20499996891
21954.144999979086
22002.139999988864
22053.76499999938
22096.920000008173
22126.965000014294
22169.60500002298
22216.48000003253
22261.670000041737
22304.180000050397
22341.950000058092
22370.815000063973
22415.055000072985
22455.57000008124
22512.550000092848
22617.55000011424
22676.580000126265
22707.160000132495
22749.530000141127
22790.33500014944
22830.375000157597
22874.550000166597
22913.48500017453
22953.74000018273
22987.725000189654
23022.16000019667
23075.17500020747
23129.545000218546
23197.40500023237
23232.260000239472
23273.09500024779
23320.335000257415
23357.495000264986
23393.950000272413
23428.44500027944
23494.250000292846
23558.22500030588
23598.540000314093
23672.680000329197
23710.20000033684
23747.94000034453
23806.915000356545
23912.595000378074
23954.470000386606
23988.56000039355
24029.39500040187
24086.53500041351
24132.810000422938
24176.245000431787
24239.460000444666
24278.035000452524
24334.625000464053
24404.100000478207
24454.065000488386
24514.720000500743
24568.05500051161
24625.465000523305
24695.615000537597
24737.855000546202
24782.195000555235
24847.21000056848
24903.985000580047
24985.105000596574
25054.30000061067
25091.190000618186
25129.15500062592
25176.845000635636
25221.260000644685
25317.35000066426
25356.535000672244
25435.520000688335
25476.225000696628
25515.030000704533
25556.265000712934
25602.060000722264
25642.63000073053
25684.89500073914
25727.245000747767
25789.035000760356
25861.885000775197
25900.185000783
25971.50500079753
26037.87500081105
26070.375000817672
26105.12500082475
26149.73000083384
26186.660000841362
26237.69500085176
26288.040000862016
26318.97500086832
26387.5950008823
26422.045000889317
26464.33000089793
26505.50000090632
26544.945000914355
26586.11000092274
26613.380000928297
26655.775000936934
26696.8350009453
26733.890000952848
26787.720000963815
26847.165000975925
26910.470000988822
26988.75500100477
27028.330001012833
27096.63500102675
27150.525001037728
27222.68500105243
27276.49500106339
27318.740001071998
27367.995001082032
27423.50000109334
27472.865001103397
27534.900001116035
27579.29000112508
27638.455001137132
27676.595001144902
27735.10000115682
27765.785001163073
27812.0600011725
27854.000001181044
27884.85000118733
27939.650001198494
27997.275001210233
28043.69500121969
28095.005001230144
28168.380001245092
28239.995001259682
28278.345001267495
28323.215001276636
28380.840001288376
28429.585001298306
28478.905001308354
28516.660001316046
28557.46500132436
28594.565001331917
28631.700001339483
28674.725001348248
28726.13500135872
28787.260001371174
28864.84000138698
28909.6000013961
28985.525001411566
29043.530001423384
29141.98500144344
29216.560001458634
29253.855001466232
29294.315001474475
29340.88000148396
29385.245001493
29434.67500150307
29495.88000151554
29546.775001525908
29590.930001534904
29630.37000154294
29676.590001552355
29733.050001563857
29760.615001569473
29793.750001576223
29846.89500158705
29892.420001596325
29942.695001606568
29987.200001615634
30019.000001622113
30069.655001632433
30109.280001640505
30140.295001646824
30215.42500166213
30250.740001669325
30285.32500167637
30343.34500168819
30372.315001694093
30410.700001701913
30443.91000170868
30506.345001721398
30598.10000174009
30678.585001756488
30724.185001765778
30779.745001777097
30841.925001789765
30932.945001808308
31010.275001824062
31043.385001830808
31076.7300018376
31107.640001843898
31159.370001854437
31220.98500186699
31260.35500187501
31310.71500188527
31347.315001892726
31405.1000019045
31444.980001912623
31486.78000192114
31548.805001933775
31630.925001950505
31694.07500196337
31810.370001987063
31870.19500199925
31915.825002008547
31981.185002021863
32026.405002031075
32089.620002043954
32131.12500205241
32169.245002060175
32209.385002068353
32246.555002075926
32289.105002084594
32326.960002092306
32360.820002099204
32397.150002106606
32427.545002112798
32461.52000211972
32505.785002128738
32548.615002137463
32602.900002148523
32646.395002157384
32696.655002167623
32752.770002179055
32798.33500216626
32842.3550021432
32891.790002117305
32932.0800020962
32979.37500207142
33013.635002053474
33116.60000199953
33169.015001972075
33224.36000194308
33264.9850019218
33337.60000188376
33396.18000185307
33458.05000182066
33523.820001786204
33562.79000176579
33638.62000172606
33675.9600017065
33726.14500168021
33777.295001653416
33838.10500162156
33887.86500159549
33924.00500157656
34008.785001532146
34050.98000151004
34174.650001445254
34204.35500142969
34284.59000138766
34342.06000135755
34390.15500133236
34433.93500130942
34466.82500129219
34504.92500127223
34558.55500124414
34590.575001227364
34656.99000119257
34701.765001169115
34741.73000114818
34792.77000112144
34839.27500109708
34908.92000106059
35012.930001006105
35059.73000098159
35106.75500095695
35162.09500092796
35217.35500089901
35263.08500087506
35333.75000083804
35375.710000816056
35457.09500077342
35500.685000750585
35561.790000718574
35602.28500069736
35689.90000065146
35730.54500063017
35768.72500061017
35819.450000583594
35852.625000566215
35915.620000533214
35958.52500051074
35993.25500049254
36033.9900004712
36082.8700004456
36142.490000414364
36197.080000385766
36235.815000365474
36271.945000346546
36324.01000031927
36370.36000029499
36435.6300002608
36472.94000024125
36504.36500022479
36534.73000020888
36574.03500018829
36614.18500016726
36642.31000015252
36673.98500013593
36737.07500010288
36792.09000007406
36826.30000005614
36867.900000034344
36910.84500001185
36967.044999982405
37016.75499995636
37055.979999935815
37097.269999914184
37212.88499985362
37271.11499982311
37326.64999979402
37380.06499976604
37420.249999744985
37452.949999727854
37492.55499970711
37558.70999967245
37599.80499965092
37659.76499961951
37698.13999959941
37746.51999957406
37785.63499955357
37818.4149995364
37847.549999521136
37886.35499950081
37923.734999481225
37961.799999461284
38017.52999943209
38063.904999407794
38102.97499938733
38211.304999330576
38267.39999930119
38322.899999272115
38358.864999253274
38406.82499922815
38474.45499919272
38514.68999917164
38572.92999914113
38620.549999116185
38667.78999909144
38716.049999066156
38763.37999904136
38792.60999902605
38831.309999005774
38872.16999898437
38986.22499892462
39018.704998907604
39086.619998872025
39130.904998848826
39170.42499882812
39201.704998811736
39255.31499878365
39361.12499872822
39390.67999871274
39459.10499867689
39545.549998631606
39581.04999861301
39634.774998584864
39666.019998568496
39707.54499854674
39744.52499852737
39777.27499851021
39813.5649984912
39896.824998447584
39939.354998425304
39986.47499840062
40029.334998378166
40076.7999983533
40109.129998336364
40192.96999829244
40265.524998254434
40332.964998219104
40378.679998195155
40422.6899981721
40467.88499814842
40505.259998128844
40550.5899981051
40600.2149980791
40636.44499806012
40689.66999803224
40728.674998011804
40768.414997990985
40807.23499797065
40848.31499794913
40930.42999790611
40988.40499787574
41016.129997861215
41068.794997833626
41139.01999779684
41192.354997768896
41227.54499775046
41281.6799977221
41341.6249976907
41401.90999765912
41443.754997637196
41480.904997617734
41512.989997600926
41544.83499758424
41592.46999755929
41633.309997537894
41679.75499751356
41728.96499748778
41817.51999744139
41876.71999741038
41914.72499739047
41941.859997376254
41968.8799973621
42003.27999734408
42034.5499973277
42094.49999729629
42146.049997269285
42227.76499722648
42275.74499720134
42311.42499718265
42373.13499715032
42416.5049971276
42502.04499708279
42574.13999704502
42632.33999701453
42670.21499699469
42717.454996969944
42799.52499692695
42855.79999689747
42907.024996870634
42942.87499685185
42983.19999683073
43023.294996809724
43083.92499677796
43125.74499675605
43197.21999671861
43240.26499669606
43288.719996670676
43337.929996644896
43375.79499662506
43442.41499659016
43479.05999657096
43526.53999654609
43566.384996525216
43624.99499649451
43689.164996460895
43752.97499642747
43786.20499641006
43824.369996390065
43883.17999635926
43912.37999634396
43957.96999632008
44011.15999629221
44060.47499626638
44101.14999624507
44142.77499622326
44219.4349961831
44295.63999614318
44372.769996102776
44421.85499607706
44467.23499605329
44519.29999602601
44552.36499600869
44609.58999597871
44673.034995945476
44735.23999591289
44782.779995887984
44815.3899958709
44850.49999585251
44881.29999583637
44954.9349957978
45015.164995766245
45063.65999574084
45090.05499572701
45169.96499568515
45224.22999565672
45284.13999562534
45330.604995600996
45401.50499556385
45464.93999553062
45511.30999550633
45545.9199954882
45613.50499545279
45656.28499543038
45689.29999541309
45780.414995365354
45842.15499533301
45879.85999531326
45957.004995272844
46005.659995247355
46048.27499522503
46092.284995201975
46170.78499516085
46216.989995136646
46266.04499511095
46342.709995070785
46382.74499504981
46421.39999502956
46490.989994993106
46532.55499497133
46597.754994937175
46637.57999491631
46690.56999488855
46732.88999486638
46774.45499484461
46811.739994825075
46862.61999479842
46900.01999477883
46945.55499475497
46978.27499473783
47032.674994709334
47105.67999467109
47145.22499465037
47186.95499462851
47236.9849946023
47324.92499455623
47374.44999453029
47415.919994508564
47442.639994494566
47500.73999446413
47564.62999443066
47597.584994413395
47639.829994391264
47704.43999435742
47735.23999434128
47762.394994327056
47807.1749943036
47843.85499428438
47884.889994262885
47932.41499423799
47980.20999421295
48019.58999419232
48044.56999417923
48078.049994161694
48115.10499414228
48165.874994115686
48204.52499409544
48258.39499406722
48317.08999403647
48346.264994021185
48393.49499399644
48457.34499396299
48485.364993948315
48528.254993925846
48593.56999389163
48648.51999386284
48690.53999384083
48740.83999381448
48777.099993795484
48820.064993772976
48859.41499375236
48910.204993725754
48947.41999370626
48983.234993687496
49016.659993669986
49056.79999364896
49109.86499362116
49158.30499359578
49200.464993573696
49246.75999354944
49322.25999350989
49380.37499347945
49454.499993440615
49499.01999341729
49542.38999339457
49581.704993373976
49616.47999335576
49658.7849933336
49696.97999331359
49745.22999328831
49773.78999327335
49863.04499322659
49933.189993189844
49984.229993163106
50032.22499313796
50089.63499310789
50130.91999308626
50186.98499305689
50221.449993038834
50257.45499301997
50297.689992998894
50330.03499298195
50395.744992947526
50438.639992925055
50479.72999290353
50535.06499287454
50578.72499285167
50626.374992826706
50672.324992802634
50713.88499278086
50774.42499274915
50818.30499272616
50852.964992708
50969.65999264687
51023.84999261848
51078.724992589734
51135.74999255986
51180.51999253641
51222.479992514425
51282.69999248288
51330.79999245768
51387.16499242815
51429.48499240598
51513.03999236221
51570.069992332334
51597.16499231814
51628.17999230189
51672.68499227858
51719.88999225385
51759.88999223289
51836.69499219266
51868.88999217579
51922.55499214768
51971.92999212181
52013.43499210007
52062.859992074176
52096.56499205652
52136.984992035344
52172.55999201671
52259.98499197091
52313.09999194308
52348.86499192435
52393.52999190095
52440.66999187625
52519.53499183494
52590.569991797725
52631.88499177608
52688.25499174655
52751.38999171348
52790.97999169274
52817.75499167871
52888.984991641395
52914.544991628005
52959.70499160435
53006.974991579584
53069.24999154696
53102.29499152965
53142.48999150859
53181.33999148824
53212.92999147169
53250.619991451946
53302.74499142464
53347.744991401065
53390.119991378866
53432.46499135668
53503.4399913195
53535.08999130292
53568.469991285434
53634.324991250935
53670.494991231986
53748.734991191
53790.20999116927
53844.25499114096
53879.89499112229
53911.78499110558
53949.824991085654
53980.67499106949
54013.484991052304
54050.86499103272
54085.01999101483
54119.31999099686
54152.66499097939
54178.83999096568
54204.90999095202
54231.40999093814
54264.87499092061
54300.60999090189
54363.91999086872
54425.28999083657
54471.899990812155
54511.59999079136
54558.29999076689
54602.89999074353
54657.56999071489
54691.97999069686
54746.52499066829
54782.23499064958
54819.374990630124
54887.174990594605
54931.92999057116
55008.674990530955
55074.65999049639
55124.0749904705
55168.97499044698
55206.02499042757
55240.68499040941
55313.484990371275
55354.95999034955
55395.1299903285
55496.6949902753
55537.61499025386
55595.79999022338
55632.209990204305
55683.004990177695
55714.60499016114
55761.439990136605
55818.054990106946
55869.884990079794
55914.57999005638
55962.22499003142
56021.17499000054
56066.90998997658
56099.579989959464
56168.564989923325
56220.93498989589
56253.659989878746
56285.099989862276
56348.619989829
56399.14498980253
56426.61998978814
56461.29498976997
56490.53998975465
56527.42998973533
56576.679989709526
56635.28998967882
56687.4399896515
56796.929989594144
56832.04498957575
56872.43498955459
56922.76498952822
56972.294989502276
57009.10998948299
57061.88498945534
57095.13998943792
57135.254989416906
57241.28498936136
57275.67998934334
57316.009989322214
57352.56998930306
57385.01998928606
57415.994989269835
57524.60498921294
57586.284989180625
57636.869989154126
57708.129989116795
57774.39998908208
57818.49498905898
57860.019989037224
57891.25998902086
57927.764989001735
57989.81498896923
58042.81998894146
58081.09998892141
58112.6149889049
58145.96498888743
58188.899988864934
58242.16498883703
58280.98998881669
58308.59498880223
58354.32498877827
58416.204988745856
58509.874988696785
58571.80498866434
58627.00998863542
58695.04498859978
58768.96998856105
58818.05998853534
58877.13998850439
58952.55998846488
58995.33498844247
59039.65998841925
59105.9949883845
59162.669988354806
59212.86498832851
59265.78498830079
59310.724988277245
59400.534988230196
59448.36498820514
59557.28498814808
59612.54498811913
59655.944988096395
59699.124988073774
59756.08998804393
59827.609988006465
59868.25998798517
59907.65498796453
59947.85998794347
59991.83998792043
60027.144987901935
60064.07498788259
60103.09498786215
60136.09998784486
60181.569987821036
60232.979987794104
60264.37498777766
60323.23498774682
60376.32498771901
60462.789987673714
60505.87998765114
60572.78498761609
60637.62498758212
60687.92498755577
60744.249987526266
60790.749987501906
60834.404987479036
60879.77498745527
60948.75998741913
60993.37498739576
61095.44998734228
61139.844987319026
61178.94998729854
61211.03498728173
61294.35498723808
61336.44498721603
61380.68498719286
61431.13498716643
61491.594987134755
61531.014987114104
61562.58998709756
61604.484987075615
61636.97998705859
61694.89998702825
61749.62498699958
61794.10498697628
61829.50998695773
61903.21998691912
61959.34998688971
62033.83998685069
62082.05998682543
62122.324986804335
62188.009986769925
62239.50498674295
62282.12498672062
62336.00998669239
62367.729986675775
62416.41498665027
62451.434986631924
62490.09498661167
62537.62998658677
62591.83498655837
62626.22498654036
62696.9649865033
62734.74498648351
62783.959986457725
62883.39998640563
62946.234986372714
63009.42998633961
63145.749986268194
63193.24998624331
63237.57998622009
63276.984986199444
63337.49998616774
63376.109986147516
63443.54498611219
63547.089986057945
63623.41498601796
63691.68998598219
63724.49498596501
63767.74498594235
63864.934985891436
63897.804985874216
63947.339985848266
63994.699985823456
64034.884985802404
64086.48998577537
64146.20498574409
64176.914985728
64213.50998570883
64252.03998568864
64300.35998566333
64351.74998563641
64425.84498559759
64479.934985569256
64509.61498555371
64556.93498552892
64615.77998549809
64662.23998547375
64712.324985447514
64765.884985419456
64822.12998538999
64867.40998536627
64919.494985338984
64969.679985312694
65004.76998529431
65038.62998527657
65072.029985259076
65122.93498523241
65162.38498521174
65220.47998518131
65277.04998515167
65325.44498512632
65374.32998510071
65425.60498507385
65482.41498504409
65538.80998501863
65612.82998508756
65638.62998511159
65683.64998515352
65727.8599851947
65781.60998524475
65816.47998527723
65848.20498530677
65897.32498535252
65925.58498537884
65974.69498542458
66026.99498547328
66082.77998552524
66125.27498556481
66216.58498564985
66260.57998569083
66336.06998576113
66379.91998580197
66424.11498584313
66463.55998587987
66512.13998592511
66541.47498595243
66577.43498598592
66612.60998601868
66670.25498607237
66724.99998612335
66759.34498615534
66832.97498622391
66881.23498626886
66925.75498631032
66959.9849863422
67021.57498639956
67059.71998643508
67097.76998647052
67162.714986531
67280.96998664114
67349.04998670454
67396.21498674847
67437.95498678734
67482.58498682891
67520.9049868646
67560.77498690173
67634.85498697072
67692.56998702447
67774.93998710118
67821.3349871444
67876.9649871962
67927.90498724364
67984.27498729614
68037.0599873453
68071.08498737699
68108.5699874119
68139.9199874411
68177.40498747601
68221.04498751665
68265.25998755783
68317.4099876064
68352.38998763898
68416.31498769851
68452.92498773261
68525.56498780026
68565.67998783762
68597.18498786696
68626.77498789452
68660.84998792625
68694.37498795748
68735.38498799567
68793.65998804994
68837.53998809081
68871.30998812226
68933.29498817999
68985.84498822893
69030.08498827013
69068.09498830553
69128.13498836145
69161.12998839217
69205.89498843387
69257.44998848188
69293.49998851545
69328.42498854798
69390.69998860598
69425.86998863873
69468.96498867887
69509.63498871675
69546.48498875106
69612.41998881247
69667.72998886398
69721.13498891372
69781.6649889701
69893.32498907408
69934.60498911253
69983.87998915842
70047.6349892178
70088.16498925554
70143.66498930723
70183.11998934398
70225.69998938363
70267.63498942269
70319.32998947083
70364.2849895127
70391.52498953807
70441.28498958441
70474.93998961576
70519.79998965753
70558.33498969342
70632.67498976266
70679.33498980611
70727.46998985094
70782.06498990179
70844.28998995974
70926.41999003623
70979.37499008555
71036.05999013834
71091.0999901896
71125.30499022146
71171.39999026438
71238.7449903271
71277.78999036347
71332.17999041412
71378.44499045721
71492.51999056345
71532.11499060033
71579.04999064404
71621.76999068382
71654.24499071407
71720.76499077602
71770.11999082199
71815.15499086393
71845.8299908925
71888.83999093255
71942.07499098213
71995.88999103225
72075.47999110637
72140.94999116735
72172.45499119669
72226.59499124711
72282.96999129961
72356.52499136812
72406.38999141456
72435.78499144193
72467.19499147119
72526.78999152669
72568.6699915657
72640.5049916326
72681.86499167111
72793.67499177525
72833.81499181263
72876.7399918526
72922.83999189554
72949.19999192009
72995.62499196333
73064.49499202747
73131.22999208962
73184.26499213901
73243.46999219415
73324.6949922698
73386.25999232713
73437.57999237493
73534.95999246562
73576.87999250466
73616.40499254147
73655.96999257832
73688.12499260827
73725.31999264291
73792.71499270567
73868.3349927761
73926.99499283073
73971.26499287196
74010.08499290812
74047.47499294294
74099.81499299168
74160.9249930486
74225.21499310847
74289.31499316817
74331.44999320741
74375.16499324812
74416.904993287
74462.47999332944
74535.51499339746
74585.55499344406
74650.20499350427
74712.33999356214
74759.83499360638
74792.75499363703
74847.01999368757
74875.75499371433
74932.76499376743
75017.8849938467
75061.44499388727
75104.00999392691
75186.49499400373
75235.78999404964
75321.47999412945
75376.10499418032
75411.45499421324
75458.19499425677
75499.73499429546
75566.70999435784
75630.9899944177
75689.30999447202
75749.06499452767
75795.12999457057
75999.24999476067
76062.99499482004
76112.71499486634
76191.81999494002
76231.91999497736
76289.09499503061
76323.49999506265
76370.98499510688
76442.27999517327
76481.61499520991
76564.7199952873
76620.71499533945
76655.40999537177
76769.0449954776
76800.58499550697
76865.2549955672
76952.96999564889
76982.24999567616
77014.37999570608
77061.06499574956
77103.21999578882
77144.219995827
77199.05999587808
77248.21499592386
77326.46999599674
77361.73499602958
77391.51499605732
77424.21499608777
77459.71499612083
77498.80499615724
77540.80499619636
77597.14499624883
77630.84999628022
77691.26999633649
77771.83999641152
77834.11499646952
77885.18499651708
77928.39499655733
77978.4049966039
78027.0449966492
78070.5349966897
78123.5749967391
78167.56499678007
78220.97499682981
78266.4949968722
78308.32999691117
78375.19999697345
78430.45999702491
78470.43999706215
78524.34499711235
78580.19999716437
78619.29999720078
78650.96499723027
78705.69999728125
78753.62999732589
78790.49499736022
78834.32499740104
78867.25999743171
78906.83999746857
78952.394997511
78996.60999755218
79032.87999758596
79086.55999763595
79145.8749976912
79196.30499773816
79238.70999777765
79287.91499782348
79321.42499785469
79374.57999790419
79453.12999797735
79531.31999805017
79566.15999808261
79605.51999811927
79654.27499816468
79715.54999822174
79757.76999826106
79804.8349983049
79881.87499837665
79919.4049984116
79969.78999845852
80085.89999856666
80120.81999859918
80163.86999863927
80211.58499868371
80260.11499872891
80311.19999877649
80358.60499882064
80418.67499887658
80452.96499890852
80490.80999894376
80521.01499897189
80555.08999900363
80653.88499909564
80704.16499914246
80757.0299991917
80796.96499922889
80845.05499927368
80889.98499931552
80943.13999936503
81008.64499942603
81049.6199994642
81096.14499950752
81185.63999959087
81263.85999966372
81321.08499971702
81366.10999975895
81406.08499979618
81452.75499983964
81493.22499987733
81527.71499990945
81587.22999996488
81622.65999999788
81662.88500003534
81696.7650000669
81730.67500009848
81766.5700001319
81821.61000018317
81865.62000022415
81925.07500027952
81963.3850003152
82010.410000359
82069.83500041434
82120.53000046156
82170.23500050785
82222.87000055687
82261.7700005931
82305.31000063365
82331.12000065768
82375.45500069897
82412.36500073335
82473.24000079004
82533.83500084648
82585.35500089446
82649.14500095387
82710.09500101063
82755.51500105293
82811.5300011051
82895.75000118354
82951.1200012351
83014.77000129438
83049.86500132707
83090.35000136477
83169.14000143815
83221.22500148666
83293.19500155369
83345.67000160256
83385.10500163928
83417.56000166951
83474.16000172222
83514.42000175972
83559.76000180194
83590.01500183012
83621.65000185958
83684.71000191831
83726.39500195713
83807.80000203295
83850.2600020725
83903.36000212195
83979.23500219261
84018.33500222903
84053.61000226188
84074.91500228172
84146.39500234829
84207.62500240532
84275.82000246883
84331.02000252024
84447.22000262846
84489.13000266749
84539.14500271407
84587.53500275913
84636.11500280438
84693.77000285807
84747.39000290801
84789.33000294707
84847.95500300167
84915.49000306457
84974.1550031192
85035.29500317614
85075.5200032136
85119.06500325416
85174.13500330545
85208.51500333747
85271.66500339628
85306.27000342851
85341.85000346164
85394.19000351039
85481.68500359188
85575.58500367933
85637.39000373689
85690.46000378631
85753.1500038447
85821.93500390876
85879.19000396208
85914.56000399502
85969.47000404616
86007.65000408172
86036.90000410896
86070.0200041398
86124.0300041901
86184.4800042464
86230.48500428925
86275.15500433085
86320.59000437317
86381.32500442973
86439.67000448407
86496.19500453671
86531.6200045697
86586.4800046208
86658.83000468818
86708.39000473433
86746.81500477012
86811.06000482995
86844.65500486124
86899.14500491199
86945.9800049556
87001.94500500773
87048.20500505081
87094.92500509432
87142.83000513894
87215.50000520662
87273.6750052608
87323.22000530694
87381.20000536094
87438.85000541463
87478.6600054517
87515.8050054863
87556.14000552386
87632.94000559539
87669.21000562917
87737.14000569243
87786.37500573829
87846.05000579386
87899.48000584362
87947.52500588837
87990.56500592845
88026.99000596238
88080.26000601199
88134.25000606227
88176.8000061019
88233.7100061549
88279.79000619781
88326.41000624123
88386.75000629743
88427.58500633546
88473.84000637854
88519.7500064213
88606.42000650201
88636.46500653
88682.89500657324
88741.61000662792
88809.14000669081
88904.46500677959
88937.37500681024
88981.50000685133
89035.31000690145
89093.73000695586
89149.6150070079
89220.2600070737
89288.92000713764
89333.72500717937
89362.4250072061
89433.96000727272
89486.4450073216
89541.91000737326
89579.3250074081
89636.54000746139
89668.37500749103
89704.13000752433
89750.45000756747
89793.79000760784
89875.48000768392
90005.0700078046
90060.65000785637
90093.24000788672
90139.27000792959
90171.23000795936
90216.51500800153
90317.56000809564
90362.63500813761
90399.18000817165
90482.54000824929
90546.04000830842
90592.1850083514
90636.91500839306
90685.9250084387
90734.63500848407
90777.28000852378
90829.96500857285
90913.93500865105
90976.41500870924
91035.93000876467
91068.72500879521
91102.40500882658
91149.54000887048
91177.6950088967
91218.44000893465
91247.31500896154
91284.46000899613
91335.865009044
91386.05000909074
91439.3700091404
91515.45500921126
91554.5750092477
91583.86500927497
91619.01500930771
91687.00000937103
91722.21500940382
91803.29000947933
91844.95000951813
91911.91000958049
91963.93000962894
92011.50500967324
92052.00000971096
92095.70000975166
92155.86500980769
92238.65000988479
92287.21500993002
92332.36500997207
92363.05501000065
92411.81501004606
92481.28001011076
92543.15001016838
92585.61501020793
92707.86001032178
92740.00501035171
92784.68001039332
92834.32501043956
92885.17501048691
92962.75001055916
93042.6750106336
93080.12001066847
93120.9600107065
93177.41001075908
93238.72001081618
93346.88001091691
93381.92501094955
93440.72501100431
93492.07501105213
93519.7400110779
93568.18001112301
93613.49501116521
93668.14501121611
93750.85501129314
93803.99001134263
93831.31501136807
93875.28001140902
93925.96501145622
93973.2950115003
94045.48501156754
94085.3950116047
94156.00501167047
94219.81001172989
94257.59501176508
94333.12001183542
94400.99501189863
94459.50001195312
94540.28001202835
94595.91001208016
94640.31001212151
94704.67501218145
94763.4500122362
94841.630012309
94918.69501238078
94949.68001240963
94989.03501244629
95036.55501249054
95076.86501252808
95146.64001259307
95203.63001264614
95245.32001268497
95312.10001274716
95365.15501279657
95407.66501283617
95464.44501288905
95499.58001292177
95547.94501296681
95623.44001303712
95692.59001310152
95745.41501315072
95815.04501321557
95858.96001325647
95924.3850133174
95982.49501337152
96017.42001340404
96060.71501344437
96107.47001348791
96139.63501351787
96188.77001356363
96246.41501361731
96294.38501366199
96362.70501372562
96416.31501377554
96478.35501383332
96531.88501388318
96594.47001394146
96626.84501397162
96669.55001401139
96734.98001407232
96775.56001411012
96819.20001415076
96885.69501421269
96943.6900142667
96990.24501431006
97056.90501437214
97128.14001443848
97177.22001448419
97262.5950145637
97313.51001461112
97385.40501467808
97422.06501471222
97456.6100147444
97490.64501477609
97541.72001482366
97597.64501487574
97652.05501492642
97696.83001496812
97748.40001501614
97792.43001505715
97842.0850151034
97883.59001514205
97953.71001520735
97995.77001524653
98039.68501528742
98082.22001532704
98136.93001537799
98181.03501541907
98222.74501545791
98269.06001550105
98302.74001553241
98349.67001557612
98419.07001564075
98464.68001568323
98517.00501573196
98559.76501577179
98590.87001580076
98638.85501584545
98668.90001587343
98721.060015922
98777.15001597424
98836.18501602922
98878.22001606837
98924.83001611178
98969.6200161535
99044.245016223
99086.53001626238
99147.53501631919
99194.23501636268
99221.96501638851
99291.66501645342
99355.26501651265
99429.76501658204
99505.38501665246
99553.32501669711
99588.03501672944
99686.71501682134
99762.92501689232
99830.91001695563
99908.1850170276
99944.77501706168
100005.58001711831
100047.60501715745
100096.69001720316
100141.46001724486
100201.99501730123
100286.97001738037
100343.82001743332
100391.70001747791
100429.89001751348
100465.18501754635
100518.51001759601
100567.63501764176
100606.02001767751
100657.06001772505
100758.01501781907
100800.71001785883
100843.64001789881
100920.35001797025
100960.0150180072
100990.35001803545
101052.23001809308
101099.55501813715
101144.42001817893
101186.70001821831
101235.29001826356
101291.67501831608
101339.58001836069
101400.77001841768
101455.03501846822
101505.07501851482
101597.605018601
101641.81501864217
101680.05001867778
101739.6700187333
101793.09501878306
101836.55001882353
101879.80001886381
101931.52501891198
101979.35001895652
102067.915019039
102121.86501908925
102152.78001911804
102194.96001915733
102249.86001920846
102337.12001928972
102381.31001933088
102416.48001936363
102495.82501943753
102576.71501951286
102628.5100195611
102665.07001959515
102739.44501966442
102769.63501969253
102808.4750197287
102839.65001975774
102877.78501979326
102919.09501983173
102960.89001987065
103011.63501991791
103079.1650199808
103121.91502002062
103158.5100200547
103202.80002009595
103235.52502012643
103300.05002018652
103361.35002024361
103459.10002033465
103489.45502036292
103523.09502039425
103561.07002042962
103595.25002046145
103656.8250205188
103706.02002056461
103747.9900206037
103788.49502064142
103833.19002068305
103878.07502072485
103951.37502079312
103982.93502082251
104019.55502085661
104055.43002089002
104113.64002094424
104175.86502100219
104230.07002105267
104266.02502108616
104321.06502113742
104375.06502118771
104416.0800212259
104485.02002129011
104523.85502132628
104562.29502136208
104618.33002141427
104664.42002145719
104711.58502150112
104770.02502155554
104804.6600215878
104859.25502163864
104893.7850216708
104940.43002171424
104979.01002175017
105018.8750217873
105065.88002183108
105109.35502187157
105160.66002191935
105203.24502195901
105271.17502202227
105348.90002209466
105445.71502218483
105492.13002222806
105536.76002226962
105581.54502231133
105623.29002235021
105659.40502238384
105730.6550224502
105816.44002253009
105863.35502257379
105907.31502261473
105961.1850226649
105997.27502269851
106042.99002274108
106077.66002277337
106131.08002282312
106197.515022885
106227.54502291296
106279.38002296124
106315.29002299468
106346.07502302335
106385.16502305976
106428.83002310043
106484.17502315197
106518.16502318362
106623.41002328164
106664.75502332015
106727.34002337843
106771.81002341985
106832.65002347651
106917.80502355582
106971.83502360614
107016.97002364817
107115.40502373985
107189.84002380917
107237.67502385372
107280.34502389346
107352.09502396028
107390.27002399584
107439.42002404161
107513.7150241108
107566.37002415984
107597.75502418907
107658.10502424528
107699.83002428414
107749.06502432999
107829.600024405
107865.83502443874
107911.8500244816
107950.00502451713
107990.49502455484
108031.26502459281
108098.55502465548
108143.39002469723
108177.46002472896
108225.31502477353
108265.4450248109
108348.48502488824
108377.06502491486
108411.83502494724
108465.83002499753
108519.0550250471
108574.66502509889
108640.8250251605
108715.77502523031
108759.62502527115
108837.70002534386
108893.62502539594
108941.02002544008
108996.57002549182
109049.6950255413
109106.23502559395
109151.91002563649
109203.2500256843
109243.05502572138
109271.40002574777
109322.31002579519
109359.23002582957
109415.46002588194
109467.42502593034
109510.05502597004
109550.09002600732
109585.10502603994
109622.47502607474
109691.14502613869
109730.11502617499
109772.14002621413
109828.55502626667
109867.81502630323
109913.36002634565
109965.8200263945
110008.95002643467
110051.35502647416
110076.42002649751
110133.16502655036
110168.40002658317
110209.11502662109
110286.31002669298
110363.8550267652
110409.42502680764
110450.73502684612
110518.29002690903
110570.08502695727
110626.23002700956
110685.84502706508
110744.09502711933
110810.37002718105
110886.26002725173
110921.28502728435
110958.93002731941
111026.34002738219
111070.74502742355
111133.43002748193
111183.03502752812
111224.58002756682
111282.10002762038
111333.70002766844
111384.24002771551
111459.66002778575
111509.94502783258
111583.06002790068
111636.01502795
111676.5050279877
111727.1750280349
111771.39002807607
111832.47002813296
111913.33002820826
111965.19002825656
112018.82002830651
112054.55502833979
112115.6600283967
112181.25002845778
112215.0850284893
112271.90002854221
112298.22002856672
112331.32002859755
112370.43002863397
112407.24002866825
112437.42502869637
112492.7600287479
112535.7100287879
112565.83002881595
112614.65002886142
112649.92502889427
112727.06002896611
112795.18002902955
112850.12502908072
112898.59502912586
112963.54502918635
113034.80002925271
113086.80002930114
113131.81002934306
113167.34502937616
113210.37002941623
113256.36502945906
113308.00002950715
113363.39502955874
113420.25002961169
113467.77502965595
113515.13502970006
113549.70502973226
113618.51502979634
113658.12502983323
113723.2650298939
113779.93002994667
113817.1200299813
113891.68003005075
113939.76503009553
113996.71503014857
114037.6650301867
114073.77503022033
114126.63003026956
114157.82003029861
114206.27503034374
114259.64003039344
114312.3300304425
114344.3200304723
114388.48003051343
114434.88503055664
114511.13003062765
114564.49003067735
114625.14003073383
114661.41503076762
114694.75503079867
114726.40503082814
114765.60503086465
114796.09503089305
114853.94503094692
114893.60503098386
114946.75503103336
114994.9000310782
115025.65503110684
115081.31003115867
115130.02503120404
115181.58503125206
115233.34003130026
115294.22503135697
115328.86503138923
115364.02003142197
115409.03503146389
115468.9550315197
115540.19503158604
115592.2200316345
115637.17003167636
115671.39003170823
115705.64003174013
115743.20503177511
115803.88003183162
115845.23503187014
115894.33503191586
115945.5950319636
116004.52003201848
116104.03003211116
116161.15503216436
116243.21003224078
116282.35003227723
116322.30503231444
116375.18003236369
116424.8050324099
116492.24503247271
116555.0500325312
116597.30003257055
116657.21503262635
116689.8000326567
116721.85003268655
116778.63003273943
116823.9050327816
116875.85003282997
116936.88503288681
116979.52003292652
117028.43503297208
117079.82003301993
117115.6550330533
117173.77003310743
117229.27003315912
117266.30503319361
117309.69503323402
117350.70503327221
117382.16003330151
117415.59003333264
117449.21003336395
117496.81003340828
117558.01003346528
117612.00003351556
117707.90003360488
117754.4150336482
117817.39003370685
117867.9050337539
117907.6400337909
117940.37003382138
118009.26503388555
118055.26003392838
118091.9950339626
118124.20003399259
118175.6500340405
118243.835034104
118297.69003415416
118348.80003420176
118390.20003424032
118435.36003428238
118471.98003431648
118510.92003435275
118554.15503439301
118618.0250344525
118665.1700344964
118700.73003452952
118764.47003458889
118849.94003466849
118906.02003472071
118932.91003474576
118975.35003478528
119010.08503481763
119053.55503485812
119095.44003489712
119155.35003495292
119204.30503499851
119264.60003505467
119321.17503510736
119365.0300351482
119397.97503517888
119431.32003520994
119509.8750352831
119545.18503531598
119606.81003537338
119662.51503542525
119699.56503545976
119745.07003550214
119794.12503554783
119868.5050356171
119956.75003569928
120004.80503574404
120054.5900357904
120103.68503583613
120132.39003586286
120190.76003591722
120269.68003599072
120300.98503601988
120337.12503605353
120373.90503608779
120419.3400361301
120462.77003617055
120512.49003621686
120564.02503626485
120605.55003630352
120678.71503637166
120747.44003643567
120814.52503649815
120859.53503654007
120893.31503657153
120941.54503661644
121036.4150367048
121073.66003673949
121140.1450368014
121171.7050368308
121220.20503687597
121272.41503692459
121319.87503696879
121370.37003701582
121411.18503705383
121446.89503708709
121503.47003713978
121555.16003718792
121592.92503722309
121622.01003725018
121660.64503728616
121700.87503732363
121750.90503737022
121800.2800374162
121865.57503747701
121901.98003751092
121941.71503754793
121990.2200375931
122044.47003764362
122097.94503769343
122155.12503774668
122191.84503778088
122237.90503782377
122281.22503786412
122321.1550379013
122365.63003794273
122416.97003799054
122468.76503803878
122525.43003809155
122570.60003813362
122614.42003817443
122672.62503822864
122731.60503828357
122780.23503832886
122824.81503837038
122869.85503841232
122929.41503846779
122973.5550385089
123030.72003856214
123074.50003860291
123127.00503865181
123175.59503869707
123234.1450387516
123272.23003878706
123330.95003884175
123381.55003888888
123417.74003892258
123461.11003896297
123507.26003900595
123538.455039035
123596.94003908947
123658.74003914703
123699.24003918475
123740.50003922317
123803.62003928196
123848.23503932351
123955.79503942368
123999.1850394641
124047.78503950936
124077.87503953738
124105.8150395634
124159.87503961375
124216.01003966603
124273.34503971942
124318.69503976166
124352.57003979321
124392.12503983005
124508.10503993806
124575.52004000085
124607.37504003051
124679.70004009787
124733.88504014834
124817.21004022594
124858.01004026394
124895.83004029916
124960.5100403594
124997.93504039425
125027.9400404222
125060.22504045226
125126.14004051365
125180.92004056467
125238.13504061796
125266.03004064393
125304.01504067931
125365.41004073649
125402.66004077118
125464.87004082912
125542.07004090102
125627.76504098083
125665.0000410155
125713.7500410609
125756.42004110065
125838.8350411774
125893.56004122837
125969.3000412989
126020.24504134635
126073.35004139581
126107.66504142777
126144.55004146212
126209.97504152305
126255.69504156563
126330.21504163503
126376.87504167849
126436.96004173445
126481.39504177583
126537.75004182832
126570.85004185914
126627.4950419119
126698.3650419779
126759.12504203449
126804.48504207673
126861.10004212946
126900.61004216626
126947.41504220985
127015.3300422731
127046.21504230186
127100.01004235196
127157.15504240518
127180.66504242708
127225.66004246898
127272.65504251275
127325.48004256195
127371.39504260471
127402.4150426336
127453.66504268133
127487.47504271282
127539.5300427613
127617.63504283404
127681.14004289318
127717.39504292695
127755.20004296215
127817.23504301993
127855.51004305558
127931.60004312644
127968.97004316124
128003.63504319353
128038.7200432262
128076.34004326124
128113.46504329582
128151.19004333095
128196.5500433732
128247.16504342033
128278.92504344991
128327.85504349548
128373.98004353844
128411.48504357337
128463.14504362148
128504.97504366044
128547.06004369963
128661.31004380604
128717.12504385802
128769.12504390645
128829.30004396249
128874.33504400443
128919.66004404664
128951.73004407651
128987.95004411024
129040.27504415897
129141.73504425347
129192.4550443007
129231.16004433675
129269.8650443728
129330.87004442961
129419.25504451193
129494.29004458181
129567.23504464974
129608.97004468861
129643.24504472053
129688.86504476302
129747.81504481792
129784.86004485242
129821.31504488637
129891.27004495153
129948.07504500443
130002.31504505494
130049.78004509915
130094.87504514115
130201.56504524051
130277.46004531119
130307.89004533953
130345.84504537488
130402.64004542778
130434.04004545702
130486.29504550569
130576.86504559004
130612.10004562285
130642.7550456514
130678.05004568427
130718.8850457223
130767.960045768
130803.18004580081
130851.23004584556
130903.27004589402
130937.1750459256
131033.0600460149
131093.38004607108
131173.88004614605
131222.5800461914
131258.8750462252
131325.24504628702
131381.33504633926
131429.4750463841
131490.4800464409
131538.83504648594
131591.33004653483
131640.34504658048
131704.5900466403
131742.03004667518
131780.3850467109
131837.12004676374
131880.00504680368
131921.51004684233
131958.18004687648
131998.59004691412
132041.91504695447
132099.95504700852
132190.25004709262
132248.79504714714
132284.3050471802
132339.1700472313
132402.67504729045
132439.09004732437
132472.78004735574
132516.9600473969
132581.91004745738
132682.16504755075
132721.01004758693
132763.7100476267
132850.0400477071
132887.80004774226
132933.17004778452
133052.63504789578
133082.3000479234
133129.56004796742
133211.74504804396
133253.09004808246
133295.47004812193
133359.26004818134
133409.1400482278
133462.12004827714
133513.67004832515
133550.3550483593
133594.23504840018
133643.38504844595
133691.6450484909
133718.57504851598
133746.7200485422
133824.54004861467
133885.7850486717
133919.7200487033
133950.66504873213
133980.4800487599
134033.28004880907
134069.03004884237
134108.4650488791
134148.46504891635
134216.66504897986
134258.07004901842
134309.85504906665
134347.10504910134
134428.4500491771
134505.41004924878
134553.8600492939
134601.57504933834
134639.02504937322
134683.875049415
134732.49504946027
134763.82504948945
134805.47004952823
134847.88004956773
134912.3750496278
134959.60004967178
135017.35504972556
135061.07504976628
135110.66004981246
135161.01504985936
135241.71504993452
135287.71504997736
135354.50505003956
135429.11005010904
135475.8750501526
135520.2350501939
135602.28505027032
135649.43005031423
135679.4650503422
135732.5200503916
135790.0500504452
135820.40505047346
135884.1050505328
135919.42005056568
135951.965050596
135982.44005062437
136032.77005067124
136086.56005072134
136126.6750507587
136188.25005081604
136216.9800508428
136276.62005089835
136317.45505093638
136357.3250509735
136397.11005101056
136429.5700510408
136481.0000510887
136516.49505112175
136591.6150511917
136645.15005124157
136699.71505129238
136732.32005132275
136767.29505135532
136808.91505139408
136866.25005144748
136910.840051489
136960.52505153528
137060.5050516284
137104.9700516698
137143.7250517059
137186.71005174593
137227.30505178374
137286.47505183885
137343.26005189173
137448.04005198932
137492.88505203108
137525.48505206144
137572.97505210567
137640.05505216814
137672.59005219844
137720.51505224308
137775.85505229462
137894.00005240465
137954.48005246097
138020.3200525223
138055.2200525548
138090.10005258728
138137.9050526318
138173.90505266533
138214.16505270283
138246.21005273267
138294.25505277741
138328.30005280912
138372.34005285014
138453.77505292598
138505.59005297424
138566.535053031
138603.72505306563
138635.77505309548
138683.63505314005
138708.67505316337
138748.4250532004
138805.7600532538
138844.28005328967
138887.4800533299
138965.26505340234
139006.93505344115
139050.42005348165
139105.52505353297
139142.6950535676
139191.21005361277
139276.290053692
139302.1500537161
139346.63005375752
139383.2200537916
139423.41005382902
139509.0850539088
139564.4900539604
139627.66505401925
139660.2650540496
139691.3900540786
139731.40005411586
139775.74005415716
139823.97005420207
139866.87505424203
139905.64505427814
139959.7200543285
140001.02505436697
140069.785054431
140152.32005450787
140195.12505454774
140233.54005458351
140278.14005462505
140316.43505466072
140363.58505470463
140411.84005474957
140450.0000547851
140527.8250548576
140575.46505490196
140612.7850549367
140683.4300550025
140728.89505504485
140779.50505509198
140848.28005515604
140922.46505522513
140964.15005526395
141009.4050553061
141048.04505534208
141139.0200554268
141182.20505546703
141247.93505552824
141289.58505556703
141320.65505559597
141409.7050556789
141457.72005572362
141549.8400558094
141582.71505584003
141647.15505590005
141692.56005594233
141741.43005598785
141809.4500560512
141866.92005610472
141915.19505614968
141969.3400562001
142007.875056236
142064.50005628873
142119.32005633978
142158.7400563765
142204.45005641907
142255.910056467
142303.63505651144
142341.4000565466
142414.16505661438
142472.79505666898
142509.2000567029
142555.32505674585
142584.470056773
142618.50005680468
142654.86005683854
142687.64505686908
142722.42005690146
142778.01005695324
142823.24505699537
142852.89005702297
142896.7200570638
142966.96505712921
143055.66505721182
143093.2150572468
143127.11505727837
143165.51505731413
143210.09505735565
143272.735057414
143322.18505746004
143366.96005750174
143466.69005759462
143523.49005764752
143556.3350576781
143600.76005771948
143639.3250577554
143670.22005778417
143758.53005786642
143803.0650579079
143839.86505794217
143894.6750579932
143935.98505803169
143985.710058078
144026.69505811617
144060.15505814733
144129.24005821167
144171.09005825064
144236.19505831128
144276.0600583484
144319.650058389
144382.41005844745
144435.86505849723
144511.87005856802
144565.71505861817
144603.8750586537
144661.14505870704
144705.71505874855
144817.71505885286
144848.97505888197
144888.3000589186
144918.97505894717
144958.60505898407
145007.12505902926
145043.29005906294
145119.1550591336
145185.7200591956
145241.93005924794
145291.0750592937
145348.05505934678
145397.92005939322
145479.31005946902
145527.02005951345
145566.9150595506
145626.66005960625
145663.18005964026
145709.65505968354
145775.92505974526
145827.88005979365
145883.2250598452
145933.0650598916
145968.25005992438
145998.4450599525
146027.30005997937
146059.02006000892
146139.82006008417
146180.63006012217
146263.20506019908
146300.5800602339
146340.3350602709
146378.29006030626
146415.03006034048
146453.26506037608
146490.6450604109
146531.06006044854
146583.27006049716
146635.04006054538
146677.93006058532
146740.3000606434
146771.57506067253
146833.63506073033
146875.94006076973
146936.44006082608
146969.90006085724
147010.80006089533
147054.470060936
147110.03006098774
147158.69506103307
147193.80006106576
147247.18006111548
147300.23006116488
147339.4500612014
147400.06506125786
147440.7950612958
147489.8800613415
147548.380061396
147596.90006144118
147648.28006148903
147707.16006154387
147795.06506162573
147837.29006166506
147876.72006170178
147916.5700617389
147954.92506177461
148015.98506183148
148074.6350618861
148140.30006194726
148195.0050619982
148268.2200620664
148344.7800621377
148375.33006216615
148428.855062216
148481.1600622647
148537.44506231713
148595.11006237083
148657.4450624289
148716.03006248345
148756.92506252154
148820.00506258028
148876.9200626333
148962.96006271342
149009.83006275707
149061.45006280515
149109.7100628501
149144.3000628823
149248.03506297892
149281.6400630102
149326.15006305167
149366.61506308935
149408.3250631282
149450.45506316744
149505.63506321883
149554.21506326407
149591.41506329871
149656.8000633596
149696.7450633968
149761.01006345666
149808.03006350045
149843.0850635331
149886.1450635732
149920.0750636048
149999.88506367913
150000.00006367924
150045.93006372201
150175.6350638428
150227.19006389083
150265.40506392642
150300.385063959
150335.85506399203
150381.6800640347
150452.4200641006
150504.00006414863
150549.47506419098
150590.290064229
150643.85006427887
150688.2300643202
150723.41506435297
150771.8850643981
150836.6100644584
150896.68506451434
150936.72506455163
150992.78506460384
151027.9700646366
151096.62006470055
151126.7400647286
151210.78506480687
151261.20006485382
151317.4500649062
151351.52006493794
151387.3350649713
151435.335065016
151478.26006505598
151510.63006508612
151546.50506511953
151597.84506516735
151647.935065214
151745.28506530466
151786.04506534262
151838.9700653919
151875.97006542637
151923.3500654705
151992.54006553494
152038.8850655781
152073.21506561007
152126.3850656596
152195.40506572387
152244.6200657697
152292.95006581472
152326.3200658458
152406.8650659208
152446.84506595804
152495.05506600294
152537.16006604215
152620.87506612012
152677.60506617295
152751.45506624173
152792.73506628018
152832.66506631736
152881.675066363
152934.68506641238
152978.310066453
153052.380066522
153085.10006655246
153153.93006661657
153181.92006664263
153236.58006669354
153271.03006672562
153316.9700667684
153389.93006683636
153439.19006688223
153489.25506692886
153517.325066955
153552.26506698754
153606.60506703815
153655.1750670834
153703.01006712794
153780.45506720006
153873.30506728654
153929.9750673393
153969.84506737645
154016.96006742032
154065.30006746534
154108.37006750546
154156.38006755017
154201.0650675918
154240.88006762887
154299.7700676837
154350.49506773095
154400.95006777794
154477.06006784883
154536.8400679045
154567.57506793312
154603.05006796616
154650.05006800994
154694.82006805163
154757.08506810962
154826.5450681743
154894.57006823766
154944.88006828452
154982.18006831926
155024.12506835832
155083.86006841395
155131.170068458
155162.0650684868
155234.96006855468
155306.02506862086
155382.28506869188
155443.58506874897
155475.80006877898
155540.09006883885
155647.46506893885
155678.20506896748
155815.83506909566
155863.19006913976
155942.96006921405
155997.655069265
156028.25006929348
156063.29506932612
156097.03506935755
156151.6350694084
156196.6350694503
156235.8250694868
156262.6600695118
156302.23006954865
156345.16506958863
156403.1100696426
156457.53006969328
156514.01006974588
156557.15506978607
156615.7100698406
156666.90006988827
156720.16506993788
156764.90006997954
156805.70007001754
156837.73507004738
156883.36007008987
156928.09507013153
156981.5500701813
157020.75507021783
157116.59507030708
157169.79007035663
157215.90507039957
157245.81507042743
157281.18007046037
157345.8450705206
157393.88507056533
157446.52007061435
157503.75507066766
157551.53007071215
157585.01507074333
157639.93007079448
157689.870070841
157729.10507087753
157763.0000709091
157811.50507095427
157866.49507100548
157895.6150710326
157942.25507107604
157995.86007112596
158031.37507115904
158063.38007118885
158102.07007122488
158146.9800712667
158181.59007129894
158220.47507133515
158269.23007138056
158319.7300714276
158361.26007146627
158428.48507152888
158467.7950715655
158524.41007161821
158569.9250716606
158611.09507169895
158659.62507174414
158729.99507180968
158764.55007184186
158804.45507187903
158865.13507193554
158894.8500719632
158928.5600719946
158959.67007202358
159000.40007206151
159043.9850721021
159087.31007214246
159131.0600721832
159197.11507224472
159256.4650723
159293.05007233407
159340.70007237844
159388.80007242324
159446.44507247693
159482.84007251082
159527.97007255285
159569.7750725918
159616.30007263512
159670.8150726859
159699.0650727122
159744.11507275415
159783.49007279082
159832.7550728367
159870.1000728715
159907.77507290657
159963.17507295817
160001.7500729941
160039.6550730294
160092.84507307893
160138.2150731212
160250.40007322567
160291.97007326438
160349.8650733183
160384.02507335012
160438.64007340098
160481.25507344067
160543.09507349826
160577.6000735304
160669.36007361586
160711.8250736554
160760.84007370105
160803.45507374074
160844.99007377942
160911.57007384143
160970.72007389652
161022.33007394458
161069.0650739881
161112.74007402878
161152.8050740661
161238.590074146
161280.01507418457
161329.57507423073
161381.22007427883
161421.28507431614
161457.79507435014
161541.85507442843
161621.24007450236
161655.3250745341
161695.67507457169
161742.3050746151
161793.04007466236
161836.4650747028
161882.27007474547
161933.00507479272
162014.12507486827
162094.01007494266
162160.11507500423
162201.62007504288
162285.57507512107
162341.38507517305
162381.30507521023
162413.09507523983
162522.82507534203
162556.24007537315
162608.9000754222
162695.10007550247
162731.39007553627
162765.07507556764
162808.54507560813
162845.17007564224
162886.0500756803
162948.4350757384
163003.6000757898
163055.64507583826
163097.83007587754
163131.31007590872
163176.5800759509
163211.73007598362
163260.0400760286
163302.37507606804
163347.82007611037
163385.2100761452
163434.98507619154
163487.59007624054
163553.8150763022
163603.78507634875
163649.72507639154
163702.89507644105
163741.84007647733
163787.40507651976
163815.7800765462
163867.37507659424
163896.3300766212
163958.0750766787
164013.5900767304
164065.3300767786
164112.6750768227
164159.85007686663
164206.0950769097
164239.19507694052
164282.07007698045
164328.4950770237
164379.75507707143
164418.56507710757
164447.96007713495
164492.65007717657
164546.32507722656
164587.22507726465
164636.71007731074
164685.17507735587
164737.97507740505
164791.67507745506
164826.5050774875
164894.7900775511
164931.6250775854
164982.07007763238
165041.1450776874
165083.06007772643
165119.15507776005
165168.76007780625
165264.75507789565
165294.57507792342
165338.01007796387
165381.33507800422
165481.97007809795
165564.74507817504
165610.92507821805
165647.21007825184
165697.35507829854
165764.03007836064
165801.22507839528
165881.18507846975
165924.1900785098
165985.45507856685
166029.93007860827
166066.11007864197
166105.42507867859
166158.28507872781
166215.36507878097
166266.65507882874
166343.47007890028
166380.72007893497
166437.3300789877
166488.8800790357
166531.97007907584
166578.80507911945
166622.41007916006
166659.1750791943
166695.11007922777
166732.48007926258
166763.005079291
166799.99007932545
166842.92007936543
166876.55007939675
166916.36507943383
166966.18507948023
167014.1500795249
167054.3100795623
167136.7700796391
167190.9000796895
167257.01007975108
167300.48507979157
167346.1550798341
167404.74007988867
167437.01507991872
167484.49007996294
167542.03008001653
167597.13508006785
167629.79008009826
167671.0600801367
167734.98508019623
167793.64008025086
167823.7650802789
167867.61008031975
167966.2450804116
168019.89508046157
168072.79008051084
168162.97008059482
168203.57508063264
168249.52508067543
168333.0150807532
168379.8500807968
168437.8300808508
168485.79008089547
168530.11508093675
168575.46008097898
168638.4950810377
168685.3050810813
168727.1000811202
168788.25008117716
168840.53508122585
168868.34508125175
168909.88008129044
169001.755081376
169052.08508142288
169094.23008146213
169136.7100815017
169200.2850815609
169234.4450815927
169296.94008165092
169332.3650816839
169375.77508172434
169415.95508176176
169467.39508180966
169519.300081858
169584.50508191873
169617.17008194915
169643.23008197342
169674.2400820023
169722.91008204763
169799.18008211866
169847.875082164
169926.9850822377
169977.3500822846
170024.41008232842
170066.10008236725
170111.32508240937
170156.3500824513
170196.6250824888
170242.63508253166
170282.15508256847
170347.95508262975
170387.1050826662
170438.3150827139
170475.31008274836
170525.11508279474
170563.99508283095
170632.28008289455
170663.66508292378
170700.23508295784
170737.2450829923
170797.67508304858
170862.8650831093
170942.015083183
170992.1550832297
171019.4200832551
171116.74508334574
171159.37008338544
171195.1800834188
171249.02008346893
171287.4250835047
171325.62508354028
171360.8850835731
171407.6700836167
171453.35008365923
171516.83508371835
171553.42508375243
171610.60008380568
171661.8350838534
171703.76008389244
171747.6200839333
171787.59508397052
171821.27508400189
171932.04008410504
171970.3300841407
172001.80008417
172040.70008420624
172085.56008424802
172134.8250842939
172197.24508435203
172242.0750843938
172278.64508442784
172315.310084462
172358.99008450267
172449.24008458672
172485.11008462013
172543.13008467417
172592.90508472052
172641.5150847658
172743.2100848605
172811.46508492407
172870.18508497876
172911.75508501747
172973.38008507487
173010.07008510904
173046.27508514276
173088.78508518235
173132.73008522327
173174.45008526213
173216.9300853017
173264.495085346
173360.6150854355
173413.47508548474
173447.31008551625
173493.47008555924
173564.77008562564
173602.3100856606
173651.42508570635
173698.67008575035
173780.74508582678
173820.9050858642
173853.06008589413
173916.08008595282
173952.31008598657
173999.18508603022
174040.96008606913
174108.74008613225
174158.5000861786
174201.43508621858
174273.55008628574
174324.6250863333
174386.30008639075
174422.7650864247
174457.3250864569
174499.4200864961
174533.50508652785
174589.44508657994
174624.5050866126
174661.3400866469
174748.3100867279
174858.9050868309
174884.43008685467
174924.34508689184
175006.04508696793
175067.13508702483
175120.1600870742
175175.05008712533
175228.5000871751
175271.08008721477
175308.94508725003
175357.5650872953
175391.8100873272
175445.0750873768
175517.6350874444
175565.16008748865
175621.0500875407
175682.1550875976
175728.67508764094
175820.18008772616
175859.07008776237
175926.94008782558
175961.67508785793
175993.56008788763
176104.57508799102
176160.1600880428
176222.50008810085
176261.7400881374
176297.34008817055
176354.50508822378
176398.0000882643
176466.0950883277
176510.37508836895
176591.46508844447
176633.30508848344
176675.27508852253
176756.8550885985
176789.26008862868
176866.54008870065
176902.74008873437
176952.02508878027
177021.0000888445
177082.99508890224
177155.2150889695
177196.0200890075
177240.0450890485
177316.4950891197
177376.65508917574
177437.37008923228
177490.05508928135
177535.71508932387
177573.93008935946
177657.5150894373
177704.435089481
177763.67508953618
177797.2000895674
177828.26008959633
177883.5200896478
177966.56508972513
178004.48008976044
178054.52508980705
178106.95508985588
178159.52508990484
178220.22008996137
178254.15008999297
178302.31509003782
178369.43009010033
178409.15009013732
178465.14509018947
178511.08009023225
178578.6750902952
178636.50009034906
178677.40509038715
178737.28009044292
178781.77009048435
178811.7750905123
178849.8850905478
178896.54009059124
178943.72509063518
178990.04009067832
179043.63009072823
179071.5100907542
179123.10509080224
179189.79509086435
179264.77509093418
179310.9550909772
179366.64509102906
179417.39009107632
179471.78009112697
179523.80509117543
179560.95509121002
179599.32509124576
179651.120091294
179711.31009135005
179778.50009141263
179811.16509144305
179849.760091479
179883.96009151085
179987.48009160726
180032.15009164886
180062.74509167735
180093.2950917058
180127.60009173775
180194.7450918003
180239.3050918418
180276.45009187638
180328.82009192515
180366.0200919598
180406.22009199724
180441.85509203043
180499.87509208446
180566.77009214676
180622.58509219874
180660.36509223393
180714.79009228462
180771.6650923376
180824.58009238687
180880.09009243856
180925.71509248106
180993.6300925443
181069.61009261507
181138.32509267906
181181.9500927197
181216.66509275202
181262.5950927948
181299.5450928292
181344.45009287103
181397.21509292017
181430.94009295158
181476.89509299438
181507.43009302282
181558.13009307004
181632.0600931389
181673.34009317734
181720.80509322154
181756.96509325522
181797.38009329286
181852.7250933444
181899.03009338753
181934.8700934209
181971.01009345456
182007.49509348854
182046.61009352497
182099.00009357376
182145.5250936171
182190.99009365943
182243.7750937086
182292.3150937538
182382.79009383806
182432.17009388405
182470.81509392004
182524.59009397012
182657.94509409432
182685.86509412032
182739.04009416985
182790.51009421778
182840.51009426435
182885.62009430636
182927.90009434574
183025.54509443667
183055.07509446418
183084.2050944913
183139.9300945432
183184.29009458452
183246.6700946426
183292.68509468547
183329.4300947197
183374.45009476162
183420.51009480451
183455.66009483725
183505.3150948835
183603.575094975
183656.96009502473
183699.85509506467
183747.2350951088
183784.73509514373
183816.86009517364
183862.31009521597
183906.53509525716
183948.92509529664
183987.56509533263
184022.51009536517
184072.99009541218
184113.63509545004
184142.7000954771
184182.0000955137
184225.6000955543
184279.12509560416
184310.91509563377
184355.00509567483
184409.68509572576
184448.5100957619
184506.01509581547
184559.21509586502
184600.24009590322
184671.34509596945
184712.6350960079
184770.0950960614
184814.2100961025
184860.13009614527
184897.5200961801
184959.3950962377
185011.19009628595
185073.4150963439
185149.765096415
185219.6450964801
185303.5050965582
185350.61009660206
185395.08009664348
185467.63009671104
185534.29009677313
185581.6200968172
185609.03509684274
185643.50509687484
185723.95509694976
185803.26009702362
185863.3750970796
185912.6350971255
185971.31509718014
186012.1900972182
186055.84009725886
186148.63509734528
186204.53009739734
186247.18009743706
186301.60009748774
186339.01009752258
186423.215097601
186472.2900976467
186529.43509769993
186568.9300977367
186620.09509778436
186664.23509782547
186743.16509789898
186787.67509794043
186832.07509798178
186866.28009801364
186905.6350980503
186959.4400981004
187031.46509816748
187074.48509820754
187125.2300982548
187155.7350982832
187196.2050983209
187268.48509838822
187327.2000984429
187379.63509849174
187412.4600985223
187461.98509856843
187502.15509860584
187542.39509864332
187598.44009869552
187635.29009872983
187677.53509876918
187718.51509880734
187747.50509883434
187784.05009886838
187822.5200989042
187860.47509893955
187910.72509898635
187941.5950990151
187979.37009905028
188021.6800990897
188107.96509917005
188160.7500992192
188208.4150992636
188242.0250992949
188278.46009932883
188315.61009936343
188356.21509940125
188390.8500994335
188425.28509946557
188454.07009949238
188493.4900995291
188532.96509956586
188571.9800996022
188619.04009964602
188673.4500996967
188738.12009975692
188787.36009980278
188837.81509984977
188895.0600999031
188953.0650999571
188995.17509999633
189046.9001000445
189105.9651000995
189215.94510020193
189261.77510024462
189321.1251002999
189398.42510037188
189432.3651004035
189469.6251004382
189534.3851004985
189577.28510053846
189616.56510057504
189665.2701006204
189709.69510066177
189771.49010071933
189870.82510081184
189903.8451008426
189947.3551008831
189996.67510092905
190022.91010095348
190081.2451010078
190115.62510103983
190152.330101074
190219.39010113647
190285.5801011981
190319.5101012297
190417.80510132125
190467.7801013678
190546.09510144073
190645.46010153327
190698.48510158266
190744.76510162576
190789.18510166713
190842.6301017169
190882.30510175385
190951.26510181808
191006.7951018698
191044.2701019047
191084.27510194195
191138.4301019924
191200.90010205057
191282.37510212645
191361.59010220022
191409.76010224508
191495.28010232473
191535.4201023621
191571.18010239542
191605.93010242778
191649.09010246798
191689.2701025054
191721.72510253562
191790.1001025993
191834.9751026411
191877.33010268054
191918.5201027189
191979.35510277556
192037.14010282938
192070.2301028602
192109.77010289702
192160.83010294457
192210.62010299094
192241.00510301924
192278.84510305448
192346.97010311793
192380.68010314932
192416.0751031823
192449.53510321345
192491.27010325232
192538.40510329622
192607.19010336028
192654.97510340478
192699.73010344646
192760.16010350274
192820.21010355867
192876.78510361136
192950.62010368012
192991.45510371815
193034.29010375805
193061.32510378322
193102.46510382154
193145.00510386116
193186.44010389975
193232.80010394292
193277.67510398471
193333.87010403705
193402.37010410085
193446.08510414156
193512.32010420325
193549.72010423808
193577.17010426364
193615.19510429905
193656.60010433762
193696.01010437432
193736.480104412
193770.23010444344
193806.75510447746
193843.855104512
193889.5951045546
193932.51510459458
193963.08510462305
193999.37510465685
194029.00010468444
194062.85510471597
194109.56510475947
194157.380104804
194218.09010486054
194289.72010492726
194358.94510499173
194414.50010504347
194490.04510511382
194543.15010516328
194578.87010519655
194605.16510522104
194643.4451052567
194677.98510528886
194747.34010535345
194799.2701054018
194831.2651054316
194892.11010548827
194932.68010552606
194972.0101055627
195020.51010560786
195067.5751056517
195106.3451056878
195183.08510575927
195249.02510582068
195290.3901058592
195343.02510590822
195377.48510594032
195425.84510598535
195475.97510603204
195508.7801060626
195558.26510610868
195648.51010619273
195706.28510624653
195782.74010631774
195817.35010634997
195853.27510638343
195901.5701064284
195956.2101064793
196006.74510652636
196039.49510655686
196114.4951066267
196221.120106726
196250.83010675368
196290.1351067903
196355.20010685088
196412.68010690442
196485.27010697202
196533.51010701695
196581.94510706206
196624.81010710198
196680.95510715427
196737.61010720703
196795.41010726086
196849.51010731125
196923.24510737992
196980.96510743367
197038.6401074874
197069.1551075158
197102.1201075465
197161.0751076014
197196.22510763415
197246.9501076814
197300.1001077309
197359.77010778646
197401.02010782488
197436.34510785778
197481.23010789958
197543.04510795715
197583.95510799525
197618.66010802757
197669.94510807534
197712.58010811504
197763.4451081624
197806.0501082021
197851.00510824396
197895.80510828568
197976.4551083608
198010.58010839258
198099.55510847544
198144.62510851742
198192.76510856225
198239.01510860532
198285.33510864846
198321.340108682
198392.90010874864
198458.05010880932
198510.315108858
198558.36510890274
198600.48010894196
198633.76010897296
198699.23510903394
198743.56010907522
198811.25010913826
198860.97510918457
198901.75510922255
198983.38010929857
199051.00510936155
199185.4001094867
199256.00510955247
199293.3951095873
199333.870109625
199374.98510966328
199408.03010969405
199480.74510976177
199523.77010980184
199607.0301098794
199644.44010991423
199692.9351099594
199731.52010999533
199775.6351100364
199816.35011007433
199862.7951101176
199906.9551101587
