61.485000000013
82.87999999999711
160.70499999992634
195.36999999989482
466.81999999964796
484.364999999632
577.6699999995471
698.6149999994371
716.1999999994212
776.5399999993663
854.5899999992953
1117.6450000011853
1191.5400000027983
1597.2700000116545
2072.2750000220226
2089.005000022388
2109.400000022833
2145.370000023618
2277.9600000265123
2331.91000002769
2351.2350000281117
2381.750000028778
2407.590000029342
2646.275000034552
2760.625000037048
3005.7600000423986
3219.3750000470613
3233.96500004738
3252.535000047785
3416.9250000513734
3698.7200000575244
3715.515000057891
3748.490000058611
3780.010000059299
3808.375000059918
3838.8700000605836
4185.06500006814
4226.735000069049
4248.425000069523
4443.340000073777
4472.420000074412
4555.305000076221
4672.365000078777
4712.195000079646
4739.5700000802435
4798.890000081538
4829.260000082201
4849.715000082648
4916.325000084102
5008.005000086103
5046.880000086951
5074.525000087555
5163.075000089488
5318.780000092886
5372.700000094063
5386.30500009436
5410.795000094895
5436.880000095464
5481.885000096447
5503.045000096909
5521.935000097321
6008.055000107932
6035.340000108527
6078.940000109479
6199.4450001121095
6375.180000115945
6525.310000119222
6548.805000119735
6565.470000120099
6587.125000120572
6600.6300001208665
6629.19000012149
6704.515000123134
6741.45500012394
6783.885000124867
6946.68000012842
6989.610000129357
7194.99000013384
7218.765000134359
7245.640000134946
7271.47500013551
7352.845000137286
7412.465000138587
7457.130000139562
7484.445000140158
7531.845000141193
7552.34500014164
7587.960000142418
7691.8500001446855
8091.1000001534
8129.865000154246
8174.265000155216
8288.485000140157
8310.290000136667
8323.175000134604
8355.215000129476
8577.670000093867
8628.605000085714
8708.940000072855
8725.865000070145
8932.405000037084
9012.880000024203
9043.745000019262
9151.510000002012
9303.474999977687
9334.894999972657
9458.25999995291
9529.264999941544
9547.714999938591
9595.51499993094
9612.969999928146
9681.364999917198
9737.489999908214
9901.74999988192
10050.894999858047
10159.179999840713
10178.769999837577
10245.839999826841
10344.134999811107
10373.969999806332
10591.19999977156
10824.139999734272
10866.994999727413
11034.164999700653
11107.34499968894
11154.174999681443
11173.014999678428
11203.834999673494
11313.719999655905
11388.549999643927
11491.989999627369
11647.91499960241
11723.784999590265
11766.059999583498
12135.019999524438
12270.57499950274
12400.249999481983
12415.489999479543
12536.449999460181
12667.89999943914
12778.569999421425
12795.484999418717
12860.654999408285
13034.72999938042
13052.389999377594
13090.099999371558
13346.739999330477
13425.739999317831
13480.53999930906
13654.664999281187
13699.159999274065
13750.819999265796
13776.359999261707
13897.939999242246
13925.929999237766
14051.289999217699
14111.734999208024
14159.039999200451
14223.614999190115
14244.44999918678
14589.819999131496
14606.194999128875
14744.459999106743
14773.984999102016
14869.489999086729
14928.654999077258
15134.99499904423
15464.864998991427
15508.379998984461
15525.134998981779
15585.72499897208
15616.574998967142
15696.194998954397
15871.309998926366
16233.229998868434
16315.689998855234
16474.91999886282
16492.304998866362
16514.269998870837
16842.21999893765
16866.639998942625
16901.874998949803
16938.894998957345
16997.759998969337
17337.134999038477
17354.46999904201
17798.539999132478
17939.999999161297
18016.619999176906
18170.934999208344
18540.354999283605
18607.439999297272
18680.689999312195
18805.939999337712
18917.784999360498
18935.524999364112
19137.10499940518
19322.41499944293
19430.69499946499
19454.414999469824
19652.324999510143
19689.139999517643
19731.32999952624
19751.344999530316
19854.064999551243
19895.81999955975
19915.444999563748
19932.074999567136
19961.64999957316
20234.21999962869
20302.0049996425
20507.13499968429
20562.144999695498
20572.85499969768
20591.90499970156
20629.909999709304
21052.11999979532
21084.929999802003
21118.43499980883
21274.73499984067
21395.014999865176
21448.82999987614
21462.784999878982
21486.82999988388
21786.669999944967
21832.09499995422
21850.73499995802
21874.914999962944
21945.749999977375
21984.79999998533
22002.799999988998
22028.08999999415
22063.360000001336
22444.900000079066
22476.995000085604
22845.175000160612
22871.485000165972
22884.33000016859
22899.680000171717
23147.13000022213
23256.21000024435
23394.565000272538
23414.21000027654
23496.32500029327
23552.800000304775
23687.330000332182
24002.5500003964
24084.86000041317
24277.81500045248
24426.98000048287
24448.280000487208
24468.820000491392
24525.180000502874
24614.525000521076
24627.25000052367
24640.11500052629
24918.640000583033
24933.570000586074
24965.6050005926
25071.24000061412
25219.67500064436
25247.090000649947
25362.330000673424
25512.300000703977
25860.67000077495
25879.995000778887
26084.810000820613
26100.370000823783
26119.035000827585
26139.245000831703
26294.570000863347
26321.315000868795
26348.650000874364
26383.765000881518
26617.07500092905
26650.125000935783
26724.57500095095
26761.83000095854
26794.985000965295
27026.44000101245
27362.19500108085
27498.195001108557
27519.725001112944
27623.13500113401
27686.15500114685
27707.45000115119
27772.575001164456
27856.78000118161
27892.36500118886
28089.760001229075
28108.035001232798
28158.21500124302
28176.23000124669
28209.49500125347
28294.28000127074
28306.98000127333
28330.69000127816
28447.290001301913
28523.780001317496
28569.49500132681
28616.635001336414
28638.500001340868
28656.350001344505
28764.65500136657
28820.745001377996
28971.89500140879
28988.58500141219
29105.380001435984
29212.685001457845
29372.225001490347
29409.64500149797
29470.475001510364
29674.245001551877
29747.54000156681
29832.880001584195
30109.805001640612
30242.485001667643
30267.870001672814
30305.165001680412
30334.440001686376
30355.345001690635
30424.97500170482
30443.745001708645
30652.950001751266
30782.180001777593
30802.87500178181
30847.865001790975
31118.030001846015
31159.990001854563
31175.83500185779
31197.360001862176
31228.775001868577
31988.93000202344
32008.405002027408
32020.170002029805
32048.31500203554
32177.965002061952
32223.245002071177
32245.680002075747
32340.415002095047
32387.905002104722
32402.205002107636
32687.475002165753
32796.60000216717
32817.840002156045
32849.755002139325
33075.47000202108
33265.220001921676
33367.670001868006
33558.045001768274
33620.90000173535
33770.560001656944
33925.95000157554
33966.59500155425
33992.180001540844
34305.02000137696
34335.43000136103
34396.555001329005
34564.11000124123
34691.8700011743
34720.85000115912
34784.685001125676
34850.73000109108
34880.035001075725
34995.34000101532
35017.86000100352
35040.86500099147
35132.49500094347
35147.275000935726
35288.27500086186
35336.92000083638
35367.025000820606
35486.51500075801
35585.46500070617
35768.575000610246
35792.30000059782
35907.17000053764
36071.630000451485
36092.65500044047
36138.575000416415
36152.38000040918
36173.9150003979
36325.89500031828
36360.195000300315
36422.480000267686
36450.88000025281
36636.675000155476
36749.45500009639
36825.255000056684
36857.4800000398
36886.050000024836
36924.07000000492
36965.65999998313
37039.199999944605
37081.33499992253
37646.109999626664
37698.084999599436
37745.75999957446
37757.719999568195
37786.124999553314
37855.99499951671
37883.75999950217
37939.74499947284
38058.404999410675
38089.01999939464
38102.01499938783
38123.05499937681
38171.794999351274
38194.44499933941
38242.26499931436
38275.62999929688
38382.30999924099
38414.5599992241
38583.04499913583
38765.57999904021
38795.7599990244
38818.939999012255
38852.21999899482
38866.32999898743
39338.8349987399
39354.83999873151
39382.934998716795
39413.17499870095
39564.93999862145
39654.894998574324
39675.26499856365
39723.00499853864
39798.04999849933
39842.324998476135
39990.00999839877
40130.94999832493
40194.09999829185
40242.20499826665
40260.02999825731
40344.169998213234
40545.65499810768
40604.879998076656
40616.29999807067
40632.959998061946
40734.304998008854
40828.55499795948
41022.47999785789
41338.12499769253
41372.63999767445
41406.45999765673
41503.90999760568
41592.054997559506
41639.99499753439
41721.24499749183
41740.93499748151
41769.32999746664
41954.13999736982
42109.70999728832
42136.01499727454
42327.679997174135
42691.15499698372
42738.32499695901
42751.62999695204
42763.799996945665
42833.204996909306
42847.19499690198
42865.18499689255
43165.43999673526
43183.05999672603
43217.214996708135
43306.224996661505
43325.53499665139
43342.00499664276
43444.68499658897
43464.45999657861
43565.18999652584
43600.574996507305
43648.89499648199
43703.06499645361
43877.5549963622
43900.80999635002
43932.55499633339
43980.574996308234
44065.41499626379
44084.814996253626
44141.359996224004
44252.76999616564
44357.98499611052
44386.44499609561
44412.77499608182
44459.17999605751
44501.52999603532
44522.064996024565
44545.81999601212
44694.644995934155
44730.11999591557
44882.5899958357
44912.26999582015
45076.134995734305
45131.79999570514
45247.204995644686
45269.864995632815
45333.55999559945
45369.604995580565
45385.084995572455
45401.54499556383
45421.30999555348
45438.649995544394
45489.404995517805
45509.544995507254
45530.56499549624
45677.83999541909
45711.25999540158
45804.72499535262
45910.38499529727
45923.70499529029
45966.584995267825
45985.194995258076
46010.52499524481
46081.5449952076
46099.78999519804
46690.944994888356
46880.7999947889
47261.07499458968
47316.559994560615
47344.95999454574
47461.864994484495
47589.95499441739
47810.73499430173
48192.449994101764
48374.04999400663
48496.57999394244
48529.00999392545
48658.31499385771
48777.89499379507
48848.18999375824
48868.82499374743
49289.00499352731
49353.10999349373
49383.5149934778
49398.14499347014
49571.74999337919
49585.41499337203
49599.839993364476
49683.57499332061
49732.91499329476
49757.18499328205
49896.18999320923
49927.519993192815
49941.06499318572
50096.799993104134
50115.044993094576
50139.44999308179
50172.38499306454
50392.09499294944
50472.58999290727
50505.069992890254
50810.38499273031
50880.734992693455
51087.884992584935
51215.649992518
51233.19999250881
51575.64999232941
51596.32499231858
51621.014992305645
51774.42499222528
51797.129992213384
52045.00499208353
52208.87999199768
52282.44999195914
52382.309991906826
52550.504991818714
52713.15499173351
52792.44999169197
53044.06499156015
53129.41999151544
53161.05999149886
53536.264991302305
54101.879991006
54120.27499099636
54147.639990982025
54170.73999096992
54291.98499090641
54499.03499079794
54591.794990749346
54637.67499072531
54711.03999068688
54776.29999065269
54887.404990594485
55076.23499049556
55101.9349904821
55137.144990463654
55175.98499044331
55355.249990349395
55372.40499034041
55584.22499022944
55599.969990221194
55862.569990083626
55963.22999003089
56182.289989916135
56214.95998989902
56231.6099898903
56260.589989875116
56279.22998986535
56318.03498984502
56507.31998974586
56748.64498961944
57210.159989377666
57251.06498935624
57283.60498933919
57432.55498926116
57506.114989222624
57540.25998920474
57613.99998916611
57662.469989140714
57757.95998909069
57796.28498907061
57959.36998898518
57985.36498897156
58013.549988956795
58053.71498893575
58169.70998887499
58359.44498877559
58710.00998859194
58734.874988578915
58750.944988570496
58768.5049885613
58818.64998853503
58880.274988502744
58999.13498844048
59056.24498841056
59175.73498834796
59378.40498824179
59503.159988176434
59562.05498814558
59597.684988126915
59614.09498811832
59705.01498807069
59728.12998805858
59816.24498801242
59838.25498800089
59926.85498795447
59945.30498794481
59980.64998792629
60064.08498788258
60109.44998785882
60141.369987842096
60581.77498761138
60596.504987603665
60612.50498759528
60658.24498757132
60943.21998742203
61179.86498729806
61196.329987289435
61259.9599872561
61537.504987110704
61618.51998706826
61709.57998702056
61727.61498701111
62108.74498681145
62147.17498679132
62327.889986696646
62345.434986687455
62360.92498667934
62387.26998666554
62486.53498661354
62563.139986573406
62692.869986505444
62827.5349864349
62888.164986403135
63019.96498633409
63083.79498630065
63156.50998626256
63731.849985961155
63752.179985950504
63919.69498586275
63993.50998582408
64146.46998574395
64284.87998567144
64338.029985643596
64356.95998563368
64461.88498557871
64523.63498554636
64637.10998548692
64655.80998547712
64827.21498538733
64872.134985363795
65211.59998518596
65228.48998517711
65279.449985150415
65308.674985135105
65332.5449851226
65371.2949851023
65730.95498519758
65760.09998522472
65788.65998525132
65857.39498531533
65885.2799853413
65922.76998537622
66018.18998546508
66041.27998548659
66063.16998550697
66079.25498552195
66111.7299855522
66278.19498570723
66403.6749858241
66570.58498597954
66587.62498599541
66614.74998602067
66644.86998604872
66757.30498615344
66781.04998617555
66809.3449862019
67247.77998661023
67377.18998673075
67391.56498674414
67404.77998675645
67466.61498681403
67488.06498683401
67519.10498686292
67559.49998690054
68051.6599873589
68105.9899874095
68125.35998742754
68152.32498745265
68297.81998758815
68316.85498760588
68342.4249876297
68517.4499877927
68664.18998792936
68862.75498811429
68972.73498821672
69078.18498831493
69177.88998840778
69403.23998861766
69469.56998867943
69671.02998886706
69795.68998898315
69811.43498899782
69948.59498912556
69972.66998914798
70492.78998963238
70509.22498964769
70579.23498971289
70723.10998984688
70863.1499899773
70919.47499002976
71100.60999019846
71164.20499025768
71181.70999027399
71254.07499034138
71301.35999038542
71489.92499056103
71772.55499082425
71974.63999101246
72069.4949911008
72308.44999132334
72336.87499134982
72498.50999150035
72582.69999157876
72617.5349916112
72662.67999165325
72904.84499187878
72924.25499189686
73111.83999207156
73141.97999209963
73161.65999211796
73183.9249921387
73253.86499220383
73434.62999237218
73455.72499239183
73549.49499247916
73582.78499251016
73654.91499257734
73799.73999271222
73917.7199928221
74074.13999296777
74308.80499318632
74530.55999339285
74857.60999369744
74964.31999379682
74986.14499381714
75043.1099938702
75482.44999427936
75502.1449942977
75520.41499431472
75535.94499432918
75558.59999435028
75657.23999444215
75758.03999453603
75975.8749947389
75998.17999475967
76182.70999493153
76301.39499504206
76349.69499508705
76364.98999510129
76398.53499513253
76521.50499524706
76549.08499527274
76567.86499529023
76585.28999530646
76614.62499533378
76675.75999539072
76691.31999540521
76718.82999543083
76785.33999549277
76947.51499564381
76962.93999565818
76997.89499569073
77116.10999580083
77599.46499625099
77688.96999633434
78029.96999665193
78254.77499686129
78297.10499690071
78314.96499691735
78579.03999716329
78687.14499726397
78781.72999735206
78911.20999747264
79447.21999797184
79694.54499820218
79735.27999824012
79986.52999847411
80065.73999854788
80101.59999858128
80239.90999871009
80370.40999883163
80403.26999886223
80423.11499888072
80496.51999894908
80599.17999904469
80621.22999906522
80640.26999908296
80652.31999909418
80740.20999917603
80773.6799992072
81264.71499966452
81335.96499973087
81371.58499976405
81472.80499985832
81490.76999987505
81519.74999990204
81549.26999992953
81626.07500000106
81677.73000004917
81698.44000006845
81815.7350001777
82283.86000061367
82317.53500064503
82459.80500077753
82567.19500087755
82596.94500090525
82699.47500100074
82743.91500104213
82765.82500106253
82806.95500110084
82882.38000117108
82915.64500120207
82954.14500123792
83070.86000134662
83130.325001402
83253.31000151654
83290.00500155071
83558.750001801
83605.71500184474
83757.16500198579
83843.295002066
84096.03500230139
84168.85500236921
84223.63500242023
84323.74000251346
84371.33000255778
84437.26500261918
84456.86500263744
84577.24000274955
84594.00000276515
85027.18000316859
85372.30500349001
85705.0550037999
85728.10000382137
85748.18500384007
86098.94000416674
86245.58000430331
86278.14500433364
86418.38500446425
86526.53000456496
86751.48500477447
86884.5550048984
86910.29500492237
87021.43000502588
87043.11000504607
87090.70500509039
87170.0600051643
87186.22000517935
87222.95500521356
87289.15000527521
87309.12500529381
87490.2550054625
87508.53000547952
87533.78000550304
88004.95500594185
88124.60000605328
88172.9400060983
88283.43500620121
88505.19500640774
88622.46500651696
88654.48500654678
88821.61000670242
88856.88500673528
88972.81500684324
88987.21500685666
89090.26000695262
89110.25500697125
89125.3450069853
89272.31500712218
89626.62000745215
90064.17000785965
90084.18500787829
90188.31000797526
90624.43500838144
90641.51000839734
90662.75000841712
90691.39000844379
90707.19500845851
90723.53000847372
90745.46000849415
90797.33500854246
90885.41000862449
90912.80500865
90971.24000870442
91036.21000876493
91056.34000878368
91254.87500896858
91345.530009053
91670.59000935574
91842.49000951584
91871.38500954275
92031.67500969203
92045.4950097049
92158.58000981022
92181.71500983177
92505.32001013315
92524.94501015142
92542.78001016803
92562.58501018648
93205.31001078506
93260.27001083625
93298.16001087154
93475.94501103711
93566.80001112173
93581.98001113586
93597.64501115045
93620.12001117138
93662.85001121118
93675.545011223
93751.42501129367
93787.68001132744
93808.83501134714
93856.87001139187
93891.0400114237
94060.93001158192
94080.86501160049
94151.98001166672
94343.9500118455
94451.1000119453
94468.65001196164
94492.0100119834
94547.36001203494
94648.73001212935
94819.13001228805
94832.65001230064
94848.35501231527
94894.15001235792
94938.36001239909
95142.3850125891
95198.92001264176
95355.78001278784
95441.10501286731
95460.97501288581
95510.65001293208
95528.94001294911
95572.76501298993
95801.00501320249
95843.99501324253
95971.29501336109
96041.29501342628
96077.53501346003
96780.36501411459
96830.65501416143
96970.06001429126
97209.75501451449
97224.23001452797
97239.75001454243
97554.50001483556
97637.15501491254
98253.50001548656
98696.65501589928
98723.97001592471
98857.3150160489
98881.32501607126
98914.28501610196
98961.06501614553
98990.60001617303
99346.64001650462
99392.52501654736
99472.02001662139
99615.3750167549
99639.105016777
100343.71501743322
100443.96501752659
100478.71501755895
100493.55001757276
100511.4100175894
100674.31501774112
100924.31501797395
100946.46501799457
100964.33001801121
100983.12001802871
101022.78501806565
101097.1450181349
101114.90001815144
101185.31001821702
101314.87001833768
101332.91501835448
101364.99001838436
101392.18501840968
101581.76001858624
101643.63001864386
101691.25001868821
101747.54001874063
101800.30001878977
101873.61001885805
101905.42001888767
102005.33501898072
102060.53501903213
102120.45001908793
102135.46501910192
102180.79001914413
102239.8150191991
102272.29001922935
102418.93501936592
102468.19001941179
102485.57501942798
102506.78001944773
102527.06001946662
102544.55501948291
102572.74001950916
102655.23501958599
102690.92501961923
102902.76501981652
103083.70001998503
103254.91002014448
103279.50502016739
103317.8450202031
103488.50502036203
103712.40502057056
103783.50502063677
103814.76002066588
103972.04502081237
103990.77502082981
104148.55502097675
104515.15002131817
104637.03502143169
104656.47002144979
104678.24002147006
104692.83002148365
104766.67502155242
104825.09502160683
104882.03002165986
104928.12502170278
104949.13002172235
104993.30002176348
105185.14502194215
105211.65502196684
105440.04502217955
105684.78502240748
105775.20002249168
105808.33502252254
105958.98002266284
105976.05502267875
105999.0900227002
106019.94002271962
106087.23502278229
106401.02502307453
106478.65502314683
106491.58002315887
106518.9900231844
106551.71502321487
106574.14002323576
106737.62502338801
106766.600023415
106887.53502352763
106920.50002355833
107126.46002375014
107400.15502400504
107443.07502404501
107465.84002406622
107520.52502411715
107579.0950241717
107608.3100241989
107781.00002435973
107798.09502437565
107823.4900243993
107837.63502441248
107850.31502442429
108043.22502460395
108355.86002489511
108741.49502525426
108927.27002542728
108943.080025442
108976.28502547293
109010.4050255047
109092.55502558121
109166.9450256505
109804.3300262441
109819.3550262581
110111.26502652996
110138.24002655508
110208.6950266207
110251.16002666025
110982.63002734148
111004.95502736227
111062.03002741543
111306.64002764324
111322.95502765843
111623.05502793792
111657.26002796978
111737.84502804483
111763.33502806857
112035.72502832225
112050.3850283359
112262.10502853309
113069.01502928458
113168.0300293768
113198.6450294053
113378.47502957279
113652.73502982821
113687.58502986067
113723.25502989389
113748.065029917
113796.65502996225
113831.66502999485
113990.86003014311
114196.44503033458
114252.68503038696
114297.17503042839
114656.17503076274
114732.56003083388
114751.95003085193
115152.55003122502
115425.39503147913
115608.09003164928
115707.74503174209
115794.07003182248
115866.1400318896
115899.44503192062
116324.13503231615
116343.56503233424
116495.69503247592
116587.5850325615
116612.5000325847
116742.08003270539
116761.62503272359
116799.77503275912
116971.83003291936
117022.18503296626
117111.87503304979
117138.3000330744
117230.90003316064
117253.88003318204
117269.60003319668
117377.17503329687
117923.4250338056
118062.43503393506
118153.50503401988
118243.66503410385
118257.23503411649
118485.30503432889
118624.87003445887
118641.68003447453
118673.01503450371
118789.62003461231
118822.53503464296
118841.82003466092
118990.71503479959
119011.53503481898
119026.53003483295
119084.570034887
119100.28503490164
119120.1100349201
119327.6700351134
119393.61003517482
119493.90003526822
119511.62003528472
119526.78503529885
119643.08503540716
119963.90003570594
120546.50503624853
120625.83003632241
120646.10003634129
120688.88003638113
120791.36003647657
120826.26003650908
120886.13003656483
121269.24503692164
121300.58503695083
121359.08503700531
121494.93503713183
121508.74003714469
121574.74003720615
121607.26003723644
121648.65503727499
121730.19503735093
121793.0750374095
121874.3650374852
122009.85003761138
122088.62003768474
122179.90003776975
122231.86003781814
122256.58003784117
122289.1550378715
122305.0350378863
122317.84003789822
122337.72503791674
122360.05503793753
122663.50503822014
122757.79003830795
122833.41003837838
123051.73503858171
123078.10503860627
123093.64003862074
123145.69003866921
123243.68503876048
123373.40003888129
123469.96503897122
123486.75503898686
123501.945039001
123590.56003908353
123607.69003909949
123729.06003921252
123744.30503922672
123761.9000392431
123883.3400393562
124029.35503949219
124573.72003999917
124600.89004002447
124689.47504010698
124740.53004015452
124799.17504020914
124841.95004024898
124881.33504028566
124959.30004035827
124979.82504037739
125336.98504071002
125387.77004075731
125407.25504077546
125481.50504084461
125573.54504093033
125597.5600409527
125638.92504099122
125655.90004100703
125735.71504108136
125761.23504110513
125799.1000411404
125896.04504123068
126066.65004138957
126213.72004152654
126353.06004165631
126385.78004168678
126496.46004178986
126588.25004187535
126662.73504194472
126677.80504195875
126699.07004197856
126727.54004200507
126912.24504217709
126957.07504221884
127021.665042279
127176.91004242358
127286.3500425255
127310.41504254792
127513.78004273731
127532.19504275447
127566.3700427863
127636.33504285145
127775.5500429811
127803.05004300672
127836.32504303771
127863.46504306298
128212.40504338796
128399.1650435619
128624.67504377192
128645.57004379138
128692.7250438353
128721.1800438618
128957.22504408163
129003.99504412519
129026.15004414582
129150.87504426198
129211.05004431802
129328.98004442785
129395.31504448963
129618.04504469706
129992.32004504564
130014.87504506664
130036.81004508707
130095.88004514208
130154.9600451971
130359.01504538715
130569.79004558345
130675.05504568148
130696.06004570104
130716.31504571991
130738.34504574043
130861.56004585518
130919.79504590941
130948.5600459362
131011.57504599489
131040.85504602216
131227.1950461957
131297.24004626094
131329.88004629134
131346.6000463069
131379.72004633775
131395.4450463524
131415.71504637128
131454.4100464073
131543.23004649003
131567.63504651276
131653.84504659305
131743.7700466768
131783.2950467136
132154.2700470591
132238.30004713737
132261.4300471589
132356.10504724708
132420.61004730716
132554.15504743153
132574.28504745028
132825.05004768382
132951.81504780188
133034.05004787847
133176.8800480115
133200.54504803353
133233.10504806385
133249.8000480794
133354.30004817672
133625.7100484295
133646.19004844857
133700.29504849896
133741.52504853735
133919.08004870272
134054.5650488289
134082.33504885476
134096.21504886769
134169.49504893593
134375.38504912768
134465.11504921125
134860.6350495796
134999.33504970878
135040.50004974712
135268.5350499595
135747.48505040555
135853.56505050434
135949.7250505939
135995.75005063677
136142.49005077343
136222.63505084807
136348.86505096563
136370.01005098532
137128.06505169132
137160.6800517217
137266.94005182065
137635.15005216358
137706.8050522303
137721.78005224426
137751.83505227225
137779.99505229847
137814.5050523306
137899.15005240944
137934.08505244198
138004.17505250726
138092.1600525892
138122.17005261715
138237.80505272484
138255.41005274124
138273.66005275823
138334.3050528147
138350.32005282963
138504.50505297323
138871.88005331537
138898.90505334054
139544.0850539414
139653.96005404374
139720.5000541057
139912.29505428433
139952.93005432218
140141.8400544981
140171.4700545257
140183.30505453673
140195.34005454794
140268.99505461653
140411.3500547491
140531.42505486094
140565.860054893
140586.73505491245
140620.7250549441
140732.72505504842
140814.46005512454
140859.7400551667
140936.6200552383
141156.1950554428
141175.37505546067
141239.57505552046
141315.19505559088
141401.90505567164
141539.57505579985
141555.92005581508
141585.61505584273
141602.20505585818
141625.89505588025
141698.9650559483
141770.89005601528
141787.1350560304
141834.20505607425
141926.94505616062
141960.9450561923
141977.97005620814
142098.4050563203
142273.3100564832
142541.7350567332
142575.3600567645
142665.04505684803
142710.57005689043
142997.40005715756
143145.6050572956
143173.1150573212
143189.03505733603
143305.23505744425
143364.90505749983
143636.36505775264
143683.01005779608
143802.88005790772
143822.33505792584
143849.70005795133
143892.22005799093
143989.94505808194
144408.5550584718
144428.8400584907
144457.3000585172
144529.37505858432
144593.91505864443
144616.15505866514
144753.7550587933
145207.1000592155
145267.0150592713
145286.29005928925
145303.46505930525
145340.8900593401
145359.55005935748
145382.73005937907
145433.48505942634
145461.94005945284
145490.96505947987
145752.27505972324
145873.71505983634
145895.83505985694
146098.64506004582
146219.37506015826
146236.5950601743
146258.5150601947
146272.33006020758
146290.59006022458
146308.9800602417
146411.9450603376
146442.47006036603
146531.82006044924
146566.7650604818
146661.71506057022
146869.780060764
147067.82506094844
147087.84006096708
147264.77506113186
147394.67006125284
147481.7150613339
147538.13006138644
147694.28006153187
147823.61506165232
147865.22006169107
147896.7200617204
148081.10006189212
148143.06506194983
148209.46506201167
148230.39506203117
148325.65506211988
148403.57506219245
148452.7000622382
148782.7650625456
148801.8850625634
148863.04006262036
148951.26506270253
149346.40506307053
149510.7550632236
149656.7900633596
149674.12006337574
149688.66006338928
149722.35006342066
149739.32506343647
150042.19506371854
150302.3300639608
150542.69506418466
150580.35006421973
150631.98506426782
150776.8050644027
150825.50006444805
150972.15506458463
151059.29006466578
151104.9300647083
151134.74506473605
151153.96006475395
151646.13006521232
151664.33006522927
151698.3100652609
151717.76506527903
151752.47006531135
151784.310065341
151880.1800654303
151984.41506552737
152040.86506557994
152085.21506562125
152102.5650656374
152472.52006598195
152568.97006607178
152589.75006609113
152613.62506611337
152658.72006615537
152770.1050662591
152800.08506628702
152922.65506640117
152997.4150664708
153021.0300664928
153050.3450665201
153111.1150665767
153189.7350666499
153294.43006674742
153445.09006688773
153463.26006690465
153617.2850670481
153698.39006712363
153767.95006718842
153874.95506728807
154057.80006745836
154083.48006748228
154105.23506750254
154130.80506752635
154200.99506759172
154226.0950676151
154350.81006773125
154438.53006781294
154457.12506783026
154842.08506818878
154858.03506820364
154923.89506826497
154998.2250683342
155061.72506839334
155178.12006850174
155465.07006876898
156171.64006942703
156409.73506964877
156437.6750696748
156473.74006970838
156600.82506982674
156698.76506991795
156753.72506996914
156804.2750700162
156832.0850700421
156881.64507008827
156956.44507015793
156976.22507017636
157000.24007019872
157030.1750702266
157053.00507024786
157117.43007030786
157195.5250703806
157242.33007042418
157350.20507052465
157361.8600705355
157377.44007055002
157392.2400705638
157409.99507058033
157432.66007060144
157613.62007076998
157635.51507079037
157757.60007090407
158307.24507141596
158412.17007151368
158672.43007175607
158793.66007186897
159023.60007208312
159043.90507210203
159122.88007217558
159169.495072219
159191.67007223965
159284.5000723261
159492.8950725202
159526.5200725515
159544.3450725681
159749.18007275887
159898.50507289794
159914.92507291323
160080.37507306732
160096.09507308196
160120.42007310461
160515.47007347253
160531.51507348748
160563.91007351765
160587.31507353944
160774.13507371343
160792.6600737307
161180.78507409216
161398.02007429447
161417.31007431244
161575.68507445994
161652.22507453122
161723.0700745972
162005.8850748606
162020.23507487396
162271.58007510804
162298.02007513266
162507.755075328
162593.85007540818
162717.05007552291
162733.49007553823
162774.5850755765
162975.95507576404
163101.9700758814
163152.36007592833
163407.90507616632
163581.54007632803
163595.65007634118
163615.61507635977
163651.8350763935
163709.31507644703
163753.91007648857
163817.35507654765
164338.57507703308
164428.30007711664
164783.50007744745
164890.21507754683
164995.25507764466
165109.24007775082
165239.72007787233
165333.66007795982
165444.46507806302
165792.36507838703
165939.36507852393
165972.49507855478
165992.76007857366
166132.89007870416
166170.5000787392
166185.45507875312
166391.46007894498
166420.20007897174
166435.0700789856
166851.71507937362
166866.60007938748
166887.39007940685
166963.5600794778
166978.3850794916
167024.6700795347
167043.42507955217
167189.3800796881
167319.9600798097
167430.1050799123
167773.51508023211
167858.92508031166
167915.57508036442
167956.27008040232
167991.45008043508
168157.84508059005
168177.14008060802
168249.6900806756
168521.85508092906
168559.13008096378
168685.24008108123
168739.84508113208
168803.26508119114
168906.180081287
169131.33008149668
169228.0900815868
169332.19008168374
169448.19008179178
169599.4900819327
169625.07508195651
169761.60008208366
169854.98508217063
170342.67508262483
170373.92008265393
170418.020082695
170646.75008290802
170724.17008298013
170741.66508299642
170770.94008302368
170872.72008311847
171019.1950832549
171035.72008327028
171228.0450834494
171340.2400835539
171431.625083639
171449.48508365563
171541.40508374124
171713.32508390135
171746.4600839322
171763.6250839482
171792.00008397462
171818.0750839989
171854.00008403236
172058.690084223
172339.3600844844
172375.52508451807
172401.9650845427
172633.3600847582
172884.7150849923
173003.0400851025
173022.53508512065
173049.58008514583
173251.33508533373
173398.96008547122
173439.80008550925
173463.08008553094
173662.5550857167
173828.36008587113
173939.16508597432
173976.01008600864
174016.40008604625
174284.52008629596
174317.66508632683
174343.27008635068
174370.51508637605
174394.32008639822
174892.34008686204
175035.70508699556
175054.51008701307
175125.22508707893
175380.57008731674
175450.67008738202
175474.32508740405
175545.54008747038
175598.80008751998
175632.89508755173
175666.00508758257
175721.81508763455
175744.49508765567
175824.49008773017
175854.2800877579
175963.91508786002
176006.25508789945
176128.36508801318
176148.01508803148
176257.71508813364
176277.35008815193
176343.54508821358
176358.53508822754
176380.37508824788
176406.5000882722
176694.5600885405
176713.96008855855
176977.13508880365
177180.51008899306
177256.10508906347
177488.85008928023
177508.5750892986
177558.91008934547
177586.92508937157
177618.1000894006
177635.20008941652
177682.48508946056
177855.74508962192
177919.98008968175
177947.99008970783
178163.51008990855
178177.6300899217
178566.2000902836
178610.04509032442
178630.39509034337
178723.98009043053
178752.75509045733
178781.2850904839
178809.8400905105
178850.90009054873
179024.65009071055
179076.52509075886
179114.1450907939
179177.9250908533
179393.48509105406
179455.85509111214
179496.3850911499
179547.6250911976
179663.6850913057
179679.28009132022
179809.0850914411
180078.00009169156
180220.83009182458
180281.34009188093
180524.16009210708
180536.98009211902
180554.31009213516
180743.07509231096
180771.035092337
180857.30509241734
181004.28009255423
181184.7400927223
181232.69509276695
181289.20009281958
181481.90009299904
181514.98509302986
181531.41509304516
181827.43009332084
181982.24009346502
182201.23509366898
182235.86009370122
182427.79009387997
182503.05009395006
182575.33509401738
182596.4950940371
182749.21509417932
182783.7750942115
182999.11009441206
183054.90509446402
183135.46509453905
183430.64009481395
183442.0700948246
183621.5950949918
183646.85509501531
183719.67009508313
183804.1450951618
183828.8450951848
183870.26509522338
183925.5950952749
183943.5250952916
184047.5650953885
184088.83009542694
184140.56509547512
184460.87009577343
184560.94009586662
184932.51009621267
185004.53509627975
185031.55509630492
185064.55509633565
185238.6550964978
185303.66009655833
185565.59009680228
185892.0200971063
185905.15509711852
185929.7250971414
185968.66509717767
186038.9300972431
186096.2700972965
186126.95009732508
186222.24009741383
186324.37509750895
186711.13009786914
186731.30509788793
186758.215097913
186787.07009793987
186892.0050980376
187013.49009815074
187039.6400981751
187064.31009819807
187096.1400982277
187191.18509831623
187253.71509837447
187335.49509845063
187389.39509850083
187735.05509882275
187803.27009888628
187892.57009896945
187926.15009900072
187944.53509901784
188026.6250990943
188113.5100991752
188149.61009920883
188240.33009929332
188488.4350995244
188639.3000996649
188792.55509980762
188869.4200998792
189211.44510019774
189228.09010021325
189532.3251004966
189571.83010053338
189584.81010054547
189614.9101005735
189776.64010072412
190107.09010103188
190124.32010104792
190141.2451010637
190231.53510114778
190250.41510116536
190284.400101197
190376.725101283
190389.9351012953
190455.8601013567
190479.29510137852
190593.05510148447
190616.0651015059
190734.05510161578
190748.27510162903
190858.28010173148
190883.88510175532
190899.08510176948
190945.09510181233
190977.0751018421
191154.81010200764
191560.45010238542
191576.7401024006
191607.47510242922
191684.560102501
191815.545102623
191896.70010269858
192136.9301029223
192423.3751031891
192507.3701032673
192558.6801033151
192790.91010353138
192915.53010364744
192960.3751036892
193039.22010376264
193063.82010378555
193103.25010382227
193156.71510387206
193223.46010393422
193255.13510396372
193404.50510410283
193420.12510411738
193433.74510413007
193581.87510426802
193612.71510429675
193687.37010436627
193728.17010440427
193752.20510442666
194078.10010473017
194090.97010474215
194436.64010506409
194448.93510507554
194461.72010508744
194635.23010524904
194753.58010535926
194773.9251053782
194964.01010555524
194978.0401055683
195057.99010564276
195191.9301057675
195290.4001058592
195413.52510597388
196024.79010654317
196216.2751067215
196232.75010673684
196286.43010678684
196414.52510690613
196652.5301071278
196666.85010714113
196688.48010716127
196707.47510717897
196806.47010727116
196823.09010728664
196837.72010730027
196855.76510731707
196868.33510732878
196890.14010734909
196922.9101073796
197139.60510758142
197239.05510767404
197689.26510809333
197950.17010833632
198079.39510845667
198113.84010848874
198130.19010850397
198147.7251085203
198258.02010862302
198397.87010875327
198425.23510877875
198450.49010880227
198511.10510885873
198742.51510907424
198764.3651090946
198968.22010928445
199162.65010946553
199182.85010948434
199239.12010953674
199272.21010956756
199302.4201095957
199422.53010970756
199727.25010999135
199743.0801100061
199925.55511017604
200288.85011051438
200466.83011068014
200482.10011069436
200502.26011071313
200588.26011079323
200622.12511082477
200659.0901108592
200703.25011090032
201137.62511130486
201158.55011132435
201183.32011134742
201202.22511136503
201221.69011138316
201401.1751115503
201824.30011194438
201840.94511195988
201868.63011198567
201888.8401120045
201943.77511205565
202006.68511211424
202174.29011227033
202345.58011242986
202360.9801124442
202381.95511246374
202399.04011247965
202426.265112505
202770.13511282526
202994.23011303396
203014.81511305313
203067.5001131022
203123.90511315473
203165.14011319313
203183.17511320993
203210.65011323552
203419.47011343
203485.12011349114
203517.0901135209
203585.00011358416
203653.8751136483
203699.3001136906
203713.95011370425
203877.77511385683
203951.02011392504
204037.56011400564
204058.21511402488
204243.52511419746
204262.2501142149
204371.47011431662
204423.17511436477
204436.00011437671
204448.4551143883
204483.8601144213
204748.80511466804
204764.3301146825
204777.57511469483
204950.55511485593
205007.3201149088
205113.92511500808
205260.21511514432
205462.62511533283
205479.51011534856
205503.15511537058
205520.3701153866
205568.72511543165
205606.87511546718
205781.29511562962
205801.5801156485
206047.63011587766
206318.94511613034
206479.69511628005
206525.94011632312
206981.12011674704
207030.0501167926
207047.8701168092
207166.35511691956
207189.12511694076
207228.6651169776
207342.8051170839
207406.83511714352
207451.08011718473
207466.12511719874
207498.0951172285
207531.23011725937
207607.04011732998
207627.32011734886
207650.6451173706
207843.38011755008
207882.18011758622
208361.19011803233
208422.2451180892
208442.92011810845
208510.16011817107
208601.65011825628
208695.28011834348
208847.74011848547
209019.20511864516
209154.74011877138
209200.4001188139
209246.58011885692
209401.74011900142
209684.78511926503
209797.42511936993
209810.2801193819
209822.22511939303
209988.80011954816
210044.3451195999
210064.4301196186
210169.60011971655
210191.30011973676
210440.75511996908
210458.26011998538
210474.96012000093
210705.00512021518
210744.3101202518
210890.29012038774
210930.7151204254
211089.38512057316
211170.86512064905
211192.21512066893
211211.7301206871
211244.3551207175
211290.5451207605
211517.57012097194
211531.09012098453
211592.34012104158
211792.76512122824
212127.44512153993
212185.98512159445
212692.9651220666
212742.51512211276
212760.3801221294
212878.80012223969
212981.9901223358
213096.54012244247
213198.08512253704
213321.35012265184
213339.58512266882
213356.36512268445
213371.84512269887
213406.19012273086
213424.8101227482
213482.21512280166
213676.85512298293
213707.61012301157
213725.81512302853
213835.6351231308
214138.1101234125
214153.2451234266
214298.32512356172
214319.74512358167
214909.570124131
215015.75012422987
215033.66512424656
215232.87012443208
215421.82012460806
215445.76012463035
215461.13012464467
215509.5951246898
215644.94512481586
215687.91512485588
215899.1501250526
216000.0701251466
216021.09012516617
216037.92012518184
216137.45012527454
216210.5151253426
216521.21512563195
216537.07012564671
216714.91512581235
216774.28512586764
216789.33512588165
216806.60012589773
216847.1451259355
216965.64512604586
217076.58512614918
217476.5651265217
217491.22512653534
217598.9951266357
217808.64512683096
217972.98512698401
218057.4851270627
218096.53512709908
218171.45512716885
218217.65012721188
218250.5351272425
218332.65012731898
218766.01512772258
218852.2701278029
218975.4001279176
219154.3951280843
219174.01512810256
219189.515128117
219203.51012813003
219245.58512816922
219441.0851283513
219497.62012840394
219524.1901284287
219607.5301285063
219625.92012852343
219644.07012854033
219814.3251286989
220005.38512887683
220041.15512891015
220111.46012897562
220145.82012900762
220193.6951290522
220269.66012912296
220306.82012915757
220401.0151292453
220468.8751293085
220505.66512934276
220523.89512935973
220581.24012941314
220687.69012951228
220733.47512955492
220799.75012961664
220835.07012964954
220891.05012970167
221159.06012995128
221272.6751300571
221332.2851301126
221387.85013016436
221501.57513027027
221560.38013032504
221600.43513036234
221623.76513038407
221642.0651304011
221663.23013042082
221847.40013059234
221861.02013060503
221981.71013071743
222016.85513075016
222182.030130904
222195.61513091665
222963.89013163216
223096.73513175588
223118.85513177648
223141.48513179756
223298.88513194415
223328.40013197163
223509.44013214024
223593.7951322188
223611.4001322352
223644.11513226567
223917.44013252022
224030.9251326259
224151.44013273815
224168.63513275416
224185.0101327694
224215.6051327979
224239.37513282005
224261.3251328405
224428.04513299576
224467.46013303247
224672.64013322355
224870.86513340817
225008.94513353676
225034.71013356076
225343.32513384818
225377.03513387957
225397.17513389833
225655.29013413872
225721.33513420023
225739.5701342172
225915.63513438118
225950.42013441358
225973.58013443515
226043.36013450014
226095.9301345491
226595.73513501458
226634.47513505066
226655.84013507055
226769.94013517682
226785.3951351912
226848.03513524955
226926.4801353226
226944.77013533964
226966.5151353599
227206.2751355832
227223.4801355992
227333.05013570125
227375.86513574113
227395.97013575985
227561.23513591377
227602.91013595258
227674.220136019
227780.39513611788
227800.6151361367
227832.67013616656
227867.23513619875
227890.6951362206
227912.21013624064
228077.77513639483
228172.04013648262
228216.76513652428
228281.2151365843
228625.74513690517
228867.00513712986
228967.38513722335
229136.69013738103
229153.54513739672
229271.0001375061
229290.7551375245
229323.5901375551
229343.5851375737
229523.87513774162
229673.49013788096
229715.56513792014
229777.07513797743
229803.0251380016
229851.8701380471
229916.8501381076
230047.49513822928
230155.79013833014
230196.9751383685
230219.2051383892
230251.27013841906
230330.8801384932
230535.70513868396
230548.05013869546
230593.55013873783
230624.18013876636
230658.140138798
230804.12513893394
230866.7951389923
230985.84013910318
231060.45013917267
231142.91013924946
231174.1951392786
231288.9701393855
231520.33013960096
231538.1901396176
231550.18513962877
231843.33013990178
231881.6801399375
232073.90514011652
232104.20014014473
232441.99014045933
232541.8051405523
232584.73014059226
232669.77514067147
232731.09014072857
233005.365140984
233102.48514107446
233146.2251411152
233172.73014113988
233267.7751412284
233300.16514125856
233326.25514128286
233344.63014129997
233440.8651413896
233476.85514142312
233675.1501416078
233733.81014166243
233957.14514187042
234034.27514194226
234079.47014198435
234141.35514204198
234296.7401421867
234409.21014229144
234686.2951425495
235155.9551429869
235173.0401430028
235209.59014303685
235501.51014330873
235570.2001433727
235761.7651435511
235870.79014365264
236031.0451438019
236152.56014391506
236174.4001439354
236234.5301439914
236313.94014406536
236366.10514411394
236407.52514415252
236455.34014419705
236486.99014422653
236546.80014428223
236592.36514432466
237065.54014476534
237130.97514482628
237163.78514485684
237368.99014504795
237388.39014506602
237411.72514508775
237453.9601451271
237501.06014517095
237589.44514525327
237641.10514530138
237933.45514557365
238067.55014569854
238085.8851457156
238210.2101458314
238353.32014596468
238368.87014597916
238531.5801461307
238575.02014617115
238714.30014630087
238745.38014632982
238774.2401463567
238932.97014650452
239047.0751466108
239321.50014686637
239344.14514688746
239451.4551469874
239941.67514744395
239957.04514745827
240033.12014752912
240053.1901475478
240078.68014757155
240133.88514762296
240183.57014766923
240199.69514768425
240226.3651477091
240321.87514779804
240466.44014793268
240503.92014796758
240576.36014803505
240589.16514804697
240606.0501480627
240714.59014816378
240730.75514817884
240945.8751483792
241055.86514848162
241087.38014851097
241105.36514852772
241122.29014854348
241227.78514864173
241260.26514867198
241512.89514890726
241551.33514894306
241721.69014910172
241763.1251491403
241858.96514922957
242048.81514940638
242072.15514942812
242138.09014948952
242196.97014954436
242489.35514981666
242520.80014984595
242774.0401500818
242792.1751500987
242817.4151501222
243021.3201503121
243078.130150365
243145.79015042802
243288.4701505609
243317.01515058748
243355.82015062362
243593.79015084525
243621.72015087126
243649.8001508974
243707.50515095115
243727.03515096934
243745.4551509865
244097.69515131455
244121.72515133693
244141.19515135506
244268.3601514735
244293.19515149662
244357.45015155646
244441.05015163432
244465.415151657
244525.59015171306
244550.6601517364
244742.36015191494
244848.730152014
244960.86515211844
245147.90015229263
245168.8101523121
245555.27515267202
245578.18515269336
245594.13515270822
245612.42515272525
245639.01015275
245659.44515276904
246096.5301531761
246246.55515331583
246272.87015334034
246636.04515367857
246662.4951537032
246689.58015372843
247012.315154029
247151.1401541583
247301.56015429838
247345.22515433904
247365.75515435816
247494.89515447844
247567.37015454593
247610.95515458653
247709.24515467806
247886.52515484317
247903.70515485917
248009.68515495787
248109.29515505064
248173.6851551106
248195.34015513078
248440.9351553595
248456.63515537413
248493.015155408
248633.4651555388
248781.45015567663
248800.28515569418
248851.1951557416
248886.46515577444
249037.390155915
249055.7701559321
249069.76015594514
249085.4001559597
249566.68515640794
249665.2151564997
249699.64515653177
249740.2551565696
249876.32515669632
250060.69515686802
250082.29015688814
250204.25015700172
250296.61515708774
250343.03515713097
250442.8001572239
250736.35015749728
250753.81015751354
250849.03515760222
250861.73015761405
250879.98015763104
250908.54015765764
250955.110157701
250971.9551577167
251018.41015775996
251118.27015785297
251230.99515795795
251290.37515801325
251573.81015827722
251596.7651582986
251750.69515844196
251783.64515847265
251827.54015851353
251850.52015853493
252060.28015873028
252196.91015885753
252276.85015893198
252295.05015894893
252342.01015899266
252462.28515910468
252484.04015912494
252649.54015927907
252735.39515935903
252804.48515942338
252823.2001594408
252846.75515946274
252892.6651595055
252938.01015954773
252955.475159564
253021.28015962528
253210.9151598019
253318.65015990223
253337.80015992007
253355.2351599363
253605.70516016957
253636.71516019845
253771.07016032358
253863.61516040977
253885.16016042983
253952.0151604921
253973.390160512
253996.33516053337
254280.77016079827
254297.2351608136
254315.76516083087
254370.15516088152
254396.9751609065
254578.69516107574
254927.46516140056
254945.69516141753
255139.63516159815
255171.3651616277
255187.70016164292
255209.9051616636
255359.50516180292
255374.87016181723
255580.07516200835
256066.7601624616
256092.0801624852
256147.33016253664
256164.5851625527
256436.4551628059
256534.81516289752
256627.52516298386
256638.87516299443
256696.6151630482
256792.77016313776
256814.38016315788
256940.85016327567
257009.2951633394
257062.51516338898
257364.63516367035
257383.41016368783
257411.27016371378
257434.30016373523
257469.2601637678
257490.07516378717
257520.6001638156
257538.4301638322
257570.68016386224
257599.04516388866
257659.1151639446
257778.32516405563
257883.70016415376
257900.55016416946
258055.24016431352
258174.4101644245
258196.44016444503
258219.30016446632
258235.2951644812
258320.0101645601
258348.26516458642
259094.3951652813
259176.1901653575
259314.96516548673
259329.56016550033
259359.3951655281
259512.89016567107
259527.25516568444
259727.65016587108
259744.28016588656
259796.88516593556
260076.77016619622
260219.5601663292
260382.03516648052
260433.1201665281
260567.64016665338
260588.95516667323
260608.73016669165
260682.79516676062
260744.87516681844
260758.32516683097
260818.1801668867
260832.4451669
260939.78516699997
260956.44016701548
261065.2251671168
261083.95016713423
261105.76016715454
261398.24016742693
261453.8351674787
261467.08016749105
261617.09516763076
261676.47516768606
261737.1751677426
261876.15516787203
261971.60016796092
262004.3301679914
262138.40016811626
262257.6551682273
262282.6551682506
262307.41516827367
262470.58016842563
262696.7751686363
262808.9701687408
262959.48016888095
262993.5701689127
263185.30516909127
263396.1151692876
263631.8251695071
264015.8951698648
264034.6501698823
264130.73516997177
264166.0851700047
264184.71017002204
264319.2901701474
264683.7701704868
264746.6951705454
264776.15017057286
264872.55017066264
265052.53517083026
265263.74517102697
265285.3451710471
265341.03017109894
265363.5401711199
265409.96017116314
265572.2851713143
265595.41017133585
265715.6251714478
265788.1951715154
265810.3951715361
265952.7901716687
266124.940171829
266530.3651722066
266543.1251722185
266696.31517236115
266828.05017248384
266941.9601725899
267021.7101726642
267170.9351728032
267189.9401728209
267223.4951728521
267249.59017287643
267333.4401729545
267398.86517301545
267574.0501731786
267592.87017319613
267760.240173352
267777.68017336825
267992.19017356803
268172.8601737363
268197.3351737591
268357.1151739079
268499.34517404035
268917.6351744299
268936.5451744475
269152.58517464873
269178.05517467245
269245.68517473544
269285.4801747725
269303.68017478945
269417.08017489506
269499.1401749715
269582.95017504954
269622.3051750862
269692.27517515136
269719.3751751766
269941.70017538365
269973.6401754134
270138.60017556703
270161.83517558867
270352.225175766
270455.315175862
270483.61017588835
270531.0201759325
270548.59517594887
270569.2551759681
270592.5601759898
270818.74017620046
270879.6851762572
271054.41517641995
271266.9701766179
271589.6351769184
271721.9151770416
271867.1601771769
272504.08017777005
272528.730177793
272626.440177884
272691.2601779444
272722.9301779739
272737.38017798733
272787.8101780343
272882.26517812227
272916.30517815397
273095.16517832055
273121.1951783448
273170.34017839056
273203.010178421
273219.42017843627
273297.89017850935
273358.3151785656
273506.890178704
273737.29017891857
273763.510178943
273817.3201789931
273890.6451790614
274012.59517917497
274028.36517918966
274271.57017941616
274367.99017950596
274387.4801795241
274467.40517959854
274614.1351797352
274958.3501800558
275035.7851801279
275112.8001801996
275134.73518022004
275153.11518023716
275459.6201805226
275493.27518055396
275514.1301805734
275531.91518058995
275613.09518066555
275626.7901806783
275639.35518069
275665.6301807145
275717.47018076276
275768.3051808101
275848.1651808845
275972.180181
275993.68518102
276024.56518104876
276143.97518115997
276261.3601812693
276329.2001813325
276347.2451813493
276364.16518136504
276379.140181379
276403.81518140197
276528.375181518
276652.5451816336
277152.0501820988
277179.7201821246
277233.48018217465
277257.0751821966
277337.85518227186
277351.5151822846
277386.27018231695
277461.97018238745
277699.840182609
277813.7801827151
277894.18018279
277913.2351828077
278023.76518291066
278100.50518298213
278140.8601830197
278161.96018303937
278203.07018307765
278286.7351831556
278329.97018319584
278348.1851832128
278362.2601832259
278613.8451834602
278797.7851836315
278878.5001837067
278957.8401837806
279016.73518383544
279168.69018397696
279279.6401840803
279349.51518414536
279368.9801841635
279564.7051843458
279835.60018459806
279894.0351846525
279964.2851847179
280033.8301847827
280059.2051848063
280074.6701848207
280089.4601848345
280113.90518485726
280198.6701849362
280237.6251849725
280297.4351850282
280310.3351850402
280487.76518520544
280532.00518524664
280576.425185288
280674.8951853797
280691.23518539494
280709.73018541216
280782.2551854797
280872.6351855639
280895.5501855852
280933.1201856202
281031.0251857114
281217.8501858854
281359.98018601775
281376.71518603334
281433.40018608613
281454.13518610544
281893.83518651495
281915.8801865355
282019.49018663197
282121.7701867272
282431.3951870156
282450.5251870334
282481.4651870622
282553.9451871297
282585.4751871591
282608.5601871806
282628.81518719945
282851.70518740703
282879.6951874331
282978.8851875255
283005.6651875504
283121.24518765806
283134.76518767065
283252.9201877807
283288.9301878142
283320.0601878432
283340.1001878619
283450.2951879645
283465.5051879787
283652.86018815316
283677.09518817574
283774.1501882661
283791.9601882827
283867.9901883535
284056.1951885288
284194.5201886576
284241.105188701
284258.1951887169
284278.96018873627
284308.59018876386
284345.7651887985
284423.90018887125
284757.08018918155
285024.1801894303
285049.04518945346
285159.7651895566
285205.06018959876
285271.9951896611
285334.5651897194
285589.67018995696
285655.9351900187
285837.8551901881
285917.88019026263
285958.81019030075
285998.6101903378
286084.1751904175
286176.8551905038
286328.29519064486
286399.4401907111
286420.805190731
286595.65019089385
286934.2451912092
286997.7101912683
287032.850191301
287106.19019136933
287119.84519138205
287165.17519142426
287470.34019170847
287581.0501918116
287914.41019212204
288052.4651922506
288174.1151923639
288199.3151923874
288459.78519262996
288494.1001926619
288522.7551926886
288573.37019273575
288617.8551927772
288642.3851928
288660.1051928165
288736.67519288784
288905.0151930446
288972.71519310767
289003.9751931368
289035.1351931658
289049.24519317894
289091.8601932186
289131.9101932559
289425.4201935293
289659.6201937474
289697.4051937826
289738.91019382124
289820.31519389705
289875.93019394885
289927.600193997
289944.85019401304
290065.4051941253
290119.55019417574
290215.77019426535
290229.49519427813
290388.55519442627
290426.6951944618
290451.68519448506
290516.020194545
290582.7301946071
290608.24019463087
290639.0851946596
290656.4801946758
290705.31019472127
291165.64019515
291193.3851951758
291527.2951954868
291577.18019553326
291773.11519571574
291981.0351959094
292017.62519594346
292085.78019600693
292291.0301961981
292358.1501962606
292405.03019630426
292596.56519648264
292662.6801965442
292732.0551966088
293125.1001969749
293144.30519699276
293269.1951971091
293282.81519712176
293504.285197328
293522.2101973447
293564.6301973842
293609.63519742613
293841.34519764193
293871.8201976703
293890.7351976879
294042.190197829
294113.24519789516
294432.99519819295
295015.81019873574
295273.39519897563
295301.5001990018
295368.6951990644
295387.5051990819
295491.2401991785
295535.0501992193
295649.64519932604
295666.8901993421
295684.86019935884
295937.7901995944
296039.42519968905
296054.2851997029
296438.9052000611
296535.15520015074
296552.47520016687
296569.10520018236
296591.44520020316
296620.73520023044
296702.0752003062
296724.57020032714
296813.0102004095
296836.56520043145
296859.64020045294
296995.3452005793
297052.39020063245
297072.68020065135
297229.68020079756
297310.95020087325
297348.74020090845
297389.77020094666
297419.6352009745
297713.18520124786
297789.9002013193
297939.2652014584
298193.6952016954
298580.00520205515
298603.74520207726
298658.60520212835
298789.8402022506
298805.18020226486
298940.4352023908
298969.0502024175
299006.5502024524
299738.7602031343
299760.02520315413
299995.40520337335
