117.68499999996546
163.1849999999241
297.7599999998017
546.8099999995752
637.4149999994928
690.7299999994443
800.2649999993447
884.3049999992683
1178.705000002518
1406.115000007482
1465.7450000087836
1559.6250000108328
1871.94000001765
2137.0100000234356
2334.5550000277476
2459.72500003048
2500.9400000313794
2529.0750000319936
2645.1250000345267
2670.700000035085
2856.4500000391395
3105.6300000445785
3141.3550000453583
3194.2750000465135
3278.5750000483536
3324.185000049349
3380.5400000505792
3419.610000051432
3462.040000052358
3568.3350000546784
3630.0950000560265
3777.7900000592504
3824.550000060271
4004.505000064199
4144.400000067252
4241.560000069373
4297.740000070599
4541.97000007593
4582.895000076824
4706.205000079515
4827.84000008217
4885.705000083433
4929.350000084386
4965.845000085183
4994.630000085811
5080.335000087682
5113.600000088408
5156.175000089337
5277.075000091976
5495.610000096746
5607.620000099191
5821.3050001038555
5978.525000107287
6069.4300001092715
6170.885000111486
6270.075000113651
6340.025000115178
6371.455000115864
6404.180000116578
6507.140000118826
6604.215000120945
6697.710000122986
6797.585000125166
7183.840000133597
7278.80500013567
7373.755000137742
7403.955000138401
7529.550000141143
7578.850000142219
7667.010000144143
7810.995000147286
7855.645000148261
7890.200000149015
7992.405000151246
8041.250000152312
8096.7000001535225
8337.565000132301
8375.460000126235
8430.710000117391
8543.60000009932
8935.475000036593
9004.295000025577
9195.389999994988
9283.759999980843
9352.819999969788
9496.724999946753
9584.244999932744
9625.069999926209
9820.46999989493
9981.90499986909
10211.829999832285
10264.644999823831
10883.654999724746
10992.759999707281
11043.039999699233
11131.939999685002
11186.629999676248
11321.609999654642
11386.099999644319
11411.089999640319
11491.999999627367
11565.629999615581
11617.86499960722
11706.624999593012
11750.36999958601
11799.234999578188
11940.039999555649
12194.284999514952
12271.504999502591
12321.11499949465
12435.529999476335
12472.264999470455
12962.729999391946
13002.974999385504
13104.284999369287
13152.839999361515
13295.829999338626
13522.064999302413
13770.134999262704
13855.794999248992
13924.874999237934
14047.924999218238
14142.314999203129
14169.834999198723
14199.15999919403
14360.239999168245
14413.964999159645
14438.309999155748
14546.674999138402
14581.604999132811
14635.744999124145
14696.579999114407
14727.54499910945
14829.93499909306
14984.834999068265
15078.484999053275
15118.49499904687
15170.90999903848
15267.36499902304
15316.714999015141
15361.494999007973
15551.654998977534
15738.009998947704
15850.514998929695
15898.134998922073
15968.67999891078
16221.904998870246
16276.119998861568
16365.959998847187
16650.704998898633
16694.13999890748
16952.80999896018
16982.06499896614
17146.75499899969
17193.949999009306
17278.3499990265
17331.05499903724
17370.37999904525
17410.649999053454
17527.124999077183
17670.084999106308
17725.059999117508
17773.949999127468
17808.694999134546
17962.904999165963
18530.879999281675
18593.014999294333
18673.949999310822
18770.97999933059
18919.36499936082
18956.884999368463
19018.71999938106
19109.13499939948
19147.009999407197
19554.754999490266
19594.619999498387
19859.429999552336
19972.09999957529
20106.09999960259
20161.689999613915
20354.22499965314
20406.79999966385
20446.84499967201
20483.85499967955
20595.314999702256
20717.45499972714
20749.02499973357
20976.86999977999
21227.15999983098
21322.299999850362
21614.239999909838
21665.43999992027
21792.344999946123
21847.739999957408
22009.519999990367
22047.204999998045
22235.91000003649
22452.04500008052
22648.23000012049
22764.42000014416
22810.89500015363
22855.400000162696
23164.915000225752
23190.27500023092
23266.280000246403
23317.155000256767
23527.4050002996
23575.84500030947
23628.67000032023
23804.00000035595
24010.24500039797
24168.730000430256
24242.38000044526
24351.910000467575
24405.900000478574
24570.90000051219
24791.98500055723
24868.965000572913
25006.705000600974
25111.165000622255
25174.140000635085
25401.67500068144
25455.555000692417
25704.500000743134
25792.320000761025
25896.685000782287
25973.775000797992
26127.40000082929
26182.945000840606
26229.88500085017
26453.045000895632
26499.36500090507
26609.42500092749
26827.71000097196
26960.63000099904
27087.240001024835
27214.49000105076
27279.425001063988
27431.485001094967
27504.035001109747
27768.61500116365
27874.725001185267
27915.505001193575
27957.725001202176
28046.765001220316
28094.605001230062
28134.665001238223
28199.280001251387
28431.42500129868
28512.670001315233
28688.440001351042
28729.56500135942
28828.340001379544
29103.270001435554
29141.525001443348
29353.320001486496
29463.905001509025
29497.385001515846
29542.66000152507
29639.620001544823
29695.355001556178
29839.270001585497
29878.40500159347
30009.645001620207
30396.515001699023
30701.56500176117
30784.72000177811
30852.385001791896
30928.860001807476
30984.265001818763
31228.625001868546
31266.185001876198
31320.325001887228
31464.330001916565
31623.075001948906
31651.91000195478
31703.35000196526
31898.740002005066
32198.8250020662
32242.825002075166
32343.880002095753
32723.050002173
32859.665002134134
32951.14500208621
33000.07000206058
33097.87500200934
33152.120001980926
33441.9300018291
33592.06500175045
33621.225001735176
33723.580001681556
33773.08500165562
33831.30500162512
33920.96500157815
33966.84500155412
34152.24500145699
34436.830001307906
34488.755001280704
34668.150001186725
34720.185001159465
34789.64500112308
34832.65000110055
34885.8100010727
35165.69000092608
35218.94000089818
35406.540000799905
35445.23000077964
35478.29000076232
35501.19500075032
35700.325000646
35868.57000055786
35992.07500049316
36206.245000380964
36225.065000371105
36364.65500029798
36481.13000023696
36709.09500011754
36801.84000006895
36889.795000022874
37022.74999995322
37434.89499973731
37530.259999687354
37673.539999612294
37711.504999592406
37855.589999516924
37944.05499947058
37995.1749994438
38054.909999412506
38102.79499938742
38156.02999935953
38237.189999317015
38344.05999926103
38635.82999910818
38707.39499907069
38968.98499893365
39024.524998904555
39068.39499888157
39288.34499876635
39448.50999868244
39491.50499865992
39773.624998512125
39822.24999848665
39850.85499847167
40008.28999838919
40038.384998373425
40068.65499835757
40122.53499832934
40211.7549982826
40367.17499820118
40598.52999807998
40654.17999805083
40687.96499803313
40743.28499800415
40972.96499788383
41077.634997828995
41121.12999780621
41373.99999767374
41456.07999763074
41603.624997553445
41939.04499737773
42296.36999719054
42377.86999714784
42424.94499712318
42573.43999704539
42607.92499702732
42665.129996997355
42717.40999696997
42857.49499689658
42926.7449968603
42960.869996842426
42992.079996826076
43245.619996693255
43283.59999667336
43579.059996518576
43624.58499649473
43918.80999634059
43952.47999632295
44067.73999626257
44103.04999624407
44159.36499621457
44385.00999609636
44403.81499608651
44459.259996057466
44493.714996039416
44632.1349959669
44686.7299959383
44786.77499588589
44872.16499584116
44915.499995818456
45077.03499573383
45168.98999568566
45216.359995660845
45399.39499556496
45447.124995539954
45649.384995434
45742.38499538528
45786.19999536232
45881.74999531227
45937.14499528325
46031.909995233604
46175.40499515843
46308.22499508885
46417.764995031466
46546.27999496414
46609.21499493117
46663.33999490282
46798.46999483203
46836.059994812334
46905.35499477603
46947.18999475412
47007.90999472231
47050.37999470006
47135.77499465532
47172.8549946359
47210.769994616036
47236.29999460266
47314.174994561865
47336.88499454997
47413.57999450979
47573.12499442621
47607.32499440829
47690.259994364846
47846.85499428281
47889.80999426031
47966.324994220224
48122.3199941385
48154.02999412189
48239.61999407705
48325.534994032045
48436.74999397378
48855.5199937544
49007.07499367501
49254.75999354525
49291.54999352598
49445.24499344546
49648.92499333876
49731.42999329554
49845.229993235924
49913.72999320004
50163.18499306936
50211.60999304399
50249.1949930243
50321.90499298621
50493.96999289607
50549.21499286713
50583.66499284908
50685.31499279583
50749.55999276217
50949.69499265733
50984.44999263912
51039.59999261023
51279.804992484394
51376.20499243389
51502.32999236782
51547.04999234439
51705.804992261226
51768.44999222841
51849.049992186185
51943.64999213663
52038.5699920869
52109.99999204948
52147.41999202988
52230.62999198629
52512.134991838815
52710.59499173485
52827.10999167381
52901.20499163499
53091.269991535424
53522.919991309296
53618.614991259165
53722.934991204515
53763.98499118301
53814.13499115674
53859.2599911331
54262.589990921806
54424.90999083677
54635.394990726505
54725.95499067906
54911.74999058173
54942.80999056546
54975.29999054844
55015.29499052749
55118.78499047327
55161.74499045077
55298.81499037896
55528.85499025845
55595.83999022336
56084.249989967495
56127.04998994507
56165.80998992477
56305.76998985145
56510.08498974441
56802.384989591286
56849.384989566664
56991.62498949215
57027.11498947356
57366.46498929578
57499.8549892259
57537.35498920626
57573.28998918743
57711.314989115126
57765.564989086706
57874.564989029604
58050.53498893742
58260.33498882751
58388.319988760464
58479.28498871281
58550.47998867551
58765.299988562976
58869.774988508245
58916.14998848395
58958.37998846183
59006.28498843673
59146.849988363094
59213.99498832792
59303.40498828108
59451.85498820331
59505.42498817525
59708.86498806867
59806.48498801753
59849.639987994924
59927.03998795438
59978.24998792755
60021.17498790506
60178.69498782254
60202.84998780989
60482.639987663315
60848.14498747184
61162.16498730733
61231.72498727089
61318.60498722538
61416.57998717405
61517.69498712108
61740.00998700462
61816.37998696461
61845.30498694946
61888.25498692696
61923.80998690833
61958.16498689033
62077.829986827644
62149.2999867902
62237.60498674394
62359.389986680144
62522.21998659484
62930.52998638094
63002.07498634346
63145.5449862683
63249.0099862141
63342.94498616489
63416.70498612625
63482.58498609174
63674.99998599094
63772.45998593988
63869.804985888884
64022.06498580912
64048.644985795196
64105.72998576529
64345.73498563956
64406.33498560781
64732.12498543714
64778.48998541285
64932.72998533205
64977.60498530854
65080.07998525486
65118.69498523463
65264.829985158074
65324.12998512701
65550.04498502909
65688.44498515798
65839.12498529832
65913.86998536793
65992.0099854407
66021.71998546837
66066.49498551007
66412.82998583262
66465.45998588164
66758.51498615457
66904.70998629072
66932.36998631648
67010.91998638964
67363.53498671803
67438.73998678807
67667.364987001
67845.46498716687
67905.20998722251
68140.90498744202
68183.96498748212
68330.71498761879
68379.6849876644
68715.09498797677
68987.41498823039
69009.61498825107
69101.0349883362
69257.50498848193
69354.30998857209
69823.62498900917
70018.6499891908
70080.1649892481
70135.11998929927
70293.76998944703
70355.02998950408
70402.06498954789
70440.98998958414
70466.06498960749
70500.25998963934
70544.52998968057
70825.04498994182
70866.61998998054
70901.94499001344
71030.14499013283
71117.99499021465
71378.27999045706
71418.83999049483
71468.33999054093
71693.34499075048
71784.12999083503
71811.50499086053
71955.63499099476
72005.30999104102
72043.33999107644
72117.25499114528
72278.79499129573
72334.01499134715
72849.28999182704
72901.36499187554
72954.98499192548
73002.34499196958
73052.02499201585
73174.2699921297
73239.43499219039
73376.1249923177
73401.94499234174
73531.9349924628
73636.24999255995
73685.82499260613
73772.03499268641
73857.04999276559
74008.6699929068
74266.92999314732
74296.48999317485
74391.2449932631
74592.74499345076
74633.53499348875
74684.33999353606
74873.75999371248
75118.49999394041
75265.30499407713
75315.93999412429
75707.80999448925
75786.73999456275
75838.78499461123
75883.75999465311
75929.0599946953
75989.98499475204
76029.57999478892
76092.72999484773
76135.19499488728
76168.174994918
76276.38999501878
76315.29999505501
76416.4249951492
76607.18999532686
76748.84999545879
76850.87499555381
76923.47999562143
76995.37999568839
77043.64499573334
77235.67999591219
77272.38499594637
77327.48499599769
77416.3999960805
77476.30499613628
77680.19999632618
77718.40499636176
77872.1099965049
77922.82499655214
78045.02999666595
78108.76999672531
78192.97999680374
78241.43999684887
78482.70499707357
78809.66499737807
78913.02499747433
78961.15499751916
79083.8149976334
79148.7849976939
79209.2349977502
79291.11999782646
79338.17499787029
79406.1549979336
79449.7549979742
79632.33499814424
79667.90999817738
79818.17499831732
79874.0899983694
79916.76999840915
80060.44499854295
80117.41999859601
80300.71999876673
80374.8849988358
80464.71499891946
80642.40499908495
80887.58999931329
80980.81499940011
81056.61999947071
81275.92999967496
81562.07499994145
81590.2599999677
81706.73500007618
81736.85500010423
81792.6500001562
81912.78000026807
81996.09000034566
82098.59000044112
82289.91500061931
82522.31000083574
82712.69000101305
82895.18500118301
82980.93000126287
83037.57500131562
83102.68000137625
83337.32500159479
83423.59500167513
83857.9950020797
83911.74000212975
83956.97000217187
84072.01500227902
84248.47500244336
84299.4150024908
84410.96000259469
84609.97000278003
84635.46500280377
84700.93500286475
84926.95000307524
85210.60500333941
85600.1450037022
85676.58500377339
85844.77000393003
85942.95500402147
86119.69500418607
86226.1350042852
86505.07000454498
86559.35000459553
86611.78000464436
86701.6900047281
86775.94500479725
86829.50000484713
87030.20000503404
87170.74000516493
87202.40500519442
87425.35000540206
88091.78500602272
88241.57500616222
88373.24000628485
88422.61500633083
88718.36000660626
88778.59500666236
88822.06000670284
89109.93000697094
89239.11500709126
89343.37500718836
89403.53000724438
89444.5650072826
89602.45000742964
89689.32000751054
89728.13000754669
89814.4700076271
89948.29000775173
89989.66000779025
90116.89000790875
90691.99500844436
90747.2300084958
90840.23000858241
90882.32500862161
90929.95500866597
90981.45000871393
91037.63000876625
91080.59000880626
91171.1450088906
91235.76500895078
91360.38000906684
91467.65500916675
91597.86500928801
91644.14500933111
91687.41000937141
91730.33000941138
91939.15000960586
91990.46500965365
92032.63000969292
92097.36500975321
92432.3600100652
92488.01501011703
92525.70501015213
92703.71001031791
92755.30501036596
92878.90001048107
92969.8750105658
93070.41501065943
93100.16001068713
93602.70501115517
93662.36001121072
93763.27501130471
93821.18501135864
93952.82501148124
94260.97501176823
94360.83001186122
94401.87501189945
94544.90001203265
94575.29501206096
94828.67501229694
94868.09001233365
94962.43001242151
95035.7650124898
95162.20501260756
95210.44001265249
95300.93001273676
95352.06501278438
95406.69501283526
95489.50001291238
95603.975013019
95655.19001306669
95737.46501314332
95831.59501323098
95940.79001333268
95985.57001337438
96131.97001351073
96274.81501364376
96318.5650136845
96466.72501382249
96505.58001385868
96640.3650139842
96663.74501400598
96744.39501408109
96789.59001412318
96815.3800141472
96840.40501417051
96889.33501421608
96931.78501425561
97089.98501440295
97188.79501449497
97230.45501453377
97267.39001456817
97418.9300147093
97527.24001481017
98154.79001539462
98192.32001542958
98279.02001551032
98416.34001563821
98589.28001579928
98856.68001604831
98955.89501614071
99195.50501636387
99256.23001642042
99292.33001645404
99416.10001656931
99444.28001659556
99490.96001663903
99694.41001682851
99769.92001689883
99830.14001695492
99885.56501700653
99966.8100170822
100011.81501712411
100223.92501732166
100364.34001745243
100453.98501753592
100546.72501762229
100601.57501767337
100792.10501785082
100887.06501793925
100940.33001798886
101032.26501807448
101093.46001813147
101320.56501834298
101642.53501864284
101710.86001870647
101762.7450187548
101895.81001887872
102028.22001900204
102052.94001902506
102084.69001905463
102272.0250192291
102364.4700193152
102431.25001937739
102472.11001941544
102674.98001960438
102854.30001977138
102911.875019825
103004.3250199111
103146.9050200439
103248.88502013887
103373.82502025523
103436.98502031405
103472.22002034687
103546.50002041605
103581.85502044897
103632.55002049619
103826.17002067651
103994.07502083288
104059.07002089341
104203.41002102784
104257.63002107834
104818.47502160067
104985.96002175665
105119.32502188085
105441.1800221806
105494.49002223025
105614.44502234197
105686.420022409
105842.39502255426
105887.02002259583
106031.98002273083
106088.005022783
106162.50502285239
106364.31502304034
106420.47502309264
106491.5050231588
106513.83002317959
106601.60002326133
106657.13002331305
106759.9400234088
106899.41502353869
106943.71002357994
106985.80502361915
107184.36502380407
107247.83502386318
107480.99502408033
107622.55502421217
107663.98002425075
107716.2150242994
107758.55502433883
107805.21002438228
108045.57002460613
108104.57502466108
108297.35502484062
108329.27002487035
108393.71002493036
108959.04502545687
109058.73002554971
109295.64002577035
109360.70502583095
109464.51502592763
109529.64502598828
109648.3100260988
109750.23502619372
109823.03502626152
109880.85002631537
109923.1850263548
110250.28002665943
110313.52002671832
110413.59502681153
110505.60502689722
110564.63002695219
110629.1700270123
110855.37502722297
111171.25002751715
111285.20502762328
111313.76002764987
111411.46502774087
111476.13002780109
111513.07002783549
111598.60502791515
111656.57002796914
111709.48002801841
111804.67002810707
111854.91502815386
112359.98002862424
112473.69002873014
112515.35502876894
112649.45502889383
112683.3450289254
112812.43002904562
112844.06502907508
113113.00002932554
113156.89002936642
113237.97502944194
113289.71502949012
113721.3400298921
113823.80502998753
114068.92503021582
114288.19503042003
114316.13503044605
114395.39503051987
114553.51503066713
114580.64003069239
114732.34503083368
114792.35503088956
114821.41503091663
114918.1250310067
115134.44503120816
115169.46003124077
115264.75503132952
115454.01503150578
115732.25003176491
115804.79003183247
116211.6650322114
116300.51003229414
116349.65003233991
116506.82503248629
116603.72503257653
116848.64003280463
116901.58003285393
116980.59003292752
117049.34503299155
117141.18003307708
117229.10003315896
117290.54003321618
117376.10003329586
117509.6000334202
117561.6750334687
117761.20503365452
117959.49003383919
118239.80003410025
118388.91503423912
118438.27003428509
118540.15503437998
118575.06503441249
118712.65503454063
118822.22003464267
118867.32503468468
118964.89003477554
119085.18003488757
119107.42003490828
119238.73503503058
119383.89003516576
119654.26503541757
119868.98503561754
119919.59503566468
120061.72003579704
120360.12003607495
120400.34003611241
120555.89503625728
120868.87003654876
121034.33003670286
121129.9450367919
121326.26503697474
121375.20503702032
121461.12003710034
121565.50503719755
121609.27503723832
121660.3600372859
121698.23503732117
121851.1750374636
121889.78003749956
122019.58503762045
122241.67003782728
122394.91003797
122421.72003799496
122469.14503803913
122509.26003807649
122570.41003813344
122815.67003836186
122865.16503840795
123025.82003855758
123135.2650386595
123190.72503871116
123281.87003879604
123343.23503885319
123442.32503894548
123473.98503897496
123585.81003907911
123674.42003916163
123723.96003920777
123769.67503925035
123817.75503929512
123903.6300393751
123966.81503943395
124689.48004010698
124769.95504018193
124815.84004022466
124935.1750403358
125302.22004067764
125365.01004073612
125416.82504078437
125546.27004090493
125651.59004100302
125810.01004115056
125895.0950412298
125934.31004126632
126228.89504154067
126318.67504162429
126432.85004173062
126702.95004198217
126798.56004207121
126943.80004220648
126998.59504225751
127228.05504247121
127337.93004257354
127375.28004260833
127556.88004277745
127666.93504287995
127707.84504291805
127864.80004306423
127955.73504314892
128092.95504327671
128491.15004364756
128548.49004370096
128915.49004404276
129187.38004429598
129307.08504440746
129391.73004448629
129543.25504462741
129684.77504475921
129750.4700448204
129825.57504489034
129863.25504492543
129968.74504502368
130258.58504529361
130505.80004552385
130599.42004561104
130669.65504567645
130840.16004583525
130881.91504587414
130934.78504592337
131162.08004613506
131221.05504618998
131260.52504622674
131299.07004626264
131400.57504635717
131615.80504655762
131698.69504663482
131817.91004674585
131999.1200469146
132041.24004695384
132119.9050470271
132150.14004705526
132240.060047139
132271.9350471687
132372.63004726247
132426.95504731307
132626.73004749912
132768.29004763096
132804.67504766484
132868.22004772403
133001.64004784828
133037.3000478815
133234.71004806535
133291.17504811793
133672.48504847306
133767.0300485611
133878.56504866498
134009.0550487865
134054.33004882868
134138.09004890668
134170.60504893697
134201.53504896577
134237.13004899892
134324.64504908043
134578.1150493165
134827.10504954838
134983.71004969423
135024.6850497324
135103.00004980533
135212.9100499077
135366.2450500505
135424.64005010488
135647.51505031245
135981.0850506231
136187.80005081563
136228.34005085338
136359.60005097563
136696.38505128928
136721.1050513123
137083.20005164953
137133.26505169616
137188.2700517474
137229.64005178591
137265.87505181966
137301.83505185315
137530.0650520657
137617.63005214726
138004.79005250783
138176.80505266803
138287.8950527715
138432.09005290578
138529.04505299608
138596.01005305845
138687.875053144
138778.75505322864
138866.16005331004
139067.74505349778
139165.54505358887
139255.08005367225
139300.6600537147
139460.45005386352
139485.8850538872
139639.98005403072
139777.33505415864
139834.37005421176
139897.48005427053
139927.9300542989
140015.05505438003
140076.06505443685
140123.70005448122
140204.5200545565
140499.85505483154
140548.49505487684
140660.7750549814
140739.00505505427
140783.43505509564
140829.18505513825
140986.13005528442
141081.76005537348
141126.07505541475
141217.26505549968
141276.90005555522
141316.32005559193
141350.3150556236
141372.9650556447
141497.5350557607
141604.02005585987
141652.34005590488
141845.58005608484
142043.36505626905
142129.79505634954
142245.26005645707
142362.81505656656
142466.55505666317
142616.10005680245
142704.55005688482
142809.4400569825
143061.84505721758
143296.93005743652
143669.13005778316
143863.55005796422
144134.27505821636
144153.7700582345
144298.46005836927
144423.30005848553
144495.2050585525
144737.58505877823
144779.4150588172
144830.8500588651
144897.7650589274
144921.34005894937
145029.4850590501
145067.89005908585
145208.78005921707
145402.79005939775
145745.10005971655
146089.63006003742
146127.9500600731
146215.15506015433
146368.79506029742
146404.29006033047
146512.69006043143
146604.29006051674
146671.70506057952
146890.11006078293
146939.20006082865
147234.37006110355
147303.64506116806
147377.19006123656
147522.56506137195
147635.9100614775
147675.28006151418
147857.86006168422
148191.0200619945
148246.61506204627
148316.47506211133
148394.3950621839
148808.49506256956
148865.9750626231
148918.9100626724
148959.58506271028
149031.47006277723
149255.50506298587
149351.93506307568
149496.16006321
149679.73506338097
149733.30006343086
150073.17006374738
150119.50006379053
150318.48506397585
150587.57506422646
150713.0400643433
150849.2750644702
150896.67006451433
151113.62506471638
151323.3500649117
151373.8150649587
151453.94006503333
151715.12006527657
151761.56506531982
151812.5450653673
151949.92506549525
152187.0700657161
152415.85506592918
152565.4550660685
152702.08506619575
153044.41006651457
153155.475066618
153237.48506669438
153416.1750668608
153535.7950669722
153672.10006709915
153827.15006724355
153917.22506732744
154002.36506740673
154094.32006749237
154125.11506752105
154156.59506755037
154213.8650676037
154597.7050679612
154728.57006808306
154784.32006813498
154918.71006826014
154977.37506831478
155014.3350683492
155113.71506844176
155165.70006849017
155353.47506866505
155639.50006893143
155787.71506906947
155865.23006914166
155980.6950692492
156120.05006937898
156462.94506969833
156612.3750698375
156649.56006987212
156861.96007006994
156903.20507010835
157031.75007022807
157157.04507034476
157239.10007042118
157326.77007050283
157383.1100705553
157468.18507063453
157525.54507068795
157559.07007071917
157770.0950709157
157849.69007098983
157870.75507100945
157915.64507105126
157947.96007108135
158001.3700711311
158092.1050712156
158157.64007127663
158180.63507129805
158411.09507151268
158437.17507153697
158535.2300716283
158629.1950717158
158725.33507180534
158814.90507188876
159028.37507208757
159077.28007213312
159355.71007239242
159404.38507243776
159485.5100725133
159540.73507256474
159652.70007266902
159738.3550727488
160159.89507314138
160301.0150732728
160352.62007332087
160406.17507337074
160465.23507342575
160499.0200734572
160555.74007351004
160591.2450735431
160802.08007373946
160880.6100738126
160934.46507386275
161269.33507417463
161459.1500743514
161612.96507449466
161655.24007453403
161839.4600747056
161875.5300747392
162050.58507490222
162086.4400749356
162428.79007525445
162512.21507533215
163004.66507579078
163077.55507585866
163103.73507588304
163152.6650759286
163343.3350761062
163575.79007632268
163683.66507642315
163759.94007649418
163865.37507659238
164007.53007672477
164040.06007675506
164095.3950768066
164241.99507694313
164351.54507704516
164484.1950771687
164538.80507721956
164786.43007745018
164833.03507749358
164863.2150775217
164900.2850775562
164964.96507761645
165192.31007782818
165277.52007790754
165334.925077961
165441.20507805998
165547.76507815922
165666.34007826966
165778.44507837406
165840.42007843178
165941.77507852617
166025.31007860397
166230.57507879514
166464.3900790129
166601.4000791405
166699.39507923176
166762.3450792904
166828.1800793517
167024.00507953408
167119.55507962307
167200.5650796985
167236.3150797318
167330.76507981977
167506.035079983
167554.10008002777
167612.58008008223
167854.05508030712
167902.8700803526
168194.4100806241
168450.62508086272
168475.48008088587
168524.44508093147
168631.38508103107
168910.6950812912
168952.91508133052
169065.7500814356
169097.6450814653
169151.02508151502
169387.3200817351
169491.29008183192
169529.43008186744
169631.52008196252
169774.61508209578
169873.49508218787
169927.5450822382
169977.6650822849
170134.53008243098
170275.57008256234
170302.29008258722
170388.56008266757
170740.84508299566
171168.29008339375
171260.7850834799
171308.6750835245
171369.73508358136
171611.8150838068
172012.54008418001
172034.8650842008
172084.72008424724
172150.86508430884
172457.18008459412
172514.8300846478
172569.2450846985
172811.45508492406
172908.9950850149
172957.00508505962
173042.95008513966
173094.82508518797
173199.79008528573
173249.74008533225
173435.27008550504
173572.10508563247
173812.2200858561
173853.7650858948
173960.7350859944
174064.7700860913
174145.2900861663
174256.0100862694
174436.55008643755
174498.40008649515
174633.4300866209
174713.44508669543
174868.16508683952
175079.19008703606
175111.9950870666
175252.36008719733
175358.24508729595
175500.91508742882
175740.26508765173
175942.78008784034
176167.3650880495
176338.12508820853
176460.53008832253
176503.38008836244
176615.36008846672
176975.350088802
176998.17508882325
177028.6100888516
177060.02508888085
177139.5300889549
177221.64008903137
177561.1900893476
177810.66508957994
177991.6550897485
178142.23008988873
178289.32509002573
178677.58009038732
178867.11009056383
179007.7500906948
179109.54509078962
179160.3100908369
179197.93009087193
179245.27509091602
179292.64009096014
179560.04509120918
179595.7200912424
179632.71509127686
179697.6200913373
179840.58009147045
179985.53009160544
180117.60009172844
180174.59509178152
180354.90009194944
180609.05509218614
180803.18509236694
180838.94009240024
180888.9300924468
180934.0150924888
181018.79009256774
181077.46509262238
181129.655092671
181313.22509284195
181418.67009294016
181500.68509301654
181530.86009304464
181554.05009306624
181616.02009312395
181650.60509315616
181758.37009325653
181891.20509338024
182043.79509352235
182279.47509374184
182339.0200937973
182385.92509384098
182422.43009387498
182516.01509396214
182713.52509414608
182839.52509426343
182904.71509432414
182954.97009437095
183010.69009442284
183054.9900944641
183084.80509449187
183193.77009459335
183277.7000946715
183336.08009472588
183501.73009488016
183708.4700950727
183785.97509514488
183969.15009531548
184008.71009535232
184061.4050954014
184199.36009552988
184299.5650956232
184355.06009567488
184494.06509580434
184553.53009585972
184628.96509592998
184672.94009597093
184724.4500960189
184790.96009608085
184824.1850961118
185008.4650962834
185093.5950963627
185261.44509651902
185463.5150967072
185552.47509679006
185592.48009682732
185883.69009709853
185924.97509713698
185971.41509718023
185996.76509720384
186127.945097326
186183.5450973778
186260.3200974493
186330.4550975146
186417.27509759547
186566.54009773448
186615.36009777995
186661.35009782278
186993.94509813254
187083.92509821634
187179.17509830504
187239.02009836078
187440.82009854872
187572.27009867114
187606.56009870308
187758.92009884497
187906.2750989822
187963.65009903564
188053.62509911944
188140.75509920059
188338.4500993847
188568.6550995991
188912.2400999191
189095.3151000896
189502.18510046852
189578.5251005396
189784.27010073123
190045.1501009742
190072.57010099973
190111.25010103575
190308.24510121922
190604.55510149518
190740.2051016215
190886.51010175777
190942.01510180946
191031.78010189306
191363.54510220204
191457.4551022895
191551.14510237676
191610.15510243172
191884.6801026874
192074.5451028642
192366.375103136
192400.16510316747
192514.28010327375
192553.98010331072
192809.11010354833
193111.69510383013
193138.02010385465
193189.57010390266
193237.170103947
193326.15510402987
193535.05510422442
193581.87010426802
193677.27010435687
193726.86510440306
193762.85010443657
193821.7101044914
193866.75510453334
193918.3751045814
193988.83510464703
194025.23510468093
194268.4051049074
194297.87510493485
194670.47010528186
194791.06510539417
194912.78510550753
195019.22010560666
195074.29510565795
195111.935105693
195131.5901057113
195215.5401057895
195512.83010606637
195581.84010613064
195697.03510623792
195745.8701062834
196031.1651065491
196085.52510659973
196277.82510677882
196327.91010682547
196507.97510699317
196622.02010709938
196655.6401071307
196728.52010719856
196760.8851072287
196849.60510731133
197028.3401074778
197084.35510752996
197167.96010760783
197688.63510809274
197753.95010815357
197811.59010820725
197915.73510830424
197959.0601083446
198091.9801084684
198233.00510859973
198343.06010870222
198591.86510893394
198636.3751089754
198679.13510901522
198861.85010918538
199035.84010934742
199397.27510968404
199568.0551098431
199591.09510986455
199786.21511004627
200295.12011052022
200354.23511057528
200600.8001108049
200649.38011085015
200694.2151108919
200908.72511109168
200983.61511116143
201126.19511129422
201316.28011147125
201365.7251115173
201522.6001116634
201643.6001117761
201701.18511182972
202264.20011235407
202331.68511241692
202384.12011246575
202432.74011251103
202698.28511275834
202777.66511283227
202861.31511291018
202940.73011298414
203201.9401132274
203233.0801132564
203347.24511336273
203396.24511340837
203429.150113439
203580.25511357974
203631.2251136272
203808.9151137927
203859.9351138402
204029.08511399775
204387.20011433127
204478.55511441635
204566.235114498
204658.11011458357
204922.56511482986
204983.08011488622
205073.93511497084
205343.06011522148
205456.7951153274
206083.61011591117
206310.1851161222
206372.18011617992
206649.76011643844
206749.10511653096
206798.99511657743
206842.59011661803
207090.87511684926
207144.99011689966
207184.81011693674
207338.9401170803
207378.8001171174
207573.790117299
207623.31511734513
208141.92511782813
208173.70511785772
208196.9701178794
208286.57511796284
208347.81511801988
208432.43011809868
208819.82511845947
209175.53511879075
209343.11511894682
209442.9551190398
209638.63011922204
209899.04011946457
210078.77511963196
210166.90011971403
210206.34511975077
210310.27011984756
210357.69011989172
210455.15011998249
210525.3901200479
210619.2301201353
210748.77512025594
210828.46512033016
210879.4951203777
211035.8301205233
211095.39012057876
211138.53012061893
211230.37512070447
211631.8751210784
211662.590121107
211812.39512124652
211851.37012128282
211942.6101213678
212187.34512159572
212219.2251216254
212334.47512173274
212392.18012178648
212557.41512194037
212579.27512196073
212697.63012207096
212765.67512213433
212897.09512225672
212967.77012232254
213055.05512240384
213140.46512248338
213247.445122583
213279.57012261293
213467.78012278822
213528.58512284484
213575.4701228885
213790.02512308833
213861.25012315466
213911.56012320152
213968.93012325495
214174.75512344664
214385.96012364334
214581.11012382508
215026.64512424002
215077.34512428724
215126.29012433282
215260.88512445817
215416.32512460294
215453.49512463756
215496.4851246776
215994.85012514173
216081.32512522227
216274.46512540214
216364.46512548596
216554.31512566278
216660.72012576187
216706.61512580462
216762.47012585663
216802.40512589383
216893.92012597906
216983.24012606224
217028.24512610416
217126.20012619538
217278.83012633753
217327.27012638265
217386.0701264374
217506.78512654983
217556.28512659593
217761.60012678715
217834.69012685522
217964.43012697605
218061.005127066
218382.73512736562
218440.45012741938
218485.18512746104
218657.00512762106
218719.78512767953
218807.83012776152
218916.39012786263
219078.6051280137
219119.03512805136
219163.5401280928
219245.355128169
219292.66012821306
219442.4951283526
219488.72512839566
219558.53512846067
219679.31012857315
220019.86012889032
220110.50012897473
220163.25012902386
220470.42512930994
220648.13512947544
220816.54012963228
220853.83512966702
220917.54012972635
220965.55512977106
220987.76512979175
221050.9501298506
221129.765129924
221176.13012996718
221219.8701300079
221375.2251301526
221440.34513021325
221506.0201302744
221558.53513032332
221839.47513058496
221870.90513061424
221894.10013063584
221963.83013070078
222085.1951308138
222186.03013090772
222469.86013117206
222710.8651313965
222766.22513144807
222896.060131569
222954.40513162332
223011.14013167616
223042.9601317058
223098.45013175748
223195.49513184786
223253.16513190157
223276.6001319234
223328.70513197192
223441.70013207715
223509.3851321402
223757.7451323715
223830.26513243903
223869.16013247526
223919.350132522
224011.61013260792
224053.30513264675
224424.4451329924
224449.6751330159
224656.63513320865
224912.10513344657
224973.95513350418
225120.37513364054
225165.19513368228
225387.33513388917
225495.66013399005
225655.2751341387
225774.6601342499
225940.51013440435
225986.0951344468
226033.93013449135
226095.95013454912
226127.36513457837
226176.21013462386
226377.71513481153
226438.340134868
226630.4351350469
226853.7801352549
227002.98513539386
227046.00513543392
227097.78013548214
227294.73513566557
227382.4851357473
227508.38513586455
227604.79513595434
227663.3951360089
227742.77513608284
228133.42013644666
228441.5351367336
228545.97513683088
228681.55513695715
228915.480137175
228952.57013720955
229079.91013732814
229289.61513752345
229444.77013766795
229596.92013780965
229681.12513788807
230203.46513837454
230306.43013847043
230348.65013850975
230372.15513853164
230452.3051386063
230540.65013868856
230800.80013893085
231083.41013919405
231115.58513922401
231263.82513936207
231456.3651395414
231542.930139622
231709.82013977744
231892.3251399474
231941.62513999332
232032.40014007787
232139.65014017775
232229.12014026107
232323.78514034924
232528.9351405403
232729.6051407272
232810.5851408026
232871.48514085932
233004.5951409833
233110.02014108148
233385.86014133837
233431.80514138116
233494.53014143958
233551.7751414929
233630.95514156664
234025.16514193377
234112.78014201537
234156.05014205567
234302.58514219214
234540.6901424139
234636.56014250318
234834.1601426872
235071.4401429082
235144.22514297598
235442.1101432534
235508.97514331568
235544.13014334842
235631.55514342984
235982.6201437568
236080.41014384787
236173.99014393502
236234.55014399142
236411.43514415616
236571.76514430548
236656.55514438445
236719.8651444434
236786.7501445057
236852.3451445668
236945.6751446537
237139.39014483412
237310.80014499376
237368.6151450476
237473.8501451456
237517.5451451863
237612.70014527492
237760.4251454125
237798.67514544813
237849.4351454954
238000.26514563587
238051.98014568404
238146.2101457718
238528.12514612748
238726.85514631256
238912.4401464854
238959.22514652897
239132.86014669068
239351.53514689434
239408.4951469474
239546.2751470757
239725.1601472423
239761.96014727658
239793.09514730558
239966.47514746705
240094.87514758663
240163.15014765022
240234.845147717
240390.21014786168
240448.9751479164
240511.880147975
240546.7951480075
240589.0951480469
240843.63514828397
240887.93014832522
240933.49014836765
240983.96014841466
241164.1701485825
241188.8751486055
241275.71514868637
241421.27014882193
241508.6401489033
241563.03014895396
241782.35514915822
241832.1601492046
241881.16014925024
242089.4201494442
242134.77014948643
242191.13514953892
242422.77514975466
242716.6101500283
242795.43515010172
242853.12015015545
242904.48515020328
243248.58515052375
243332.3901506018
243477.50015073695
243643.38015089143
243674.98015092086
244136.02015135024
244168.49015138048
244358.8851515578
244544.06015173026
244705.910151881
244742.8501519154
244879.08515204227
245495.4301526163
245703.27015280986
245977.92515306565
246119.6051531976
246226.48015329713
246269.37015333708
246499.95515355183
246801.91515383305
246848.12015387608
246986.8551540053
247049.08515406324
247133.49515414186
247392.49015438306
247513.63015449588
247661.95015463402
248055.73515500076
248147.45015508618
248280.96515521052
248376.46515529946
248396.99015531858
248820.23015571275
249048.71515592554
249088.37015596248
249115.0401559873
249161.59515603067
249208.8651560747
249300.5701561601
249389.86515624326
249484.7301563316
249533.470156377
249606.470156445
249914.51015673188
250068.22015687503
250222.89015701908
250362.1851571488
250502.6301572796
250693.94515745778
250825.2701575801
250899.67015764938
250934.08015768143
251041.92015778186
251166.43515789782
251517.43515822472
251709.88515840395
251805.90515849338
251943.4701586215
252192.53515885345
252496.3401591364
252542.13515917904
252678.79515930632
252716.42015934136
252755.14515937743
252967.44515957515
253012.86015961744
253128.93015972554
253178.41015977162
253234.69015982404
253576.89516014274
253614.6501601779
253771.0951603236
253860.69016040704
254060.83516059344
254207.92516073043
254249.6501607693
254342.1001608554
254537.93016103777
254877.40016135393
255209.31516166305
255253.57016170427
255496.33516193036
255550.1751619805
255645.5351620693
255801.80516221485
255831.69016224268
255885.8401622931
255948.2201623512
256100.50516249303
256137.6151625276
256218.50516260293
256463.32516283094
256517.96016288182
256656.18516301055
256793.21016313817
256844.6851631861
256944.19016327878
257060.24016338686
257130.00016345183
257244.1201635581
257281.2751635927
257345.63516365265
257377.9101636827
257457.55016375688
257481.36016377906
257657.53016394313
257861.44516413304
257892.72016416217
257926.45016419358
258005.26016426698
258037.7251642972
258178.2751644281
258279.39016452228
258392.93016462802
258474.63516470412
258570.13016479305
258675.42516489112
258927.15516512556
258969.0651651646
258996.7751651904
259052.03516524186
259149.6701653328
259357.60516552645
259424.3351655886
259494.20016565366
259678.0701658249
259777.43516591744
259815.97516595334
259925.82016605564
259973.48016610002
260073.27016619296
260380.5051664791
260640.7701667215
260987.24016704416
261022.05516707659
261263.39516730135
261345.29516737763
261414.1001674417
261470.1451674939
261557.48016757524
261606.0751676205
261689.86516769853
261794.01016779552
261848.49016784626
262038.0401680228
262183.5151681583
262275.0401682435
262420.1801683787
262755.9501686914
262847.2301687764
263056.11516897095
263081.89516899496
263134.3401690438
263247.0501691488
263326.3001692226
263475.28516936133
263620.4351694965
263673.6601695461
263773.28516963887
263958.7651698116
264042.55016988964
264214.6451700499
264244.51517007774
264291.86517012183
264532.575170346
264688.265170491
264841.23017063347
264864.9901706556
264923.9251707105
264969.8201707532
265002.5601707837
265120.06517089315
265270.72017103346
265305.19017106557
265335.9301710942
265370.65517112653
265406.8051711602
265457.97517120786
265649.9101713866
265854.8601715775
265979.92517169396
266019.53517173085
266177.68517187814
266282.8801719761
266315.78517200676
266417.05017210107
266503.0101721811
266612.01017228264
266855.9551725098
266923.2551725725
266947.5251725951
267029.9951726719
267089.6951727275
267293.3801729172
267459.2851730717
267485.95517309656
267514.5501731232
267617.9501732195
267659.8101732585
267712.0451733071
267842.4551734286
267946.7551735257
268109.27017367707
268142.44517370797
268250.87517380895
268306.8751738611
268439.11517398426
268613.16017414635
268731.25517425634
268774.8301742969
268850.11517436703
268881.9951743967
268929.0751744406
269145.4651746421
269185.055174679
269264.3401747528
269357.97517484
269434.9501749117
269497.7801749702
269538.92517500854
269595.54517506127
269634.6451750977
269685.81017514534
269815.08517526573
269953.9851753951
270016.98017545376
270119.4501755492
270502.0001759055
270552.53517595254
270647.1951760407
270877.33517625503
270938.54517631204
271079.9201764437
271322.2751766694
271360.1701767047
271513.8051768478
271751.9701770696
271931.97017723724
271997.5551772983
272043.2551773409
272085.44017738017
272132.36517742387
272378.78517765336
272613.6701778721
272731.50017798186
272877.71517811803
273054.16517828236
273137.0951783596
273183.30517840263
273431.89517863415
273961.04017912695
274130.0001792843
274266.08017941104
274306.46517944866
274391.4651795278
274591.86517971446
274644.2201797632
274675.8601797927
274784.8851798942
274919.3001800194
275072.440180162
275165.33018024854
275346.0001804168
275451.38518051495
275683.43518073106
275798.44018083817
275846.95518088335
276064.575181086
276111.4601811297
276212.14518122346
276367.5701813682
276496.2751814881
276526.9901815167
276737.770181713
276888.39018185326
276939.5451819009
276991.7351819495
277141.2201820887
277458.75518238446
277717.6651826256
277766.29018267087
277851.3601827501
278338.8501832041
278379.7751832422
278532.26018338423
278697.2751835379
278870.72018369945
278962.10018378455
279091.06018390466
279197.2101840035
279263.1401840649
279358.62018415384
279402.7001841949
279696.51518446853
279781.12518454733
279823.2951845866
279879.4351846389
280034.2801847831
280116.48018485965
280206.9551849439
280497.1901852142
280557.9751852708
280696.0551853994
280783.8851854812
280813.4751855088
280933.0101856201
280995.8051856786
281046.715185726
281071.57518574916
281106.5301857817
281168.035185839
281268.91018593294
281358.99018601683
281802.9701864303
281891.9801865132
282144.105186748
282228.6851868268
282330.5801869217
282525.96518710366
282621.7601871929
282665.95018723403
282812.30518737034
282900.7451874527
282949.54018749815
283042.72518758493
283149.67518768454
283336.0251878581
283489.22018800076
283767.2251882597
283819.0151883079
283957.13518843654
284142.295188609
284245.6901887053
284352.4401888047
284490.1151889329
284642.09518907446
284769.4901891931
284924.59518933756
285157.9901895549
285211.93518960517
285449.42518982635
285506.3951898794
285552.83018992265
285799.77019015263
285890.8901902375
286071.4951904057
286332.3101906486
286368.7101906825
286413.00519072375
286529.1001908319
286556.76519085764
286664.0851909576
286709.24019099964
286742.95519103104
286814.0701910973
287018.51019128767
287044.05519131146
287240.8101914947
287420.93019166245
287528.73519176285
287723.1001919439
287763.55519198155
287790.9701920071
287818.1451920324
287908.6851921167
287946.3851921518
288099.2551922942
288199.51019238756
288375.8401925518
288525.4301926911
288665.0151928211
288812.5451929585
288922.32519306074
288967.1451931025
289017.79019314965
289066.1751931947
289217.50019333564
289253.7451933694
289346.2151934555
289840.8851939162
289991.0951940561
290217.3251942668
290300.37519434415
290470.930194503
290593.72519461735
290793.2901948032
290849.5601948556
290982.8851949798
291046.1451950387
291086.48019507626
291137.23519512353
291268.99519524624
291382.04519535153
291453.48019541806
291505.10019546613
291662.42519561265
291802.88519574347
291943.6001958745
292087.3401960084
292188.3801961025
292307.7651962137
292330.06019623444
292414.3401963129
292466.6201963616
292613.7201964986
292796.4551966688
293049.46019690443
293404.430197235
293571.3601973905
293610.6901974271
293667.83019748033
293813.6101976161
293964.2651977564
294083.1051978671
294341.32019810757
294507.125198262
294593.18019834213
294635.84519838187
295058.8201987758
295110.97019882436
295323.4901990223
295353.0101990498
295786.1901994532
295838.1301995016
295893.4201995531
295979.1351996329
296049.18519969814
296067.87019971554
296087.21019973356
296140.90519978356
296270.5401999043
296364.8201999921
296462.48520008306
296625.05020023446
296700.51520030474
296745.8052003469
296805.8152004028
296844.74020043906
296896.9502004877
296973.7602005592
297007.93520059105
297189.4702007601
297224.785200793
297276.6602008413
297375.90020093374
297418.8302009737
297558.1802011035
297717.47020125185
297806.8302013351
297858.4852013832
297902.35520142404
297957.065201475
298091.68520160037
298144.16520164924
298310.4502018041
298377.2002018663
298523.74020200275
298576.595202052
298671.1952021401
298717.63520218333
298812.870202272
298913.59520236583
298946.9852023969
299070.7752025122
299148.2602025844
299357.205202779
299585.33520299144
299684.97520308424
299929.82020331227
299975.52520335483
300078.6902034509
300217.8152035805
300354.12520370743
300404.150203754
300442.4552037897
300549.76020388963
300699.7302040293
300797.93020412076
300887.5502042042
300942.34520425525
301110.5702044119
301177.240204474
301440.1552047189
301854.0802051044
301904.0652051509
301944.36520518846
301989.8352052308
302037.3802052751
302336.7352055539
302413.57520562544
302634.98520583165
302769.7002059571
302908.48020608636
303040.2752062091
303117.1752062807
303432.9602065748
303575.80020670785
303779.4352068975
303911.97520702094
304166.44520725793
304210.80520729924
304337.72020741744
304675.7802077323
304835.06520788063
304953.3652079908
305020.96020805376
305114.1752081406
305168.6652081913
305225.40020824416
305276.740208292
305383.75520839164
305419.3802084248
305519.2002085178
305546.8402085435
305602.58520859544
305653.2352086426
305787.7452087679
305849.4752088254
305879.06520885293
305975.755208943
306081.5602090415
306262.39520920994
306367.695209308
306566.340209493
306635.080209557
306695.2802096131
306829.2852097379
306918.87520982133
307095.32520998566
307130.10521001805
307244.6002101247
307286.5052101637
307568.7002104265
307619.0252104734
307806.535210648
307871.6902107087
307997.67521082604
308043.3552108686
308104.8902109259
308311.01521111786
308378.1902111804
308439.1352112372
308582.830211371
308618.4902114042
308645.2102114291
308682.2802114636
308891.25021165825
309104.3302118567
309162.58521191095
309203.6502119492
309478.4202122051
309552.7152122743
309575.0502122951
309631.0052123472
309826.8852125296
309932.90021262836
310120.91521280346
310163.09521284275
310210.98021288734
310457.7602131172
310665.0502133102
310781.6402134188
310939.7952135661
310980.21021360374
311029.62521364976
311084.9652137013
311129.70021374297
311367.72021396464
311461.36521405185
311705.6852142794
311803.9252143709
311854.45521441795
311908.0902144679
312096.93021464377
312168.42021471035
312332.07521486277
312488.5552150085
312527.4152150447
312574.20521508827
312669.88021517737
313152.81521562714
313284.4402157497
313359.62021581974
313471.31021592376
313528.42521597695
313681.12521611917
313712.44521614834
313774.10021620576
313833.25021626084
313868.850216294
313930.5652163515
313968.11021638644
313999.58021641575
314157.53021656285
314447.12521683256
314531.2202169109
314644.8302170167
314701.7802170697
314950.16521730105
314991.8002173398
315161.69521749805
315238.76521756983
315311.35021763743
315371.69521769363
315411.5952177308
315454.2152177705
315494.67021780816
315545.36021785537
315941.5902182244
316080.8952183541
316119.0102183896
316269.0702185294
316316.59021857363
316362.4302186163
316462.52521870955
316497.20021874184
316520.1352187632
316564.2352188043
316663.63021889684
316899.23021911626
317035.310219243
317101.1402193043
317141.0802193415
317201.8702193981
317226.71021942125
317702.69521986454
318035.2002201742
318061.44022019865
318385.3202205003
318517.6952206236
318576.51522067835
318689.0102207831
318726.8052208183
318856.7152209393
319052.17022112134
319106.2402211717
319202.6702212615
319296.04022134846
319451.240221493
319577.3802216105
319788.02022180666
320122.9652221186
320166.61022215924
320347.6052223278
320456.1252224289
320498.5752224684
320794.6002227441
321086.6652230161
321124.9752230518
321169.8502230936
321256.15022317396
321362.96022327343
321480.8252233832
321652.14522354276
321741.71022362617
321879.57022375456
321911.4902237843
321939.14522381005
322075.51522393705
322134.3102239918
322197.71022405085
322242.17522409227
322327.94522417214
322413.4602242518
322519.4802243505
322707.3502245255
322870.63022467756
322917.7202247214
322960.3502247611
322997.810224796
323041.24022483645
323102.2652248933
323189.41522497445
323277.87522505684
323333.2352251084
323390.6102251618
323629.3802253842
323851.6752255912
324094.05022581696
324160.1452258785
324405.1402261067
324457.51022615546
324642.1102263274
324682.530226365
324816.8202264901
324915.480226582
324935.2802266004
324976.89022663917
325178.3602268268
325235.50022688
325309.3302269488
325435.45022706623
325500.8902271272
325740.6002273504
325899.2802274982
325965.37522755977
325994.8152275872
326044.50522763346
326078.20022766484
326236.9652278127
326278.79522785166
326310.5302278812
326421.4252279845
326518.4952280749
326549.88522810413
326600.78022815153
326907.0752284368
327108.46522862435
327132.4352286467
327278.02522878227
327424.6452289188
327474.93522896565
327530.7402290176
327556.7802290419
327647.3202291262
327966.05022942304
328043.49522949517
328390.5652298184
328422.8802298485
328666.69023007556
328779.7002301808
328824.8152302228
328931.13523032184
329006.7852303923
329250.38523061917
329311.22523067583
329373.3602307337
329448.26523080346
329494.75523084676
329735.4152310709
329772.8802311058
329951.08523127175
329981.6102313002
330014.8152313311
330067.28023137996
330395.74023168586
330496.3602317796
330649.5952319223
330692.95523196267
330842.71023210214
331025.60023227247
331067.33523231134
331224.99523245817
331303.16023253097
331557.1652327675
331655.43523285905
331802.6802329962
331938.9852331231
332000.10023318004
332623.7052337608
332659.50523379416
332728.43523385836
332792.3952339179
332890.5102340093
333049.46023415733
333089.40023419453
333537.5302346119
333677.6702347424
333790.6102348476
334346.8552353656
334436.2502354489
334550.3852355552
334581.06523558375
334778.880235768
334843.1252358278
334883.055235865
335167.1602361296
335221.7902361805
335258.69523621484
335307.4102362602
335352.8302363025
335469.48023641115
335501.8602364413
335541.0402364778
335691.600236618
335842.0902367582
335901.5902368136
336083.9102369834
336163.1652370572
336195.43023708725
336260.50023714785
336407.51523728477
336524.825237394
336656.81023751694
336707.5452375642
336896.91523774056
336986.530237824
337033.07523786736
337082.8102379137
337138.5602379656
337227.42023804836
337427.5302382347
337519.2102383201
337581.4902383781
337620.3652384143
337656.0802384476
337685.34023847483
337712.0452384997
337867.4902386445
337968.19023873826
338050.9002388153
338324.46523907006
338346.4202390905
338438.50023917627
338574.29523930274
338685.4752394063
338726.7052394447
338799.4402395124
338828.7302395397
338954.86523965717
338983.1052396835
339015.1252397133
339121.5702398124
339207.8652398928
339245.8502399282
339327.63024000434
339436.765240106
339720.01024036977
339774.66524042067
339884.2152405227
340030.84024065925
340117.61524074007
340161.41024078085
340256.53024086944
340317.62524092634
340498.5952410949
340566.30524115794
340696.1052412788
340844.85524141736
340874.3402414448
341115.6952416696
341224.9952417714
341367.12524190376
341449.14024198015
341476.09024200524
341560.93024208426
341604.1452421245
341665.29524218146
341752.880242263
342028.2452425195
342148.3252426313
342174.4052426556
342271.50524274603
342372.4902428401
342468.5852429296
342518.89524297643
342878.51524331135
342916.62524334685
342966.90024339367
343055.8202434765
343147.3402435617
343298.5052437025
343478.2552438699
343635.100244016
343721.7552440967
343763.0202441351
343811.72024418047
343976.8702443343
344013.98524436884
344252.4152445909
344331.1102446642
344435.9452447618
344577.5702448937
344619.68524493295
344790.7602450923
344871.6402451676
345026.00024531136
345207.13524548005
345269.9902455386
345331.37024559575
345400.0302456597
345436.3002456935
345565.03024581337
345692.02024593164
345797.89524603024
345886.6302461129
346212.58524641645
346265.6952464659
346403.3302465941
346462.3902466491
346730.12524689845
346795.53524695936
346846.9052470072
347185.4802473225
347261.135247393
347375.3702474994
347429.6302475499
347705.2502478066
347999.6852480808
348095.6552481702
348144.9252482161
348235.96524830087
348601.25024864107
348713.00524874515
348770.9552487991
348863.2952488851
349164.915249166
349200.350249199
349244.18524923985
349296.6352492887
349386.9152493728
349525.655249502
349619.6002495895
349646.0152496141
349797.49524975516
350002.15024994576
350026.6652499686
350228.8702501569
350452.4202503651
350503.2002504124
350550.51525045646
350638.7302505386
350708.99025060405
350796.61025068566
350873.0002507568
351025.62025089894
351213.2652510737
351326.40525117907
351370.42525122006
351506.00525134633
351689.85025151755
351717.44525154325
351853.57025167
351925.6802517372
351991.2852517983
352046.9402518501
352175.1052519695
352202.45025199495
352252.6802520417
352330.43525211414
352369.53525215056
352421.37025219883
352626.4102523898
352870.0802526167
352908.67525265267
353100.42525283125
353210.07525293337
353286.2152530043
353339.34025305376
353372.61025308474
353525.380253227
353623.85525331873
353859.6452535383
354009.5352536779
354046.5652537124
354079.5152537431
354108.24025376985
354388.93525403127
354540.8152541727
354919.04025452497
355109.125254702
355352.90525492904
355423.0852549944
355546.4552551093
355697.1202552496
355842.64525538514
355939.6702554755
356090.14525561564
356131.82025565446
356215.22525573213
356378.9252558846
356420.56025592337
356563.24025605625
356713.9552561966
356844.02525631775
356875.9702563475
357048.305256508
357080.8202565383
357320.5852567616
357413.4752568481
357865.3202572689
357918.8052573187
357949.150257347
358005.2152573992
358071.54525746097
358308.4302576816
358387.5902577553
358461.08525782375
358519.0302578777
358703.33025804936
358772.2902581136
358823.200258161
358974.9502583023
359014.90025833953
359095.8302584149
359140.45525845647
359166.9252584811
359200.7502585126
359387.83025868685
359446.54025874153
359555.6952588432
359684.1402589628
359720.17025899637
359971.49525923043
360179.6652594243
360246.7902594868
360411.24525964
360451.5502596775
360500.0602597227
360548.86025976815
360641.97525985487
360836.9152600364
360873.3902600704
360945.82026013784
360977.7602601676
361030.2002602164
361143.2502603217
361223.5552603965
361371.46026053425
361401.3802605621
361429.75526058854
361550.35026070086
361700.33526084054
361826.0152609576
361897.50526102417
361989.91526111023
362197.16526130325
362234.1852613377
362328.7252614258
362359.3352614543
362426.7902615171
362614.72526169213
362708.68526177964
362925.3002619814
363001.7952620526
363098.4202621426
363147.21526218805
363276.9502623089
363380.8302624056
363477.07026249525
363572.63526258426
363660.5202626661
363775.76026277343
363857.59526284965
363959.5402629446
364356.47526331426
364397.0852633521
364547.2252634919
364676.63026361243
364717.7502636507
364917.71526383696
364982.5102638973
365220.72526411916
365262.25026415783
365412.79526429804
365484.65526436496
365649.7602645187
365742.3052646049
365845.2652647008
365883.11026473605
366080.22526491963
366125.5252649618
366172.49026500556
366224.0902650536
366277.07526510296
366360.7702651809
366417.0452652333
366464.5052652775
366514.8452653244
366562.36026536865
366651.835265452
366700.75026549754
366753.7402655469
366791.455265582
366846.05026563286
366965.1802657438
367043.4702658167
367427.06026617397
367622.9752663564
367752.7302664773
367815.9952665362
367896.04526661074
367951.1602666621
368031.68026673706
368103.30026680377
368485.44526715967
368633.93026729795
369323.8452679405
369959.4952685325
370167.85526872653
370241.4902687951
370500.09026903595
370543.095269076
370646.8952691727
370706.2002692279
370805.55526932044
370933.2902694394
370980.0252694829
371032.5302695318
371219.38026970584
371262.02526974556
371317.230269797
371416.4502698894
371549.24027001305
371615.0902700744
371716.43527016876
371795.33027024224
371851.0302702941
371985.9802704198
372029.10527045996
372104.2002705299
372138.1602705615
372234.30027065106
372324.460270735
372419.49527082354
372477.965270878
372533.9202709301
372666.7552710538
372710.2202710943
372807.9552711853
372915.1802712852
372953.0852713205
373153.72027150734
373293.20527163724
373659.8252719787
373742.03527205525
373824.83527213236
374041.37527233403
374253.16027253127
374307.8602725822
374338.780272611
374439.6102727049
374507.60027276824
374534.68527279346
374589.5802728446
374803.2802730436
374829.09527306765
374924.5152731565
375110.76527333
375190.8652734046
375357.15027355944
375404.95527360396
375455.9852736515
375838.29027400754
375934.74527409737
376174.6452743208
376266.9752744068
376425.4852745544
376649.3402747629
376750.2852748569
376811.00527491345
376882.2502749798
377049.4152751355
377140.00027521985
377222.5302752967
377270.78527534165
377309.99527537817
377367.84527543205
377481.66027553804
377563.07527561387
377608.0952756558
377661.970275706
377752.87527579063
377772.77027580916
377827.1352758598
377898.08027592587
377965.6852759888
378002.52027602313
378074.16027608985
378095.80027611
378210.07527621643
378254.86527625815
378345.79527634283
378562.73027654487
378675.11027664953
378711.5602766835
378858.21527682006
378964.3602769189
379040.4552769898
379066.475277014
379142.4702770848
379318.94027724914
379436.53527735866
379494.50527741265
379561.5452774751
379827.5252777228
380117.9652779933
380195.8952780659
380227.46027809527
380260.52527812606
380397.1252782533
380547.75527839357
380597.22027843964
380643.9002784831
380793.6652786226
381031.8252788444
381131.64527893736
381177.2252789798
381258.4752790555
381610.4852793833
381653.57027942344
381702.56027946906
381853.83527960995
382039.37527978275
382183.1952799167
382422.3052801394
382615.6902803195
382853.7302805412
382895.40528058
383094.035280765
383247.11028090754
383292.68028095
383444.9302810918
383528.0902811692
383647.7802812807
383769.6752813942
383909.93528152484
384109.3902817106
384287.2252818762
384348.89528193366
384446.28028202435
384830.5152823822
385153.2752826828
385190.025282717
385313.84528283234
385514.12028301886
385558.7302830604
385820.4002833041
385933.61028340954
386024.8652834945
386128.19028359075
386211.5552836684
386320.3452837697
386404.7052838483
386509.81528394617
386553.3652839867
386592.4252840231
386899.8602843094
386958.2202843638
386992.66528439586
387041.6652844415
387175.335284566
387280.610284664
387385.09528476134
387428.3102848016
387714.390285068
387893.42528523476
387941.2502852793
388102.7202854297
388240.33528555784
388486.4752857871
388646.6752859363
388682.1252859693
388721.2102860057
388776.5052860572
388966.8002862344
389055.00528631656
389164.7902864188
389247.83528649615
389391.28028662974
389431.67528666736
389477.94528671046
389690.8352869087
389827.66028703615
390115.7852873045
390622.9302877768
390742.0202878877
390838.0252879771
390878.51528801484
391134.8602882536
391267.55028837716
391311.14028841775
391374.2052884765
391565.2202886544
391628.8302887136
391742.7602888197
391794.66528886807
391854.9252889242
391929.6802889938
392133.2702891834
392418.5652894491
392523.06528954644
392707.7102897184
392759.70528976683
392839.2652898409
392865.5252898654
392901.57528989896
393044.9502900325
393102.02529008564
393157.3652901372
393210.855290187
393257.4552902304
393281.3802902527
393333.51029030123
393428.11529038934
393579.2302905301
393802.21029073774
393823.70029075776
393969.0302908931
394202.0052911101
394293.8152911956
394341.9252912404
394383.4702912791
394439.91029133165
394528.95029141457
394575.8002914582
394655.9902915329
394759.04029162886
394784.5602916526
394888.75529174967
394924.80029178323
394968.29029182374
395024.7252918763
395167.3452920091
395209.89029204875
395357.85029218654
395543.3202923593
395833.86529262987
395985.5302927711
396026.67029280943
396180.5202929527
396224.58029299375
396314.3852930774
396557.0652933034
396850.25029357645
396900.92029362364
396984.6252937016
397083.7202937939
397171.3402938755
397198.5402939008
397278.0002939748
397365.96029405674
397716.6802943834
397858.72029451566
397958.11529460823
398035.9602946807
398258.8252948883
398283.05029491085
398343.7602949674
398620.19529522484
398681.71529528213
398743.9302953401
398772.870295367
398842.9802954323
398883.25529546983
398929.3102955127
399082.57029565546
399193.59029575886
399258.77529581956
399441.2502959895
399479.28529602493
399672.8702962052
399724.8302962536
399857.7402963774
399965.28529647755
