22.14499999999988
51.09500000000769
90.11999999999053
179.81999999990896
208.96499999988245
244.8799999998498
340.1249999997632
369.31499999973664
404.8649999997043
500.82999999961703
530.0249999995905
565.5249999995582
661.5899999994708
690.7899999994443
726.279999999412
822.3599999993246
851.559999999298
887.0499999992658
983.1349999991784
1012.3299999991518
1047.8249999996613
1143.9050000017585
1173.1000000023957
1208.5950000031705
1304.6750000052677
1333.8750000059051
1369.3650000066798
1465.4500000087771
1494.6450000094144
1530.1400000101892
1626.2200000122864
1655.4150000129237
1690.9100000136984
1786.9900000157957
1816.190000016433
1851.6800000172077
1947.765000019305
1976.9600000199423
2012.455000020717
2108.535000022814
2137.7300000234513
2173.225000024226
2269.3050000263233
2298.5050000269607
2333.9950000277354
2430.0800000298327
2459.27500003047
2494.7700000312448
2590.850000033342
2620.0450000339792
2655.540000034754
2751.6200000368513
2780.8200000374886
2816.3100000382633
2912.3950000403606
2941.590000040998
2977.0850000417727
3073.16500004387
3102.360000044507
3137.855000045282
3233.935000047379
3263.1350000480165
3298.625000048791
3394.7100000508885
3423.905000051526
3459.4000000523006
3555.480000054398
3584.675000055035
3620.17000005581
3716.255000057907
3745.4500000585444
3780.940000059319
3877.0250000614164
3906.2200000620537
3941.7150000628285
4037.7950000649257
4066.990000065563
4102.485000066337
4198.570000068435
4227.765000069072
4263.255000069847
4359.340000071944
4388.535000072581
4424.030000073356
4520.110000075453
4549.30500007609
4584.800000076865
4680.885000078963
4710.0800000796
4745.5700000803745
4841.655000082472
4870.850000083109
4906.345000083884
5002.425000085981
5031.620000086618
5067.115000087393
5163.2000000894905
5192.395000090128
5227.885000090902
5323.970000093
5353.165000093637
5388.660000094412
5484.740000096509
5513.935000097146
5549.430000097921
5645.515000100018
5674.710000100656
5710.20000010143
5806.285000103528
5835.480000104165
5870.97500010494
5967.055000107037
5996.250000107674
6031.745000108449
6127.830000110546
6157.0250001111835
6192.515000111958
6288.600000114056
6317.795000114693
6353.290000115468
6449.370000117565
6478.565000118202
6514.060000118977
6610.145000121074
6639.3400001217115
6674.835000122486
6770.9150001245835
6800.110000125221
6835.6050001259955
6931.685000128093
6960.88500012873
6996.375000129505
7092.460000131602
7121.655000132239
7157.150000133014
7253.230000135111
7282.425000135749
7317.920000136523
7414.000000138621
7443.200000139258
7478.690000140033
7574.77500014213
7603.970000142767
7639.465000143542
7735.545000145639
7764.7400001462765
7800.235000147051
7896.315000149149
7925.515000149786
7961.005000150561
8057.090000152658
8086.285000153295
8121.78000015407
8217.860000151462
8247.05500014679
8282.550000141107
8378.630000125728
8407.830000121054
8443.320000115373
8539.405000099992
8568.600000095319
8604.095000089637
8700.175000074258
8729.370000069584
8764.865000063903
8860.945000048523
8890.145000043849
8925.635000038168
9021.720000022788
9050.915000018114
9086.410000012433
9182.489999997053
9211.68499999238
9247.179999986698
9343.259999971318
9372.459999966644
9407.949999960963
9504.034999945583
9533.22999994091
9568.724999935228
9664.804999919848
9693.999999915175
9729.494999909493
9825.574999894114
9854.77499988944
9890.264999883759
9986.349999868378
10015.544999863705
10051.039999858023
10147.119999842644
10176.31499983797
10211.809999832289
10307.889999816909
10337.089999812235
10372.579999806554
10468.664999791174
10497.8599997865
10533.354999780819
10629.434999765439
10658.629999760766
10694.124999755084
10790.209999739704
10819.40499973503
10854.89499972935
10950.979999713969
10980.174999709296
11015.669999703614
11111.749999688234
11140.944999683561
11176.43999967788
11272.524999662499
11301.719999657826
11337.209999652145
11433.294999636764
11462.489999632091
11497.98499962641
11594.06499961103
11623.259999606356
11658.754999600675
11754.839999585294
11784.034999580621
11819.52499957494
11915.60999955956
11944.804999554886
11980.299999549205
12076.379999533825
12105.574999529152
12141.06999952347
12237.15499950809
12266.349999503416
12301.839999497735
12397.924999482355
12427.119999477682
12462.614999472
12558.69499945662
12587.889999451947
12623.384999446265
12719.469999430885
12748.664999426212
12784.15499942053
12880.23999940515
12909.434999400477
12944.929999394795
13041.009999379416
13070.204999374742
13105.69999936906
13201.78499935368
13230.979999349007
13266.469999343326
13362.554999327946
13391.749999323272
13427.24499931759
13523.324999302211
13552.519999297538
13588.014999291856
13684.099999276476
13713.294999271802
13748.78999926612
13844.86999925074
13874.064999246068
13909.559999240386
14005.639999225006
14034.839999220332
14070.329999214651
14166.41499919927
14195.609999194598
14231.104999188916
14327.184999173536
14356.379999168863
14391.874999163181
14487.954999147802
14517.154999143127
14552.644999137447
14648.729999122066
14677.924999117393
14713.419999111711
14809.499999096332
14838.694999091658
14874.189999085977
14970.269999070597
14999.469999065923
15034.959999060242
15131.044999044861
15160.239999040188
15195.734999034506
15291.814999019127
15321.009999014454
15356.504999008772
15452.584998993392
15481.784998988718
15517.274998983037
15613.359998967657
15642.554998962984
15678.049998957302
15774.129998941922
15803.324998937249
15838.819998931567
15934.899998916188
15964.099998911513
15999.589998905833
16095.674998890452
16124.869998885779
16160.364998880097
16256.444998864717
16285.639998860044
16321.134998854362
16417.214998851065
16446.414998857013
16481.904998864244
16577.98999888382
16607.184998889767
16642.679998896998
16738.759998916572
16767.95499892252
16803.44999892975
16899.529998949325
16928.729998955274
16964.219998962504
17060.30499898208
17089.499998988027
17124.99499899526
17221.074999014832
17250.26999902078
17285.76499902801
17381.844999047586
17411.044999053534
17446.534999060765
17542.61999908034
17571.814999086288
17607.30999909352
17703.389999113093
17732.58499911904
17768.079999126272
17864.159999145846
17893.359999151795
17928.849999159025
18024.9349991786
18054.129999184548
18089.62499919178
18185.704999211353
18214.8999992173
18250.394999224533
18346.479999244108
18375.674999250055
18411.164999257286
18507.24999927686
18536.44499928281
18571.93999929004
18668.019999309614
18697.21499931556
18732.709999322793
18828.794999342368
18857.989999348316
18893.479999355546
18989.56499937512
19018.75999938107
19054.2549993883
19150.334999407874
19179.529999413822
19215.024999421054
19311.10999944063
19340.304999446576
19375.794999453807
19471.87999947338
19501.07499947933
19536.56999948656
19632.649999506135
19661.844999512083
19697.339999519314
19793.42499953889
19822.619999544837
19858.109999552067
19954.194999571642
19983.38999957759
20018.88499958482
20114.964999604395
20144.159999610343
20179.654999617575
20275.73999963715
20304.934999643097
20340.424999650328
20436.509999669903
20465.70499967585
20501.199999683082
20597.279999702656
20626.474999708604
20661.969999715835
20758.05499973541
20787.249999741358
20822.739999748588
20918.824999768163
20948.01999977411
20983.514999781342
21079.594999800916
21108.794999806865
21144.284999814095
21240.36999983367
21269.56499983962
21305.05999984685
21401.139999866424
21430.33499987237
21465.829999879603
21561.909999899177
21591.109999905126
21626.599999912356
21722.68499993193
21751.87999993788
21787.37499994511
21883.454999964684
21912.649999970632
21948.144999977863
22044.224999997437
22073.425000003386
22108.915000010616
22205.00000003019
22234.19500003614
22269.69000004337
22365.770000062945
22394.965000068893
22430.460000076124
22526.540000095698
22555.740000101647
22591.230000108877
22687.315000128452
22716.5100001344
22752.00500014163
22848.085000161205
22877.280000167153
22912.775000174384
23008.85500019396
23038.055000199907
23073.545000207137
23169.630000226713
23198.82500023266
23234.32000023989
23330.400000259466
23359.595000265414
23395.090000272645
23491.17000029222
23520.370000298168
23555.860000305398
23651.945000324973
23681.14000033092
23716.635000338152
23812.715000357726
23841.910000363674
23877.405000370905
23973.48500039048
24002.68500039643
24038.17500040366
24134.260000423234
24163.45500042918
24198.950000436413
24295.030000455987
24324.225000461935
24359.720000469166
24455.80000048874
24485.00000049469
24520.49000050192
24616.575000521494
24645.770000527442
24681.265000534673
24777.345000554247
24806.540000560195
24842.035000567426
24938.115000587
24967.31500059295
25002.80500060018
25098.890000619755
25128.085000625702
25163.580000632934
25259.660000652508
25288.855000658456
25324.350000665687
25420.435000685262
25449.63000069121
25485.12000069844
25581.205000718015
25610.400000723963
25645.895000731194
25741.97500075077
25771.170000756716
25806.665000763947
25902.750000783522
25931.94500078947
25967.4350007967
26063.520000816276
26092.715000822223
26128.210000829455
26224.29000084903
26253.485000854977
26288.980000862208
26385.065000881783
26414.26000088773
26449.75000089496
26545.835000914536
26575.030000920484
26610.525000927715
26706.60500094729
26735.800000953237
26771.29500096047
26867.380000980043
26896.57500098599
26932.06500099322
27028.150001012797
27057.345001018744
27092.840001025976
27188.92000104555
27218.115001051498
27253.61000105873
27349.695001078304
27378.89000108425
27414.380001091482
27510.465001111057
27539.660001117005
27575.155001124236
27671.23500114381
27700.430001149758
27735.92500115699
27832.010001176564
27861.205001182512
27896.695001189742
27992.780001209318
28021.975001215265
28057.470001222497
28153.55000124207
28182.75000124802
28218.24000125525
28314.325001274825
28343.520001280773
28379.015001288004
28475.095001307578
28504.290001313526
28539.785001320757
28635.86500134033
28665.06500134628
28700.55500135351
28796.640001373085
28825.835001379033
28861.330001386264
28957.41000140584
28986.605001411786
29022.100001419018
29118.18000143859
29147.38000144454
29182.87000145177
29278.955001471346
29308.150001477294
29343.645001484525
29439.7250015041
29468.920001510047
29504.415001517278
29600.495001536852
29629.6950015428
29665.18500155003
29761.270001569606
29790.465001575554
29825.960001582785
29922.04000160236
29951.235001608307
29986.73000161554
30082.810001635113
30112.01000164106
30147.50000164829
30243.585001667867
30272.780001673815
30308.275001681046
30404.35500170062
30433.550001706568
30469.0450017138
30565.125001733373
30594.325001739322
30629.815001746552
30725.900001766127
30755.095001772075
30790.590001779306
30886.67000179888
30915.86500180483
30951.36000181206
31047.440001831634
31076.640001837583
31112.130001844813
31208.215001864388
31237.410001870336
31272.905001877567
31368.98500189714
31398.18000190309
31433.67500191032
31529.755001929894
31558.955001935843
31594.445001943073
31690.53000196265
31719.725001968596
31755.220001975827
31851.3000019954
31880.49500200135
31915.99000200858
32012.070002028155
32041.270002034104
32076.760002041334
32172.84500206091
32202.040002066857
32237.535002074088
32333.615002093662
32362.81000209961
32398.30500210684
32494.390002126416
32523.585002132364
32559.075002139594
32655.16000215917
32684.355002165117
32719.85000217235
32815.930002157045
32845.12500214175
32880.620002123156
32976.70500207282
33005.900002057526
33041.390002038934
33137.4750019886
33166.6700019733
33202.16500195471
33298.245001904375
33327.44000188908
33362.935001870486
33459.02000182015
33488.215001804856
33523.705001786264
33619.79000173593
33648.98500172063
33684.48000170204
33780.560001651706
33809.75500163641
33845.25000161782
33941.33500156748
33970.530001552186
34006.020001533594
34102.10500148326
34131.300001467964
34166.79500144937
34262.875001399036
34292.07000138374
34327.56500136515
34423.65000131481
34452.845001299516
34488.335001280924
34584.42000123059
34613.615001215294
34649.1100011967
34745.190001146366
34774.38500113107
34809.88000111248
34905.96500106214
34935.16000104685
34970.650001028254
35066.73500097792
35095.930000962624
35131.42500094403
35227.505000893696
35256.7050008784
35292.19500085981
35388.28000080947
35417.47500079418
35452.97000077558
35549.05000072525
35578.245000709954
35613.74000069136
35709.820000641026
35739.02000062573
35774.51000060714
35870.5950005568
35899.79000054151
35935.28500052291
36031.36500047258
36060.560000457284
36096.05500043869
36192.135000388356
36221.33500037306
36256.82500035447
36352.91000030413
36382.10500028884
36417.60000027024
36513.68000021991
36542.875000204614
36578.37000018602
36674.45000013569
36703.65000012039
36739.1400001018
36835.22500005146
36864.42000003617
36899.91500001757
36995.99499996724
37025.189999951945
37060.68499993335
37156.76499988302
37185.96499986772
37221.45499984913
37317.53999979879
37346.7349997835
37382.2299997649
37478.30999971457
37507.504999699275
37542.99999968068
37639.07999963035
37668.27999961505
37703.76999959646
37799.85499954612
37829.04999953083
37864.54499951223
37960.6249994619
37989.819999446605
38025.31499942801
38121.39499937768
38150.59499936238
38186.08499934379
38282.16999929345
38311.36499927816
38346.85999925956
38442.93999920923
38472.134999193935
38507.62999917534
38603.70999912501
38632.90999910971
38668.39999909112
38764.48499904078
38793.67999902549
38829.17499900689
38925.25499895656
38954.449998941265
38989.94499892267
39086.02499887234
39115.22499885704
39150.71499883845
39246.79999878811
39275.99499877282
39311.48999875422
39407.56999870389
39436.764998688595
39472.25999867
39568.344998619665
39597.53999860437
39633.02999858578
39729.11499853544
39758.30999852015
39793.80499850155
39889.88499845122
39919.079998435926
39954.57499841733
40050.659998366995
40079.8549983517
40115.34499833311
40211.42999828277
40240.62499826748
40276.11999824888
40372.19999819855
40401.394998183256
40436.88999816466
40532.974998114325
40562.16999809903
40597.65999808044
40693.7449980301
40722.93999801481
40758.43499799621
40854.51499794588
40883.709997930586
40919.20499791199
41015.289997861655
41044.48499784636
41079.97499782777
41176.05999777743
41205.25499776214
41240.749997743544
41336.82999769321
41366.024997677916
41401.51999765932
41497.604997608985
41526.79999759369
41562.2899975751
41658.37499752476
41687.56999750947
41723.064997490874
41819.14499744054
41848.339997425246
41883.83499740665
41979.919997356315
42009.11499734102
42044.60499732243
42140.68999727209
42169.8849972568
42205.379997238204
42301.45999718787
42330.659997172574
42366.14999715398
42462.234997103646
42491.42999708835
42526.92499706976
42623.00499701942
42652.19999700413
42687.694996985534
42783.7749969352
42812.974996919904
42848.46499690131
42944.549996850976
42973.74499683568
43009.23999681709
43105.31999676675
43134.51499675146
43170.009996732864
43266.08999668253
43295.289996667234
43330.77999664864
43426.864996598306
43456.05999658301
43491.55499656442
43587.63499651408
43616.82999649879
43652.324996480194
43748.40499642986
43777.604996414564
43813.09499639597
43909.179996345636
43938.37499633034
43973.86999631175
44069.94999626141
44099.14499624612
44134.639996227525
44230.71999617719
44259.919996161894
44295.4099961433
44391.494996092966
44420.68999607767
44456.18499605908
44552.264996008744
44581.45999599345
44616.954995974855
44713.03499592452
44742.234995909224
44777.72499589063
44873.809995840296
44903.004995825
44938.49999580641
45034.579995756074
45063.77499574078
45099.269995722185
45195.34999567185
45224.549995656555
45260.03999563796
45356.12499558763
45385.31999557233
45420.81499555374
45516.894995503404
45546.08999548811
45581.584995469515
45677.66499541918
45706.864995403885
45742.35499538529
45838.43999533496
45867.63499531966
45903.12999530107
45999.209995250734
46028.40499523544
46063.899995216845
46159.97999516651
46189.179995151215
46224.66999513262
46320.75499508229
46349.94999506699
46385.4449950484
46481.524994998064
46510.71999498277
46546.214994964175
46642.29999491384
46671.494994898545
46706.98499487995
46803.06999482962
46832.26499481432
46867.75999479573
46963.839994745395
46993.0349947301
47028.529994711505
47124.61499466117
47153.809994645875
47189.29999462728
47285.38499457695
47314.57999456165
47350.07499454306
47446.154994492725
47475.34999447743
47510.844994458836
47606.9299944085
47636.124994393205
47671.61499437461
47767.69999432428
47796.89499430898
47832.38999429039
47928.469994240055
47957.66499422476
47993.159994206166
48089.24499415583
48118.439994140535
48153.92999412194
48250.01499407161
48279.20999405631
48314.70499403772
48410.784993987385
48439.97999397209
48475.474993953496
48571.55999390316
48600.754993887866
48636.24499386927
48732.32999381894
48761.52499380364
48797.01999378505
48893.099993734715
48922.29499371942
48957.789993700826
49053.87499365049
49083.069993635196
49118.5599936166
49214.64499356627
49243.83999355097
49279.33499353238
49375.414993482045
49404.61499346675
49440.104993448156
49536.18999339782
49565.384993382526
49600.87999336393
49696.9599933136
49726.1549932983
49761.64999327971
49857.729993229375
49886.92999321408
49922.419993195486
50018.50499314515
50047.699993129856
50083.19499311126
50179.27499306093
50208.46999304563
50243.96499302704
50340.044992976706
50369.24499296141
50404.73499294282
50500.81999289248
50530.014992877186
50565.50999285859
50661.58999280826
50690.784992792964
50726.27999277437
50822.359992724036
50851.55999270874
50887.04999269015
50983.13499263981
51012.329992624516
51047.82499260592
51143.90499255559
51173.099992540294
51208.5949925217
51304.674992471366
51333.87499245607
51369.36499243748
51465.44999238714
51494.64499237185
51530.13999235325
51626.21999230292
51655.414992287624
51690.90999226903
51786.989992218696
51816.1899922034
51851.67999218481
51947.76499213447
51976.95999211918
52012.45499210058
52108.53499205025
52137.729992034954
52173.22499201636
52269.304991966026
52298.50499195073
52333.99499193214
52430.0799918818
52459.27499186651
52494.76999184791
52590.84999179758
52620.044991782284
52655.53999176369
52751.619991713356
52780.81999169806
52816.30999167947
52912.39499162913
52941.58999161384
52977.08499159524
53073.16499154491
53102.359991529614
53137.85499151102
53233.93499146069
53263.13499144539
53298.6249914268
53394.70999137646
53423.90499136117
53459.39999134257
53555.47999129224
53584.674991276945
53620.16999125835
53716.254991208014
53745.44999119272
53780.93999117413
53877.02499112379
53906.2199911085
53941.7149910899
54037.79499103957
54066.989991024275
54102.48499100568
54198.569990955344
54227.76499094005
54263.25499092146
54359.33999087112
54388.53499085583
54424.02999083723
54520.1099907869
54549.304990771605
54584.79999075301
54680.884990702674
54710.07999068738
54745.56999066879
54841.65499061845
54870.84999060316
54906.34499058456
55002.42499053423
55031.619990518935
55067.11499050034
55163.199990450004
55192.39499043471
55227.88499041612
55323.96999036578
55353.16499035049
55388.65999033189
55484.73999028156
55513.934990266265
55549.42999024767
55645.514990197335
55674.70999018204
55710.19999016345
55806.28499011311
55835.47999009782
55870.97499007922
55967.05499002889
55996.249990013595
56031.744989995
56127.829989944665
56157.02498992937
56192.51498991078
56288.59998986044
56317.79498984515
56353.28998982655
56449.36998977622
56478.564989760926
56514.05998974233
56610.144989691995
56639.3399896767
56674.834989658106
56770.91498960777
56800.10998959248
56835.60498957388
56931.68498952355
56960.88498950825
56996.37498948966
57092.459989439325
57121.65498942403
57157.149989405436
57253.2299893551
57282.42498933981
57317.91998932121
57413.99998927088
57443.19998925558
57478.68998923699
57574.774989186655
57603.96998917136
57639.464989152766
57735.54498910243
57764.73998908714
57800.234989068544
57896.31498901821
57925.51498900291
57961.00498898432
58057.089988933985
58086.28498891869
58121.779988900096
58217.85998884976
58247.05498883447
58282.549988815874
58378.62998876554
58407.82998875024
58443.31998873165
58539.404988681315
58568.59998866602
58604.09498864743
58700.17498859709
58729.3699885818
58764.864988563204
58860.94498851287
58890.144988497574
58925.63498847898
59021.719988428646
59050.91498841335
59086.40998839476
59182.48998834442
59211.68498832913
59247.179988310534
59343.2599882602
59372.459988244904
59407.94998822631
59504.034988175976
59533.22998816068
59568.72498814209
59664.80498809175
59693.99998807646
59729.494988057864
59825.57498800753
59854.774987992234
59890.26498797364
59986.349987923306
60015.54498790801
60051.03998788942
60147.11998783908
60176.31498782379
60211.809987805194
60307.88998775486
60337.089987739564
60372.57998772097
60468.664987670636
60497.85998765534
60533.35498763675
60629.43498758641
60658.62998757112
60694.124987552525
60790.20998750219
60819.404987486894
60854.8949874683
60950.979987417966
60980.17498740267
61015.66998738408
61111.749987333744
61140.94498731845
61176.439987299855
61272.52498724952
61301.719987234224
61337.20998721563
61433.294987165296
61462.48998715
61497.98498713141
61594.064987081074
61623.25998706578
61658.754987047185
61754.83998699685
61784.034986981555
61819.52498696296
61915.60998691263
61944.80498689733
61980.29998687874
62076.379986828404
62105.57498681311
62141.069986794515
62237.15498674418
62266.349986728885
62301.83998671029
62397.92498665996
62427.11998664466
62462.61498662607
62558.694986575734
62587.88998656044
62623.384986541845
62719.46998649151
62748.664986476215
62784.15498645762
62880.23998640729
62909.43498639199
62944.9299863734
63041.009986323064
63070.20498630777
63105.699986289175
63201.78498623884
63230.979986223545
63266.46998620495
63362.55498615462
63391.74998613932
63427.24498612073
63523.324986070395
63552.5199860551
63588.014986036505
63684.09998598617
63713.294985970875
63748.78998595228
63844.86998590195
63874.06498588665
63909.55998586806
64005.639985817725
64034.83998580243
64070.329985783836
64166.4149857335
64195.609985718205
64231.10498569961
64327.18498564928
64356.37998563398
64391.87498561539
64487.954985565055
64517.15498554976
64552.644985531166
64648.72998548083
64677.924985465535
64713.41998544694
64809.49998539661
64838.69498538131
64874.18998536272
64970.269985312385
64999.46998529709
65034.959985278496
65131.04498522816
65160.239985212866
65195.73498519427
65291.81498514394
65321.00998512864
65356.50498511005
65452.584985059715
65481.78498504442
65517.274985025826
65613.35998508806
65642.55498511525
65678.0499851483
65774.12998523779
65803.32498526498
65838.81998529803
65934.89998538751
65964.09998541471
65999.58998544776
66095.67498553725
66124.86998556444
66160.3649855975
66256.44498568698
66285.63998571417
66321.13498574722
66417.2149858367
66446.4149858639
66481.90498589695
66577.98998598644
66607.18498601363
66642.67998604669
66738.75998613617
66767.95498616336
66803.44998619641
66899.5299862859
66928.72998631309
66964.21998634614
67060.30498643563
67089.49998646282
67124.99498649588
67221.07498658536
67250.26998661255
67285.7649866456
67381.84498673509
67411.04498676228
67446.53498679533
67542.61998688482
67571.81498691201
67607.30998694507
67703.38998703455
67732.58498706174
67768.0799870948
67864.15998718428
67893.35998721147
67928.84998724452
68024.93498733401
68054.1299873612
68089.62498739426
68185.70498748374
68214.89998751093
68250.39498754399
68346.47998763347
68375.67498766066
68411.16498769372
68507.2499877832
68536.44498781039
68571.93998784345
68668.01998793293
68697.21498796012
68732.70998799318
68828.79498808266
68857.98998810985
68893.4799881429
68989.56498823239
69018.75998825958
69054.25498829264
69150.33498838212
69179.52998840931
69215.02498844237
69311.10998853185
69340.30498855904
69375.7949885921
69471.87998868158
69501.07498870877
69536.56998874183
69632.64998883131
69661.8449888585
69697.33998889156
69793.42498898105
69822.61998900824
69858.10998904129
69954.19498913077
69983.38998915796
70018.88498919102
70114.9649892805
70144.1599893077
70179.65498934075
70275.73998943024
70304.93498945743
70340.42498949048
70436.50998957996
70465.70498960715
70501.19998964021
70597.2799897297
70626.47498975688
70661.96998978994
70758.05498987943
70787.24998990662
70822.73998993967
70918.82499002916
70948.01999005635
70983.5149900894
71079.59499017888
71108.79499020608
71144.28499023913
71240.36999032862
71269.56499035581
71305.05999038887
71401.13999047835
71430.33499050554
71465.8299905386
71561.90999062808
71591.10999065527
71626.59999068832
71722.68499077781
71751.879990805
71787.37499083806
71883.45499092754
71912.64999095473
71948.14499098778
72044.22499107727
72073.42499110446
72108.91499113751
72204.999991227
72234.19499125419
72269.68999128725
72365.76999137673
72394.96499140392
72430.45999143698
72526.53999152646
72555.73999155365
72591.2299915867
72687.31499167619
72716.50999170338
72752.00499173644
72848.08499182592
72877.27999185311
72912.77499188617
73008.85499197565
73038.05499200284
73073.5449920359
73169.62999212538
73198.82499215257
73234.31999218563
73330.39999227511
73359.5949923023
73395.08999233536
73491.16999242484
73520.36999245203
73555.85999248509
73651.94499257457
73681.13999260176
73716.63499263482
73812.7149927243
73841.90999275149
73877.40499278455
73973.48499287403
74002.68499290122
74038.17499293428
74134.25999302376
74163.45499305095
74198.94999308401
74295.02999317349
74324.22499320068
74359.71999323374
74455.79999332322
74484.99999335042
74520.48999338347
74616.57499347295
74645.76999350014
74681.2649935332
74777.34499362268
74806.53999364987
74842.03499368293
74938.11499377241
74967.3149937996
75002.80499383266
75098.88999392214
75128.08499394933
75163.57999398239
75259.65999407187
75288.85499409906
75324.34999413212
75420.4349942216
75449.6299942488
75485.11999428185
75581.20499437134
75610.39999439853
75645.89499443158
75741.97499452106
75771.16999454825
75806.66499458131
75902.7499946708
75931.94499469799
75967.43499473104
76063.51999482053
76092.71499484772
76128.20999488077
76224.28999497026
76253.48499499745
76288.9799950305
76385.06499511999
76414.25999514718
76449.74999518023
76545.83499526972
76575.0299952969
76610.52499532996
76706.60499541945
76735.79999544664
76771.2949954797
76867.37999556918
76896.57499559637
76932.06499562942
77028.14999571891
77057.3449957461
77092.83999577916
77188.91999586864
77218.11499589583
77253.60999592888
77349.69499601837
77378.88999604556
77414.37999607861
77510.4649961681
77539.65999619529
77575.15499622835
77671.23499631783
77700.42999634502
77735.92499637807
77832.00999646756
77861.20499649475
77896.6949965278
77992.77999661729
78021.97499664448
78057.46999667754
78153.54999676702
78182.74999679421
78218.23999682727
78314.32499691675
78343.51999694394
78379.014996977
78475.09499706648
78504.28999709367
78539.78499712673
78635.86499721621
78665.0649972434
78700.55499727646
78796.63999736594
78825.83499739313
78861.32999742619
78957.40999751567
78986.60499754286
79022.09999757592
79118.1799976654
79147.3799976926
79182.86999772565
79278.95499781513
79308.14999784232
79343.64499787538
79439.72499796486
79468.91999799205
79504.41499802511
79600.49499811459
79629.69499814179
79665.18499817484
79761.26999826432
79790.46499829151
79825.95999832457
79922.03999841405
79951.23499844124
79986.7299984743
80082.80999856378
80112.00999859098
80147.49999862403
80243.58499871352
80272.7799987407
80308.27499877376
80404.35499886324
80433.54999889043
80469.04499892349
80565.12499901297
80594.32499904017
80629.81499907322
80725.8999991627
80755.0949991899
80790.58999922295
80886.66999931243
80915.86499933962
80951.35999937268
81047.43999946216
81076.63999948936
81112.12999952241
81208.2149996119
81237.40999963909
81272.90499967214
81368.98499976163
81398.17999978882
81433.67499982187
81529.75499991135
81558.95499993855
81594.4449999716
81690.53000006109
81719.72500008828
81755.22000012134
81851.30000021082
81880.495000238
81915.99000027106
82012.07000036055
82041.27000038774
82076.76000042079
82172.84500051028
82202.04000053747
82237.53500057053
82333.61500066001
82362.8100006872
82398.30500072025
82494.39000080974
82523.58500083693
82559.07500086998
82655.16000095947
82684.35500098666
82719.85000101972
82815.9300011092
82845.12500113639
82880.62000116945
82976.70500125893
83005.90000128612
83041.39000131917
83137.47500140866
83166.67000143585
83202.16500146891
83298.24500155839
83327.44000158558
83362.93500161864
83459.02000170812
83488.21500173531
83523.70500176837
83619.79000185785
83648.98500188504
83684.4800019181
83780.56000200758
83809.75500203477
83845.25000206783
83941.33500215731
83970.5300021845
84006.02000221756
84102.10500230704
84131.30000233423
84166.79500236729
84262.87500245677
84292.07000248396
84327.56500251702
84423.6500026065
84452.8450026337
84488.33500266675
84584.42000275623
84613.61500278342
84649.11000281648
84745.19000290596
84774.38500293315
84809.88000296621
84905.9650030557
84935.16000308288
84970.65000311594
85066.73500320542
85095.93000323261
85131.42500326567
85227.50500335515
85256.70500338235
85292.1950034154
85388.28000350489
85417.47500353208
85452.97000356513
85549.05000365461
85578.2450036818
85613.74000371486
85709.82000380434
85739.02000383154
85774.51000386459
85870.59500395408
85899.79000398127
85935.28500401432
86031.3650041038
86060.560004131
86096.05500416405
86192.13500425353
86221.33500428073
86256.82500431378
86352.91000440327
86382.10500443046
86417.60000446351
86513.680004553
86542.87500458019
86578.37000461324
86674.45000470272
86703.65000472992
86739.14000476297
86835.22500485246
86864.42000487965
86899.9150049127
86995.99500500219
87025.19000502938
87060.68500506243
87156.76500515192
87185.96500517911
87221.45500521216
87317.54000530165
87346.73500532884
87382.2300053619
87478.31000545138
87507.50500547857
87543.00000551163
87639.0800056011
87668.2800056283
87703.77000566135
87799.85500575084
87829.05000577803
87864.54500581109
87960.62500590057
87989.82000592776
88025.31500596082
88121.3950060503
88150.59500607749
88186.08500611054
88282.17000620003
88311.36500622722
88346.86000626028
88442.94000634976
88472.13500637695
88507.63000641
88603.71000649949
88632.91000652668
88668.40000655974
88764.48500664922
88793.68000667641
88829.17500670947
88925.25500679895
88954.45000682614
88989.9450068592
89086.02500694868
89115.22500697587
89150.71500700893
89246.80000709841
89275.9950071256
89311.49000715866
89407.57000724814
89436.76500727533
89472.26000730839
89568.34500739787
89597.54000742506
89633.03000745812
89729.1150075476
89758.3100075748
89793.80500760785
89889.88500769733
89919.08000772452
89954.57500775758
90050.66000784707
90079.85500787426
90115.34500790731
90211.4300079968
90240.62500802398
90276.12000805704
90372.20000814652
90401.39500817371
90436.89000820677
90532.97500829626
90562.17000832345
90597.6600083565
90693.74500844599
90722.94000847318
90758.43500850623
90854.51500859571
90883.7100086229
90919.20500865596
91015.29000874545
91044.48500877264
91079.97500880569
91176.06000889518
91205.25500892237
91240.75000895542
91336.8300090449
91366.0250090721
91401.52000910515
91497.60500919464
91526.80000922183
91562.29000925488
91658.37500934437
91687.57000937156
91723.06500940461
91819.1450094941
91848.34000952129
91883.83500955434
91979.92000964383
92009.11500967102
92044.60500970407
92140.69000979356
92169.88500982075
92205.3800098538
92301.46000994329
92330.66000997048
92366.15001000353
92462.23501009302
92491.43001012021
92526.92501015327
92623.00501024275
92652.20001026994
92687.695010303
92783.77501039248
92812.97501041967
92848.46501045272
92944.55001054221
92973.7450105694
93009.24001060246
93105.32001069194
93134.51501071913
93170.01001075219
93266.09001084167
93295.29001086886
93330.78001090192
93426.8650109914
93456.06001101859
93491.55501105165
93587.63501114113
93616.83001116832
93652.32501120138
93748.40501129086
93777.60501131805
93813.0950113511
93909.18001144059
93938.37501146778
93973.87001150084
94069.95001159032
94099.14501161751
94134.64001165057
94230.72001174005
94259.92001176724
94295.4100118003
94391.49501188978
94420.69001191697
94456.18501195003
94552.26501203951
94581.4600120667
94616.95501209976
94713.03501218924
94742.23501221644
94777.72501224949
94873.81001233897
94903.00501236616
94938.50001239922
95034.5800124887
95063.7750125159
95099.27001254895
95195.35001263843
95224.55001266563
95260.04001269868
95356.12501278816
95385.32001281535
95420.81501284841
95516.8950129379
95546.09001296508
95581.58501299814
95677.66501308762
95706.86501311482
95742.35501314787
95838.44001323736
95867.63501326455
95903.1300132976
95999.21001338708
96028.40501341427
96063.90001344733
96159.98001353681
96189.18001356401
96224.67001359706
96320.75501368655
96349.95001371374
96385.4450137468
96481.52501383628
96510.72001386347
96546.21501389652
96642.30001398601
96671.4950140132
96706.98501404625
96803.07001413574
96832.26501416293
96867.76001419598
96963.84001428547
96993.03501431266
97028.53001434571
97124.6150144352
97153.81001446239
97189.30001449544
97285.38501458493
97314.58001461212
97350.07501464518
97446.15501473466
97475.35001476185
97510.8450147949
97606.93001488439
97636.12501491158
97671.61501494463
97767.70001503412
97796.89501506131
97832.39001509437
97928.47001518385
97957.66501521104
97993.1600152441
98089.24501533358
98118.44001536077
98153.93001539382
98250.01501548331
98279.2100155105
98314.70501554356
98410.78501563304
98439.98001566023
98475.47501569329
98571.56001578277
98600.75501580996
98636.24501584301
98732.3300159325
98761.52501595969
98797.02001599275
98893.10001608223
98922.29501610942
98957.79001614248
99053.87501623196
99083.07001625915
99118.5600162922
99214.64501638169
99243.84001640888
99279.33501644194
99375.41501653142
99404.61501655862
99440.10501659167
99536.19001668115
99565.38501670834
99600.8800167414
99696.96001683088
99726.15501685807
99761.65001689113
99857.73001698061
99886.9300170078
99922.42001704086
100018.50501713034
100047.70001715753
100083.19501719059
100179.27501728007
100208.47001730726
100243.96501734032
100340.0450174298
100369.245017457
100404.73501749005
100500.82001757954
100530.01501760673
100565.51001763978
100661.59001772926
100690.78501775645
100726.28001778951
100822.360017879
100851.56001790619
100887.05001793924
100983.13501802873
101012.33001805592
101047.82501808897
101143.90501817846
101173.10001820565
101208.5950182387
101304.67501832818
101333.87501835538
101369.36501838843
101465.45001847792
101494.6450185051
101530.14001853816
101626.22001862765
101655.41501865484
101690.9100186879
101786.99001877737
101816.19001880457
101851.68001883762
101947.76501892711
101976.9600189543
102012.45501898736
102108.53501907684
102137.73001910403
102173.22501913708
102269.30501922657
102298.50501925376
102333.99501928681
102430.0800193763
102459.27501940349
102494.77001943655
102590.85001952603
102620.04501955322
102655.54001958627
102751.62001967576
102780.82001970295
102816.310019736
102912.39501982549
102941.59001985268
102977.08501988574
103073.16501997522
103102.36002000241
103137.85502003547
103233.93502012495
103263.13502015214
103298.6250201852
103394.71002027468
103423.90502030187
103459.40002033493
103555.48002042441
103584.6750204516
103620.17002048466
103716.25502057414
103745.45002060133
103780.94002063439
103877.02502072387
103906.22002075106
103941.71502078412
104037.7950208736
104066.99002090079
104102.48502093385
104198.57002102333
104227.76502105052
104263.25502108358
104359.34002117306
104388.53502120025
104424.03002123331
104520.11002132279
104549.30502134998
104584.80002138304
104680.88502147252
104710.08002149971
104745.57002153277
104841.65502162225
104870.85002164944
104906.3450216825
105002.42502177198
105031.62002179917
105067.11502183223
105163.20002192172
105192.3950219489
105227.88502198196
105323.97002207144
105353.16502209863
105388.66002213169
105484.74002222117
105513.93502224836
105549.43002228142
105645.5150223709
105674.7100223981
105710.20002243115
105806.28502252063
105835.48002254782
105870.97502258088
105967.05502267036
105996.25002269755
106031.74502273061
106127.8300228201
106157.02502284729
106192.51502288034
106288.60002296983
106317.79502299702
106353.29002303007
106449.37002311955
106478.56502314674
106514.0600231798
106610.14502326929
106639.34002329648
106674.83502332954
106770.91502341902
106800.1100234462
106835.60502347926
106931.68502356875
106960.88502359594
106996.37502362899
107092.46002371848
107121.65502374567
107157.15002377873
107253.23002386821
107282.4250238954
107317.92002392845
107414.00002401794
107443.20002404513
107478.69002407818
107574.77502416767
107603.97002419486
107639.46502422792
107735.5450243174
107764.74002434459
107800.23502437765
107896.31502446713
107925.51502449432
107961.00502452737
108057.09002461686
108086.28502464405
108121.78002467711
108217.86002476659
108247.05502479378
108282.55002482684
108378.63002491632
108407.83002494351
108443.32002497657
108539.40502506605
108568.60002509324
108604.0950251263
108700.17502521578
108729.37002524297
108764.86502527603
108860.94502536551
108890.1450253927
108925.63502542576
109021.72002551524
109050.91502554243
109086.41002557549
109182.49002566497
109211.68502569216
109247.18002572522
109343.2600258147
109372.4600258419
109407.95002587495
109504.03502596443
109533.23002599162
109568.72502602468
109664.80502611416
109694.00002614135
109729.49502617441
109825.57502626389
109854.77502629108
109890.26502632414
109986.35002641362
110015.54502644081
110051.04002647387
110147.12002656335
110176.31502659054
110211.8100266236
110307.89002671308
110337.09002674028
110372.58002677333
110468.66502686281
110497.86002689
110533.35502692306
110629.43502701254
110658.63002703973
110694.12502707279
110790.21002716228
110819.40502718947
110854.89502722252
110950.980027312
110980.1750273392
111015.67002737225
111111.75002746173
111140.94502748892
111176.44002752198
111272.52502761147
111301.72002763866
111337.21002767171
111433.2950277612
111462.49002778839
111497.98502782144
111594.06502791092
111623.26002793811
111658.75502797117
111754.84002806066
111784.03502808785
111819.5250281209
111915.61002821039
111944.80502823758
111980.30002827063
112076.38002836012
112105.5750283873
112141.07002842036
112237.15502850985
112266.35002853704
112301.84002857009
112397.92502865958
112427.12002868677
112462.61502871983
112558.6950288093
112587.8900288365
112623.38502886955
112719.47002895904
112748.66502898623
112784.15502901928
112880.24002910877
112909.43502913596
112944.93002916902
113041.0100292585
113070.20502928569
113105.70002931874
113201.78502940823
113230.98002943542
113266.47002946847
113362.55502955796
113391.75002958515
113427.2450296182
113523.32502970769
113552.52002973488
113588.01502976794
113684.10002985742
113713.29502988461
113748.79002991767
113844.87003000715
113874.06503003434
113909.5600300674
114005.64003015688
114034.84003018407
114070.33003021713
114166.41503030661
114195.6100303338
114231.10503036686
114327.18503045634
114356.38003048353
114391.87503051659
114487.95503060607
114517.15503063326
114552.64503066632
114648.7300307558
114677.925030783
114713.42003081605
114809.50003090553
114838.69503093272
114874.19003096578
114970.27003105526
114999.47003108246
115034.96003111551
115131.045031205
115160.24003123218
115195.73503126524
115291.81503135472
115321.01003138191
115356.50503141497
115452.58503150445
115481.78503153165
115517.2750315647
115613.36003165419
115642.55503168138
115678.05003171443
115774.13003180391
115803.3250318311
115838.82003186416
115934.90003195364
115964.10003198084
115999.59003201389
116095.67503210338
116124.87003213057
116160.36503216362
116256.4450322531
116285.6400322803
116321.13503231335
116417.21503240283
116446.41503243003
116481.90503246308
116577.99003255257
116607.18503257976
116642.68003261281
116738.7600327023
116767.95503272949
116803.45003276254
116899.53003285202
116928.73003287922
116964.22003291227
117060.30503300176
117089.50003302895
117124.995033062
117221.07503315149
117250.27003317868
117285.76503321173
117381.84503330122
117411.04503332841
117446.53503336146
117542.62003345095
117571.81503347814
117607.3100335112
117703.39003360068
117732.58503362787
117768.08003366092
117864.1600337504
117893.3600337776
117928.85003381065
118024.93503390014
118054.13003392733
118089.62503396039
118185.70503404987
118214.90003407706
118250.39503411012
118346.4800341996
118375.67503422679
118411.16503425984
118507.25003434933
118536.44503437652
118571.94003440958
118668.02003449906
118697.21503452625
118732.7100345593
118828.79503464879
118857.99003467598
118893.48003470903
118989.56503479852
119018.76003482571
119054.25503485877
119150.33503494825
119179.53003497544
119215.0250350085
119311.11003509798
119340.30503512517
119375.79503515823
119471.88003524771
119501.0750352749
119536.57003530796
119632.65003539744
119661.84503542463
119697.34003545769
119793.42503554717
119822.62003557436
119858.11003560742
119954.1950356969
119983.3900357241
120018.88503575715
120114.96503584663
120144.16003587382
120179.65503590688
120275.74003599636
120304.93503602355
120340.42503605661
120436.5100361461
120465.70503617328
120501.20003620634
120597.28003629582
120626.47503632301
120661.97003635607
120758.05503644556
120787.25003647275
120822.7400365058
120918.82503659528
120948.02003662247
120983.51503665553
121079.59503674501
121108.79503677221
121144.28503680526
121240.37003689475
121269.56503692194
121305.060036955
121401.14003704448
121430.33503707167
121465.83003710472
121561.9100371942
121591.1100372214
121626.60003725445
121722.68503734394
121751.88003737113
121787.37503740418
121883.45503749367
121912.65003752086
121948.14503755391
122044.2250376434
122073.42503767059
122108.91503770364
122205.00003779313
122234.19503782032
122269.69003785338
122365.77003794286
122394.96503797005
122430.4600380031
122526.54003809259
122555.74003811978
122591.23003815283
122687.31503824232
122716.51003826951
122752.00503830257
122848.08503839205
122877.28003841924
122912.7750384523
123008.85503854178
123038.05503856897
123073.54503860202
123169.63003869151
123198.8250387187
123234.32003875176
123330.40003884124
123359.59503886843
123395.09003890149
123491.17003899097
123520.37003901816
123555.86003905121
123651.9450391407
123681.14003916789
123716.63503920095
123812.71503929043
123841.91003931762
123877.40503935068
123973.48503944016
124002.68503946735
124038.1750395004
124134.26003958989
124163.45503961708
124198.95003965014
124295.03003973962
124324.22503976681
124359.72003979987
124455.80003988935
124485.00003991654
124520.4900399496
124616.57504003908
124645.77004006627
124681.26504009933
124777.34504018881
124806.540040216
124842.03504024906
124938.11504033854
124967.31504036573
125002.80504039879
125098.89004048827
125128.08504051546
125163.58004054852
125259.660040638
125288.85504066519
125324.35004069825
125420.43504078774
125449.63004081493
125485.12004084798
125581.20504093746
125610.40004096465
125645.89504099771
125741.9750410872
125771.17004111438
125806.66504114744
125902.75004123693
125931.94504126412
125967.43504129717
126063.52004138666
126092.71504141385
126128.2100414469
126224.29004153638
126253.48504156357
126288.98004159663
126385.06504168612
126414.2600417133
126449.75004174636
126545.83504183585
126575.03004186304
126610.5250418961
126706.60504198557
126735.80004201276
126771.29504204582
126867.38004213531
126896.5750421625
126932.06504219555
127028.15004228504
127057.34504231223
127092.84004234528
127188.92004243477
127218.11504246196
127253.61004249501
127349.6950425845
127378.89004261169
127414.38004264474
127510.46504273423
127539.66004276142
127575.15504279447
127671.23504288396
127700.43004291115
127735.9250429442
127832.01004303369
127861.20504306088
127896.69504309393
127992.78004318342
128021.97504321061
128057.47004324367
128153.55004333315
128182.75004336034
128218.2400433934
128314.32504348288
128343.52004351007
128379.01504354313
128475.09504363261
128504.2900436598
128539.78504369286
128635.86504378234
128665.06504380953
128700.55504384259
128796.64004393207
128825.83504395926
128861.33004399232
128957.4100440818
128986.60504410899
129022.10004414205
129118.18004423153
129147.38004425872
129182.87004429178
129278.95504438126
129308.15004440845
129343.64504444151
129439.72504453099
129468.92004455818
129504.41504459124
129600.49504468072
129629.69504470791
129665.18504474097
129761.27004483045
129790.46504485764
129825.9600448907
129922.04004498018
129951.23504500737
129986.73004504043
130082.81004512991
130112.0100451571
130147.50004519016
130243.58504527964
130272.78004530683
130308.27504533989
130404.35504542937
130433.55004545656
130469.04504548962
130565.1250455791
130594.3250456063
130629.81504563935
130725.90004572883
130755.09504575602
130790.59004578908
130886.67004587856
130915.86504590575
130951.36004593881
131047.44004602829
131076.6400460555
131112.13004608854
131208.21504617803
131237.41004620522
131272.90504623827
131368.98504632775
131398.18004635494
131433.675046388
131529.75504647748
131558.95504650468
131594.44504653773
131690.53004662722
131719.7250466544
131755.22004668746
131851.30004677695
131880.49504680414
131915.9900468372
132012.07004692667
132041.27004695387
132076.76004698692
132172.8450470764
132202.0400471036
132237.53504713665
132333.61504722614
132362.81004725333
132398.30504728638
132494.39004737587
132523.58504740306
132559.0750474361
132655.1600475256
132684.3550475528
132719.85004758585
132815.93004767533
132845.12504770252
132880.62004773557
132976.70504782506
133005.90004785225
133041.3900478853
133137.4750479748
133166.67004800198
133202.16504803504
133298.24504812452
133327.4400481517
133362.93504818477
133459.02004827425
133488.21504830144
133523.7050483345
133619.79004842398
133648.98504845117
133684.48004848423
133780.5600485737
133809.7550486009
133845.25004863396
133941.33504872344
133970.53004875063
134006.02004878368
134102.10504887317
134131.30004890036
134166.79504893342
134262.8750490229
134292.0700490501
134327.56504908315
134423.65004917263
134452.84504919982
134488.33504923288
134584.42004932236
134613.61504934955
134649.1100493826
134745.1900494721
134774.38504949928
134809.88004953234
134905.96504962182
134935.160049649
134970.65004968207
135066.73504977155
135095.93004979874
135131.4250498318
135227.50504992128
135256.70504994848
135292.19504998153
135388.28005007101
135417.4750500982
135452.97005013126
135549.05005022074
135578.24505024793
135613.740050281
135709.82005037047
135739.02005039767
135774.51005043072
135870.5950505202
135899.7900505474
135935.28505058045
136031.36505066993
136060.56005069712
136096.05505073018
136192.13505081966
136221.33505084686
136256.8250508799
136352.9100509694
136382.1050509966
136417.60005102964
136513.68005111912
136542.87505114631
136578.37005117937
136674.45005126885
136703.65005129605
136739.1400513291
136835.2250514186
136864.42005144578
136899.91505147883
136995.99505156832
137025.1900515955
137060.68505162856
137156.76505171804
137185.96505174524
137221.4550517783
137317.54005186778
137346.73505189497
137382.23005192803
137478.3100520175
137507.5050520447
137543.00005207775
137639.08005216724
137668.28005219443
137703.77005222748
137799.85505231697
137829.05005234416
137864.54505237722
137960.6250524667
137989.8200524939
138025.31505252694
138121.39505261643
138150.59505264362
138186.08505267667
138282.17005276616
138311.36505279335
138346.8600528264
138442.9400529159
138472.13505294308
138507.63005297614
138603.71005306562
138632.9100530928
138668.40005312586
138764.48505321535
138793.68005324254
138829.1750532756
138925.25505336508
138954.45005339227
138989.94505342533
139086.0250535148
139115.225053542
139150.71505357506
139246.80005366454
139275.99505369173
139311.4900537248
139407.57005381427
139436.76505384146
139472.26005387452
139568.345053964
139597.5400539912
139633.03005402425
139729.11505411373
139758.31005414092
139793.80505417398
139889.88505426346
139919.08005429065
139954.5750543237
140050.6600544132
140079.85505444038
140115.34505447344
140211.43005456292
140240.6250545901
140276.12005462317
140372.20005471265
140401.39505473984
140436.8900547729
140532.97505486239
140562.17005488958
140597.66005492263
140693.7450550121
140722.9400550393
140758.43505507236
140854.51505516184
140883.71005518903
140919.2050552221
141015.29005531158
141044.48505533877
141079.97505537182
141176.0600554613
141205.2550554885
141240.75005552155
141336.83005561103
141366.02505563822
141401.52005567128
141497.60505576077
141526.80005578796
141562.290055821
141658.3750559105
141687.5700559377
141723.06505597074
141819.14505606022
141848.3400560874
141883.83505612047
141979.92005620996
142009.11505623715
142044.6050562702
142140.6900563597
142169.88505638688
142205.38005641993
142301.46005650942
142330.6600565366
142366.15005656966
142462.23505665915
142491.43005668634
142526.9250567194
142623.00505680888
142652.20005683607
142687.69505686912
142783.7750569586
142812.9750569858
142848.46505701885
142944.55005710834
142973.74505713553
143009.2400571686
143105.32005725807
143134.51505728526
143170.01005731832
143266.0900574078
143295.290057435
143330.78005746804
143426.86505755753
143456.06005758472
143491.55505761778
143587.63505770726
143616.83005773445
143652.3250577675
143748.405057857
143777.60505788418
143813.09505791723
143909.18005800672
143938.3750580339
143973.87005806697
144069.95005815645
144099.14505818364
144134.6400582167
144230.72005830618
144259.92005833337
144295.41005836643
144391.4950584559
144420.6900584831
144456.18505851616
144552.26505860564
144581.46005863283
144616.9550586659
144713.03505875537
144742.23505878256
144777.72505881562
144873.8100589051
144903.0050589323
144938.50005896535
145034.58005905483
145063.77505908202
145099.27005911508
145195.35005920456
145224.55005923175
145260.0400592648
145356.1250593543
145385.32005938148
145420.81505941454
145516.89505950402
145546.0900595312
145581.58505956427
145677.66505965375
145706.86505968095
145742.355059714
145838.44005980348
145867.63505983067
145903.13005986373
145999.2100599532
146028.4050599804
146063.90006001346
146159.98006010294
146189.18006013014
146224.6700601632
146320.75506025268
146349.95006027987
146385.44506031292
146481.5250604024
146510.7200604296
146546.21506046265
146642.30006055214
146671.49506057933
146706.98506061238
146803.07006070187
146832.26506072906
146867.7600607621
146963.8400608516
146993.03506087878
147028.53006091184
147124.61506100133
147153.81006102852
147189.30006106157
147285.38506115106
147314.58006117825
147350.0750612113
147446.1550613008
147475.35006132798
147510.84506136103
147606.93006145052
147636.1250614777
147671.61506151076
147767.70006160025
147796.89506162744
147832.3900616605
147928.47006174998
147957.66506177717
147993.16006181022
148089.2450618997
148118.4400619269
148153.93006195995
148250.01506204944
148279.21006207663
148314.7050621097
148410.78506219917
148439.98006222636
148475.47506225941
148571.5600623489
148600.7550623761
148636.24506240914
148732.33006249863
148761.52506252582
148797.02006255888
148893.10006264836
148922.29506267555
148957.7900627086
149053.8750627981
149083.07006282528
149118.56006285833
149214.64506294782
149243.840062975
149279.33506300807
149375.41506309755
149404.61506312474
149440.1050631578
149536.19006324728
149565.38506327447
149600.88006330753
149696.960063397
149726.1550634242
149761.65006345726
149857.73006354674
149886.93006357393
149922.420063607
150018.50506369647
150047.70006372366
150083.19506375672
150179.2750638462
150208.4700638734
150243.96506390645
150340.04506399593
150369.24506402313
150404.73506405618
150500.82006414566
150530.01506417285
150565.5100642059
150661.5900642954
150690.78506432258
150726.28006435564
150822.36006444512
150851.56006447232
150887.05006450537
150983.13506459486
151012.33006462205
151047.8250646551
151143.90506474458
151173.10006477177
151208.59506480483
151304.6750648943
151333.8750649215
151369.36506495456
151465.45006504405
151494.64506507124
151530.1400651043
151626.22006519377
151655.41506522096
151690.91006525402
151786.9900653435
151816.1900653707
151851.68006540375
151947.76506549324
151976.96006552043
152012.45506555348
152108.53506564297
152137.73006567016
152173.2250657032
152269.3050657927
152298.5050658199
152333.99506585294
152430.08006594243
152459.27506596962
152494.77006600267
152590.85006609216
152620.04506611935
152655.5400661524
152751.62006624189
152780.82006626908
152816.31006630213
152912.39506639162
152941.5900664188
152977.08506645187
153073.16506654135
153102.36006656854
153137.8550666016
153233.93506669108
153263.13506671827
153298.62506675132
153394.7100668408
153423.905066868
153459.40006690106
153555.48006699054
153584.67506701773
153620.17006705079
153716.25506714027
153745.45006716746
153780.9400672005
153877.02506729
153906.2200673172
153941.71506735025
154037.79506743973
154066.99006746692
154102.48506749998
154198.57006758946
154227.76506761665
154263.2550676497
154359.3400677392
154388.53506776638
154424.03006779944
154520.11006788892
154549.3050679161
154584.80006794917
154680.88506803865
154710.08006806584
154745.5700680989
154841.65506818838
154870.85006821557
154906.34506824863
155002.4250683381
155031.6200683653
155067.11506839836
155163.20006848784
155192.39506851503
155227.8850685481
155323.97006863757
155353.16506866476
155388.66006869782
155484.7400687873
155513.9350688145
155549.43006884755
155645.51506893703
155674.71006896422
155710.20006899728
155806.28506908676
155835.48006911395
155870.975069147
155967.0550692365
155996.25006926368
156031.74506929674
156127.83006938623
156157.02506941342
156192.51506944647
156288.60006953595
156317.79506956314
156353.2900695962
156449.37006968568
156478.56506971287
156514.06006974593
156610.14506983542
156639.3400698626
156674.83506989566
156770.91506998515
156800.11007001234
156835.6050700454
156931.68507013487
156960.88507016207
156996.37507019512
157092.4600702846
157121.6550703118
157157.15007034485
157253.23007043434
157282.42507046153
157317.92007049458
157414.00007058406
157443.20007061126
157478.6900706443
157574.7750707338
157603.970070761
157639.46507079405
157735.54507088353
157764.74007091072
157800.23507094377
157896.31507103326
157925.51507106045
157961.0050710935
158057.090071183
158086.28507121018
158121.78007124324
158217.86007133272
158247.0550713599
158282.55007139297
158378.63007148245
158407.83007150964
158443.3200715427
158539.40507163218
158568.60007165937
158604.09507169243
158700.1750717819
158729.3700718091
158764.86507184216
158860.94507193164
158890.14507195883
158925.63507199188
159021.72007208137
159050.91507210856
159086.41007214162
159182.4900722311
159211.6850722583
159247.18007229135
159343.26007238083
159372.46007240802
159407.95007244108
159504.03507253056
159533.23007255775
159568.7250725908
159664.8050726803
159694.00007270748
159729.49507274054
159825.57507283002
159854.7750728572
159890.26507289027
159986.35007297975
160015.54507300694
160051.04007304
160147.12007312948
160176.31507315667
160211.81007318973
160307.8900732792
160337.0900733064
160372.58007333946
160468.66507342894
160497.86007345613
160533.3550734892
160629.43507357867
160658.63007360586
160694.12507363892
160790.2100737284
160819.4050737556
160854.89507378865
160950.98007387813
160980.17507390532
161015.67007393838
161111.75007402786
161140.94507405505
161176.4400740881
161272.5250741776
161301.7200742048
161337.21007423784
161433.29507432732
161462.49007435451
161497.98507438757
161594.06507447705
161623.26007450424
161658.7550745373
161754.8400746268
161784.03507465398
161819.52507468703
161915.61007477652
161944.8050748037
161980.30007483676
162076.38007492624
162105.57507495343
162141.0700749865
162237.15507507598
162266.35007510317
162301.84007513622
162397.9250752257
162427.1200752529
162462.61507528595
162558.69507537544
162587.89007540263
162623.38507543568
162719.47007552517
162748.66507555236
162784.1550755854
162880.2400756749
162909.4350757021
162944.93007573514
163041.01007582463
163070.20507585182
163105.70007588487
163201.78507597436
163230.98007600155
163266.4700760346
163362.5550761241
163391.75007615128
163427.24507618434
163523.32507627382
163552.520076301
163588.01507633406
163684.10007642355
163713.29507645074
163748.7900764838
163844.87007657328
163874.06507660047
163909.56007663353
164005.640076723
164034.8400767502
164070.33007678326
164166.41507687274
164195.61007689993
164231.105076933
164327.18507702247
164356.38007704966
164391.87507708272
164487.9550771722
164517.1550771994
164552.64507723245
164648.73007732193
164677.92507734912
164713.42007738218
164809.50007747166
164838.69507749885
164874.1900775319
164970.2700776214
164999.47007764858
165034.96007768164
165131.04507777112
165160.2400777983
165195.73507783137
165291.81507792085
165321.01007794804
165356.5050779811
165452.58507807058
165481.78507809778
165517.27507813083
165613.3600782203
165642.5550782475
165678.05007828056
165774.13007837004
165803.32507839723
165838.8200784303
165934.90007851977
165964.10007854697
165999.59007858002
166095.6750786695
166124.8700786967
166160.36507872975
166256.44507881923
166285.64007884642
166321.13507887948
166417.21507896896
166446.41507899616
166481.9050790292
166577.9900791187
166607.1850791459
166642.68007917894
166738.76007926842
166767.9550792956
166803.45007932867
166899.53007941815
166928.73007944535
166964.2200794784
167060.3050795679
167089.50007959508
167124.99507962813
167221.07507971762
167250.2700797448
167285.76507977786
167381.84507986734
167411.04507989454
167446.5350799276
167542.62008001708
167571.81508004427
167607.31008007732
167703.3900801668
167732.585080194
167768.08008022705
167864.16008031653
167893.36008034373
167928.85008037678
168024.93508046627
168054.13008049346
168089.62508052652
168185.705080616
168214.9000806432
168250.39508067624
168346.48008076573
168375.67508079292
168411.16508082597
168507.25008091546
168536.44508094265
168571.9400809757
168668.0200810652
168697.21508109238
168732.71008112543
168828.79508121492
168857.9900812421
168893.48008127516
168989.56508136465
169018.76008139184
169054.2550814249
169150.33508151438
169179.53008154157
169215.02508157463
169311.1100816641
169340.3050816913
169375.79508172435
169471.88008181384
169501.07508184103
169536.5700818741
169632.65008196357
169661.84508199076
169697.34008202382
169793.4250821133
169822.6200821405
169858.11008217355
169954.19508226303
169983.39008229022
170018.88508232328
170114.96508241276
170144.16008243995
170179.655082473
170275.7400825625
170304.93508258968
170340.42508262274
170436.51008271222
170465.7050827394
170501.20008277247
170597.28008286195
170626.47508288914
170661.9700829222
170758.05508301168
170787.25008303887
170822.74008307193
170918.8250831614
170948.0200831886
170983.51508322166
171079.59508331114
171108.79508333834
171144.2850833714
171240.37008346088
171269.56508348807
171305.06008352112
171401.1400836106
171430.3350836378
171465.83008367085
171561.91008376033
171591.11008378753
171626.60008382058
171722.68508391007
171751.88008393726
171787.3750839703
171883.4550840598
171912.65008408698
171948.14508412004
172044.22508420952
172073.42508423672
172108.91508426977
172205.00008435926
172234.19508438645
172269.6900844195
172365.770084509
172394.96508453618
172430.46008456923
172526.5400846587
172555.7400846859
172591.23008471896
172687.31508480845
172716.51008483564
172752.0050848687
172848.08508495818
172877.28008498537
172912.77508501842
173008.8550851079
173038.0550851351
173073.54508516815
173169.63008525764
173198.82508528483
173234.3200853179
173330.40008540737
173359.59508543456
173395.09008546761
173491.1700855571
173520.3700855843
173555.86008561734
173651.94508570683
173681.14008573402
173716.63508576708
173812.71508585656
173841.91008588375
173877.4050859168
173973.4850860063
174002.68508603348
174038.17508606653
174134.26008615602
174163.4550861832
174198.95008621627
174295.03008630575
174324.22508633294
174359.720086366
174455.80008645548
174485.00008648267
174520.49008651573
174616.5750866052
174645.7700866324
174681.26508666546
174777.34508675494
174806.54008678213
174842.0350868152
174938.11508690467
174967.31508693186
175002.80508696492
175098.8900870544
175128.0850870816
175163.58008711465
175259.66008720413
175288.85508723132
175324.35008726438
175420.43508735386
175449.63008738105
175485.1200874141
175581.2050875036
175610.40008753078
175645.89508756384
175741.97508765332
175771.1700876805
175806.66508771357
175902.75008780306
175931.94508783025
175967.4350878633
176063.52008795278
176092.71508797997
176128.21008801303
176224.2900881025
176253.4850881297
176288.98008816276
176385.06508825225
176414.26008827944
176449.7500883125
176545.83508840197
176575.03008842916
176610.52508846222
176706.6050885517
176735.8000885789
176771.29508861195
176867.38008870144
176896.57508872863
176932.06508876168
177028.15008885117
177057.34508887836
177092.8400889114
177188.9200890009
177218.11508902808
177253.61008906114
177349.69508915063
177378.89008917782
177414.38008921087
177510.46508930036
177539.66008932755
177575.1550893606
177671.23508945009
177700.43008947728
177735.92508951033
177832.01008959982
177861.205089627
177896.69508966006
177992.78008974955
178021.97508977674
178057.4700898098
178153.55008989928
178182.75008992647
178218.24008995952
178314.325090049
178343.5200900762
178379.01509010926
178475.09509019874
178504.29009022593
178539.78509025899
178635.86509034847
178665.06509037566
178700.5550904087
178796.6400904982
178825.8350905254
178861.33009055845
178957.41009064793
178986.60509067512
179022.10009070818
179118.18009079766
179147.38009082485
179182.8700908579
179278.9550909474
179308.15009097458
179343.64509100764
179439.72509109712
179468.9200911243
179504.41509115737
179600.49509124685
179629.69509127404
179665.1850913071
179761.27009139658
179790.46509142377
179825.96009145683
179922.0400915463
179951.2350915735
179986.73009160656
180082.81009169604
180112.01009172323
180147.5000917563
180243.58509184577
180272.78009187296
180308.27509190602
180404.3550919955
180433.5500920227
180469.04509205575
180565.12509214523
180594.32509217242
180629.81509220548
180725.90009229496
180755.09509232215
180790.5900923552
180886.6700924447
180915.86509247188
180951.36009250494
181047.44009259442
181076.64009262162
181112.13009265467
181208.21509274415
181237.41009277134
181272.9050928044
181368.98509289388
181398.18009292107
181433.67509295413
181529.7550930436
181558.9550930708
181594.44509310386
181690.53009319335
181719.72509322054
181755.2200932536
181851.30009334307
181880.49509337026
181915.99009340332
182012.0700934928
182041.27009352
182076.76009355305
182172.84509364254
182202.04009366973
182237.53509370278
182333.61509379226
182362.81009381945
182398.3050938525
182494.390093942
182523.5850939692
182559.07509400224
182655.16009409173
182684.35509411892
182719.85009415197
182815.93009424146
182845.12509426865
182880.6200943017
182976.7050943912
183005.90009441838
183041.39009445143
183137.47509454092
183166.6700945681
183202.16509460117
183298.24509469065
183327.44009471784
183362.9350947509
183459.02009484038
183488.21509486757
183523.70509490062
183619.7900949901
183648.9850950173
183684.48009505036
183780.56009513984
183809.75509516703
183845.25009520008
183941.33509528957
183970.53009531676
184006.0200953498
184102.1050954393
184131.3000954665
184166.79509549955
184262.87509558903
184292.07009561622
184327.56509564928
184423.65009573876
184452.84509576595
184488.335095799
184584.4200958885
184613.61509591568
184649.11009594874
184745.19009603822
184774.3850960654
184809.88009609847
184905.96509618795
184935.16009621514
184970.6500962482
185066.73509633768
185095.93009636487
185131.42509639793
185227.5050964874
185256.7050965146
185292.19509654766
185388.28009663714
185417.47509666433
185452.9700966974
185549.05009678687
185578.24509681406
185613.74009684712
185709.8200969366
185739.0200969638
185774.51009699685
185870.59509708633
185899.79009711352
185935.28509714658
186031.36509723606
186060.56009726325
186096.0550972963
186192.1350973858
186221.335097413
186256.82509744604
186352.91009753552
186382.10509756271
186417.60009759577
186513.68009768525
186542.87509771244
186578.3700977455
186674.45009783498
186703.65009786218
186739.14009789523
186835.22509798472
186864.4200980119
186899.91509804496
186995.99509813444
187025.19009816163
187060.6850981947
187156.76509828417
187185.96509831137
187221.45509834442
187317.5400984339
187346.7350984611
187382.23009849415
187478.31009858364
187507.50509861083
187543.00009864388
187639.08009873336
187668.28009876056
187703.7700987936
187799.8550988831
187829.0500989103
187864.54509894334
187960.62509903283
187989.82009906002
188025.31509909307
188121.39509918255
188150.59509920975
188186.0850992428
188282.1700993323
188311.36509935948
188346.86009939254
188442.94009948202
188472.1350995092
188507.63009954226
188603.71009963175
188632.91009965894
188668.400099692
188764.48509978148
188793.68009980867
188829.17509984173
188925.2550999312
188954.4500999584
188989.94509999146
189086.02510008094
189115.22510010813
189150.71510014118
189246.80010023067
189275.99510025786
189311.49010029092
189407.5701003804
189436.7651004076
189472.26010044065
189568.34510053013
189597.54010055732
189633.03010059037
189729.11510067986
189758.31010070705
189793.8051007401
189889.8851008296
189919.08010085678
189954.57510088984
190050.66010097932
190079.8551010065
190115.34510103957
190211.43010112905
190240.62510115624
190276.1201011893
190372.20010127878
190401.39510130597
190436.89010133903
190532.9751014285
190562.1701014557
190597.66010148876
190693.74510157824
190722.94010160543
190758.4351016385
190854.51510172797
190883.71010175516
190919.20510178822
191015.2901018777
191044.4851019049
191079.97510193795
191176.06010202743
191205.25510205462
191240.75010208768
191336.83010217716
191366.02510220435
191401.5201022374
191497.6051023269
191526.8001023541
191562.29010238714
191658.37510247662
191687.5701025038
191723.06510253687
191819.14510262635
191848.34010265354
191883.8351026866
191979.9201027761
192009.11510280328
192044.60510283633
192140.69010292582
192169.885102953
192205.38010298606
192301.46010307554
192330.66010310274
192366.1501031358
192462.23510322528
192491.43010325247
192526.92510328552
192623.005103375
192652.2001034022
192687.69510343525
192783.77510352473
192812.97510355193
192848.46510358498
192944.55010367447
192973.74510370166
193009.24010373472
193105.3201038242
193134.5151038514
193170.01010388444
193266.09010397393
193295.29010400112
193330.78010403417
193426.86510412366
193456.06010415085
193491.5551041839
193587.6351042734
193616.83010430058
193652.32510433363
193748.40510442312
193777.6051044503
193813.09510448336
193909.18010457285
193938.37510460004
193973.8701046331
194069.95010472258
194099.14510474977
194134.64010478283
194230.7201048723
194259.9201048995
194295.41010493255
194391.49510502204
194420.69010504923
194456.1851050823
194552.26510517177
194581.46010519896
194616.95510523202
194713.0351053215
194742.2351053487
194777.72510538175
194873.81010547123
194903.00510549842
194938.50010553148
195034.58010562096
195063.77510564815
195099.2701056812
195195.3501057707
195224.55010579788
195260.04010583094
195356.12510592042
195385.3201059476
195420.81510598067
195516.89510607015
195546.09010609734
195581.5851061304
195677.66510621988
195706.86510624707
195742.35510628013
195838.4401063696
195867.6351063968
195903.13010642986
195999.21010651934
196028.40510654653
196063.9001065796
196159.98010666907
196189.18010669627
196224.67010672932
196320.7551068188
196349.950106846
196385.44510687905
196481.52510696853
196510.72010699572
196546.21510702878
196642.30010711827
196671.49510714546
196706.9851071785
196803.070107268
196832.26510729518
196867.76010732824
196963.84010741772
196993.0351074449
197028.53010747797
197124.61510756746
197153.81010759465
197189.3001076277
197285.3851077172
197314.58010774438
197350.07510777743
197446.1551078669
197475.3501078941
197510.84510792716
197606.93010801665
197636.12510804384
197671.6151080769
197767.70010816638
197796.89510819357
197832.39010822662
197928.4701083161
197957.6651083433
197993.16010837635
198089.24510846584
198118.44010849303
198153.93010852608
198250.01510861557
198279.21010864276
198314.70510867581
198410.7851087653
198439.9801087925
198475.47510882554
198571.56010891503
198600.75510894222
198636.24510897527
198732.33010906476
198761.52510909195
198797.020109125
198893.1001092145
198922.29510924168
198957.79010927473
199053.87510936422
199083.0701093914
199118.56010942446
199214.64510951395
199243.84010954114
199279.3351095742
199375.41510966368
199404.61510969087
199440.10510972393
199536.1901098134
199565.3851098406
199600.88010987366
199696.96010996314
199726.15510999033
199761.6501100234
199857.73011011287
199886.93011014006
199922.42011017312
