196.51499999989377
228.22999999986493
248.0399999998469
538.234999999583
711.8399999994251
755.2599999993856
877.0799999992748
933.6999999992233
1001.8149999991614
1258.6250000042626
1393.2000000072
1506.1550000096656
1610.0700000119339
1702.4650000139507
1718.3050000142964
1823.9600000166026
1850.3050000171777
2066.970000021907
2096.1950000225447
2108.0550000228036
2187.785000024544
2338.8450000278413
2503.7000000314397
2521.5600000318295
2562.4250000327215
2574.8850000329935
2612.060000033805
2669.290000035054
2716.5800000360864
2733.4850000364554
2752.9500000368803
2890.8500000398903
3335.4150000495943
3356.895000050063
3474.665000052634
3494.9550000530767
3605.6750000554935
3622.650000055864
3635.6450000561476
3847.6100000607744
3873.4650000613387
3898.535000061886
3953.8900000630942
4209.005000068662
4440.185000073709
4452.61000007398
4465.420000074259
4572.340000076593
4640.490000078081
4667.150000078663
4715.080000079709
5025.055000086475
5335.545000093252
5398.435000094625
5452.400000095803
5491.900000096665
5510.6000000970735
5523.320000097351
5587.450000098751
5648.535000100084
5724.165000101735
5869.655000104911
6120.585000110388
6370.4200001158415
6430.110000117144
6581.310000120445
6596.980000120787
6822.600000125712
6848.2950001262725
6863.810000126611
6881.6450001270005
6902.210000127449
6969.820000128925
7025.585000130142
7079.9700001313295
7169.77000013329
7396.155000138231
7482.70500014012
7655.835000143899
7761.770000146212
7786.850000146759
7828.070000147659
7975.65000015088
8154.845000154792
8175.810000155249
8192.340000155547
8209.770000152757
8308.700000136922
8369.925000127121
8454.685000113554
8485.080000108688
8524.840000102324
8549.630000098356
8597.77000009065
8675.065000078277
8697.690000074655
8713.460000072131
9138.075000004163
9159.420000000746
9425.844999958099
9700.84499991408
9756.669999905143
9774.344999902314
10091.299999851579
10304.914999817385
10697.479999754547
10886.19499972434
11020.049999702913
11058.934999696688
11072.85999969446
11097.52999969051
11203.729999673511
11272.39499966252
11289.31999965981
11341.089999651524
11369.84499964692
11384.144999644632
11523.744999622286
11548.614999618305
11566.369999615463
11667.179999599326
11921.124999558677
11949.889999554072
11968.924999551025
11997.309999546482
12023.05999954236
12406.229999481026
12449.539999474093
12473.199999470306
12584.829999452437
13073.004999374294
13157.999999360689
13173.024999358284
13184.839999356393
13209.119999352506
13274.924999341973
13383.929999324524
13480.459999309072
13494.624999306805
13629.144999285272
13644.374999282834
13678.379999277391
13964.334999231618
13995.924999226561
14121.659999206435
14206.394999192871
14411.514999160037
14502.094999145538
14541.099999139295
14832.144999092707
14930.634999076941
15045.014999058632
15128.289999045302
15163.699999039634
15176.77999903754
15192.299999035056
15207.934999032554
15228.32499902929
15453.524998993242
15574.369998973898
15586.389998971974
15614.049998967546
15863.554998927608
15914.044998919526
15944.239998914692
15979.914998908982
16140.394998883294
16243.344998866814
16256.92499886464
16278.679998861158
16719.584998912665
16781.629998925306
16800.40999892913
16896.30999894867
16928.8649989553
16945.094998958608
17195.77999900968
17258.484999022454
17288.829999028636
17358.769999042885
17488.08999906923
17612.55999909459
17643.814999100956
17655.584999103354
17677.54999910783
17735.909999119718
17761.894999125012
17807.664999134337
17858.664999144727
18161.49499920642
18226.6799992197
18239.704999222355
18255.72999922562
18388.874999252745
18511.044999277634
18545.149999284582
18559.37999928748
18678.41499931173
18855.619999347833
18890.189999354876
19057.73499938901
19281.80999943466
19366.494999451912
19389.029999456503
19477.589999474545
19600.049999499493
19695.45999951893
19711.369999522172
19784.6449995371
19928.15999956634
19986.43499957821
20089.15999959914
20154.579999612466
20313.899999644924
20328.639999647927
20345.79499965142
20362.854999654897
20486.51999968009
20554.2999996939
20670.699999717614
20692.269999722008
20711.404999725906
20732.264999730156
20751.064999733986
20912.514999766878
20941.359999772754
20980.79999978079
21160.45999981739
21364.16499985889
21386.014999863342
21402.859999866774
21421.119999870494
21489.499999884425
21507.064999888004
21539.854999894684
21803.704999948437
21844.674999956784
21881.684999964324
21902.86499996864
22038.40499999625
22066.145000001903
22088.7150000065
22262.91500004199
22294.560000048437
22967.275000185487
22999.035000191958
23523.495000298804
23744.60000034385
23792.105000353527
23838.625000363005
23963.18000038838
24064.20500040896
24416.410000480715
24438.81000048528
24451.650000487894
24473.050000492254
24567.17500051143
24598.895000517892
25036.695000607084
25166.585000633546
25283.350000657334
25304.370000661616
25331.97500066724
25523.10500070618
25557.780000713243
25580.380000717847
25605.250000722914
25623.565000726645
25643.650000730737
25698.970000742007
25750.61500075253
25990.95000080149
26163.160000836575
26176.750000839344
26409.11000088668
26639.870000933694
26858.63000097826
27049.82000101721
27426.60000109397
27540.43000111716
27600.10500112932
27613.300001132007
27650.845001139656
27716.235001152978
27855.46000118134
27985.490001207832
28141.005001239515
28175.310001246504
28273.480001266504
28310.840001274115
28326.365001277278
28342.795001280625
28356.980001283515
28421.480001296655
28639.59500134109
28754.095001364418
28773.69500136841
28957.650001405887
28985.955001411654
29070.145001428806
29130.555001441113
29147.745001444615
29328.485001481436
29344.61000148472
29386.740001493305
29608.33500153845
29623.720001541584
29646.935001546313
29662.88000154956
29808.94500157932
29976.58000161347
30001.12000161847
30015.680001621437
30030.780001624513
30169.320001652737
30250.365001669248
30537.13000172767
30814.17500178411
30844.295001790248
30895.025001800583
30936.97500180913
30960.97500181402
30988.43000181961
31003.160001822613
31019.910001826025
31114.635001845323
31142.880001851077
31338.325001890895
31386.430001900695
31704.500001965494
31791.50500198322
31814.845001987975
31897.82000200488
31947.080002014914
32369.68500210101
32382.570002103635
32413.3150021099
32783.48500217404
32800.965002164885
32818.73000215558
32834.7200021472
32907.8350021089
32933.05500209569
32948.17000208777
33054.520002032055
33133.04500199092
33271.710001918276
33517.520001789504
33565.38500176443
33577.360001758156
33691.39000169842
33728.905001678766
33919.32000157901
33982.55500154589
34061.03500150477
34087.85500149072
34338.18500135958
34473.13000128889
34631.1600012061
34687.8550011764
34768.75000113402
34797.53000111895
34853.46000108965
35224.110000895475
35250.470000881665
35409.385000798415
35531.16000073462
35547.280000726176
35770.3850006093
36068.81000045296
36078.675000447794
36106.180000433385
36192.87000038797
36305.13500032916
36350.210000305546
36364.63000029799
36516.79500021828
36547.6800002021
36583.73500018321
36714.540000114685
36830.74500005381
36893.570000020896
37289.794999813326
37337.444999788364
37354.334999779516
37446.86999973104
37546.904999678634
37610.04499964556
37899.374999493986
37916.60499948496
37935.78499947491
38027.244999427
38061.73999940893
38307.39499928024
38401.81499923077
38424.6749992188
38721.184999063466
38755.57999904545
38794.504999025055
38818.74499901236
38840.19499900112
39170.4649988281
39312.58999875365
39422.76999869593
39442.41999868563
39580.75499861316
39626.17999858937
39677.14499856267
39696.3699985526
39773.38499851225
39809.61499849327
40016.30499838499
40036.69499837431
40067.41499835822
40105.57499833823
40145.894998317104
40255.49499825969
40414.03999817663
40436.82999816469
40498.86999813219
40605.80999807617
40673.7049980406
40782.58499798356
40795.809997976634
40820.79999796354
40853.16499794659
40972.84499788389
41034.06499785182
41049.09999784394
41239.524997744185
41260.56999773316
41583.58999756394
41673.85499751665
41709.49499749798
41841.51999742882
41854.76999742188
41979.59999735648
42199.94499724105
42223.149997228895
42252.61499721346
42316.6799971799
42571.57999704636
42585.13499703926
42891.484996878775
42904.26999687208
42922.77999686238
42948.824996848736
43006.78499681837
43073.49999678342
43088.804996775405
43108.59499676504
43274.12999667832
43289.024996670516
43680.65499646535
43705.91499645212
43729.06999643999
43795.15499640537
43820.02499639234
43919.07999634045
43937.4999963308
44222.46999618151
44263.429996160055
44346.734996116415
44432.4749960715
44489.19999604178
44530.52999602013
44545.619996012225
44563.7999960027
44598.10999598473
44623.789995971274
44999.264995774574
45016.464995765564
45046.3599957499
45065.43999573991
45096.214995723785
45119.12499571178
45144.00999569875
45157.10499569189
45467.28999552939
45507.03499550857
45555.2699954833
45673.94999542113
45719.4299953973
45783.27999536385
45794.8299953578
45814.07999534772
45844.819995331614
45857.969995324725
45880.989995312666
45974.85499526349
46203.47999514372
46220.654995134726
46316.484995084524
46345.48999506933
46364.14999505955
46438.71999502049
46503.68999498645
46534.38499497037
46547.90499496329
46904.794994776326
46998.849994727054
47076.96499468613
47375.01999452999
47392.569994520796
47649.04499438644
47664.74499437821
47809.4649943024
47833.64499428973
47853.41999427937
48310.65499403984
48367.67499400997
48423.19999398088
48440.24999397195
48455.24999396409
48489.9699939459
48503.919993938594
48521.539993929364
48670.029993851575
48845.04499375989
49184.21999358221
49421.96999345766
49439.0599934487
49483.68999342532
49939.80499318638
50246.59499302566
50263.80999301664
50283.389993006385
50299.539992997925
50319.239992987605
50355.204992968764
50891.51499268781
50913.07999267651
51373.454992435334
51530.31999235316
51556.78999233929
51582.02499232607
51690.75999226911
51715.009992256404
51883.389992168195
52340.00499192899
52375.79499191024
52585.799991800224
52667.384991757484
52736.864991721086
52900.38499163542
53027.29499156894
53134.829991512604
53151.66999150378
53251.67499145139
53437.27999135416
53587.79999127531
53605.19999126619
53624.094991256294
53641.71999124706
53663.4099912357
53691.569991220946
54016.10999105093
54033.279991041934
54211.15499094875
54230.68499093852
54244.34999093136
54266.43999091979
54437.41499083022
54641.1299907235
54844.17999061713
54865.16999060613
54927.70999057337
54973.48999054939
54988.309990541624
55099.12999048357
55259.35999039963
55446.229990301734
55688.3449901749
55816.46499010778
55879.85999007457
55904.06499006189
55999.52999001188
56113.86998995198
56206.189989903614
56229.10998989161
56248.10498988166
56312.86998984773
56450.79498977547
56525.3749897364
56749.44498961902
57303.32498932886
57623.889989160925
57705.08498911839
57955.62498898714
57974.10498897746
58189.3449888647
58306.829988803154
58560.154988670445
58601.464988648804
58726.64998858322
58756.484988567594
58828.18998853003
59044.26998841683
59083.25498839641
59182.354988344494
59195.49498833761
59412.83998822375
59461.66498819817
59510.06498817282
59524.12998816545
59561.84998814569
59811.76998801476
59826.769988006905
59847.154987996226
59869.49498798452
59922.4099879568
60048.26998789087
60268.73498777537
60318.45498774933
60402.05498770553
60531.7299876376
60666.274987567114
60680.58498755962
60694.389987552386
60708.77998754485
60751.14498752265
60763.759987516045
60796.299987499
61071.92498735461
61194.90998729018
61438.07498716279
61508.504987125896
61587.38998708457
61722.77498701365
61745.244987001875
61763.074986992535
61827.06498695901
62063.37498683522
62085.46998682364
62102.27498681484
62320.22998670066
62763.934986468215
62782.56998645845
62799.88498644938
62814.654986441645
63150.75498626557
63173.9899862534
63220.499986229035
63239.82998621891
63251.64998621272
63336.6249861682
63348.30498616208
63388.249986141156
63416.51498612635
63466.33498610025
63499.14498608306
63574.26498604371
63703.47498597602
63785.7899859329
63930.484985857096
63982.009985830104
64075.9349857809
64089.04498577403
64141.589985746505
64161.2549857362
64181.524985725584
64200.22498571579
64359.12998563254
64451.11998558435
64523.11998554663
64700.11498545391
64767.49998541861
64790.26998540668
64877.52498536097
65072.51498525882
65151.33498521753
65215.24998518405
65366.81498510465
65388.11498509349
65691.22998516058
65778.64498524199
65801.7399852635
65829.7649852896
65868.87498532602
65883.15998533933
65905.96498536057
66000.56998544867
66065.36998550902
66145.45998558361
66158.4349855957
66323.99998574989
66343.64498576819
66397.68998581852
66628.40498603339
66680.21498608164
66736.97998613451
66758.04998615413
66860.72498624976
66907.63498629344
67067.58498644241
67205.4399865708
67226.18498659012
67247.70498661016
67341.85498669784
67384.03998673713
67570.6199869109
67591.4499869303
67743.609987072
67809.76498713362
67828.58498715115
67860.17498718057
67875.58998719492
67894.74498721276
68027.20498733612
68092.62998739706
68150.6549874511
68163.99998746353
68179.98998747842
68290.64498758147
68318.40998760733
68401.33998768457
68821.88998807623
68853.859988106
68882.03998813225
68948.14998819382
69449.93998866115
69465.75998867588
69747.81998893857
69859.6249890427
70043.90498921432
70097.98498926469
70128.53998929315
70147.09498931043
70183.38998934423
70206.06998936535
70226.08498938399
70244.08998940076
70270.77498942561
70325.33998947643
70342.22498949216
70394.58498954092
70435.76998957928
70462.97998960462
70629.93998976011
70714.84498983918
70774.6649898949
70795.57498991437
70818.4849899357
70852.57998996746
70904.81499001611
70923.43999003345
71043.38999014517
71211.82999030204
71298.01999038231
71355.8899904362
71409.52999048616
71543.54999061098
71665.81499072484
71685.53999074321
71704.28499076067
71863.9749909094
71887.09999093093
71909.66999095195
71944.87999098474
71975.70999101346
72075.73999110662
72110.44499113894
72193.0799912159
72369.26999137999
72566.3149915635
72592.60999158799
72607.0099916014
72650.9299916423
72712.64999169979
72752.15999173658
72954.88999192539
72971.7549919411
73209.3749921624
73273.5899922222
73294.9549922421
73497.00999243028
73685.05999260541
73813.53999272507
73837.52999274741
73944.95499284746
73976.25499287661
74019.03499291645
74038.25999293436
74057.19499295199
74417.82999328786
74453.53999332112
74467.10499333375
74497.15499336174
74546.7199934079
74561.17999342136
74625.90999348165
74642.13999349676
74791.4299936358
74853.09999369323
75092.68499391637
75136.18999395688
75148.56999396841
75182.68999400019
75211.65999402717
75578.71999436902
75843.10999461525
75870.8549946411
75919.20999468613
75941.35999470676
76519.1799952449
76576.80499529856
76592.71999531338
76623.69499534223
76664.47999538021
76696.62499541015
76977.70499567193
77005.41999569774
77020.86499571212
77051.0149957402
77152.74499583495
77165.12499584648
77186.80499586667
77206.40499588492
77231.10499590792
77248.4699959241
77264.73499593924
77321.46499599208
77346.35499601526
77411.41999607586
77427.45499609079
77490.73999614973
77504.09499616217
77517.31999617448
77529.02499618538
77557.2749962117
77585.3099962378
77608.20499625913
78035.26499665686
78086.83999670489
78357.80499695725
78485.80499707646
78497.09999708697
78514.7299971034
78554.8899971408
78571.70499715646
78596.42499717948
78722.88999729726
78737.41499731079
78761.81999733351
78782.58999735286
78815.9199973839
78842.35499740852
79028.64499758201
79059.8799976111
79086.81499763619
79124.59999767138
79224.83499776473
79238.35999777733
79249.33499778755
79340.09499787207
79542.90499806096
79726.29999823176
79769.30999827181
79786.29499828763
79829.97999832832
80168.52999864361
80231.39999870217
80656.34999909793
80670.33999911096
80698.54999913723
80751.10999918618
80862.00499928946
81118.93499952875
81244.22999964544
81270.62499967002
81360.12999975338
81375.78999976796
81394.46499978536
81436.61499982461
81693.39000006375
81716.65000008541
81743.97000011086
81852.39500021184
81932.25500028621
82324.5850006516
82353.86500067887
82555.41500086657
82572.70000088267
82678.13000098086
82689.7700009917
82710.10500101064
82770.67500106705
82913.31000119989
82937.055001222
82974.50500125688
83135.85500140715
83348.89000160556
83494.66500174132
84077.59500228422
84323.67000251339
84343.58500253194
84370.50500255701
84626.20000279514
84667.2700028334
84714.64000287751
84783.73500294186
84800.49500295747
84862.82500301552
84935.1700030829
85071.59000320995
85176.00500330719
85187.52500331792
85217.00500334537
85503.07000361179
85743.72500383592
85894.07500397594
85954.96500403265
85973.17500404961
86457.58000450075
86542.66000457999
86584.37000461883
86746.2600047696
86876.36500489077
86940.80000495078
87200.72000519285
87330.30500531354
87368.9250053495
87646.8100056083
87671.85500563163
87811.71500576189
87866.02000581246
87948.28000588907
87966.3500059059
88171.1050060966
88199.0350061226
88232.44500615372
88429.01500633679
88530.80500643159
88828.7850067091
88872.14000674948
88896.57000677224
89107.9450069691
89218.64500707219
89233.99000708648
89261.55000711215
89535.78000736755
89948.75500775216
90031.255007829
90080.68000787502
90296.63000807614
90393.23500816611
90416.35000818764
90575.06500833546
90589.610008349
90761.16000850877
90889.84000862861
90932.61000866845
91139.0400088607
91154.8250088754
91174.66000889387
91458.54000915826
91524.13500921935
91678.7000093633
91697.77500938106
91784.24500946159
91815.48000949068
91827.5300095019
91838.9050095125
91904.28000957338
92010.30000967212
92101.88000975741
92214.38500986219
92243.35500988917
92263.59500990802
92353.5450099918
92365.93501000333
92451.06001008261
92579.16001020191
92751.79001036269
92786.2700103948
92796.19001040404
92931.8700105304
93115.41001070134
93228.80501080694
93454.10001101677
93641.65001119144
93917.82501144864
94009.92501153442
94025.33501154877
94058.16001157934
94174.03501168726
94323.21501182619
94406.81001190405
94431.80001192732
94548.85501203634
94625.86501210806
94642.58001212362
94662.86501214252
94699.19501217635
94987.85501244519
95045.8550124992
95060.22001251258
95245.2450126849
95395.62501282495
95416.76001284464
95469.6600128939
95640.30001305282
95743.23001314868
95875.63001327199
95892.05501328729
95946.68001333816
95957.91001334862
95997.24501338525
96031.62001341727
96325.71001369116
96360.40001372347
96391.94001375284
96433.75001379178
96900.75001422671
97090.65001440357
97105.46001441736
97448.90001473721
97567.88001484802
97705.84501497651
97818.31501508126
98156.76001539646
98341.36501556839
98356.18001558218
98453.28001567262
98471.95001569
98503.6150157195
98610.69001581921
99018.01001619856
99040.95001621993
99396.28001655085
99447.84501659888
99496.35501664405
99546.41501669068
99836.65001696098
100403.02001748845
100466.46501754754
100603.14001767483
100680.08501774649
100748.63001781033
100793.31501785194
100812.10001786944
100943.93501799222
100977.67501802364
101003.22001804743
101345.275018366
101431.16001844598
101524.60501853301
101565.04501857067
101687.28001868451
101703.82001869992
101850.44501883647
101982.9800189599
102069.70001904067
102155.47001912055
102169.75001913385
102207.490019169
102326.52001927985
102345.60501929763
102375.29001932527
102656.24001958693
102674.48001960391
102730.67001965625
102879.8700197952
102904.00001981767
103028.42501993355
103088.65001998964
103157.55502005381
103261.11502015026
103286.58002017398
103358.57502024103
103376.85002025805
103388.2850202687
103498.05502037093
103610.6550204758
103626.3350204904
103741.3300205975
103922.64502076636
104080.12502091302
104103.05502093438
104204.18502102856
104247.58502106898
104304.28002112178
104320.89502113726
104659.11502145225
104810.19002159295
104832.64502161386
104890.40002166765
105011.09502178006
105196.12002195237
105493.74002222955
105736.39002245554
105752.44502247049
106124.71002281719
106354.10002303083
106529.70002319437
106684.0350233381
106742.99002339301
106765.54502341402
106807.91002345347
106824.28502346872
106863.06002350483
106884.49002352479
106906.02502354485
106930.72502356785
106965.50002360024
107187.12002380664
107200.91002381948
107260.24502387474
107278.00502389128
107292.0900239044
107354.74502396275
107424.68502402789
107446.58002404828
107474.27502407407
107533.26502412901
107552.39502414683
107596.63002418802
107686.22502427147
107715.71502429893
107734.2550243162
107782.86502436147
108031.475024593
108328.63002486975
108346.32502488623
108406.8450249426
108561.26502508641
108595.67502511846
108619.96002514107
108633.74502515391
108883.56002538657
108896.41002539854
108924.77002542495
109069.96502556017
109123.55002561008
109161.49002564541
109190.74002567265
109259.91502573708
109276.64002575265
109850.53502628714
110029.02002645336
110079.62002650049
110105.74002652481
110442.16002683813
110459.22002685402
110497.60002688976
110519.61502691027
110637.06502701965
110810.36002718104
111095.36502744647
111118.38002746791
111379.24002771085
111404.61502773449
111423.7450277523
111448.03002777492
111492.58502781641
111577.43502789544
111594.85502791166
111626.70502794132
111653.70502796647
111716.21002802468
111877.10502817453
111963.04502825456
112092.00502837467
112179.5550284562
112424.66002868448
112454.61002871237
112480.4100287364
112505.18002875947
112564.55002881476
112615.48002886219
112633.33002887882
112754.49502899166
112771.62502900761
112915.88502914197
112968.12002919061
113044.85002926207
113075.72002929082
113093.98002930783
113144.22502935462
113157.60502936709
113171.31502937985
113209.1600294151
113626.86502980412
113661.98002983682
113681.9250298554
113700.2900298725
113731.93502990197
113979.44503013248
114100.54003024526
114123.4500302666
114241.51003037655
114262.45003039605
114286.61003041855
114522.47003063821
114563.89003067679
114689.17503079347
114709.89003081276
114752.71503085265
114884.48503097537
114907.99503099726
114922.9550310112
115024.66003110592
115054.94003113412
115183.19503125356
115215.09503128327
115232.3000312993
115454.7800315065
115796.76003182499
115813.43003184051
115942.53003196075
115962.91503197973
115992.88003200764
116155.9350321595
116192.89503219392
116499.24003247923
116522.5100325009
116806.56003276544
116881.87503283558
116949.45003289852
117007.3000329524
117032.0000329754
117263.47003319097
117461.35503337526
117511.90503342234
118149.79003401642
118308.29003416403
118357.66503421002
118508.17503435019
118892.02503470768
118917.29503473121
118976.31003478618
119221.33003501437
119449.16503522656
119812.49003556493
119868.24003561685
119887.13003563444
120013.43503575207
120124.21503585525
120190.79003591725
120304.91503602354
120409.83503612125
120511.96503621637
120684.1150363767
120712.18503640284
120973.8250366465
121070.90003673692
121103.83003676758
121176.04503683484
121492.2200371293
121539.6850371735
121658.84003728448
121709.02503733122
122002.86003760487
122019.16503762006
122055.62003765401
122191.99003778101
122477.32503804675
122515.89503808267
122613.7450381738
122705.56503825932
122722.11003827472
122740.50003829185
122763.12003831292
122776.03003832494
122809.34003835596
122827.2000383726
122843.07503838738
122881.02003842272
122896.86003843747
122953.25503849
122972.76003850816
123275.36503878998
123363.28503887187
123446.24503894913
123752.89003923471
123802.6900392811
123845.56003932102
123883.79503935663
124031.295039494
124135.80503959133
124226.5050396758
124246.050039694
124263.64003971039
124280.28003972588
124296.53003974102
124376.78003981576
124389.02503982716
124416.86503985309
124573.9700399994
124660.63004008011
124893.04004029656
124913.29004031542
124932.85504033364
124948.26004034799
124990.29504038714
125052.65004044521
125070.10504046147
125091.52004048141
125334.52004070772
125687.79004103673
125783.47004112584
125936.120041268
125980.04504130891
126002.87504133018
126033.11504135834
126050.83004137484
126194.76504150889
126439.04004173639
126484.63504177885
126495.7450417892
126511.635041804
126529.45004182059
126684.03004196455
126755.99504203157
126912.28004217712
127091.44504234398
127103.9150423556
127306.76504254452
127328.60004256485
127377.97004261083
127427.34004265681
127556.86004277744
127596.05504281394
128021.12504320982
128124.74504330632
128138.09504331875
128150.12004332995
128173.76504335197
128493.82504365005
128556.30004370824
128716.30004385725
128740.39004387968
129245.02004434966
129405.70504449931
129424.79004451708
129770.15004483872
129839.13504490297
129862.05504492432
129988.32504504191
130266.07504530059
130344.49504537362
130458.48004547978
130536.87504555279
130710.30504571431
130722.45004572562
130787.77504578646
130811.43004580849
130931.45004592027
130959.075045946
131007.92004599149
131053.17504603363
131087.0550460652
131199.13504616957
131234.35004620237
131250.35504621727
131279.40004624432
131493.93004644412
131654.60504659376
131762.7650466945
131846.90504677285
131871.46004679572
132140.60504704638
132169.6100470734
132188.43504709093
132227.180047127
132323.08004721632
132432.00504731777
132497.39504737867
132560.80504743772
132584.74504746002
132715.6100475819
132728.9250475943
132803.05504766334
132817.86004767712
132951.00004780112
133004.96004785137
133063.77004790615
133088.02004792873
133395.97004821553
133463.22504827817
133719.18504851655
134074.8650488478
134096.85504886828
134146.24504891428
134385.4900491371
134405.4650491557
134468.26004921418
135207.93004990305
135477.2650501539
135852.18005050306
135899.66005054727
136229.99005085492
136361.88005097775
136485.640051093
136528.9150511333
136558.17505116056
136584.80005118536
136668.45505126327
136690.32005128363
136701.28505129385
136717.81505130924
136730.0200513206
136749.21505133848
136764.4750513527
136780.53005136765
136873.8800514546
136893.46005147282
136917.42005149514
136935.29505151178
136979.60005155305
137028.6250515987
137148.9900517108
137172.87005173304
137202.3400517605
137259.1650518134
137640.58505216864
137708.03505223145
137739.8550522611
137753.24505227356
137773.6950522926
137799.37505231652
137817.96505233384
137868.16005238058
137959.52005246567
138403.1150528788
138442.2950529153
138457.91505292983
138677.18005313404
138750.7950532026
138767.71505321836
138821.00005326798
138891.29005333345
139078.8350535081
139099.25005352712
139254.25005367148
139298.01505371224
139342.3300537535
139364.4300537741
139419.67005382554
139433.62005383853
139445.77005384985
139543.90505394124
139586.54005398095
139782.38005416334
139911.2900542834
139922.58505429392
139976.28505434393
140076.5300544373
140096.13505445555
140126.85005448415
140164.1500545189
140192.33005454513
140328.3450546718
140472.6600548062
140486.24005481886
140525.63005485554
140542.9900548717
140561.18005488865
140666.73505498696
140934.4750552363
141114.17005540367
141158.1350554446
141399.23005566915
141439.39505570655
141496.18005575944
141515.11505577707
141581.99005583936
141602.39505585836
141618.58005587343
141780.18005602394
141813.7500560552
141964.67005619576
141987.490056217
142218.05505643174
142236.9000564493
142343.8550565489
142365.83505656937
142390.120056592
142424.04505662358
142441.10005663947
142543.29505673464
142556.58505674702
142798.5850569724
142889.0100570566
143008.7100571681
143061.1250572169
143092.88005724648
143129.58005728066
143182.07505732955
143207.59505735332
143228.64505737292
143314.04505745246
143410.97505754273
143487.9150576144
143575.24005769572
143703.99005781562
143797.56505790277
143853.5450579549
143959.34505805344
144124.9900582077
144143.3350582248
144890.40505892056
144948.7600589749
144985.46005900908
145170.5900591815
145196.01505920518
145437.67505943024
145672.48005964892
146119.9000600656
146149.7500600934
146175.37006011727
146209.2100601488
146528.1150604458
146595.74506050878
146620.1300605315
146648.98506055836
146679.9350605872
146798.11506069725
146817.72506071551
147102.9950609812
147123.2900610001
147290.20006115554
147317.19006118068
147468.70006132178
147485.34006133728
147506.87006135733
147918.45506174065
147934.1800617553
148552.71006233135
148566.87006234453
148642.13006241462
148964.57506271492
149028.48506277445
149162.07006289886
149199.41506293364
149318.72506304475
149532.8650632442
149545.89006325632
149561.4500632708
149904.6000635904
149927.3800636116
149966.97506364848
150068.98006374348
150255.7150639174
150320.62506397784
150393.34506404557
150413.44006406429
150509.0300641533
150709.86506434035
150731.95006436092
150752.81006438035
150842.18006446358
150862.33006448235
150892.42506451037
150943.07006455754
150966.2250645791
151019.62506462884
151038.52506464644
151071.72006467736
151226.01506482105
151497.91006507428
151792.63006534876
151821.62006537576
151841.4400653942
151857.04506540875
151872.6600654233
151939.4600654855
151986.9200655297
152008.54506554984
152080.29506561666
152180.75006571022
152256.71506578097
152314.0850658344
152479.06506598805
152493.37006600137
152509.2950660162
152770.67506625963
152875.4350663572
153301.89006675436
153480.75506692094
153571.2100670052
153764.03006718477
153798.26506721665
153862.38006727636
154317.8050677005
154535.21006790298
154550.255067917
154571.89506793715
154591.8250679557
155005.9600683414
155019.14006835368
155037.4150683707
155055.26506838732
155138.80006846512
155173.43006849737
155288.0200686041
155321.16006863496
155551.18006884918
155566.28506886325
155610.1550689041
155741.8050690267
155762.7450690462
155871.95506914792
156286.36006953387
156361.60006960394
156582.50006980967
156706.6450699253
156864.62007007241
156882.79507008934
157142.8050703315
157280.0500704593
157372.66007054556
157657.37007081072
157833.27507097455
157872.26007101085
157888.57507102605
157907.5200710437
158068.97007119405
158277.59507138835
158462.6650715607
158523.5250716174
158556.8250716484
158575.97007166623
158718.57507179904
158969.85507203307
158984.95007204713
159000.41007206152
159124.53007217712
159185.590072234
159226.56007227214
159240.6850722853
159285.84507232736
159445.63507247617
159461.73507249117
159554.30007257737
159628.0950726461
159700.08007271314
159746.07507275598
159864.83007286658
159884.610072885
160208.53007318667
160337.01007330633
160520.32007347705
160538.9500734944
160605.6250735565
160675.0900736212
160743.10507368454
160758.99507369933
160776.97007371607
161095.98007401318
161460.99507435312
161494.76007438457
161508.81507439766
161560.9500744462
161594.9800744779
161630.48507451097
161700.15007457585
161715.34507459
161843.6550747095
161859.47507472424
161943.64007480262
162266.165075103
162282.03507511778
162465.0250752882
162489.515075311
162644.38507545524
162710.46507551678
162851.50007564813
162912.11507570458
162928.58007571992
163012.04507579765
163027.31007581187
163041.36507582496
163053.9800758367
163073.37507585477
163111.22507589002
163253.2550760223
163331.24507609493
163878.95007660502
163980.88507669995
164022.5850767388
164117.7350768274
164127.68007683667
164139.69507684786
164157.76507686469
164184.98507689004
164338.69007703318
164361.21507705416
164509.79007719253
164524.50507720624
164735.39507740265
164877.78007753525
165127.75507776806
165234.87007786782
165790.80507838557
165935.93507852074
166002.18007858243
166018.74007859785
166166.79007873574
166225.10507879005
166254.42507881735
166267.83507882984
166370.25507892523
166527.38507907157
166666.0300792007
166958.82507947338
166973.5600794871
167040.42007954937
167051.9500795601
167082.69507958874
167101.57507960632
167128.89007963176
167243.45007973845
167268.8350797621
167432.57007991459
167643.2600801108
167899.06508034904
167998.52508044167
168367.170080785
168506.5500809148
168552.940080958
168644.6250810434
168752.5400811439
169074.82008144405
169198.7950815595
169281.5750816366
169293.5950816478
169321.2950816736
169334.5200816859
169391.26508173876
169445.6350817894
169648.09508197795
169666.8200819954
169819.87008213793
169864.5050821795
169960.85508226923
169997.77508230362
170023.98008232802
170054.73008235666
170070.28508237115
170286.73508257273
170306.92008259153
170347.43508262926
170365.54508264613
170388.66508266766
170460.04508273414
170499.9450827713
170688.99508294737
170771.9300830246
170876.89008312236
170981.27508321957
170993.99008323142
171156.35508338263
171194.17008341785
171221.8350834436
171258.92008347815
171404.44508361368
171419.52008362772
171438.73508364562
171455.3500836611
171469.48508367426
171550.5050837497
171562.79008376115
171577.81008377514
171718.34008390602
171764.00008394854
171789.42008397222
171812.74508399394
171828.35508400848
171912.90508408722
172024.70008419134
172144.62508430303
172162.85508432
172209.14508436312
172224.66508437757
172235.38508438756
172246.8250843982
172267.7500844177
172428.24008456717
172451.19008458854
172928.3050850329
173046.60008514306
173076.09508517053
173110.27508520236
173144.17508523393
173188.68008527538
173293.37508537289
173366.55008544103
174075.65008610144
174097.720086122
174260.03508627316
174514.9950865106
174543.58508653723
174779.83008675725
174950.73508691642
174971.25508693553
174989.45008695248
175247.44508719275
175393.32508732862
175411.0400873451
175470.7200874007
175570.38508749352
175599.28008752043
175733.11008764507
175839.9700877446
175891.14508779225
175914.2850878138
175943.74008784123
175959.47008785588
176321.52508819307
176392.50008825917
176467.1650883287
176811.80008864967
176828.51008866524
177060.75508888153
177260.09508906718
177352.61008915334
177416.48008921283
177540.17508932803
177589.16508937365
177900.20008966333
178271.5800900092
178316.9950900515
178478.53009020194
178537.49509025685
178552.09009027045
178573.06509028998
178630.12009034312
178836.9050905357
178912.83509060642
179014.9350907015
179035.09509072028
179062.96509074623
179240.29009091138
179259.60509092937
179424.96509108337
179465.6950911213
179478.82009113353
179519.1650911711
179852.90009148192
180027.96509164496
180112.70009172388
180386.17509197857
180430.94009202026
180450.56509203854
180469.49509205617
180551.40009213245
180642.22509221704
180711.28509228135
180737.19009230548
180824.6150923869
180845.71009240655
181090.28009263432
181113.11009265558
181160.3850926996
181223.96509275882
181239.58509277337
181255.26509278797
181433.68009295414
181453.87509297294
181553.93009306613
181582.00009309227
182141.42509361327
182307.30509376776
182328.63509378763
182342.80509380082
182442.2000938934
182600.99009404128
182803.4250942298
182832.90009425726
182852.1500942752
182977.8000943922
183069.57009447768
183131.93009453575
183151.6350945541
183168.88509457017
183189.29509458918
183442.34509482485
183637.31509500643
183947.98509529576
184156.60509549006
184303.7550956271
184363.80009568302
184382.19509570015
184402.89009571943
184590.48009589413
184628.99009593
184647.9000959476
184669.3500959676
184705.6550960014
184752.40009604493
184786.66509607685
184803.4650960925
185030.48009630392
185048.96009632113
185087.08009635663
185193.80509645602
185231.01509649068
185538.86009677738
185806.5500970267
185828.2650970469
185913.02009712585
185998.4300972054
186027.91509723285
186227.42009741865
186241.9750974322
186266.440097455
186296.6150974831
186323.09009750775
186448.20009762427
186591.72009775793
186616.20509778074
186736.6400978929
186905.67509805033
187048.93509818375
187064.74509819847
187088.24509822036
187130.20509825944
187169.08509829565
187184.3900983099
187228.3200983508
187292.22509841033
187514.84009861766
187635.48509873002
187729.12009881722
187847.0950989271
187901.77509897802
187975.69509904686
187993.60509906354
188468.2700995056
188505.5350995403
188538.54009957105
188577.52009960735
188598.8350996272
188614.56009964185
188631.6800996578
188650.39009967522
188662.59009968658
188678.01009970094
188714.08509973454
188738.79509975755
188854.75009986555
188986.61009998835
189078.8851000743
189214.96510020102
189233.98010021873
189250.8101002344
189273.09510025516
189288.54010026954
189316.35010029544
189421.24010039313
189475.07010044326
189499.72510046622
189531.4751004958
189715.15010066685
189735.51510068582
189804.43010075
189905.71510084433
189969.2351009035
189985.7751009189
190040.78510097013
190113.95010103827
190186.40010110574
190205.01010112307
190296.200101208
190336.0451012451
190816.12510169222
190848.5351017224
190941.17010180868
191281.92510212603
191303.67510214628
191425.16510225943
191439.9551022732
191460.85010229266
191533.61510236043
191769.86010258045
191922.31010272243
191985.16510278097
192042.79510283464
192063.41510285385
192078.43010286783
192101.0551028889
192115.3401029022
192157.5201029415
192294.45510306902
192308.02510308166
192407.10510317393
192686.72510343435
192711.40510345733
192730.85010347544
192754.62010349758
192820.82010355924
192832.36510357
192850.00510358642
193089.59010380955
193382.84010408266
193508.85510420002
193587.59510427335
193615.92510429973
193634.21510431677
193656.13510433718
193781.43510445388
193869.54510453594
194018.84010467498
194099.12010474975
194117.98510476731
194218.60510486102
194409.90010503918
194501.31510512432
194883.09010547987
195108.20510568953
195147.4851057261
195172.76010574965
195206.415105781
195398.33010595973
195414.88510597515
195740.16010627808
195786.82510632154
195877.23510640574
195895.61510642286
196278.91510677984
196301.16010680055
196376.06510687032
196393.06510688615
196553.39510703547
196578.05010705843
196630.23510710703
196804.140107269
196957.74510741205
196991.2001074432
197046.62010749482
197061.3151075085
197083.78010752943
197160.16510760057
197242.53010767727
197421.57010784402
197567.33010797977
197581.46010799293
197657.19010806346
197739.98510814056
197785.545108183
197847.2901082405
197916.8651083053
197937.50510832452
198139.91010851302
198161.42010853306
198211.68510857987
198225.84010859305
198271.35510863544
198339.63010869903
198366.62010872416
198382.84010873927
198986.38510930137
199000.33510931436
199065.62510937516
199177.06010947895
199199.6751095
199320.51010961254
199554.2051098302
199715.62010998052
199734.77010999835
199760.73011002253
199775.87011003663
199800.88511005993
199867.57511012204
200058.3351102997
200124.30511036114
200176.42511040968
200250.82011047896
200373.43511059316
200393.665110612
200594.39511079894
200629.20011083136
200652.1301108527
200680.4501108791
200812.5251110021
200858.58011104498
200876.71511106187
201182.93511134706
201202.5301113653
201228.41511138942
201250.86511141033
201274.4551114323
201385.88011153607
201418.93511156685
201562.3401117004
201601.55511173693
201764.44511188864
201943.44511205534
202005.23011211288
202450.04011252715
202531.00511260255
202748.02511280467
202768.61511282384
203044.03511308035
203136.19511316618
203545.56511354743
203577.28011357697
203858.92511383927
204001.56511397212
204109.50511407264
204141.76011410268
204282.20511423348
204549.5951144825
204567.8251144995
204580.46011451125
204750.56011466967
204917.41011482506
205117.6051150115
205143.30511503544
205289.65511517174
205647.1501155047
205661.91011551843
205741.46011559252
205849.43511569308
206049.32011587924
206113.7151159392
206183.74511600443
206277.1401160914
206293.0301161062
206310.82011612278
206335.4401161457
206420.7851162252
206497.08011629625
206515.75011631363
206554.18511634943
206585.70011637878
206602.01011639397
206940.285116709
207020.9201167841
207125.03011688107
207190.90011694242
207208.6051169589
207229.45511697832
207324.49511706684
207557.4651172838
207705.80511742196
207783.3601174942
207860.85011756636
207933.3901176339
207969.53011766757
207993.42011768982
208007.6701177031
208203.05511788506
208219.05511789996
208247.64011792658
208340.55511801312
208457.91511812242
208690.13011833868
208706.94011835434
208719.28011836583
208863.30011849996
208895.94511853036
209034.36511865928
209220.885118833
209280.65511888865
209308.26511891437
209412.71511901164
209522.86011911422
209539.87511913007
209572.5451191605
209618.57511920336
209634.68511921837
209765.02511933976
209912.97511947755
210029.16011958575
210066.93511962093
210084.69511963747
210189.45511973504
210212.8151197568
210243.16511978506
210262.1151198027
210376.07011990884
210534.39012005628
210592.11012011004
210616.68512013293
210830.85012033238
210974.9651204666
211381.71512084542
211538.31012099126
211647.37012109283
212018.38012143836
212085.01512150042
212163.2801215733
212542.5301219265
212576.4651219581
212590.03012197075
212624.18012200255
212892.79512225272
212955.88012231147
212987.65012234106
213030.1051223806
213293.4851226259
213338.86012266815
213357.3801226854
213549.51012286433
213758.3151230588
213822.5401231186
213943.1051232309
213981.80012326693
214234.92512350267
214264.66012353037
214297.16012356064
214325.72512358724
214397.75512365432
214422.72512367758
214503.78012375307
214526.255123774
214581.74012382567
214646.05012388556
214847.57012407325
215214.59512441506
215338.46012453042
215357.06512454775
215383.5451245724
215773.77012493584
215829.3401249876
215847.77012500475
215860.30012501642
215877.1401250321
215926.58512507816
215946.4001250966
215967.80512511655
216147.15012528357
216316.22012544103
216331.20012545498
216350.6651254731
216378.1351254987
216442.4451255586
216460.31012557523
216482.0751255955
216906.89512599114
217047.0701261217
217066.26012613956
217631.530126666
218106.72512710857
218423.37512740347
218712.92512767314
218803.58012775757
218977.63512791967
219057.79012799432
219083.05512801785
219287.8651282086
219306.58012822602
219323.65012824192
219337.35012825468
219352.720128269
219365.3851282808
219448.58012835827
219472.48012838053
219735.36012862535
219770.23012865783
219807.6851286927
219855.60012873734
219902.98012878146
220107.94512897235
220232.32012908818
220260.30512911425
220292.72512914444
220308.64012915926
220357.8701292051
220392.46012923733
220437.33512927912
220456.38012929686
220491.0151293291
220573.95012940635
220677.91012950317
220735.4951295568
220827.77012964274
220992.30512979598
221008.0101298106
221042.3801298426
221157.39012994972
221332.26013011258
221478.38013024867
221532.8551302994
221597.95013036003
221704.5401304593
221912.07513065258
222067.29013079713
222168.24013089115
222220.24513093958
222511.87013121118
222589.75513128372
222800.71013148018
222890.3951315637
222912.58513158438
222940.28513161017
222953.88513162284
223175.6751318294
223213.60013186472
223500.7951321322
223611.22513223503
223706.9551323242
223901.8351325057
224025.09013262048
224062.35513265518
224091.10013268195
224150.9701327377
224647.65013320028
224847.065133386
224872.77513340994
224915.9051334501
224939.8351334724
224956.32513348776
225019.34513354645
225035.89013356186
225055.2601335799
225111.02513363183
225153.1901336711
225189.66513370507
225205.71513372002
225260.30013377086
225536.15013402776
225635.68013412046
225653.7801341373
225734.78013421275
225785.76013426023
225967.2001344292
225979.19013444037
226281.18013472162
226302.92513474188
226314.08513475227
226397.1251348296
226722.7901351329
226823.65513522684
226959.95513535378
227025.87513541518
227045.6501354336
227233.31513560837
227262.46513563552
227556.3251359092
227725.38513606664
227990.19513631327
228010.7401363324
228090.15013640636
228116.1851364306
228142.89013645548
228276.74013658013
228294.28513659647
228312.9851366139
228335.4401366348
228356.19513665413
228375.45013667207
228393.8351366892
228410.26013670448
228426.36513671948
228449.10513674066
228459.50513675035
228472.09013676207
228601.3101368824
228802.10513706942
228951.31013720838
229060.03513730963
229080.14513732836
229095.9601373431
229117.61013736326
229132.20513737685
229142.96513738687
229154.83013739792
229175.04513741675
229452.51013767516
229465.15513768693
229482.3101377029
229499.62513771903
229563.85013777885
229644.0201378535
229808.16513800638
229897.5101380896
229925.51013811567
230129.69513830583
230189.2651383613
230402.77513856016
230432.7851385881
230456.14513860986
230520.12013866944
230540.28513868822
230585.5701387304
230737.8151388722
230794.89513892535
230872.56513899768
231001.9551391182
231025.30513913993
231119.4201392276
231191.790139295
231256.48013935523
231273.17513937078
231538.2051396176
231555.88013963407
231612.45013968676
231819.5151398796
231939.63013999147
231954.65014000545
231971.81514002144
232134.4401401729
232149.50514018693
232161.68514019827
232274.51014030335
232307.69514033425
232456.70514047303
232501.760140515
232588.34014059562
232604.37514061056
232632.93014063715
232671.8651406734
232760.26514075574
232804.4451407969
232828.2851408191
232865.9951408542
232939.2251409224
233071.53014104563
233090.2801410631
233300.4051412588
233322.68014127953
233450.17014139827
233864.19514178386
233876.46014179528
233907.15514182387
234027.62514193606
234042.97014195035
234057.92014196428
234091.2201419953
234101.80514200515
234117.18014201947
234140.12014204083
234160.11514205945
234225.15014212002
234260.07014215254
234339.51014222653
234429.2301423101
234471.7701423497
234498.03514237417
234514.34514238936
234541.11014241428
234668.7001425331
235167.5351429977
235272.36514309532
235465.16014327487
235481.28014328989
235496.73514330428
235511.2401433178
235536.30514334113
235604.31514340447
236062.49014383118
236093.6601438602
236702.85514442757
236720.56514444406
237007.05014471087
237170.68014486326
237253.7251449406
237277.21514496248
237427.9801451029
237605.21514526795
237785.39514543576
237914.78514555626
237943.15014558268
238045.36514567788
238094.4701457236
238113.88014574168
238173.94014579762
238317.85514593165
238401.3451460094
238422.77514602937
238578.11014617403
238743.78514632833
238788.62014637009
238824.74514640373
238926.42014649842
238947.41014651797
238959.40514652914
239003.7101465704
239022.42014658783
239181.65014673612
239242.41514679271
239365.0351469069
239444.72514698113
239461.750146997
239531.15014706162
239550.58514707972
239713.74014723167
239752.8701472681
239823.0801473335
239950.8551474525
240676.89514812868
240699.12514814938
241142.23514856206
241157.18014857598
241170.45014858834
241543.04514893534
242009.2301493695
242088.2451494431
242358.47014969477
242398.82014973235
242414.06014974654
242431.8401497631
242727.5401500385
242833.82015013747
242858.7551501607
242929.8351502269
243076.69015036366
243214.52015049203
243326.34015059617
243356.78015062452
243477.49015073694
243545.98015080072
243564.23515081772
243809.8801510465
243830.96515106614
243999.76515122334
244019.64515124186
244079.5001512976
244122.41515133757
244472.51515166363
244547.46015173342
244812.4451519802
244833.66015199997
244910.54515207157
244943.45015210222
245031.31015218404
245079.82515222923
245096.82015224505
245302.94015243702
245387.38015251566
245604.81515271816
245620.06015273236
245668.2051527772
245734.22515283868
245765.9101528682
245782.92515288404
245817.38015291613
245832.62515293033
245849.65015294618
245945.30515303527
245970.98515305918
245986.62015307375
245999.51515308575
246153.15515322884
246197.05515326973
246262.24515333044
246275.89015334315
246357.06015341874
246458.6951535134
246500.8901535527
246514.82515356567
246884.59015391005
246920.14015394315
246955.32515397592
247001.7001540191
247023.3701540393
247113.69515412342
247130.6451541392
247144.94015415251
247344.90015433874
247373.67515436554
247392.7401543833
247527.21015450853
247815.0351547766
247929.49015488318
248151.50515508995
248171.56515510863
248221.71015515534
248331.59015525767
248346.16515527124
248358.785155283
248381.36515530403
248531.50015544385
248647.66015555203
248675.8551555783
248762.05515565857
248781.23015567643
248851.3051557417
248964.21015584684
249058.25015593442
249073.70515594882
249200.02515606646
249256.6451561192
249288.13515614852
249331.21015618864
249436.11015628633
249605.78515644436
249678.2051565118
249844.7501566669
250160.6251569611
250176.90515697625
250190.21015698864
250314.24515710416
250339.54015712772
250357.92015714484
250448.04015722877
250508.425157285
250523.63515729917
250721.2251574832
250760.06015751936
250832.49515758682
250962.0851577075
251003.45515774604
251017.85515775945
251084.67015782167
251103.12515783886
251291.9351580147
251305.26515802712
251316.4201580375
251330.42015805055
251419.90015813388
251438.1651581509
251452.97515816469
251601.33015830285
251623.42515832343
251670.38015836716
251680.8501583769
252023.7851586963
252040.67515871202
252456.12015909894
252650.40515927988
252793.51515941316
253129.67015972623
253151.8551597469
253252.09015984024
253292.81015987816
253414.48015999148
253435.5601600111
253512.82516008307
253612.89016017626
253755.9651603095
253895.08516043908
253913.95516045665
254055.56016058853
254078.13516060956
254198.7501607219
254215.69016073766
254233.05016075383
254250.26516076986
254352.37516086496
254399.79516090913
254444.8701609511
254786.27016126906
255006.25016147393
255110.3751615709
255198.34016165283
255217.7501616709
255294.01516174193
255519.75016195216
255538.5651619697
255589.9001620175
255682.72016210394
256133.80016252404
256147.97016253724
256168.7451625566
256208.39516259352
256223.78516260785
256272.6951626534
256317.55016269517
256481.26016284764
256573.10016293317
256596.39016295486
256611.66016296908
256661.23016301525
256715.9501630662
256740.05516308866
257226.9201635421
257260.4451635733
257270.7451635829
257302.11016361212
257614.91016390343
257686.15016396978
257706.5801639888
257812.03516408702
258149.32016440114
258345.0051645834
258423.22016465623
258503.78516473126
258568.65516479168
258607.15516482753
258635.19516485365
258694.92516490928
258719.4301649321
258755.11016496533
258992.045165186
259077.57516526565
259354.03016552312
259398.75016556476
259610.39016576187
259624.54016577505
259693.81016583956
259724.63016586826
259745.20016588742
259921.46016605158
259962.87016609014
260008.54016613268
260028.6551661514
260214.0651663241
260231.43516634026
260337.41016643896
260448.42516654235
260476.03516656806
260564.1151666501
260813.80516688264
260852.26016691845
260870.54016693548
260907.9301669703
261114.2951671625
261200.43516724271
261218.17016725923
261253.84016729245
261517.03516753757
261626.11016763916
261743.48516774847
261770.5751677737
262124.55016810336
262164.2901681404
262212.5551681853
262236.2551682074
262261.53516823094
262471.57016842655
262526.33016847755
262575.08516852296
262596.4901685429
262629.31016857346
262756.01516869146
262865.7051687936
262882.6701688094
263129.90016903967
263155.1651690632
263187.12516909296
263570.8951694504
263672.7351695452
263712.3051695821
263842.50016970333
263877.1451697356
264003.25516985304
264023.66516987205
264051.04516989755
264085.91516993
264306.6551701356
264345.3151701716
264368.6201701933
264427.59017024824
264488.39017030486
264581.24517039134
264822.75517061626
264848.17017063993
264890.83017067966
264908.7201706963
264932.0751707181
264953.3351707379
264964.49517074827
265190.6851709589
265256.3801710201
265309.8401710699
265356.37517111324
265373.7401711294
265390.7151711452
265561.89017130464
265672.17017140734
265774.09517150227
265858.5101715809
265876.83517159795
265951.77517166774
265971.0801716857
265986.1701716998
266003.77017171617
266017.1151717286
266102.31017180794
266445.83017212787
266461.81517214276
266484.78517216415
266500.34517217864
266837.84017249296
266923.2601725725
267029.59017267154
267150.2601727839
267332.1251729533
267368.91517298756
267563.3301731686
267579.5351731837
267601.81517320446
267793.9651733834
267818.39017340617
267837.6351734241
267942.3601735216
267957.20517353545
267995.54017357115
268013.5551735879
268036.87017360964
268082.42017365206
268300.9951738556
268364.4051739147
268379.31517392857
268401.21517394896
268438.7101739839
268699.6551742269
268778.40017430024
268803.2651743234
268866.78517438256
268926.9751744386
268942.6451744532
268992.59517449973
269038.34017454233
269054.100174557
269151.1551746474
269171.80517466663
269218.4851747101
269247.8101747374
269396.03517487546
269533.69017500366
269583.07517504966
269667.165175128
269739.3551751952
269781.82517523476
269965.21517540555
270027.4251754635
270044.8051754797
270059.7851754936
270071.4901755045
270304.8801757219
270412.5601758222
270582.61017598055
270659.62017605227
270722.2501761106
270759.0051761448
270817.11017619894
270856.2451762354
271032.92017639993
271263.03517661424
271306.4851766547
271361.9651767064
271378.3951767217
271633.36017695913
271684.4501770067
271731.3501770504
271815.36017712863
271945.2751772496
271978.1851772803
272096.35517739033
272344.7851776217
272379.6951776542
272458.0901777272
272471.31017773953
272490.4651777574
272506.6901777725
272571.5851778329
272587.80517784803
272606.17517786514
272625.5451778832
272715.1201779666
272770.5201780182
272791.0601780373
272806.66517805186
272855.82517809764
273064.6201782921
273233.56017844944
273537.3851787324
273675.54517886107
273696.2951788804
273940.4751791078
274037.4151791981
274308.16017945023
274346.49517948594
274449.81017958216
274478.605179609
274519.7851796473
274536.1851796626
274617.40017973824
274856.2601799607
274885.00017998746
275011.8251801056
275027.0201801197
275535.8651805936
275565.3501806211
275651.23018070107
275668.28018071695
275691.59018073865
275752.3851807953
275794.7151808347
275815.6401808542
275916.8951809485
276015.0501810399
276153.30518116866
276296.8201813023
276317.5351813216
276682.96018166194
276803.0851817738
276819.11018178874
276836.1151818046
276854.1951818214
276926.5301818888
277290.3401822276
277309.3401822453
277361.2951822937
277643.4051825564
277687.8101825978
277709.2151826177
277731.2051826382
277858.41018275666
277874.2251827714
278050.69018293574
278133.0351830124
278156.14018303395
278190.92518306634
278218.83518309233
278257.155183128
278269.6751831397
278292.2351831607
278316.210183183
278450.56518330815
278470.1901833264
278482.630183338
278626.12018347165
278653.63018349727
278679.5701835214
278692.3451835333
278801.67518363515
278823.67018365563
278882.97518371086
278908.96018373506
278922.14518374734
278940.50018376444
279291.10518409096
279466.45018425427
279485.99518427247
279569.9851843507
279625.58018440247
279646.38518442184
279887.13518464606
280043.12518479134
280150.4851848913
280171.1751849106
280296.9201850277
280388.7351851132
280399.4651851232
280548.32018526184
280598.7551853088
280727.44518542866
280752.13518545165
281241.11518590705
281253.960185919
281272.8501859366
281728.04018636054
281743.3551863748
281761.99018639216
281869.2901864921
281884.30518650607
281903.70518652414
281920.37018653966
281964.6701865809
281982.990186598
282200.41018680047
282247.87518684467
282290.6651868845
282588.3901871618
282679.29518724646
282871.24518742523
282890.2301874429
283007.7701875524
283022.8151875664
283042.76018758497
283147.995187683
283161.1001876952
283173.21518770646
283200.1201877315
283265.97018779285
283484.15518799605
283683.86518818204
283719.09018821485
283841.62018832896
283875.42518836044
284137.87018860487
284271.00518872886
284285.9701887428
284307.5801887629
284439.705188886
284461.92518890667
284505.7501889475
284524.7551889652
284542.3851889816
284678.16518910805
284731.1351891574
284742.89018916833
284776.4351891996
284797.25018921896
284811.8001892325
285047.3551894519
285081.14518948336
285106.9351895074
285126.8151895259
285142.53518954053
285194.29018958873
285273.1751896622
285372.78518975497
285552.7751899226
285689.0651900495
285703.9701900634
285724.1251900822
285847.385190197
285972.90019031387
286232.2501905554
286328.6501906452
286477.65019078396
286832.5601911145
286950.170191224
286992.71519126365
287256.85519150965
287279.8601915311
287411.4301916536
287514.5251917496
287533.76019176753
287666.4251918911
287738.0651919578
287753.4351919721
287779.21519199613
287995.7351921978
288436.46519260824
288485.2851926537
288511.4851926781
288529.0551926945
288543.97519270837
288557.27019272075
288571.74519273423
288586.58019274805
288659.57519281603
288775.56019292405
288822.8751929681
288955.895193092
289100.9801932271
289126.7101932511
289269.58019338414
289349.6051934587
289367.7601934756
289648.6601937372
289728.4551938115
289788.22019386716
289959.9651940271
290009.92519407364
290025.8001940884
290165.08019421814
290472.1101945041
290678.0501946959
290693.25019471004
290746.72019475984
290760.71019477287
290773.14019478444
291144.33019513014
291187.27019517013
291253.7801952321
291442.09019540745
291456.48019542085
291597.285195552
291620.8201955739
291726.54019567237
291794.9451957361
291873.8801958096
291924.2401958565
292023.6651959491
292064.65019598725
292178.8251960936
292395.8201962957
292430.9451963284
292651.9001965342
292873.0201967401
292991.3651968503
293018.7201968758
293372.78019720555
293390.41019722197
293501.6601973256
293539.5801973609
293577.32519739604
293788.10519759235
293911.17519770697
293966.2651977583
294491.030198247
294603.3651983516
294629.4551983759
294666.11019841005
294928.6601986546
294949.2751986738
295169.8501988792
295192.34019890014
295206.8001989136
295276.7701989788
295362.41519905854
295390.7001990849
295410.29519910313
295529.28019921394
295540.7351992246
295571.7451992535
295583.72019926464
295820.345199485
295838.7901995022
295856.0801995183
295970.81519962515
295998.9651996514
296037.1101996869
296237.85019987385
296257.5301998922
296289.575199922
296335.700199965
296635.67520024435
296720.19020032306
296740.35520034184
296756.5202003569
296805.42520040245
296840.0452004347
296918.4552005077
296942.0852005297
296964.955200551
296985.32020057
297164.630200737
297326.51020088774
297441.84020099515
297608.16520115006
297625.4802011662
297642.40520118194
297749.24020128144
297774.3102013048
298085.8052015949
298115.72020162275
298136.2852016419
298174.34020167735
298253.6152017512
298270.8502017672
298312.6902018062
298378.15520186716
298412.60020189924
298442.6152019272
298539.51520201744
298555.4452020323
298572.61520204827
298755.46520221856
298768.7152022309
298856.71520231286
298956.97520240623
298993.1302024399
299056.63020249904
299106.54520254553
299121.83520255977
299269.0502026969
299501.9552029138
299647.5802030494
299847.57520323567
299861.6902032488
