156.4599999999302
178.08499999991054
358.0499999997469
382.7699999997244
406.79499999970255
778.7649999993642
809.2699999993365
821.889999999325
957.6649999992015
1023.3799999991418
1101.5150000008332
1180.255000002552
1194.5600000028642
1240.820000003874
1251.8400000041145
1267.2200000044502
1284.9350000048369
1314.0700000054728
1405.655000007472
1895.9400000181738
1961.3000000196005
1980.195000020013
2098.500000022595
2140.0750000235025
2316.5350000273543
2379.330000028725
2442.880000030112
2575.175000033
2894.6700000399737
3019.205000042692
3040.600000043159
3159.4150000457525
3195.3200000465363
3279.230000048368
3321.4150000492887
3457.135000052251
3538.955000054037
3567.4600000546593
3733.615000058286
3754.830000058749
3872.4950000613176
3919.7800000623497
3980.085000063666
4022.0350000645817
4038.175000064934
4064.2100000655023
4113.460000066577
4201.355000068495
4257.175000069714
4305.255000070763
4338.670000071493
4353.715000071821
4366.860000072108
4463.17500007421
4635.7100000779765
4657.40000007845
4758.495000080657
4791.19000008137
4815.265000081896
4864.905000082979
4885.775000083435
5071.855000087497
5222.075000090776
5371.2850000940325
5711.730000101464
5754.525000102398
5776.265000102872
5899.985000105573
5926.725000106157
5969.1900001070835
5987.985000107494
6006.425000107896
6072.690000109343
6086.570000109646
6105.585000110061
6122.465000110429
6154.650000111132
6186.6200001118295
6291.55500011412
6402.040000116532
6475.910000118144
6578.005000120373
6599.7600001208475
6648.88500012192
6671.5500001224145
6702.635000123093
6721.335000123501
6838.825000126066
7154.450000132955
7252.395000135093
7295.995000136045
7324.680000136671
7395.110000138208
7465.185000139738
7484.600000140162
7542.670000141429
7568.440000141992
7613.385000142973
7787.925000146783
7867.160000148512
7880.955000148813
7901.955000149272
8017.400000151792
8043.085000152352
8341.980000131594
8636.1850000845
8649.790000082323
8958.05000003298
8980.920000029319
9049.69000001831
9066.715000015585
9079.460000013545
9101.375000010037
9199.449999994338
9210.779999992525
9221.519999990805
9296.124999978863
9314.269999975959
9353.259999969718
9397.839999962582
9498.24499994651
9516.709999943554
9794.254999899127
9969.77999987103
9995.14999986697
10025.82499986206
10059.11499985673
10071.30499985478
10113.744999847986
10141.784999843498
10214.654999831833
10232.779999828932
10396.024999802801
10499.339999786263
10533.90499978073
10545.979999778798
10614.664999767803
10641.409999763522
10816.619999735476
10830.764999733212
10962.994999712046
10993.924999707095
11004.88999970534
11292.94999965923
11315.99499965554
11472.789999630442
11731.80999958898
11883.754999564659
11905.604999561161
12090.169999531618
12119.659999526897
12146.524999522597
12160.879999520299
12185.819999516307
12328.309999493498
12479.904999469232
12531.64999946095
12561.094999456236
12573.344999454275
12590.649999451505
12749.199999426126
12770.949999422644
12816.724999415317
12840.244999411552
12871.36499940657
13043.554999379008
13061.839999376081
13080.124999373154
13102.879999369512
13157.344999360794
13553.644999297358
13642.924999283066
13669.249999278853
13680.839999276997
13704.329999273237
13729.584999269195
13782.854999260668
13973.149999230207
14063.914999215678
14253.864999185273
14412.68999915985
14675.269999117818
14693.054999114971
14722.2399991103
14736.279999108052
14841.039999091283
14861.079999088075
14891.65999908318
14963.19499907173
15075.209999053799
15104.394999049127
15167.47499903903
15295.079999018604
15310.769999016093
15355.684999008903
15389.99999900341
15431.769998996724
15551.009998977637
15561.954998975885
15598.924998969967
15686.909998955884
15701.334998953575
15721.674998950319
15748.40999894604
15796.679998938313
15838.094998931683
16161.564998879905
16201.294998873545
16324.179998853875
16466.639998861134
16496.344998867185
16567.264998881634
16596.19999888753
16751.71499891921
16893.159998948027
16907.564998950962
17187.124999007916
17205.859999011733
17389.019999049047
17410.92999905351
17472.599999066075
17654.414999103115
17770.584999126782
17965.079999166406
18071.75499918814
18304.069999235468
18337.874999242355
18476.494999270595
18563.54499928833
18577.77499929123
18593.999999294534
18627.959999301453
18685.219999313118
18701.499999316435
18714.454999319074
18825.774999341753
18900.549999356987
19246.899999427547
19326.814999443828
19341.00999944672
19439.314999466747
19456.424999470233
19596.30499949873
19641.884999508016
19700.449999519948
20130.25499960751
20439.069999670424
20452.719999673205
20562.60499969559
20601.21999970346
20782.29499974035
20918.694999768137
21049.304999794746
21152.84999981584
21194.064999824237
21364.11999985888
21383.3549998628
21422.654999870807
21662.21499991961
21825.479999952873
21978.69999998409
22055.209999999675
22132.860000015495
22395.54000006901
22523.890000095158
22560.980000102714
22687.920000128575
22851.310000161862
22876.360000166966
22961.435000184298
23106.29000021381
23139.210000220515
23221.240000237227
23237.74500024059
23461.355000286145
23472.835000288484
23565.49500030736
23591.285000312615
23615.36000031752
23688.825000332487
23706.980000336185
23842.715000363838
23864.75500036833
23898.175000375137
24008.88000039769
24285.190000453982
24438.390000485193
24472.92500049223
24758.775000550464
24786.225000556056
24810.060000560912
25045.830000608945
25071.77500061423
25222.21500064488
25288.05000065829
25316.22500066403
25442.435000689744
25468.92000069514
25481.865000697777
25644.565000730923
25662.105000734497
25688.250000739823
25871.90500077724
26072.100000818024
26098.34500082337
26364.59000087761
26379.41000088063
26473.290000899757
26509.950000907225
26533.200000911962
26663.51500093851
26683.455000942573
26864.870000979532
26906.63500098804
26948.06000099648
27238.975001055747
27386.220001085745
27436.17000109592
27679.67000114553
27692.400001148122
27713.310001152382
27846.80500117958
27878.935001186124
27899.13500119024
27992.54000120927
28008.36000121249
28022.73500121542
28042.060001219357
28154.935001242353
28271.78500126616
28320.98500127618
28581.41500132924
28593.875001331777
28611.490001335365
28761.62000136595
28894.59500139304
29030.8450014208
29197.29500145471
29313.520001478388
29542.230001524982
29636.37000154416
29697.290001556572
29897.170001597293
29930.700001604124
29949.38000160793
30649.29000175052
30778.05000177675
30794.92000178019
30807.060001782662
30821.29000178556
31098.245001841984
31118.035001846016
31132.840001849032
31182.780001859206
31212.905001865343
31396.895001902827
31416.430001906807
31445.370001912703
31614.880001947236
31635.06500195135
31667.680001957993
31681.325001960773
31702.625001965112
31782.42500198137
31804.330001985832
31992.575002024183
32202.79500206701
32299.29000208667
32320.035002090895
32418.645002110985
32446.51000211666
32461.385002119692
32479.500002123383
32591.79000214626
32706.000002169527
32784.035002173754
32799.52500216564
33111.575002002166
33185.06000196367
33205.40500195301
33231.090001939556
33460.95500181914
33480.16500180907
33500.9150017982
33516.220001790185
33881.14500159901
33926.69500157515
33940.11000156812
33954.60000156053
34244.77000140852
34360.6750013478
34395.810001329395
34641.13500120088
34671.26500118509
34728.07500115533
34743.88500114705
35089.1000009662
35240.70000088678
35283.0450008646
35303.15000085407
35495.515000753294
35678.32000065753
35690.86000065096
35709.78000064105
35723.74500063373
35849.86000056766
35993.7250004923
36058.2350004585
36120.90500042567
36144.34500041339
36166.73500040166
36263.61000035091
36681.03000013224
36714.77500011456
36742.07500010026
36782.92500007886
36807.21000006614
36840.59000004865
37001.88499996415
37020.54499995438
37234.27999984241
37268.819999824314
37285.00999981583
37672.77999961269
37708.77999959383
37779.43999955682
37797.18499954752
38072.91999940307
38094.91499939155
38115.25499938089
38127.279999374594
38624.254999114244
38934.64499895164
38962.85999893686
39075.874998877654
39108.85499886038
39227.5499987982
39259.20999878161
39406.699998704345
39421.914998696375
39540.414998634296
39562.87999862253
39960.19499841439
39984.13999840184
40119.034998331175
40166.644998306234
40205.354998285955
40220.814998277856
40676.88999803893
40694.694998029605
40977.08499788167
41006.50499786626
41158.474997786645
41366.6299976776
41457.18999763016
41480.44999761797
41582.36999756458
41777.44999746238
41789.64999745599
41846.29499742632
41867.48499741522
41880.55499740837
41895.80499740038
42023.614997333425
42655.32499700249
42794.589996929535
42816.90999691784
43073.85499678324
43182.204996726476
43203.089996715535
43216.85999670832
43295.37999666719
43525.439996546665
43539.32499653939
43552.35999653256
43598.95499650815
43694.23499645824
43880.374996360726
43946.079996326305
43961.21499631838
43976.50499631037
43992.69999630188
44128.549996230715
44414.004996081174
44432.93499607126
44636.36499596469
44803.849995876946
44816.66999587023
44864.96499584493
44905.2949958238
45049.69999574815
45151.75499569469
45166.17999568713
45205.309995666634
45302.734995615596
45332.18499560017
45464.71499553074
45490.204995517386
45637.31499544032
45715.2349953995
45874.55499531604
46075.83999521059
46262.65499511272
46424.09999502815
46695.584994885925
46777.88999484281
46795.94999483335
46946.13999475467
47163.97499464055
47193.64499462501
47221.00999461067
47260.95999458974
47326.889994555204
47368.49499453341
47468.394994481074
47484.93999447241
47685.489994367344
47862.51499427461
47983.91499421101
48032.48999418556
48061.114994170566
48090.60499415512
48274.63999405871
48326.53999403152
48378.72499400418
48396.45499399489
48548.374993915306
48559.87499390928
48571.19499390335
48586.79499389518
48954.754993702416
49037.60499365901
49058.944993647834
49109.07499362157
49178.42499358524
49304.79499351904
49345.694993497615
49562.72499338392
49609.7149933593
49712.18999330562
49882.04499321664
50582.37499284976
50608.86999283588
50630.404992824595
50663.40499280731
50724.494992775304
50779.89999274628
50887.80499268975
50915.48499267525
50954.759992654675
50979.43499264175
50992.45499263493
51064.2799925973
51179.13999253713
51200.84499252576
51222.1399925146
51518.49999235935
51536.59999234987
51673.94499227792
51972.83499212134
51987.574992113616
52024.074992094495
52243.31499197964
52432.88999188033
52527.559991830734
52539.4599918245
52557.91999181483
52644.76999176933
52866.499991653174
52880.61999164578
52905.34999163282
53105.08499152819
53468.14999133799
53726.76499120251
53859.264991133095
53876.83999112389
54010.964991053625
54047.97999103423
54082.63499101608
54184.61999096265
54222.03499094305
54590.91499074981
54648.51999071963
54908.11999058363
54938.98999056746
54978.93999054653
54994.894990538174
55055.1699905066
55093.46499048654
55216.644990422006
55336.754990359084
55355.47499034928
55370.53499034139
55411.559990319896
55528.709990258525
55655.48999019211
55672.60999018314
55831.72999009978
55935.61499004536
56001.3999900109
56118.91998994933
56133.94998994146
56222.08498989529
56419.219989792015
56450.389989775686
56480.61998975985
56508.819989745076
56581.78998970685
56680.23498965528
56809.68498958746
56949.40498951427
56969.78998950359
56987.794989494156
57032.519989470726
57105.76998943235
57122.13998942378
57136.35498941633
57157.62498940519
57308.03998932639
57324.68998931767
57406.089989275024
57419.6849892679
57455.5699892491
57485.09998923363
57527.13498921161
57543.299989203144
57568.28998919005
57617.879989164074
57771.83998908342
57866.61498903377
57913.45498900923
57996.11498896593
58011.02498895812
58183.94998886753
58220.94498884815
58233.239988841706
58246.104988834966
58372.69998876865
58522.41998869021
58639.849988628695
58677.59498860892
58692.63998860104
58771.5549885597
58783.83998855326
58805.05998854215
58985.30998844772
59093.284988391155
59451.064988203725
59477.424988189916
59491.189988182705
59515.21498817012
59663.619988092374
59871.65998798339
59988.124987922376
60064.804987882206
60214.26498780391
60395.22498770911
60970.984987407486
61311.739987228975
61522.6299871185
61538.20498711034
61552.049987103084
61776.76998698536
61932.36998690385
61965.78498688634
61986.58998687544
61997.47998686974
62025.62498685499
62042.74998684602
62126.484986802156
62300.404986711044
62315.65998670305
62329.04498669604
62347.57498668633
62437.929986639
62580.00998656457
62778.39998646064
62799.364986449655
62840.464986428124
62851.60498642229
62938.03998637701
63352.824986159714
63368.36498615157
63667.46998599488
63683.49498598649
63753.29498594992
63763.519985944564
63799.7199859256
63816.9049859166
64136.569985749135
64239.264985695336
64257.10498568599
64280.89498567353
64356.38498563398
64367.30998562826
64379.074985622094
64409.25998560628
64449.984985584946
64534.414985540716
64629.67498549081
64668.92998547025
64806.88498539798
64824.99998538849
64841.439985379875
64900.77498534879
64956.449985319625
64974.45498531019
65008.31998529245
65457.85998505695
65469.954985050616
65543.54998502304
65710.23498517828
65898.21498535335
65970.25498542044
66033.25998547912
66051.85998549644
66076.96998551983
66090.76498553267
66177.42998561339
66315.10498574161
66357.13498578075
66658.77998606168
66732.2449861301
66748.64498614537
67053.57498642936
67073.71998644812
67244.76998660743
67354.4749867096
67656.25998699066
67761.46998708864
67822.50498714548
67834.85498715698
68048.07498735556
68061.73998736829
68272.54998756462
68534.09998780821
68706.38498796866
68737.01498799719
68761.50498802
68980.04998822353
69006.0049882477
69041.93998828117
69058.3999882965
69142.05998837441
69171.01998840139
69402.2149886167
69427.47498864023
69596.75498879788
69704.53498889826
69745.9099889368
69923.78498910245
70127.64498929231
70147.19998931052
70300.31998945313
70351.32498950063
70370.5199895185
70393.98498954036
70715.58498983987
70750.14498987206
70764.51998988545
70840.39998995612
71219.86499030952
71242.53999033064
71256.27499034343
71355.2449904356
71385.29499046359
71604.11999066739
71621.76999068382
71662.85499072209
71772.73999082443
72054.95999108726
72139.01499116555
72160.06999118516
72227.83499124827
72372.26499138278
72411.34999141918
72538.63999153773
72553.78999155184
72844.56999182265
72889.17999186419
72914.27499188756
72935.47999190731
72988.51999195671
73063.52499202656
73106.54499206663
73478.96999241348
73569.52499249781
73594.26999252086
73731.35499264853
73822.7999927337
73841.1749927508
74024.24999292131
74062.61999295704
74204.71999308938
74590.88499344903
74611.9049934686
74726.71999357553
74818.98999366147
74911.08999374724
75386.95999419043
75408.01499421004
75479.3799942765
75555.90499434777
75677.60499446111
75736.84999451629
75753.31499453163
75906.68999467447
75936.259994702
75965.4599947292
76211.37999495823
76231.40499497688
76312.75499505264
76327.99999506684
76452.64999518293
76493.18999522069
76531.99999525683
76786.50999549386
76804.73999551084
77107.83999579313
77138.97499582212
77156.97999583889
77268.0199959423
77297.03499596933
77322.0249959926
77400.66999606584
77423.02499608666
77486.70999614598
77540.12499619572
77571.09999622457
77583.38499623601
77678.25499632437
77698.84499634354
77717.68499636109
77746.31999638776
78123.29999673885
78146.41499676037
78180.49999679212
78297.58499690116
78316.27499691857
78338.16999693896
78515.13999710378
78649.03999722848
78679.9799972573
78802.11499737104
79019.44499757345
79032.99999758607
79192.5849977347
79294.54499782965
79323.52999785665
79436.02999796142
79466.01499798935
79489.6899980114
79527.50999804662
79589.64499810449
79604.62499811844
79624.86499813729
79637.85999814939
79782.48499828408
80021.25499850645
80037.5249985216
80047.12999853055
80059.38499854197
80322.68999878719
80372.15499883326
80472.44999892666
80541.40999899089
80807.4949992387
80826.65999925655
81085.35499949747
81177.77499958355
81360.08499975334
81472.2499998578
81551.48499993159
81757.62000012357
81979.20500032994
82469.30500078638
82589.14500089799
82617.74000092462
82642.47000094765
82832.30500112445
82850.25000114116
82881.36000117013
83008.55000128859
83101.41500137508
83265.17500152759
83352.10500160855
83364.41000162001
83390.72500164452
83407.58000166022
83428.7100016799
83590.97000183101
83602.69000184193
83622.28500186017
83712.25000194396
83736.8800019669
83825.33500204928
83894.35500211356
83910.88000212895
83937.07500215335
84093.16500229872
84312.31500250282
84964.0600031098
85004.69500314764
85088.06500322529
85099.94000323635
85120.13500325516
85397.06500351307
85412.49500352744
85428.32500354218
85625.1650037255
85956.2000040338
85978.93000405497
86000.80000407534
86101.61000416923
86119.21000418562
86177.51000423991
86317.34500437015
86539.26000457682
87118.88500511664
87133.61000513035
87394.41500537324
87463.47000543756
87501.92500547337
87641.03500560293
87748.8100057033
88039.85500597436
88498.62000640162
88664.02000655566
88679.34000656992
88773.32500665745
88785.2950066686
88808.30000669003
88919.01000679313
89006.90000687499
89205.2350070597
89409.7750072502
89512.39500734577
89578.33000740717
89593.13500742096
89705.30000752542
89733.1850075514
89796.20500761009
89880.31500768842
89971.38500777323
90436.42000820633
90478.53500824556
90726.00000847602
90828.97500857193
90844.25000858615
90906.0350086437
90981.76000871422
91003.91000873485
91030.08000875922
91309.13500901911
91337.23000904528
91569.66000926174
91588.70000927948
91751.12500943075
91909.04000957782
91920.14500958816
91938.52000960527
92090.83500974713
92158.05000980973
92172.32000982302
92187.29000983696
92249.74500989512
92270.86500991479
92358.54000999645
92423.4450100569
92490.01001011889
92673.91001029016
92800.09501040768
92955.060010552
92975.54001057107
93093.71501068113
93139.02001072332
93184.3100107655
93195.95001077635
93212.36001079163
93242.94001082011
93382.92001095047
93410.20001097588
93431.1650109954
93457.70001102012
93531.64001108898
93690.50001123693
93818.84001135646
93936.8900114664
93950.78001147934
93970.33001149754
94022.86501154647
94161.54501167563
94422.78501191892
94441.74501193658
94869.49501233496
94928.54001238995
95030.27001248469
95230.01001267071
95260.23001269886
95469.57501289382
95589.49501300551
95601.33001301653
95620.085013034
95634.3750130473
95712.88501312042
95923.08001331618
96051.65501343593
96181.38501355675
96198.97001357313
96218.61501359142
96233.74001360551
96491.6450138457
96529.35501388082
96640.07501398394
96900.88501422683
96943.68001426669
97010.06001432851
97042.93001435912
97128.89501443919
97145.95501445507
97194.04501449986
97215.31001451967
97374.77001466817
97387.53501468006
97488.45501477405
97527.87501481076
97762.46001502924
97816.19001507928
97840.2700151017
97857.2250151175
97986.96501523833
98113.07001535577
98457.8800156769
98573.81501578487
98594.33001580398
98673.39001587761
98700.83501590317
98891.6650160809
98980.50501616363
99042.8550162217
99199.26001636736
99442.55501659395
99500.99001664837
99618.25001675758
100318.81001741003
100340.1450174299
100359.75001744815
100413.94001749862
100466.34501754743
100598.22001767025
100623.65001769393
100642.47001771146
100761.78501782258
101003.91501804808
101197.62501822849
101217.76001824724
101336.30001835764
101388.9750184067
101404.15501842083
101459.90001847275
101501.25501851126
101520.38501852908
101657.3100186566
101707.4500187033
101811.56501880026
101886.56501887011
102122.75501909008
102192.50001915504
102245.27001920418
102270.16001922736
102305.68001926044
102512.37501945294
102549.82501948782
102743.13001966785
102812.9750197329
102841.94501975988
102855.2800197723
102976.67001988535
103133.39002003131
103176.04502007103
103279.04502016696
103322.27002020722
103360.00002024235
103454.80002033064
103608.35502047365
103714.93002057291
103764.9500206195
103898.06502074347
104025.49502086214
104071.74002090521
104284.5400211034
104601.85002139892
104613.5400214098
104739.55502152717
105079.30002184358
105266.03002201748
105301.43502205046
105341.83002208808
105627.360022354
105733.38502245274
105759.20502247679
105785.49002250127
105845.36002255703
105964.93002266838
105980.25002268265
106478.64002314681
106511.78502317768
106572.97002323467
106588.5800232492
106603.62502326322
106632.73002329032
106667.05502332229
106745.15002339502
106936.06002357282
106960.66002359573
106989.12002362224
107007.68002363952
107096.6700237224
107141.8700237645
107160.3400237817
107184.95502380462
107296.29502390831
107313.98002392479
107396.12502400129
107414.47002401837
107543.83002413885
107569.68502416293
107695.74002428033
107908.04502447805
107971.17002453684
108113.80502466968
108126.4950246815
108146.81002470042
108269.34502481454
108331.44502487237
108411.03002494649
108441.36502497474
108471.77502500307
108491.18502502114
108625.61502514634
108637.76002515765
108765.23502527637
108811.5500253195
108871.71002537553
108891.88502539432
109044.90002553683
109064.31502555491
109520.23002597952
109667.48502611666
109691.81502613932
110110.96502652968
110124.6250265424
110139.4400265562
110255.92002666468
110462.16002685676
110689.51002706849
110712.8250270902
110725.39502710191
110752.35502712702
110982.99002734182
110995.83002735378
111021.1900273774
111167.17002751335
111265.3650276048
111295.16002763255
111613.3600279289
111699.66002800927
111766.45002807147
111788.84502809233
111836.15502813639
111869.2450281672
111896.87502819294
112024.36002831167
112053.44502833876
112077.25502836093
112102.41502838436
112201.95002847706
112213.73002848803
112225.51502849901
112239.83502851235
112473.1150287296
112562.71502881305
112620.25002886663
112650.710028895
112715.36502895522
112742.90502898087
112832.22002906405
112894.09502912167
112908.39502913499
113094.09002930793
113113.2800293258
113264.26502946642
113291.90002949216
113320.79002951906
113445.52002963523
113525.82002971001
113668.09502984252
113689.57502986252
113768.75502993626
113817.71002998186
113866.11003002693
113963.9950301181
114216.09003035288
114420.85503054358
114462.46003058233
114477.00003059587
114502.29503061943
114555.16503066866
114573.44503068569
114843.42003093712
115289.90003135294
115315.3100313766
115432.70003148593
115471.87003152241
115556.26503160101
115723.5350317568
115740.17503177229
115941.79003196006
115956.26003197354
115982.55003199802
115999.97003201424
116037.85503204953
116060.2600320704
116103.27503211045
116178.5950321806
116257.96503225452
116564.00503253954
116723.78003268834
116734.12003269797
116747.75003271067
117202.55003313423
117214.39503314527
117227.7450331577
117387.00003330602
117483.05003339547
117633.03003353515
117650.09503355104
117773.0950336656
117788.42003367987
117836.41503372457
117890.10503377457
117912.050033795
117927.23503380915
117999.70003387664
118137.50503400498
118687.67503451736
118840.16503465938
118878.99503469554
119063.14503486705
119126.30003492587
119235.77503502782
119287.500035076
119401.63503518229
119437.77503521595
119454.61003523163
119481.860035257
119604.66003537137
119701.80503546185
119887.85503563512
119978.04003571911
119992.8400357329
120048.10003578436
120246.6850359693
120275.7700359964
120303.10003602185
120433.2900361431
120527.5750362309
120657.03503635147
120674.3550363676
120805.16003648943
120899.56503657735
120933.15503660863
120985.46503665735
121009.01503667928
121022.85003669217
121182.47503684083
121222.15503687778
121310.73003696027
121423.6000370654
121604.82003723417
121616.06003724464
122521.38503808778
122663.81003822043
122709.07503826258
122827.08003837249
122945.81003848306
122962.1750384983
122991.51503852563
123026.72003855841
123045.08503857552
123068.18003859703
123102.57003862906
123163.16003868548
123429.18503893324
123553.41503904894
123566.11503906077
123596.62503908918
123654.67503914324
123686.40003917279
123699.8400391853
123715.45003919984
123729.65003921307
123863.44003933767
123986.36003945215
124007.15003947151
124272.92003971903
124297.94003974233
124406.81503984373
124642.7950400635
124707.73004012398
124897.94004030112
124913.18004031532
124956.0000403552
125003.90504039981
125021.32504041604
125042.93504043616
125087.1150404773
125110.3050404989
125124.67004051228
125220.86004060187
125354.24504072609
125475.66504083917
125604.8700409595
125674.70504102454
125701.03004104906
125782.6850411251
125925.1600412578
126074.60004139697
126087.44504140894
126211.12004152412
126540.36504183075
126648.56004193152
126769.68004204432
126793.36004206637
126935.49504219875
126959.24004222086
126984.26004224416
127009.34004226752
127022.49504227977
127043.52504229936
127135.94004238542
127152.09004240046
127278.85504251852
127365.84504259954
127394.30004262604
127411.03504264163
127427.91004265734
127443.20004267158
127527.53004275012
127636.51004285162
127720.84504293016
127853.08504305332
128000.95004319103
128113.86504329619
128258.66004343104
128322.14004349016
128444.94004360453
128494.49504365068
128509.52504366467
128619.51504376711
128641.91004378797
128661.8100438065
128698.91004384105
128714.65004385571
128835.9650439687
128885.63504401495
128902.67004403082
129099.5700442142
129196.63004430459
129211.17504431814
129292.99504439434
129324.80004442396
129534.62004461937
129641.48004471889
129777.35004484543
129938.80004499579
129963.87004501914
129978.05504503235
130388.89504541497
130505.62504552369
130521.16504553816
130539.240045555
130713.66004571744
130819.26004581578
130908.35504589876
130938.01504592638
130951.69004593912
130971.76004595781
131271.91004623735
131548.1350464946
131575.70504652028
131680.4250466178
131843.67004676984
131874.4400467985
132573.53004744957
132590.25004746515
132601.43504747556
132614.44004748767
132690.25004755828
132927.61004777934
132975.71004782413
133028.48504787328
133047.7250478912
133067.00004790915
133091.38504793186
133108.80004794808
133131.00004796876
133144.21004798106
133203.16004803596
133241.61504807178
133335.4750481592
133477.49504829146
133621.5150484256
133719.51504851686
133731.10004852765
133742.48004853824
133756.74004855152
134029.60004880565
134080.37504885293
134092.83004886453
134104.52004887542
134226.99004898948
134437.1550491852
134517.9000492604
134644.42004937824
134677.79004940932
134730.66004945856
134811.04004953342
134915.65504963085
134928.97504964325
134948.045049661
135028.63504973607
135043.56504974997
135058.8250497642
135071.8450497763
135089.755049793
135232.2350499257
135410.13005009136
135817.2250504705
135905.47005055269
135970.3350506131
136115.6250507484
136135.76005076716
136186.67505081458
136295.88005091628
136438.88005104946
136504.01005111012
136541.74005114526
136566.51005116833
136772.47505136015
137042.65505161177
137306.89005185786
137618.29005214787
137680.76005220605
137705.55505222915
137754.12005227437
137772.3900522914
137795.76005231316
137934.09005244198
138017.80505251995
138062.04505256115
138089.795052587
138119.9850526151
138188.63505267905
138209.60005269857
138274.8050527593
138297.5700527805
138329.53005281027
138346.1100528257
138405.54505288106
138534.6500530013
138561.12505302596
138806.02005325403
138823.4800532703
138893.1750533352
138935.60505337472
138954.75005339255
139097.7100535257
139207.81505362823
139244.67005366256
139516.77005391597
139643.0800540336
139669.22505405796
139704.23005409056
139738.3250541223
139775.40005415684
139796.33505417634
139865.93005424115
139930.70005430147
140165.46505452011
140185.14505453844
140415.79005475325
140457.88505479245
140696.27505501447
140746.16505506093
140766.8400550802
140782.25505509455
140824.04505513347
140997.62005529512
141025.0800553207
141121.81005541078
141237.49505551852
141983.02005621284
142318.89005652565
142414.5050566147
142508.3600567021
142535.2000567271
142550.3300567412
142577.5100567665
142595.5400567833
142792.0400569663
142820.99005699327
142946.4450571101
142958.08005712094
142998.44505715853
143016.27005717513
143044.4700572014
143064.45005722
143406.34505753842
143513.34505763807
143692.87505780527
143710.3950578216
143765.13505787257
143982.490058075
144022.6650581124
144070.07505815657
144306.28505837655
144373.92005843954
144412.9600584759
144488.28505854605
144566.57005861896
144724.0300587656
144845.43005887867
144959.9100589853
145003.98005902633
145054.05005907296
145179.21505918953
145279.85005928326
145587.76505957003
145995.69005994993
146013.84005996684
146052.1350600025
146063.99006001354
146079.22506002773
146099.42006004654
146163.275060106
146202.81506014284
146428.19006035273
146448.15506037133
146485.13006040576
146522.14006044023
146547.10006046348
146972.7450608599
147088.87506096804
147103.29006098147
147488.8050613405
147557.55006140453
147608.8350614523
147658.2200614983
147829.3750616577
147866.73006169248
147953.68006177346
147985.1800618028
148002.28006181872
148143.80006195052
148438.16506222467
148450.92006223655
148659.63506243093
148673.70006244403
148691.4850624606
148842.06006260082
149000.36006274825
149108.30506284878
149146.05506288394
149166.4050629029
149226.3150629587
149324.70006305032
149349.63006307353
149460.46006317675
149612.60006331844
149725.34506342345
149778.74506347318
149909.07006359455
150121.47006379237
150193.39506385935
150209.8900638747
150224.5850638884
150279.39006393944
150307.895063966
150576.18506421585
150611.3550642486
150643.63506427867
150665.50506429904
150782.88006440835
150816.41506443958
150878.43506449735
150947.81506456196
150999.8350646104
151039.00006464688
151378.34506496292
151540.21506511368
151582.63006515318
151701.1900652636
151928.69506547548
152193.31506572192
152223.17506574973
152424.62506593735
152729.3050662211
153007.57006648026
153024.9050664964
153045.26006651536
153119.10506658413
153134.7400665987
153401.61006684724
153557.62006699253
153670.72006709786
153704.2650671291
153890.2350673023
154483.5700678549
154502.28506787232
154519.18506788806
154606.98506796983
154971.22006830905
155087.29506841715
155107.83506843628
155190.8500685136
155205.41006852716
155217.78506853868
155228.38506854855
155256.795068575
155288.7750686048
155313.34006862767
155385.50006869488
155410.20006871788
155489.50506879174
155500.66506880213
155518.08006881835
155530.4950688299
155629.67006892228
155645.64506893716
155657.09006894781
155673.23006896285
155843.66006912157
155859.0400691359
156087.0100693482
156184.30006943882
156308.8500695548
156414.66006965336
156433.53506967094
156456.08006969193
156516.99506974866
156739.55506995594
156767.56506998203
156974.64007017488
157160.76007034822
157331.54007050727
157391.35007056297
157423.90007059328
157451.56007061905
157581.6350707402
157838.2650709792
157867.43007100635
157880.22507101827
158004.62007113412
158449.07507154805
158587.39007167687
158613.1800717009
158626.86007171363
159019.3750720792
159041.25507209956
159057.26007211447
159286.15507232765
159462.3000724917
159701.010072714
159729.09507274017
159755.2250727645
159804.47007281036
159820.90007282567
159884.57007288496
159921.53007291938
159939.53507293615
159954.25507294986
159971.3800729658
160092.64007307874
160214.27507319202
160270.33507324423
160487.66007344663
160612.36007356277
160683.38507362892
160708.86007365264
160836.11007377115
160851.68007378565
160876.89007380913
161130.56007404538
161422.1100743169
161446.33007433946
161874.31507473806
162008.9000748634
162050.8850749025
162169.0100750125
162192.17007503408
162380.79007520975
162462.94007528626
162612.2300754253
162701.025075508
162818.55507561745
162935.2050757261
162960.2400757494
163055.62007583823
163206.74007597897
163219.69507599104
163278.65007604595
163302.16007606784
163506.51507625816
163652.2750763939
163830.78007656016
163982.81007670175
164006.12507672346
164036.38007675164
164260.8600769607
164593.7200772707
164619.04007729428
164706.91507737612
164734.68007740198
164808.3650774706
164823.7000774849
164840.33007750037
164856.8000775157
165159.23507779738
165179.92507781665
165207.0400778419
165313.58507794113
165352.46007797733
165380.5500780035
165396.3500780182
165413.68507803435
165442.34507806104
165562.94507817336
165579.68007818895
165593.64007820195
165747.1250783449
165858.96507844905
165884.28507847263
165907.26007849403
165958.3450785416
165972.13007855444
166003.03007858322
166031.9950786102
166370.24507892522
166435.8250789863
166448.43007899803
166460.99507900974
166479.18507902668
166513.1350790583
166563.8250791055
166589.72507912962
166610.8450791493
166760.5200792887
166776.47007930354
166885.88007940544
166897.45507941622
166921.45007943857
166939.18507945508
167049.78007955808
167080.23507958645
167356.5750798438
167380.9450798665
167480.75007995946
167496.87007997447
167609.26008007914
167791.5350802489
167806.01508026238
167838.87008029298
167876.41008032794
167972.2450804172
168017.04008045892
168075.30008051317
168086.96508052404
168124.96508055943
168159.7250805918
168289.59008071275
168409.64008082455
168427.48508084117
168540.035080946
168676.59008107317
168959.69508133683
168980.46008135617
169012.76008138625
169147.82008151204
169160.74008152407
169182.39008154423
169266.40008162247
169280.42008163553
169602.4100819354
169644.01008197415
169910.33008222218
170176.17008246976
170193.20508248563
170306.41008259106
170601.04508286546
170639.69508290145
170664.13508292421
170694.27508295228
170731.1250829866
170752.07508300612
170975.01008321374
171013.34508324944
171066.8900832993
171093.74008332432
171205.26508342818
171237.15008345788
171546.21508374572
171567.3600837654
171613.17508380808
171648.14008384064
171710.23008389847
171810.26508399163
171826.40008400666
171892.96508406865
172067.42508423113
172087.53508424986
172109.08508426993
172191.71508434688
172206.1250843603
172250.41508440155
172520.21008465282
172546.89008467767
172651.16508477478
172690.8150848117
172706.89008482668
172916.8200850222
172957.71508506028
173009.35508510837
173036.9750851341
173085.43008517922
173126.34008521732
173238.58008532185
173254.97008533712
173575.1350856353
173698.46008575015
173713.85008576448
173970.2850860033
173987.76008601958
174002.55008603336
174025.07008605433
174438.02008643892
174461.23508646054
174482.5550864804
174903.32008687226
175158.4650871099
175172.47008712293
175190.0500871393
175231.77008717816
175324.33508726436
175345.57008728414
175532.260087458
175656.21008757345
175679.8850875955
175704.4800876184
175785.2200876936
176098.25508798513
176118.9400880044
176136.6450880209
176217.06508809578
176294.3850881678
176317.40508818923
176410.51008827594
176429.38508829352
176530.70508838788
176548.91508840484
176721.87508856592
176736.10008857917
176756.99508859863
176845.6550886812
176881.45008871454
176909.14508874033
176938.28508876747
176975.17008880182
176999.7250888247
177279.71508908545
177294.96508909966
177418.6000892148
177437.9350892328
177487.6300892791
177566.94008935295
177619.54508940195
177636.87008941808
177672.215089451
177691.93008946936
177715.0450894909
177733.90008950845
177758.36508953123
178017.70008977276
178148.28508989437
178398.19509012712
178432.5350901591
178449.84009017522
178530.3500902502
178607.68509032222
178629.59509034263
178758.36509046255
178783.0100904855
178881.11009057687
178987.05509067554
179002.3550906898
179046.13509073056
179101.67009078228
179115.81009079545
179153.970090831
179373.69509103562
179412.5400910718
179482.540091137
179524.34009117592
179545.0500911952
179689.37509132962
179779.19509141328
179841.6150914714
179858.12509148679
179873.63009150123
179887.0200915137
180086.27009169926
180251.58509185322
180294.48509189318
180350.50009194535
180611.85009218875
180638.67509221373
180662.2650922357
180703.7000922743
180764.01009233046
180782.0950923473
180793.3700923578
180824.65509238694
180945.35009249934
180959.44509251247
180980.97009253252
181021.28509257006
181214.9350927504
181235.02509276912
181375.73009290016
181565.9400930773
181583.1100930933
181598.06009310723
181623.65509313106
181646.8800931527
181673.07009317708
181876.54509336659
181915.650093403
182337.93009379628
182576.38509401836
182594.70509403542
182690.1450941243
182893.91009431408
183047.33509445697
183147.7550945505
183165.74509456725
183187.41509458743
183213.790094612
183301.47509469365
183329.64009471989
183401.32009478664
183448.6300948307
183463.1250948442
183484.89509486448
183506.0850948842
183597.15009496902
183671.6400950384
183683.38009504933
183862.59009521623
184073.4500954126
184088.65009542677
184159.94509549317
184222.98509555188
184294.13509561814
184335.9750956571
184496.96009580704
184534.5950958421
184558.06009586394
184644.4550959444
184675.24009597307
184861.06009614613
184938.27509621804
185089.14509635855
185104.10509637248
185184.62509644747
185372.4550966224
185385.2250966343
185400.60009664862
185525.20009676466
185582.5800968181
185764.32509698736
185927.28009713913
185942.5100971533
186286.840097474
186607.29009777243
186631.79509779526
186837.92009798723
186908.550098053
186924.49509806785
187007.0100981447
187088.5050982206
187116.4250982466
187146.18509827432
187294.42509841238
187341.65009845636
187466.75509857287
187480.5200985857
187500.41509860422
187722.26009881083
187869.2300989477
187890.64509896765
188010.34009907913
188032.38509909966
188070.51509913517
188270.82009932172
188314.35509936226
188484.02509952028
188502.92009953788
188518.05509955197
188580.09509960975
188605.78009963367
188623.46509965014
188697.77509971935
188743.3700997618
188808.4150998224
188933.38009993877
189057.94010005478
189071.94510006782
189117.5651001103
189211.15510019747
189233.35010021814
189263.11010024586
189289.4651002704
189372.83510034805
189386.5251003608
189428.95510040032
189520.04510048515
189655.6001006114
189690.25510064367
189703.2651006558
189721.745100673
190055.87010098418
190149.34510107123
190178.6401010985
190444.87010134646
190459.80010136036
190607.1451014976
190620.83010151034
190665.12010155158
190681.3451015667
190712.74510159594
190882.39510175394
190909.82010177948
190927.58010179602
191160.80510201323
191401.78510223766
191559.08010238415
191745.9751025582
191855.7951026605
191869.39010267315
191896.16510269808
192001.0751027958
192035.2351028276
192223.61010300304
192245.09010302305
192325.09010309755
192668.89510341774
192710.42010345642
192784.62010352552
193052.53010377503
193213.79510392522
193247.43510395655
193262.05510397017
193331.16510403453
193341.1301040438
193370.34510407102
193531.22010422085
193545.94510423456
193634.70010431722
193829.74010449887
193843.71010451188
193972.73010463204
193999.57010465703
194024.6751046804
194307.35510494368
194365.17010499752
194567.545105186
194677.00010528794
194767.00010537176
194850.63510544965
194864.2201054623
194884.1901054809
194903.16010549857
194916.42010551092
194974.73510556523
195128.51010570844
195154.61510573275
195172.11010574905
195190.69510576635
195489.86010604497
195563.62010611367
195633.37010617863
195644.37010618887
195748.39010628575
195865.71510639502
195896.6201064238
195917.3451064431
195933.11010645778
195951.23510647466
196032.0251065499
196076.2501065911
196094.36010660796
196198.59010670503
196386.55010688008
196474.79510696226
196493.37010697956
196591.6501070711
196607.96010708628
196667.44010714168
196799.28510726447
196822.390107286
196944.62010739982
196966.29510742
197083.14510752884
197102.7601075471
197220.8551076571
197339.06510776718
197354.0251077811
197379.58510780492
197394.79510781908
197423.42010784574
197853.77010824654
197959.33010834485
197990.2201083736
198137.44010851072
198162.63010853418
198185.89510855585
198398.07510875346
198586.6601089291
198732.3751090648
198838.96510916407
198884.07510920608
198897.4001092185
199013.84510932694
199291.2501095853
199423.34510970832
199467.07510974904
199484.59510976536
199509.0251097881
199580.93010985508
199777.0151100377
199888.8101101418
199961.98511020996
200026.15011026972
200051.73011029355
200075.6351103158
200351.8851105731
200380.66011059989
200481.80511069408
200599.76011080394
200654.09011085454
200680.5851108792
200757.05011095043
200821.96511101088
200845.76011103304
201014.22511118994
201036.36011121055
201049.95511122321
201100.97011127073
201160.57011132623
201181.18011134543
201203.24011136597
201230.06511139096
201334.94511148863
201366.2751115178
201394.7101115443
201418.86011156678
201502.54511164472
201787.23511190986
201825.76511194574
201867.56011198467
201972.32511208224
202005.21511211287
202034.52011214016
202047.6651121524
202093.06011219468
202119.3951122192
202130.97011223
202285.44511237385
202396.45011247724
202416.3951124958
202481.70511255664
202504.92011257826
202523.19011259527
202555.99011262582
202583.1201126511
202620.7101126861
202725.81511278398
202833.44011288421
202922.56511296722
203002.14011304133
203038.5101130752
203119.29511315044
203197.49511322327
203221.22511324537
203373.9401133876
203485.52511349152
203560.9851135618
203586.3251135854
203740.15011372865
203804.935113789
203833.930113816
203881.46011386026
203895.64011387347
203962.3601139356
203998.225113969
204019.83011398913
204035.1651140034
204050.5201140177
204067.88011403388
204201.3801141582
204472.96511441114
204640.45511456713
204673.00511459744
204686.0501146096
204707.34511462942
204783.70011470054
204937.06511484337
205005.2951149069
205073.60511497053
205089.95011498575
205120.52011501422
205157.59011504875
205232.85011511884
205359.80511523708
205372.12511524855
205407.26511528128
205489.80011535814
205505.36011537263
205702.66011555638
205742.2001155932
205813.64511565975
205962.12511579803
205985.8201158201
206025.96511585749
206110.98511593667
206135.6201159596
206265.69011608075
206360.93511616945
206556.47011635156
206569.9351163641
206600.79511639284
206624.01011641446
206650.27011643891
207100.0401168578
207753.37511746626
207826.50011753436
207873.27511757793
208175.02511785895
208320.22011799418
208336.28011800913
208350.12511802203
208412.07011807972
208449.90011811495
208486.32011814887
208498.74011816044
208606.02011826035
208623.82011827693
209042.17511866655
209056.59011867997
209082.19011870382
209099.7801187202
209263.4351188726
209322.66011892777
209339.2301189432
209349.83511895308
209372.99011897465
209423.77511902194
209652.35011923482
209873.99011944124
209950.76011951274
210088.495119641
210101.93511965353
210163.93511971127
210275.02511981473
210374.36511990725
210391.7151199234
210427.3651199566
210527.3351200497
210685.50512019702
210711.38012022112
210845.3601203459
210860.8101203603
210988.79012047948
211146.90512062673
211260.44512073247
211295.44012076507
211321.64012078947
211785.72512122168
212009.1001214297
212059.4451214766
212145.1201215564
212173.53012158285
212315.5251217151
212451.4701218417
212483.01012187108
212632.02012200985
212771.49012213974
212788.4151221555
212913.26012227178
212941.93512229848
212985.1151223387
213373.85012270074
213405.46512273018
213527.60512284393
213542.68512285798
213557.0001228713
213972.6451232584
214005.11512328865
214061.57512334123
214079.82012335822
214799.04012402805
214837.41012406378
214963.24512418098
215268.82512446557
215425.7301246117
215469.26012465224
215632.16512480396
215726.61012489191
215763.51512492629
215876.98512503196
215897.70512505126
215926.3101250779
216048.84512519202
216077.3951252186
216290.27012541686
216344.92512546777
216411.78512553003
216441.45012555766
216616.87512572104
216950.8701260321
216991.56512607
217007.60012608493
217027.84512610378
217045.67012612039
217153.89012622117
217191.01512625575
217444.74512649205
217470.1401265157
217484.8551265294
217516.13512655854
217542.3051265829
217590.95012662822
217858.27012687718
217919.54512693424
217938.54012695194
217966.01512697752
218102.09512710426
218380.21012736327
218393.6751273758
218405.71512738703
218416.56512739713
218435.745127415
218493.78512746905
218640.01012760523
218844.17012779537
218857.68512780796
218875.980127825
218904.39512785146
218931.68512787687
219011.58012795128
219228.4801281533
219262.4301281849
219295.80012821598
219372.33012828726
219420.96512833255
219471.97012838005
219549.90512845264
219752.88512864168
219774.85012866213
219897.09012877598
219951.9901288271
219978.85012885212
220006.02512887743
220023.0801288933
220057.70012892556
220076.77012894332
220140.87012900301
220428.05012927047
220448.84512928984
220469.88512930943
220502.95012934023
220594.3101294253
220608.08012943814
220630.07012945862
220649.1551294764
220901.51012971142
220915.69012972462
221159.25512995146
221183.50512997404
221322.3951301034
221338.3951301183
221445.28013021784
221486.60513025633
221568.8101303329
221588.9051303516
221605.5601303671
221619.01013037964
221751.1401305027
221779.87513052946
221942.00013068045
222109.43513083638
222222.3951309416
222243.09013096086
222317.39513103006
222408.11513111455
222522.24513122084
222554.7251312511
222782.32013146306
222880.56013155455
223194.07013184653
223428.38013206475
223508.06513213896
223552.14513218
223580.5801322065
223593.9051322189
223605.6051322298
223621.68513224478
223900.50013250444
224022.3351326179
224177.98513276287
224448.5851330149
224571.84013312968
224607.77513316314
224667.2251332185
224685.91513323592
224754.54513329983
224839.30013337877
224863.47513340128
225029.75513355614
225040.62513356627
225067.26013359107
225170.43013368716
225186.18013370183
225199.63513371436
225508.75513400225
225533.15013402497
225614.3601341006
225627.61513411294
225731.1801342094
225746.2051342234
225772.60513424798
225797.18013427086
225924.73513438966
226107.38013455976
226321.29513475898
226495.30013492104
226509.73013493448
226526.9301349505
226679.85513509292
226722.23013513238
226828.51013523136
226944.97513533983
226959.2151353531
227149.74513553054
227400.7601357643
227501.21013585787
227525.96513588092
227556.52513590938
227632.21013597987
227665.07513601048
227852.73013618524
227886.0901362163
228032.51013635268
228052.85013637162
228162.15513647342
228261.560136566
228298.22513660014
228325.4451366255
228406.61013670109
228484.00013677316
228527.90513681405
228604.24513688515
228660.52013693756
228696.73513697129
228712.39513698587
228995.9051372499
229015.29513726797
229076.72513732518
229135.59013738
229158.15513740102
229200.16013744014
229342.35513757257
229438.6001376622
229735.9151379391
229763.56013796484
229779.83513798
229830.8401380275
229881.4151380746
229936.86513812625
230076.7101382565
230123.19013829977
230147.68013832258
230160.02013833408
230201.54013837274
230216.78513838694
230234.51013840345
230289.24513845443
230446.33013860072
230652.0451387923
230669.7551388088
230690.77013882837
230790.48513892124
231021.4001391363
231135.63013924268
231182.86513928667
231380.93013947114
231406.0051394945
231419.3351395069
231436.22013952263
231510.40513959172
231531.5351396114
231546.09513962496
231564.44513964205
231631.09013970412
231672.9351397431
231741.86013980728
231784.65013984713
231808.60013986944
231831.07513989037
231878.18513993424
232000.51514004817
232139.5051401776
232172.5501402084
232238.46014026977
232304.5251403313
232380.50014040206
232580.86514058866
232636.1101406401
232725.0001407229
232815.15514080686
232836.53014082677
232926.08514091017
233173.91514114098
233512.82514145662
233601.02014153876
233649.57514158398
233873.49514179252
233902.52514181955
233939.80014185427
234058.84014196513
234135.2501420363
234434.78514231526
234645.1751425112
234763.30514262122
234791.70014264766
234969.72514281346
234984.29014282703
235039.6651428786
235115.17514294892
235135.7801429681
235253.8651430781
235272.80014309572
235417.99514323095
235434.3851432462
235494.26514330198
235520.42514332634
235684.64014347928
235701.14014349465
235791.2951435786
235809.0001435951
236100.8501438669
236424.8001441686
236484.7101442244
236609.09014434024
236623.09014435328
236639.7451443688
236711.29514443543
236751.5251444729
236820.5851445372
236847.8451445626
236866.35014457983
236886.1751445983
236979.24514468497
236994.69014469936
237111.95014480856
237296.08014498005
237335.93014501716
237358.24014503794
237456.09014512907
237489.0751451598
237679.9051453375
237792.35514544224
237890.38014553353
238048.26514568058
238066.48514569754
238195.75014581793
238224.12014584435
238246.76514586544
238345.31014595722
238358.4851459695
238373.0851459831
238389.78514599864
239115.2801466743
239359.42014690168
239376.85014691792
239407.35514694633
239700.49014721933
239740.56514725665
239968.61014746904
239985.3301474846
240260.2101477406
240281.5701477605
240564.54014802404
240726.2151481746
240753.0451481996
240978.99014841003
241021.3801484495
241148.4951485679
241173.9651485916
241265.09514867648
241338.07014874445
241419.2901488201
241434.41014883417
241481.0551488776
241651.0101490359
241748.53514912672
241769.05514914583
241893.1451492614
242168.18514951755
242229.9801495751
242286.4651496277
242314.18514965352
242330.01014966826
242370.68514970614
242412.97014974552
242443.82014977426
242536.37014986045
242611.40014993033
242639.35014995636
242800.00015010597
243242.9401505185
243368.59015063551
243383.9401506498
243567.28515082056
243798.34015103575
244142.79015135654
244364.455151563
244408.19515160372
244445.90015163884
245121.7951522683
245203.4851523444
245261.29515239823
245284.05515241943
245296.2501524308
245343.26015247457
245873.26515296818
245888.94015298277
246038.28515312186
246063.39515314525
246176.24515325035
246192.12015326513
246342.35515340505
246399.28015345806
246478.5451535319
246496.51015354862
246598.20515364333
246617.5151536613
246766.69515380025
246784.4551538168
246809.67015384027
246933.24515395536
247070.1851540829
247123.93015413295
247159.13015416573
247225.6651542277
247245.5201542462
247647.81015462085
247660.92015463306
247693.00015466294
247710.42515467916
247726.1551546938
247753.27515471907
247958.14515490987
247983.21015493321
248186.6801551227
248210.63515514502
248276.9651552068
248336.39515526214
248368.7801552923
248384.2351553067
248441.27015535982
248462.79515537986
248531.1151554435
248590.91015549918
248604.20515551156
248625.56015553145
248662.50015556585
248701.8501556025
248727.24515562615
249001.27015588136
249049.39515592618
249068.6451559441
249257.00515611953
249330.61015618808
249420.97015627223
249449.56515629886
249558.96015640075
249597.9951564371
249618.23015645595
249634.53515647113
249789.9951566159
249935.44015675137
249971.40515678487
250090.26015689556
250172.35515697201
250193.31015699153
250210.90515700792
250230.8601570265
250463.68515724334
250632.3401574004
250655.07015742158
250671.50515743688
250701.20515746454
250723.43015748524
250741.49515750207
250756.52015751606
251076.61515781417
251179.20515790972
251194.61015792406
251216.70515794464
251670.47515836725
251683.8501583797
251763.86015845422
251787.50015847624
251808.0901584954
251877.20515855978
252364.52015901363
252458.70015910134
252511.74515915074
252730.5251593545
252744.85515936784
252764.11515938578
253208.0201597992
253715.32516027166
253731.86016028706
253746.36516030057
253940.58516048145
254044.64016057836
254212.32016073453
254524.6551610254
254601.87016109732
254620.65516111482
254634.84016112803
254674.8551611653
254732.6251612191
254753.4651612385
254912.11016138626
255248.17516169924
255259.87516171014
255382.62516182446
255505.4051619388
255566.25516199548
255580.70016200893
255614.15016204008
255641.24516206532
255875.82016228378
255893.53516230028
255959.25016236148
255975.46516237658
256026.46516242408
256067.35516246216
256146.4151625358
256220.02016260434
256296.5351626756
256426.62016279675
256724.16516307386
256740.1051630887
256915.3351632519
256990.79516332218
257002.86516333342
257019.1701633486
257041.01016336895
257081.62516340677
257176.18016349484
257419.20516372117
257438.2501637389
257454.92516375444
257588.2551638786
257607.2551638963
257630.71516391815
257841.67516411463
258023.09016428358
258058.80016431684
258153.60516440513
258188.85016443796
258219.11016446614
258237.07516448287
258305.8251645469
258317.14016455744
258346.27516458457
258368.30016460508
258601.15516482195
258865.20016506786
258917.66516511672
259030.86516522215
259206.97016538616
259497.39016565663
259517.91016567574
259532.5751656894
259662.34516581026
259685.30516583164
260012.84516613669
260109.5901662268
260173.01516628586
260559.76016664604
260684.8101667625
260703.66516678006
260725.96016680083
260792.58516686287
260883.90016694792
261224.40016726503
261561.65016757912
261575.53016759205
261727.8301677339
261758.17016776215
261803.3301678042
261820.68016782036
261835.4451678341
261850.11516784778
261870.20016786648
262016.52516800276
262030.5301680158
262105.2551680854
262126.79016810545
262176.9901681522
262318.9351682844
262346.16516830976
262376.6051683381
262749.76016868564
262773.19516870746
262805.9051687379
262894.61016882054
262914.8901688394
262930.6501688541
263020.87516893813
263069.5651689835
263190.23516909586
263448.3101693362
263471.67016935797
263601.2151694786
263831.89016969345
263874.82516973343
263920.3401697758
263961.61016981426
264073.6651699186
264177.75017001556
264194.48017003114
264332.78517015994
264389.81517021306
264430.72017025115
264711.0301705122
264832.2601706251
264883.95517067326
264984.3151707667
265039.08017081773
265132.9801709052
265147.3751709186
265160.76517093106
265180.82017094974
265232.670170998
265286.360171048
265313.01517107285
265499.7901712468
265591.6901713324
265686.48017142067
265732.0701714631
265869.0351715907
265884.65517160523
265925.4151716432
266044.0851717537
266343.48517203255
266582.5201722552
266612.7151722833
266629.64017229906
266650.79017231875
266661.83017232904
266715.6001723791
266874.5101725271
266888.4851725401
267047.42517268815
267066.605172706
267080.4501727189
267158.79517279187
267182.8601728143
267235.9151728637
267296.2551729199
267424.7851730396
267464.965173077
267483.4351730942
267520.2201731285
267547.90517315426
267679.12517327646
267696.92517329304
267707.77017330314
267904.4251734863
268144.80517371016
268273.5751738301
268555.4251740926
268653.01017418347
268705.095174232
268740.3651742648
268972.8051744813
269173.24017466797
269194.0101746873
269403.55017488246
269417.9951748959
269435.6851749124
269522.7851749935
269538.10017500777
269577.57517504453
269631.1451750944
269643.72017510614
269749.9701752051
269900.7101753455
270019.370175456
270053.1051754874
270136.57017556514
270153.2601755807
270170.0351755963
270292.14017571
270309.4001757261
270333.0501757481
270842.87017622293
270867.26517624565
270878.9301762565
271053.0951764187
271219.1751765734
271236.00017658906
271316.18517666374
271348.1101766935
271475.66017681226
271496.24017683143
271896.8051772045
272129.34017742105
272224.9401775101
272247.21517753083
272515.45017778064
272576.43517783744
272632.0151778892
272654.9901779106
272667.39517792215
273033.09017826273
273244.4801784596
273291.3951785033
273327.20517853665
273392.92517859786
273450.90017865185
273560.00017875346
273591.9151787832
273607.830178798
273620.8401788101
273727.1201789091
273825.42017900065
273978.1501791429
274029.4751791907
274118.3751792735
274139.5351792932
274153.00517930574
274429.20017956296
274649.2201797679
274677.95517979463
274899.05018000054
275042.4601801341
275058.59518014913
275301.7451803756
275467.70518053015
275496.0951805566
275512.49518057186
275527.2751805856
275557.3301806136
275610.08518066275
275649.50518069946
275667.19018071593
275707.05518075306
275810.3901808493
275952.9901809821
276130.4501811474
276196.3151812087
276903.50018186733
276951.440181912
277251.5901821915
277345.2301822787
277468.51018239354
277537.3751824577
277585.1851825022
277600.2201825162
277619.5651825342
277736.7751826434
277753.1001826586
277807.0401827088
277826.9901827274
277849.28518274816
277869.8051827673
277985.3751828749
278003.24518289155
278020.0451829072
278036.6001829226
278165.3451830425
278259.1951831299
278295.795183164
278313.01018318004
278432.33018329117
278541.84518339316
278579.5601834283
278774.9101836102
278797.0301836308
278811.8501836446
278821.97518365405
278837.54518366855
278849.3751836796
279150.76518396026
279629.12018440577
279783.40018454945
279871.9001846319
279894.30018465273
280066.99018481356
280081.15018482675
280090.8901848358
280102.53518484667
280115.6751848589
280173.6351849129
280219.65018495574
280259.19018499256
280278.8751850109
280313.70518504333
280381.1151851061
280418.1501851406
280852.6701855453
280987.7851856711
281274.28018593794
281369.3851860265
281378.87018603535
281389.3201860451
281400.35018605535
281507.19018615485
281589.23018623126
281794.10018642206
281846.9451864713
281898.6251865194
281941.39018655923
281956.33518657315
282308.09518690075
282498.25018707785
282513.6501870922
282536.5151871135
282571.6501871462
282603.8451871762
282866.53518742084
283326.9251878496
283350.4001878715
283364.75018788484
283470.10018798296
283483.9701879959
283617.0251881198
283630.28518813214
283678.2651881768
283700.31518819736
283719.30518821505
283774.62018826656
283936.40518841724
284118.1501885865
284207.5751886698
284493.9701889365
284588.52518902457
284611.46018904593
284939.09018935106
284957.275189368
285047.0151894516
285065.725189469
285120.8051895203
285140.7801895389
285159.9751895568
285291.82518967957
285309.7101896962
285339.510189724
285365.4251897481
285728.0301900858
285770.2251901251
285835.5101901859
285848.1901901977
285864.1701902126
286009.47519034793
286140.53019047
286263.1651905842
286276.4501905966
286598.85019089683
286828.34019111056
286882.7251911612
286911.7851911883
286938.27519121295
287043.50519131095
287064.6151913306
287162.80019142205
287293.3101915436
287313.74519156263
287465.93519170437
287481.29019171867
287501.13019173715
287866.6801920776
287896.39519210526
287931.8651921383
288155.99519234704
288189.1101923779
288207.31519239483
288455.25519262574
288478.35019264725
288518.2151926844
288549.96519271395
288624.5601927834
288761.8601929113
288783.7701929317
288843.8051929876
288892.7751930332
288918.8451930575
288934.16519307176
288964.4801931
289100.2201932264
289195.70019331534
289207.74019332655
289223.83019334154
289282.290193396
289443.4551935461
289484.3701935842
289826.62519390293
289836.7151939123
289853.47019392793
289880.88519395347
289973.1401940394
290004.02019406814
290041.8701941034
290058.4401941188
290127.5451941832
290157.5951942112
290385.3651944233
290443.6851944776
290544.0351945711
290563.85519458953
290856.0751948617
290873.01519487746
290980.70519497775
291144.7051951305
291335.6401953083
291357.1901953284
291377.9351953477
291481.70519544435
291558.2101955156
291615.27519556874
291722.33019566844
291744.57019568916
291844.32519578206
291859.25519579597
291878.9201958143
291896.60519583075
291992.0851959197
292027.885195953
292185.0851960994
292201.85519611504
292216.05519612826
292251.8601961616
292405.4851963047
292529.2101964199
292543.85019643354
292560.2551964488
292692.33519657183
292819.7351966905
292963.47019682435
292997.38519685593
293069.77519692335
293100.6351969521
293123.25519697316
293200.13519704476
293212.70519705646
293225.120197068
293484.47519730957
293516.2951973392
293530.61519735254
293554.66519737494
293599.87519741704
293918.3901977137
293950.8551977439
293991.27519778156
294235.20519800874
294255.06519802724
294275.6601980464
294398.710198161
294421.7701981825
294438.45519819803
294642.70519838826
294718.2301984586
294746.19019848463
294823.2351985564
294859.5701985902
294871.8951986017
294887.3801986161
294906.600198634
294972.050198695
294985.1501987072
295007.9101987284
295053.3651987707
295206.21019891306
295279.44519898127
295291.65019899263
295476.1601991645
295611.0651992901
295890.4251995503
295913.15519957145
296005.1301996571
296048.4101996974
296119.8151997639
296153.55519979534
296167.5901998084
296181.7601998216
296195.54519983445
296278.87019991205
296297.7051999296
296329.53519995924
296441.6952000637
296471.08520009107
296599.59520021075
296702.77520030685
296775.6202003747
296889.800200481
296902.7452004931
296942.9252005305
296960.3152005467
297058.50020063814
297190.91020076146
297290.295200854
297451.325201004
297589.4352011326
297630.3052011707
297652.50020119135
297699.63520123524
297827.74020135455
297844.8402013705
297936.59520145593
297954.0552014722
298133.3502016392
298150.29020165495
298217.83520171785
298348.0002018391
298447.4802019317
298461.6452019449
298473.7802019562
298863.2302023189
298944.01020239416
298961.49520241044
298995.20020244183
299013.79520245915
299209.7202026416
299230.6552026611
299244.98520267446
299265.965202694
299405.92020282435
299476.78020289034
299558.3702029663
299572.6502029796
299635.5352030382
299741.7552031371
