100.33499999998124
128.47499999995566
365.3999999997402
407.3099999997021
661.1249999994712
687.1499999994476
807.4399999993382
830.9549999993168
846.2299999993029
860.6449999992898
886.4749999992663
948.5549999992098
1038.1249999994495
1168.3150000022913
1245.7000000039804
1265.0250000044023
1340.6600000060532
1415.1500000076792
1587.9350000114507
1662.1050000130697
1785.6550000157665
1887.1750000179825
1942.9150000191992
2237.6450000256323
2272.0650000263836
2285.590000026679
2374.375000028617
2400.64000002919
2625.3800000340957
2644.6950000345173
2664.1200000349413
2779.5350000374606
2889.650000039864
3047.835000043317
3059.8650000435796
3073.8250000438843
3230.2000000472976
3251.055000047753
3309.7250000490335
3525.1900000537366
3775.4850000592
3861.8100000610843
3876.905000061414
3888.4400000616656
3902.9600000619826
3931.160000062598
3957.5600000631744
3984.075000063753
4268.350000069958
4326.065000071218
4359.900000071956
4542.190000075935
4561.440000076355
4723.770000079899
4791.65500008138
4940.655000084633
5041.740000086839
5056.6850000871655
5073.200000087526
5306.465000092618
5350.380000093576
5476.365000096326
5495.3450000967405
5518.365000097243
5695.270000101104
5713.6000001015045
5724.6850001017465
5739.605000102072
5796.125000103306
5860.595000104713
5881.010000105159
5907.680000105741
5927.050000106164
6010.585000107987
6148.040000110987
6193.635000111983
6208.835000112314
6297.52000011425
6311.405000114553
6480.850000118252
6549.800000119757
6584.0000001205035
6604.560000120952
6622.005000121333
6730.415000123699
6743.685000123989
6811.53500012547
6940.25000012828
6978.120000129106
7063.175000130963
7106.160000131901
7191.4800001337635
7267.710000135427
7290.670000135929
7329.620000136779
7390.1550001381
7520.185000140938
8109.700000153806
8178.3850001553055
8207.50000015312
8219.760000151158
8309.910000136728
8331.035000133346
8415.41000011984
8562.16000009635
8644.825000083118
8727.475000069888
8747.110000066745
8962.305000032298
9356.264999969237
9535.654999940522
9565.934999935675
9584.049999932775
9745.82499990688
9780.314999901359
9923.149999878495
9940.074999875786
10045.554999858901
10160.534999840496
10381.074999805194
10672.194999758594
10703.984999753506
10722.559999750532
10745.759999746819
10810.16499973651
11014.88499970374
11038.234999700002
11061.659999696252
11287.359999660124
11326.394999653876
11351.41999964987
11397.504999642493
11415.919999639545
11433.439999636741
11521.90499962258
11563.194999615971
11586.079999612308
11647.069999602545
11777.749999581627
11988.13499954795
12006.38499954503
12091.039999531478
12105.544999529156
12267.439999503242
12287.25499950007
12309.279999496544
12325.064999494018
12343.709999491033
12367.259999487263
12378.58999948545
12578.49999945345
12651.33999944179
12668.804999438995
12686.01499943624
12722.239999430441
12740.724999427483
12819.214999414919
12927.59499939757
12948.174999394276
12978.054999389493
12993.19499938707
13127.099999365635
13197.9099993543
13351.809999329666
13371.02499932659
13407.8249993207
13453.259999313426
13519.39999930284
13589.949999291546
13615.269999287493
13635.8449992842
13804.194999257252
13915.384999239453
13951.114999233734
14017.41999922312
14029.764999221145
14064.159999215639
14086.729999212026
14103.044999209415
14171.444999198466
14214.579999191561
14245.154999186667
14309.454999176374
14382.499999164682
14601.569999129615
14844.349999090753
14948.104999074145
14964.184999071571
15092.00499905111
15178.899999037201
15195.289999034578
15245.37999902656
15291.209999019224
15309.679999016267
15475.014998989802
15490.759998987282
15537.454998979807
15735.669998948079
15765.054998943375
15789.169998939515
16025.584998901671
16037.674998899736
16064.624998895422
16185.904998876009
16240.179998867321
16441.00499885591
16654.12999889933
16828.43499893484
16844.72999893816
16952.57499896013
17068.7449989838
17165.819999003576
17194.16499900935
17241.959999019087
17363.2699990438
17644.789999101155
17679.874999108302
17780.73999912885
17854.884999143957
17948.249999162977
18001.299999173785
18018.31499917725
18032.229999180086
18138.084999201652
18168.004999207747
18183.449999210894
18196.82999921362
18288.339999232263
18326.55499924005
18379.244999250783
18400.129999255038
18440.074999263175
18611.974999298196
18627.094999301276
18644.314999304785
18673.164999310662
18817.50999934007
18849.359999346558
19215.569999421165
19241.06499942636
19435.414999465953
19503.28499947978
19616.349999502814
19636.614999506943
19660.519999511813
19678.32499951544
19754.249999530908
19920.239999564725
20155.7299996127
20169.4749996155
20181.35499961792
20195.88499962088
20632.864999709906
20698.16999972321
20789.32999974178
20812.409999746484
21051.904999795275
21066.2649997982
21243.129999834233
21298.48999984551
21314.82999984884
21412.524999868743
21427.849999871865
21441.724999874692
21451.894999876764
21578.89999990264
21620.494999911112
21637.26499991453
21657.379999918627
21772.16499994201
21886.33499996527
21902.119999968487
22040.439999996666
22062.425000001145
22085.635000005874
22159.00500002082
22174.440000023966
22282.325000045945
22298.805000049302
22371.950000064204
22391.75500006824
22444.980000079082
22469.42000008406
22492.15000008869
22505.4400000914
22566.26500010379
22582.56500010711
22602.910000111257
22618.25000011438
22796.650000150727
22844.840000160544
22920.375000175933
23024.110000197066
23161.290000225014
23173.84500022757
23190.420000230948
23251.505000243393
23322.200000257795
23348.795000263213
23447.475000283317
23529.71000030007
23547.025000303598
23588.795000312108
23701.590000335087
23725.11500033988
23826.510000360537
23986.920000393216
24045.39000040513
24251.400000447098
24269.460000450777
24382.745000473857
24400.83000047754
24422.46500048195
24441.065000485738
24510.115000499805
24534.405000504754
24667.625000531894
24734.25500054547
24761.475000551014
24975.9000005947
25010.640000601776
25140.700000628272
25288.495000658382
25430.695000687352
25502.15500070191
25528.01500070718
25546.025000710848
25575.515000716856
25596.435000721118
25682.710000738694
25709.10500074407
25926.860000788434
26113.90000082654
26153.305000834567
26252.77000085483
26269.55500085825
26285.780000861556
26378.355000880416
26435.825000892124
26488.160000902786
26515.265000908308
26699.035000945747
26855.995000977724
27233.080001054546
27470.695001102955
27637.155001136867
27716.900001153113
27733.490001156493
27750.01000115986
27769.64500116386
27876.980001185726
27933.435001197227
28003.45000121149
28286.12500126908
28417.405001295825
28557.1800013243
28690.085001351377
28702.605001353928
28743.880001362337
28760.905001365805
28817.28000137729
28839.26500138177
28854.810001384936
28919.550001398125
28949.640001404256
29019.055001418397
29351.32500148609
29518.890001520227
29754.160001568158
29844.1850015865
29863.29500159039
30134.170001645576
30149.200001648638
30174.120001653715
30298.650001679085
30486.7150017174
30508.12000172176
30565.330001733415
30707.285001762335
30872.0400017959
30893.230001800217
30910.350001803705
30951.690001812127
31135.890001849653
31167.120001856016
31309.180001884957
31682.380001960988
31696.38500196384
31716.925001968026
31782.975001981482
31800.19000198499
31875.74000200038
31931.675002011776
32009.665002027665
32030.16500203184
32283.070002083365
32303.400002087506
32344.485002095877
32516.83500213099
32531.360002133948
32547.67000213727
32562.355002140263
32688.520002165966
32798.93500216595
33090.11000201341
33141.43500198652
33191.23000196044
33203.40500195406
33263.40000192263
33363.57500187015
33441.02500182958
33502.84500179719
33585.50000175389
33728.40500167903
33741.93500167194
33756.50500166431
33827.84000162694
34013.30500152978
34120.705001473514
34136.0050014655
34159.39000145325
34306.35500137626
34398.78500132784
34498.280001275714
34512.28500126838
34586.525001229485
34602.9150012209
34708.49500116559
34866.825001082645
34940.41500104409
34954.60500103666
34972.17000102746
35089.35000096607
35111.90000095426
35163.580000927184
35176.500000920416
35315.67500084751
35416.42500079473
35519.300000740834
35536.670000731734
35557.52500072081
35664.030000665014
35912.73000053473
35960.86500050951
35999.47000048929
36119.16500042658
36142.15000041454
36280.27500034218
36293.54500033523
36341.42000031015
36358.14500030139
36553.660000198965
36615.34500016665
36733.63500010468
36948.814999991955
37136.63999989356
37170.46499987584
37206.33499985705
37235.19499984193
37311.73499980183
37339.58999978724
37359.63499977674
37595.2599996533
37871.07499950881
37889.184999499324
37909.209999488834
37942.50999947139
37976.99999945332
38018.22999943172
38082.649999397974
38156.48999935929
38199.374999336826
38384.534999239826
38792.77999902596
38810.14499901686
38950.93499894311
39558.454998624846
39571.03999861825
39602.8249986016
39723.594998538334
39745.659998526775
39791.94499850253
39805.26999849555
39821.324998487136
39834.06999848046
39959.604998414696
40072.51999835554
40090.08499834634
40170.86499830402
40194.1999982918
40219.859998278356
40234.11499827089
40362.969998203385
40378.99999819499
40449.424998158094
40483.304998140346
40644.874998055704
40748.389998001476
40764.88999799283
40792.14999797855
40825.29499796119
40841.01999795295
40950.31999789569
40963.23999788892
41006.87499786606
41040.82499784828
41206.4799977615
41247.064997740235
41312.85999770577
41346.439997688176
41374.21999767362
41512.81499760102
41940.634997376896
42010.17999734046
42025.68499733234
42119.669997283105
42154.274997264976
42322.30499717695
42359.769997157324
42406.81499713268
42427.34499712192
42455.15999710735
42474.21499709737
42495.374997086285
42758.56499694841
42872.569996888684
42885.04499688215
42949.92999684816
42962.58499684153
42991.469996826396
43006.1549968187
43027.894996807314
43057.29499679191
43183.19499672596
43202.06499671607
43334.054996646926
43369.51999662835
43398.17999661333
43421.74499660099
43440.67999659107
43457.01499658251
43559.36999652889
43665.4849964733
43778.83499641392
43804.459996400496
43819.03499639286
43913.69999634327
44020.409996287366
44231.53999617676
44255.61999616415
44550.4349960097
44578.814995994835
44611.399995977765
44760.789995899504
44932.434995809585
45097.609995723054
45138.67499570154
45503.399995510474
45841.114995333555
46236.749995126294
46252.994995117784
46267.82999511001
46283.494995101806
46317.99999508373
46333.759995075474
46386.344995047926
46402.074995039686
46419.254995030686
46440.26999501968
46469.019995004615
46579.42499494678
46593.24499493954
46662.93999490303
46941.20999475725
46954.56999475025
47215.26499461368
47243.35999459896
47365.084994535195
47391.979994521105
47409.70999451182
47619.83499440174
47631.754994395495
47644.7249943887
47754.02999433144
47828.10999429263
47846.939994282766
47934.58999423685
48079.9449941607
48257.24999406782
48665.61499385389
48926.35999371729
48950.7749937045
49281.44499353127
49302.3949935203
49411.61999346308
49639.964993343456
49784.179993267906
49824.839993246605
49883.54499321585
49903.97499320515
50255.81999302083
50275.83499301034
50333.65499298005
50441.90999292334
50457.744992915046
50472.81999290715
50566.2549928582
50626.509992826635
50650.634992814
50692.92999279184
50847.864992710674
50910.66999267777
51070.41499259409
51320.234992463214
51370.91999243666
51442.074992399386
51456.40499239188
51487.17999237576
51670.739992279596
51684.32499227248
51965.13999212537
51981.38499211686
51998.61499210783
52014.20999209966
52518.86499183529
52565.34999181094
52660.929991760866
52712.42499173389
52834.99499166968
53248.30499145316
53262.819991445554
53279.17499143699
53392.259991377745
53416.26499136517
53482.35499133055
53496.58499132309
53689.43999122206
53708.769991211935
53728.34499120168
53746.26499119229
54057.63999102917
54318.12499089271
54336.83499088291
54431.489990833325
54445.024990826234
54475.259990810395
54494.49499080032
54518.1949907879
54664.72999071114
54680.69999070277
54700.07999069262
54715.1999906847
54757.39499066259
55152.144990455796
55198.34499043159
55240.124990409706
55344.51499035502
55506.39999027021
55554.939990244784
55569.999990236895
55703.58499016691
55892.399990068
55908.06999005979
55958.42999003341
56160.83998992737
56194.46498990976
56347.51498982958
56398.889989802665
56501.474989748924
56536.22498973072
56687.814989651306
56751.56498961791
56885.82998954757
56900.89498953968
56948.149989514925
57112.52998942881
57282.84498933959
57296.48498933244
57426.45998926435
57445.6449892543
57499.34998922617
57517.96998921641
57529.14498921056
57694.689989123835
57705.34498911825
57719.48998911084
57736.609989101875
57753.9349890928
57776.044989081216
57884.014989024654
58119.88498890109
58273.28498882073
58298.93498880729
58317.65998879748
58330.42998879079
58346.80998878221
58390.36498875939
58423.954988741796
58711.28498859127
58757.434988567096
58784.02498855317
58890.97498849714
58942.73998847002
59230.90998831906
59251.359988308344
59265.504988300934
59607.914988121556
59670.94498808854
59692.404988077295
59762.52998804056
59787.32498802757
60077.74498787543
60503.044987652625
60526.33998764042
60540.84498763282
60618.15498759232
60664.91498756783
60684.87998755737
60753.339987521504
60946.744987420185
60965.38498741042
60994.56498739513
61176.859987299635
61194.594987290344
61372.844987196964
61438.964987162326
61464.009987149206
61684.51498703369
61731.099987009286
61744.769987002124
61762.3749869929
62101.52498681523
62118.68998680624
62134.414986798
62190.82998676845
62231.299986747246
62323.07498669917
62368.0599866756
62405.01998665624
62628.96498653892
62741.14998648015
62865.519986415
62927.659986382445
62946.42998637261
62961.654986364636
62981.96998635399
63045.819986320545
63058.96498631366
63168.11498625648
63327.00498617324
63368.06498615173
63389.43998614053
63454.32998610654
63503.62998608071
63530.079986066856
63774.82498593864
63987.37998582729
64135.05498574993
64190.279985721
64583.05998551523
64602.579985505006
64626.289985492585
64657.384985476296
64816.78998539279
64908.689985344645
64977.95498530836
65001.60498529597
65025.11498528365
65055.9549852675
65149.68998521839
65169.27498520813
65180.94498520202
65196.454985193894
65227.09498517784
65298.64998514036
65370.24998510285
65398.0199850883
65545.18998502457
65695.17498516425
65786.64498524944
65820.4249852809
66062.00498550589
66092.17498553399
66110.14998555073
66147.56998558558
66451.69498586882
66549.01498595945
66594.88498600217
66610.42998601665
66689.80998609058
66739.04498613643
66958.9199863412
66984.22998636478
67005.35998638446
67071.77498644631
67251.64998661383
67278.54498663888
67434.1449867838
67633.94498696987
67660.13498699426
67815.17998713866
67990.54498730198
68041.7799873497
68057.69998736453
68097.0749874012
68112.76498741581
68363.6899876495
68389.8899876739
68448.09498772811
68562.41998783458
68576.69998784788
68592.46498786256
68612.31498788105
68731.45998799201
68747.30998800677
68766.32998802449
68791.20998804766
68914.9499881629
69021.21998826187
69035.67998827534
69072.70498830982
69183.06998841261
69221.65998844855
69234.0599884601
69250.71998847561
69417.90998863132
69576.479988779
69637.90998883621
69725.90498891816
69750.92998894147
70156.43498931912
70390.9099895375
70497.754989637
70739.16998986184
70992.04499009735
71015.11499011883
71101.69999019947
71231.90499032073
71392.96999047074
71411.75999048824
71481.56499055325
71650.11999071023
71666.45999072545
71765.22499081743
71912.20499095431
71981.07999101846
72004.67499104043
72016.74499105167
72033.88499106764
72048.95999108168
72086.5699911167
72290.42499130656
72303.48999131873
72338.90999135171
72376.96999138716
72401.44999140996
72460.81999146525
72480.6299914837
72792.69999177434
72876.26499185216
73057.82499202125
73073.51999203587
73091.42499205255
73255.02499220491
73580.5649925081
73700.55499261984
73778.44499269238
73824.6249927354
73877.76999278489
73896.77499280259
74163.7149930512
74175.91999306256
74483.78499334928
74622.57499347854
74637.91999349283
74652.15499350609
74670.36999352305
74682.61999353446
74694.94999354595
74767.97499361396
75091.70499391545
75228.92499404325
75271.68499408307
75422.3549942234
75450.4849942496
75475.2949942727
75553.20999434526
75679.58499446296
76002.80999476399
76301.60999504226
76654.7949953712
76876.97999557812
76896.90499559668
77248.82499592443
77288.18999596109
77309.93499598134
77370.32999603759
77460.39999612147
77487.98499614716
77925.71999655484
77948.23999657581
77974.24499660003
78049.5949966702
78152.36499676591
78170.8249967831
78318.78999692091
78436.93499703094
78495.03999708506
78580.26999716443
78654.6399972337
78670.84999724879
78684.57499726157
78700.8199972767
78716.54999729135
78734.04999730765
78747.67999732035
78900.68999746285
78916.54499747761
78952.23499751085
78975.05999753211
79455.24999797932
79605.20999811898
79650.80999816145
79754.06999825762
79770.63999827305
79817.7199983169
80034.27999851858
80058.28499854094
80130.99499860866
80146.42499862303
80166.86499864206
80265.72499873413
80452.86499890842
80503.16999895527
80869.54999929649
81099.58499951073
81422.78499981173
81450.61499983765
81481.55499986646
81495.02999987901
81507.85999989096
81639.05500001315
81731.50500009925
81860.35000021924
81878.93000023655
81897.83500025416
81918.10500027303
82133.86500047398
82178.00000051508
82313.8450006416
82338.95500066498
82363.79500068811
82407.98500072927
82527.46000084054
82631.42500093736
82699.38500100066
82734.47000103333
82759.43500105658
82943.80500122829
83133.20000140468
83206.3450014728
83357.19000161329
83460.41000170942
83487.51000173466
83528.82500177313
83548.84000179177
83562.90000180487
83668.35000190308
83695.7600019286
83753.33000198222
83892.12000211148
83937.38500215363
83970.19500218419
84000.57500221248
84024.04500223434
84101.38500230637
84126.20500232949
84168.64000236901
84338.44000252715
84351.15500253899
84368.36500255502
84540.29500271514
84566.04500273912
84686.85000285163
84706.13000286958
84809.58000296593
84890.34500304115
84920.70500306942
84942.60000308981
85118.59500325372
85342.48500346224
85379.56000349676
85416.66000353132
85721.99000381568
85734.62000382744
85794.29000388301
85813.3850039008
85912.46500399307
85940.10500401881
86103.515004171
86135.33500420064
86222.07000428141
86313.95000436698
86343.76000439475
86377.79000442644
86394.22500444175
86503.03500454308
86576.05500461109
86589.30500462343
86676.70500470483
86780.22000480123
86862.99000487832
86917.7300049293
87200.59000519273
87227.88500521815
87354.48500533606
87457.6100054321
87500.08000547165
87517.92500548827
87541.44000551017
87579.86500554596
87876.11500582186
87957.41000589757
87979.83500591846
87996.21000593371
88573.54000647139
88588.60000648542
88790.7750066737
88835.85500671569
88936.6950068096
88963.47000683454
88978.5700068486
88996.53500686534
89351.30500719574
89411.76000725204
89556.39000738674
89584.95000741334
89604.31500743137
89659.95000748319
89755.83000757248
89768.13000758394
89898.10000770498
89972.12500777392
89992.37000779278
90165.19000795373
90182.07500796946
90226.76000801107
90238.62500802212
90339.08000811568
90378.60000815248
90397.76000817033
90425.45500819612
90555.52000831725
90580.07500834012
90642.30000839807
90656.96500841173
90770.63000851759
90937.33000867284
90978.57500871125
91069.62500879605
91092.71000881755
91142.74500886415
91156.61000887706
91178.51500889746
91210.62000892736
91555.88000924891
91604.98500929464
91620.5000093091
91643.24500933028
91800.86500947707
92114.95500976959
92144.01000979665
92169.86500982073
92195.41500984452
92277.70500992116
92349.6850099882
92373.47501001036
92404.9900100397
92474.39501010434
92490.32001011918
92518.94001014583
92566.14001018979
92841.3550104461
92863.12001046637
92879.52501048165
92895.50501049653
92924.7750105238
92949.07001054642
92968.92501056491
93191.74001077242
93333.27001090423
93353.01001092262
93390.76501095778
93472.48001103388
93493.14501105313
93535.38501109247
93644.49501119409
93741.64501128456
93764.60001130594
93824.55501136178
93960.77501148864
94009.55001153407
94222.74501173262
94378.2050118774
94409.85501190688
94530.84001201956
94944.2750124046
95100.15001254977
95208.45501265064
95230.66001267132
95473.89001289784
95587.16001300333
95602.45001301757
95626.6450130401
95754.89001315954
95799.02501320065
95980.7650133699
96237.26501360879
96498.77501385234
96592.00501393917
96665.71001400781
96808.1850141405
96821.32001415273
96831.0600141618
97035.51001435221
97206.000014511
97254.92501455656
97282.93001458264
97395.54001468752
97416.7750147073
97439.37501472834
97460.5850147481
97476.3700147628
97604.35501488199
97620.1450148967
97637.09501491248
97674.22001494706
97698.50001496967
97834.77501509659
97884.84501514322
97899.61001515697
97975.21501522738
98116.26501535875
98130.02501537156
98238.47501547256
98305.01001553453
98433.65001565433
98668.23501587281
98692.26501589519
98844.06001603656
99002.1650161838
99246.30501641118
99337.79001649638
99411.12001656467
99603.03501674341
99636.80001677485
99674.89001681033
99694.66001682874
100049.39001715911
100276.55501737067
100324.94001741573
100396.26501748216
100432.3900175158
100465.86001754698
100673.27001774014
100937.12001798587
100962.19501800922
100978.2750180242
101033.69501807581
101247.00501827447
101271.87001829763
101412.79001842887
101487.36501849833
101573.4500185785
101600.45501860365
101670.70501866908
101727.67501872213
101827.48501881509
101844.90501883131
101874.67001885903
102040.59001901356
102302.25001925725
102330.19501928327
102640.82001957257
102905.43501981901
103444.46502032102
103488.74502036226
103510.34002038237
103537.26002040744
103599.05502046499
103647.51002051012
103662.79502052435
103743.03002059908
103919.19002076314
104071.52002090501
104084.24002091686
104099.05002093065
104151.28002097929
104206.4800210307
104287.21002110589
104518.95002132171
104542.6750213438
104613.83002141007
104728.9600215173
104886.56002166407
104906.70002168283
104918.14002169349
104950.0500217232
104975.64002174704
105032.62502180011
105049.96002181625
105068.72502183373
105114.19502187608
105127.2100218882
105141.14002190117
105155.35502191441
105171.8750219298
105271.97002202302
105294.54002204404
105709.7150224307
105823.2150225364
105892.30002260074
105920.01002262655
106113.68502280692
106288.12502296938
106303.64502298384
106320.31502299936
106458.34002312791
106477.72502314596
106495.42002316244
106541.57002320542
106655.83502331184
106722.20502337365
106740.78502339096
106757.40502340643
106781.3150234287
106942.18502357852
106959.9800235951
107101.26502372668
107131.48002375482
107187.8350238073
107209.75002382771
107225.66502384254
107315.7100239264
107345.81502395443
107364.71502397204
107376.71502398321
107678.58002426435
107692.56002427737
107707.53502429131
107726.1000243086
107745.77002432692
107778.52002435742
107928.85502449743
108054.09002461407
108066.98502462608
108129.53002468433
108145.8200246995
108341.785024882
108384.86502492212
108621.73002514272
108650.20002516924
108662.79002518096
108682.17002519901
108908.30502540962
108935.81002543523
108956.30502545432
109078.41502556804
109271.84502574819
109334.47502580652
109470.08502593281
109702.40002614917
109714.06502616004
109729.72002617462
109746.80002619053
109794.8750262353
109816.47002625541
109996.35002642294
110110.07002652885
110122.49002654041
110136.60502655356
110149.93002656597
110168.61002658337
110182.31502659613
110498.42002689053
110522.94502691337
110748.04502712301
110760.31002713443
110810.5300271812
110830.42502719973
110977.820027337
110988.74002734717
111016.32502737286
111131.64502748026
111273.68002761254
111314.46502765053
111335.11002766975
111348.12502768188
111693.31002800335
111734.42002804164
111753.78002805967
111775.01002807944
111806.33502810862
111824.83002812584
111928.5050282224
111946.80002823944
112096.68502837903
112117.40002839832
112139.16502841859
112155.45002843376
112204.5700284795
112289.42502855853
112536.31502878846
112711.56502895168
112726.89502896596
112750.60002898803
112879.16002910776
112894.6550291222
113354.52002955048
113516.20502970106
113543.93502972688
113563.80502974539
113636.97502981353
113769.19002993667
113801.96002996719
113968.36503012216
113982.91003013571
114067.26003021427
114239.57003037474
114558.37503067165
114598.88503070938
114667.61003077339
115170.1350312414
115198.61003126792
115377.1500314342
115398.69003145426
115557.78003160242
115572.81503161642
115612.03503165295
115671.9950317088
115778.27503180777
115799.05003182712
115814.68503184168
115829.7400318557
115946.69503196463
115961.5850319785
116071.70003208105
116159.3750321627
116179.31003218127
116380.55003236869
116398.56003238546
116437.99503242219
116534.04003251164
116597.33503257058
116663.63003263233
116817.72003277583
116932.09503288235
116946.81003289606
116967.92503291572
117026.34003297013
117038.50503298145
117078.10003301833
117099.5450330383
117201.41503313318
117216.91503314761
117416.31503333332
117431.92503334786
117446.1400333611
117627.58003353007
117642.63003354409
117657.62003355805
117865.09003375127
117955.88503383583
117967.56503384671
118021.96503389737
118083.10503395431
118125.08503399341
118172.00503403711
118200.18003406335
118217.24503407924
118300.28003415657
118323.95003417862
118358.23503421055
118392.09003424208
118470.00003431464
118485.24503432884
118561.30503439967
118632.76003446622
118784.59503460763
118797.18503461935
118870.69003468781
118925.90503473923
118942.75003475492
118980.47503479006
119087.9000348901
119294.55003508256
119413.91003519372
119446.58003522415
119459.94003523659
119506.2200352797
119521.28503529372
119646.83503541065
119680.15503544168
119813.25503556564
119827.25503557868
119850.27003560012
120073.50503580802
120096.02503582899
120120.88003585214
120236.30503595964
120423.82503613428
120571.97003627225
120755.75003644341
120782.94003646873
120803.44503648783
120831.40003651386
120846.16003652761
120858.30003653892
120869.93503654975
121063.25003672979
121095.31003675965
121238.68003689317
121261.63003691455
121419.60503706167
121447.1200370873
121495.52503713238
121601.89003723144
121644.56503727118
121722.23003734351
121735.45503735583
121770.59503738856
121832.5900374463
122006.28003760806
122026.33503762673
122041.9750376413
122225.41003781214
122269.94503785361
122768.93503831833
122833.13003837812
122852.17003839585
123062.75503859197
123239.27003875637
123364.04003887257
123424.97503892932
123443.62003894668
123460.69503896259
123840.84003931662
123904.4850393759
123966.5500394337
124009.16503947339
124033.6650394962
124049.08503951057
124081.07503954036
124116.62003957346
124209.92003966036
124222.78503967234
124681.90004009992
124842.1800402492
125014.08504040929
125024.9400404194
125040.49004043388
125389.9000407593
125475.41004083893
125493.730040856
125508.4500408697
125725.82004107215
125834.77004117362
125871.31504120765
125961.16504129133
126008.26004133519
126022.5550413485
126234.66504154605
126255.89504156582
126268.51004157757
126287.49504159525
126319.2200416248
126419.59004171827
126442.09004173923
126597.23004188371
126697.41504197702
126856.59004212526
126970.130042231
126993.36004225264
127095.84504234808
127351.8450425865
127364.9400425987
127614.02504283068
127642.88004285755
127667.44504288043
127693.14004290436
127974.95504316682
128072.91504325805
128260.03504343232
128452.67004361172
128504.57504366006
128519.47004367394
128615.8600437637
128713.63004385476
128734.84004387452
128867.80004399834
128885.16004401451
128910.45004403807
129149.75004426093
129247.20004435169
129270.49504437338
129290.02504439157
129521.16504460684
129598.70004467905
129615.71004469489
129696.61004477023
129732.66504480381
130156.16504519823
130183.68504522386
130680.985045687
130701.04004570568
130715.86004571948
130817.30004581396
130831.05004582676
130987.4300459724
131002.82004598674
131281.40004624618
131298.9050462625
131493.4900464437
131511.36504646036
131529.92504647764
131550.5000464968
131569.41504651442
131594.46004653774
131774.31504670525
131869.16504679358
131883.9000468073
131921.85504684265
132105.5200470137
132133.71504703996
132162.6300470669
132334.19504722668
132435.83004732133
132455.3300473395
132483.805047366
132508.1600473887
132545.2150474232
132747.6150476117
132761.1400476243
132778.99504764093
133346.93004816986
133518.6750483298
133535.65004834562
133556.64504836517
133636.2550484393
133672.26004847285
133892.9700486784
133966.17004874657
134005.95004878362
134132.71504890168
134150.50504891825
134215.4300489787
134228.88504899124
134242.92004900431
134266.9500490267
134291.49004904955
134457.30004920397
134498.08004924195
134513.34004925616
134573.79004931246
134711.72004944092
134738.68004946603
134757.71004948375
134886.96004960412
134917.1000496322
135164.44004986255
135221.06004991528
135285.98504997574
135433.08505011274
135511.58005018585
135522.01005019556
135542.6650502148
135557.8050502289
135592.34505026106
135635.39005030115
135669.94505033334
135695.49005035713
135894.8700505428
135928.62005057425
135964.74005060788
135987.24005062884
136012.77505065262
136109.12005074235
136122.99505075527
136187.48505081533
136329.02005094715
136347.6400509645
136365.0350509807
136451.68005106138
136478.58505108644
136507.29505111318
136575.41505117662
136589.77505119
136607.03505120607
136626.4100512241
136655.5050512512
136700.65505129326
136783.65005137055
136983.65005155682
137026.83005159703
137320.4750518705
137407.40005195147
137445.19005198666
137625.33505215443
137772.6200522916
137800.5400523176
137912.8550524222
137967.46005247306
138164.38505265646
138182.64005267347
138203.64005269302
138498.83005296794
138520.09005298774
138540.73005300696
138549.87505301548
138562.31005302706
138586.59505304968
138762.13505321316
138790.8300532399
138878.3700533214
138913.74005335436
138935.5850533747
138951.21005338925
138984.1200534199
139005.22505343956
139163.13005358662
139220.69505364023
139386.0350537942
139577.06505397212
139815.16505419387
140122.53005448013
140139.8900544963
140166.11005452072
140310.97505465563
140328.51505467197
140348.7450546908
140483.41505481623
140527.76505485753
140558.90505488653
140573.16505489982
140650.8800549722
140767.13005508046
140815.47005512548
140946.90005524788
140958.67005525884
140980.04505527875
141044.82005533908
141549.10005580873
141621.7650558764
141791.11505603412
141964.15005619527
141976.77005620702
141988.63005621807
142053.54505627853
142214.87505642878
142273.7400564836
142307.49005651503
142376.7250565795
142391.25005659304
142407.88005660853
142425.09505662456
142629.2700568147
142664.18505684723
142819.17505699157
142962.3400571249
143229.52505737374
143279.76505742053
143414.01005754556
143428.59505755914
143451.93005758087
143564.72005768592
143623.82005774096
143635.11005775147
143761.17505786888
143870.12505797035
143896.4850579949
144251.6800583257
144432.15005849377
144468.1500585273
144610.8350586602
144648.04005869484
144667.4200587129
144825.0500588597
144887.0100589174
144929.8450589573
144983.1100590069
145005.91005902813
145236.50005924288
145464.7950594555
145477.63005946745
145515.52505950275
145580.49505956325
145604.09505958523
145644.3250596227
145704.95505967917
145800.69505976833
145988.85005994356
146247.3250601843
146319.08006025112
146336.7900602676
146373.11506030144
146397.62006032426
146561.02006047644
146578.13006049237
146595.985060509
146612.6250605245
146628.01506053883
147004.37506088935
147028.87506091216
147063.43506094435
147191.8100610639
147205.52506107668
147225.55506109534
147281.26506114722
147650.74506149133
147663.01506150275
147683.91506152222
147931.48006175278
148045.23506185872
148069.3750618812
148090.69506190106
148162.94006196834
148178.10506198247
148197.0300620001
148224.7400620259
148336.2950621298
148373.52006216446
148440.37006222672
148604.18006237928
148617.90006239206
148700.6300624691
149245.72506297677
149268.6400629981
149396.03006311675
149432.00006315025
149468.43006318418
149483.02506319777
149601.88006330846
149637.1550633413
149839.17006352945
150078.08006375196
150239.75506390253
150254.13506391592
150277.91006393806
150417.9500640685
150475.86506412242
150492.50006413792
150509.1300641534
150530.73506417352
150543.10506418505
150602.83006424067
150674.29006430722
150804.01506442804
150829.9700644522
150843.10506446444
150899.61006451707
151098.57006470236
151278.11506486958
151677.2500652413
152154.16006568546
152183.4250657127
152260.04006578407
152272.94506579608
152318.34506583837
152503.0550660104
152528.71006603428
152546.1150660505
152677.59506617294
152830.3300663152
152845.7950663296
152861.275066344
152873.5000663554
152892.79506637336
152905.97506638564
153270.61006672523
153285.88506673946
153297.39506675018
153308.52506676054
153333.52506678383
153358.05006680667
153392.8600668391
153463.98506690533
153481.7850669219
153499.9400669388
153536.48506697285
153556.36006699136
153926.5350673361
154067.7150674676
154130.80006752635
154181.38006757345
154201.47506759217
154262.3850676489
154493.37006786402
154825.37506817322
155023.15506835742
155061.61006839323
155079.04506840947
155101.1900684301
155519.59006881976
155669.47506895935
155705.09506899252
155732.3300690179
156214.54506946699
156232.6050694838
156246.74006949697
156345.2500695887
156484.79006971867
156497.96006973094
156518.99006975052
156626.17506985035
156731.93006994884
156918.49007012259
156929.670070133
157049.34507024445
157155.35007034318
157318.4700704951
157556.8450707171
157585.56507074385
157713.13507086266
157924.98507105996
157944.85507107846
157973.00007110467
158007.85507113714
158062.51507118804
158076.77007120132
158100.22507122316
158115.4000712373
158140.6500712608
158388.00007149117
158504.65507159982
158655.84007174062
158667.04007175105
158692.4500717747
158706.55007178785
158718.99507179944
158741.1850718201
159142.2300721936
159199.75007224717
159289.48007233074
159306.04507234617
159336.990072375
159359.8600723963
159388.0200724225
159471.5350725003
159531.0250725557
159542.77507256664
159561.13507258374
159694.61507270805
159710.26507272263
159724.05507273547
159743.02007275313
159760.5950727695
159894.93507289462
159918.72007291677
160118.2600731026
160371.29007333826
160405.2550733699
160672.37007361866
160761.5200737017
160924.6450738536
160944.66007387225
160959.13007388572
160980.3700739055
161019.51007394196
161177.34007408895
161368.28007426678
161496.0800743858
161526.23007441388
161726.21507460013
161813.3850746813
161830.4300746972
161843.90507470974
161980.93007483735
162127.18507497356
162143.6700749889
162157.02007500135
162168.69007501221
162183.58007502608
162411.69007523853
162453.46507527743
162503.7800753243
162519.94507533935
162545.92507536354
162558.240075375
162574.49007539015
162591.96007540642
162626.93007543898
162689.9700754977
162703.7150755105
162740.04507554433
162781.08507558255
162837.9300756355
162877.9850756728
163126.1450759039
163141.61507591832
163153.5250759294
163167.75507594267
163425.65007618285
163449.26507620484
163535.2300762849
163563.3700763111
163576.29507632315
163836.69007656566
163894.00507661904
163998.5500767164
164190.7500768954
164405.1650770951
164437.290077125
164781.48507744557
165064.60507770925
165189.6450778257
165205.60007784056
165554.4950781655
165569.5400781795
165681.35007828363
165725.93007832515
165791.40507838613
165804.01007839787
165819.64507841243
165858.73507844884
166101.38507867482
166168.43007873726
166183.47007875127
166232.86507879727
166319.73007887817
166338.94507889607
166379.1500789335
166521.5200790661
166573.76507911476
166590.5550791304
166618.17507915612
166746.96507927607
166930.90007944737
167030.51007954014
167053.980079562
167123.51507962676
167311.01507980138
167484.6550799631
167748.28508020862
167793.44008025067
168364.30508078233
168408.38508082338
168420.2200808344
168595.04008099722
168614.2400810151
168636.9950810363
168656.40008105437
168938.91008131747
169396.52508174366
169670.5850819989
169778.1600820991
169791.02508211107
169808.75008212758
170190.4950824831
170395.1600826737
170420.43008269725
170464.6050827384
170480.0900827528
170752.42008300644
170766.0100830191
170826.1600830751
170947.8050831884
171072.2350833043
171095.2200833257
171541.93008374172
171695.74008388497
171803.0300839849
171837.36008401687
172001.0300841693
172026.07008419262
172050.18508421507
172070.0900842336
172088.61508425087
172106.66508426768
172128.7100842882
172223.42508437642
172449.1050845866
172602.5450847295
172687.4700848086
172735.4650848533
172838.10008494888
172873.52508498187
172951.49508505448
173061.29508515674
173079.84508517402
173110.92008520296
173203.33008528902
173215.38008530025
173260.91508534265
173445.06008551415
173459.91008552798
173645.12008570047
173668.6500857224
173688.06508574047
173726.80508577655
173844.9700858866
173869.92508590984
173903.4800859411
173920.40008595685
174250.68508626445
174393.3200863973
174915.3950868835
175523.1100874495
175594.71508751618
175659.04008757608
175685.27508760052
175813.81508772023
176033.96008792525
176073.91508796246
176438.73508830223
176468.62508833007
176651.15008850006
176690.2750885365
176712.34008855704
176895.29008872743
176914.12508874497
177046.0100888678
177060.01508888084
177073.69008889358
177091.34508891002
177104.03008892183
177121.87508893845
177189.43508900137
177290.09508909512
178180.04008992395
178197.52508994023
178280.2650900173
178364.31009009556
178664.28009037493
178738.90009044443
178867.64509056433
178971.91509066144
179065.6150907487
179104.50509078492
179234.65009090613
179382.9050910442
179622.39009126724
179663.55009130557
179702.47009134182
179716.27009135467
179868.00009149598
179923.3050915475
180031.26009164803
180064.8400916793
180076.72509169037
180096.46009170875
180309.49009190715
180660.52509223408
180677.78009225015
181002.13009255222
181013.8200925631
181123.24509266502
181287.1850928177
181359.1200928847
181460.61509297922
181481.4150929986
181757.01009325526
181782.41009327892
181887.4050933767
181905.67509339371
182118.2700935917
182234.78009370022
182248.44509371294
182266.2300937295
182284.02009374608
182298.88509375992
182356.22009381332
182372.81509382877
182475.55009392445
182501.43009394855
182518.47009396442
182613.51509405294
183176.69009457744
183215.45509461354
183232.02509462897
183287.76009468088
183308.78509470046
183539.08509491495
183672.46509503917
183723.41509508662
183747.27509510884
183851.4800952059
183981.2150953267
184336.76509565784
184564.10509586957
184584.80009588884
184615.76009591768
184695.3400959918
184717.6800960126
184792.59009608236
185099.05509636778
185161.31009642576
185324.3550965776
185374.75509662455
185528.30509676755
185696.8400969245
185713.5750969401
185904.14009711758
185920.04009713238
186335.8100975196
186351.09009753383
186464.3500976393
186646.6700978091
186657.69009781937
186676.67009783705
186733.07009788958
186751.3450979066
186967.79509810818
187216.20009833953
187274.675098394
187291.83009840996
187306.98009842407
187383.41509849526
187410.5150985205
187431.52009854006
187523.78009862598
187545.9150986466
187573.98509867274
187604.29009870096
187661.8700987546
187763.0400988488
187829.68009891087
188080.58509914455
188197.63509925356
188341.50509938755
188398.2500994404
188592.8050996216
188673.82509969705
188939.82009994477
188954.2400999582
189021.5651000209
189040.91510003892
189054.16010005126
189178.51510016707
189803.6751007493
189817.59010076226
189839.845100783
189947.1201008829
190013.97010094515
190171.1001010915
190189.64010110876
190215.05010113242
190361.5951012689
190449.6351013509
190491.15510138957
190555.59010144958
190606.65510149713
190732.92010161473
190747.23010162805
190988.4401018527
191003.49510186672
191080.37010193832
191122.29510197736
191219.00010206742
191289.00010213262
191305.87010214833
191347.58010218717
191426.15510226035
191958.32510275597
191981.47510277753
192004.56510279904
192017.5001028111
192033.04010282556
192114.95510290185
192134.58010292012
192155.57010293967
192382.93510315142
192550.24510330724
192592.3051033464
192611.78510336456
192769.42510351137
192996.7701037231
193024.19010374864
193047.40510377026
193186.57010389987
193207.73010391957
193385.92510408553
193400.43010409904
193478.1251041714
193936.9251045987
194043.75510469818
194454.2751050805
194574.33510519232
194620.93010523572
194635.0801052489
194752.4351053582
194806.04010540812
194823.04010542395
194865.6101054636
194875.89010547317
195028.11510561494
195045.4751056311
195064.7801056491
195089.86010567244
195110.0001056912
195231.69510580454
195431.42510599055
195535.70010608766
195560.02510611032
195632.5851061779
195645.52010618994
195669.57010621234
195685.13010622683
195709.76510624978
195854.5451063846
195872.8951064017
196190.88510669785
196211.48510671704
196252.75010675547
196473.13510696072
196505.0001069904
196829.64510729274
196845.21010730724
196856.20510731748
197154.55010759534
197221.87510765804
197254.97510768886
197310.6201077407
197420.32010784285
197442.01010786305
197505.81510792248
197594.88010800543
197620.81010802957
197741.1901081417
197795.24510819203
197820.59010821563
197833.7601082279
197845.28510823863
197975.02010835946
198194.7501085641
198219.50510858715
198235.64510860218
198255.18010862038
198654.03510899184
198735.61510906782
198776.34510910575
198814.6351091414
198885.45010920736
198937.16510925553
199111.2901094177
199125.29010943073
199239.37510953698
199322.6151096145
200021.15511026507
200154.03511038882
200344.21511056594
200422.67511063901
200436.48511065188
200515.60511072556
200684.09511088248
200718.81511091482
200846.19011103344
200867.13011105295
201042.45011121623
201056.99011122977
201071.01511124283
201174.90511133958
201278.88011143642
201427.3751115747
201447.92511159385
201765.95511189004
201794.74511191685
201879.6351119959
201913.3251120273
202001.9101121098
202314.63011240104
202401.65011248208
202458.02011253458
202506.86011258006
202530.3101126019
202550.87511262106
202627.84011269273
202804.7551128575
202824.27011287567
202842.9901128931
202901.0751129472
202950.00511299277
202966.70011300832
203090.03011312318
203294.23511331336
203326.1551133431
203635.35511363106
203653.18011364766
203812.455113796
203837.41511381924
203855.67011383624
203875.0701138543
203903.26011388056
204239.43511419365
204262.93511421554
204279.03511423053
204343.66511429072
204450.66511439037
204466.19511440484
204485.93511442322
204669.69011459436
204685.5301146091
204849.75011476205
204864.47011477576
205114.0651150082
205236.53011512227
205344.0551152224
205494.53511536255
205507.1351153743
205534.3201153996
205731.82011558354
205751.83011560218
205892.68011573335
205911.66511575104
206108.8651159347
206125.30011595
206261.7601160771
206320.66011613194
206337.4751161476
206354.08511616307
206368.54511617654
206677.24011646403
206912.05511668272
206927.99011669756
207080.85511683993
207092.14011685044
207113.71511687053
207209.3651169596
207280.57011702593
207350.49011709105
207440.60011717497
207458.54011719167
207516.93511724606
207586.0251173104
207605.80011732882
207828.60011753632
207953.43011765258
208142.2251178284
208156.66511784185
208212.7701178941
208360.33011803153
208697.95011834597
208759.49511840328
209279.23011888732
209301.30011890788
209314.2101189199
209442.91511903977
209524.96511911618
209648.250119231
209677.95011925866
209688.87511926884
209705.24011928408
210084.98511963774
210116.36011966696
210147.26011969574
210298.3001198364
210314.77511985175
210324.8101198611
210337.19011987263
210579.37512009818
210595.43012011313
210708.75512021867
210753.51012026035
210954.7901204478
210969.30012046132
210980.04512047133
211100.35012058337
211120.65512060229
211148.66512062837
211207.36512068304
211259.42012073152
211521.32512097544
211597.34012104623
211740.92512117996
211768.0451212052
211842.39512127446
211869.55012129975
211987.5101214096
212069.04012148554
212244.46512164891
212283.70512168546
212314.50012171414
212331.7451217302
212358.64012175525
212745.94512211595
212758.875122128
212777.97012214578
212921.64012227958
212989.88512234314
213129.60512247327
213159.96012250154
213184.9501225248
213348.16512267682
213394.98512272042
213548.44512286334
213689.810122995
213775.4001230747
213801.39512309892
213941.96512322983
214153.29012342665
214170.92512344307
214183.65012345492
214290.8901235548
214345.15512360533
214519.65012376785
214576.0701238204
214748.7251239812
214846.09512407187
215329.15012452175
215350.39512454154
215364.4101245546
215376.2201245656
215386.4451245751
215577.37512475293
215603.6451247774
215639.5201248108
215771.83512493403
215787.96012494905
215805.7151249656
215820.26512497914
216200.7651253335
216323.11012544745
216427.1101255443
216439.72012555605
216598.24012570368
216611.8001257163
216629.52512573282
216645.79012574797
216829.82512591936
216974.36012605397
216987.52012606623
217022.6101260989
217106.54512617708
217128.7901261978
217361.5801264146
217383.73012643523
217504.9151265481
217584.4951266222
217613.4951266492
217734.3851267618
217751.42512677767
217794.33512681763
217812.26512683433
217876.79012689443
217923.00012693746
218029.89512703702
218051.84512705746
218179.3551271762
218266.0051272569
218323.57012731052
218356.7351273414
218381.29512736428
218394.6151273767
218407.845127389
218510.35512748448
218530.4651275032
218595.8401275641
218617.50012758427
218777.1051277329
218794.57012774918
218808.9801277626
219011.08012795082
219070.42012800608
219172.50512810115
219201.4401281281
219361.23012827692
219385.03012829908
219465.07012837363
219710.97512860264
219763.51012865157
219793.44512867945
219805.0001286902
219819.51012870373
219842.1451287248
219901.8351287804
220230.00512908603
220246.12512910104
220259.0751291131
220288.04012914008
220305.9001291567
220398.48012924293
220419.68012926268
220457.9251292983
220484.59512932313
220615.8701294454
220636.6001294647
220853.00012966624
220881.28012969258
220950.81512975733
221050.03512984974
221069.15012986754
221234.0351300211
221280.7301300646
221294.53513007745
221313.1801300948
221447.83513022022
221714.16013046826
221822.6701305693
221851.72513059637
222063.64513079374
222258.9301309756
222482.29513118364
222540.90013123822
222583.74513127812
222885.91013155953
222966.44013163453
223156.2401318113
223207.42013185896
223628.4701322511
223647.56013226887
223854.36513246148
223883.74013248883
223902.5051325063
224033.63513262843
224051.62013264518
224064.43513265712
224077.180132669
224132.41013272043
224256.69513283618
224440.30513300718
224476.2051330406
224683.2101332334
224864.8801334026
225060.46513358474
225208.98013372306
225233.90513374627
225258.43513376912
225280.30013378948
225439.95013393817
225474.25513397012
225613.76513410005
225746.93013422407
225873.29513434175
225888.02013435547
225907.09513437323
226106.43513455888
226160.60513460933
226250.445134693
226309.58513474808
226324.92013476236
226547.2351349694
226650.1851350653
226666.15013508016
226688.07513510057
226797.89513520285
226823.3901352266
226847.82513524935
226862.73513526324
226890.68013528927
227054.8951354422
227073.49013545952
227099.5651354838
227302.9351356732
227315.8201356852
227365.8601357318
227377.82013574295
227455.8201358156
227569.9651359219
227612.7101359617
227638.51013598574
227667.06513601233
227831.81513616577
227912.2751362407
227946.38513627247
228002.83013632504
228025.26013634593
228111.16513642593
228289.62013659213
228399.48013669444
228504.68513679242
228556.57513684075
228675.19513695122
228686.92513696215
228710.25513698388
228730.83013700304
228753.2401370239
228775.82013704494
228817.38013708364
228851.67013711558
228876.25513713848
228910.3251371702
228928.8851371875
229086.195137334
229101.5451373483
229173.0701374149
229241.1401374783
229265.78013750125
229290.71513752447
229311.11013754347
229401.80513762793
229421.5201376463
229440.34013766382
229505.74013772473
229706.3801379116
230247.26513841533
230263.15013843012
230365.015138525
230551.02513869823
230946.84513906686
231038.9101391526
231092.0551392021
231178.21013928234
231295.26513939135
231678.49013974826
231694.66513976332
231720.11013978702
231738.10513980378
232000.4301400481
232038.51014008356
232053.44514009746
232072.0551401148
232118.71514015825
232139.14514017728
232299.93514032703
232333.86514035863
232609.3601406152
232679.6801406807
232706.2201407054
232934.44014091796
233018.7651409965
233126.93514109723
233635.27514157066
233735.2951416638
233769.870141696
233808.15014173166
233857.5751417777
233879.6901417983
233952.01014186564
234195.060142092
234238.59514213254
234259.2851421518
234279.65514217078
234432.8851423135
234497.0101423732
234672.16014253633
234851.06014270295
234865.090142716
234922.7201427697
234965.99514281
234977.7101428209
235029.08014286874
235162.30514299282
235328.7151431478
235443.1751432544
235648.53014344565
235800.69014358736
235933.25014371081
236099.880143866
236116.13514388114
236170.6401439319
236276.63514403062
236310.35514406202
236321.69014407258
236406.99014415202
236437.4701441804
236571.76014430547
236693.49514441885
236742.53514446452
236788.73014450754
236922.50514463213
236947.8051446557
236960.03014466708
236979.75514468545
237191.885144883
237290.20014497457
237321.31014500355
237358.26014503796
237410.36014508648
237546.57014521334
237559.45014522533
237580.19514524465
237603.93514526676
237624.8201452862
237783.74514543422
237912.11014555377
237952.3951455913
238021.61014565575
238133.47014575993
238180.23514580348
238212.73514583375
238293.45514590893
238376.16014598595
238412.70014601998
238468.81014607224
238775.18514635757
238823.13014640223
238906.04014647944
238932.81514650438
238947.59514651814
238962.98514653248
238980.0801465484
238993.35014656076
239052.47014661581
239148.5651467053
239206.02014675882
239351.62514689442
239552.00014708104
239581.5001471085
239689.46014720906
239749.76514726522
239804.63514731632
239863.4601473711
239883.03014738933
239901.8951474069
240207.55514769157
240227.6751477103
240361.38514783484
240611.68014806794
240968.41514840018
241043.22514846985
241062.04514848738
241298.23014870734
241378.75014878233
241449.84514884854
241613.47014900093
241764.01014914113
241849.2251492205
241943.24514930806
241989.84014935145
242002.4501493632
242104.38514945813
242123.53014947596
242233.3151495782
242313.90514965326
242335.105149673
242420.6701497527
242802.0651501079
242846.13515014894
243010.5901503021
243030.7651503209
243074.4751503616
243102.33515038755
243331.02015060053
243404.67015066912
243449.650150711
243478.635150738
243792.11015102995
243921.2201511502
244190.28015140077
244206.22515141562
244218.3401514269
244677.52015185455
244865.54015202966
245076.9001522265
245204.87015234568
245307.41015244118
245334.01015246595
245823.22015292157
245852.07015294844
246081.0451531617
246273.62515334104
246437.30515349348
246452.39515350753
246618.85515366256
246738.9401537744
246757.6201537918
246775.09015380807
246805.01015383593
246844.67515387287
246940.71515396232
247294.52515429183
247433.8701544216
247527.5901545089
247602.73515457887
247641.530154615
247880.92015483795
247925.38515487936
248028.89015497576
248042.030154988
248312.8351552402
248356.47015528084
248674.77515557728
248739.41015563748
248782.5801556777
248815.43015570828
249041.96515591926
249096.48515597003
249260.6401561229
249285.41015614598
249473.8601563215
249893.19515671203
250017.76015682804
250042.3101568509
250416.57515719946
250453.7551572341
250469.0201572483
250484.0551572623
250501.48015727854
250514.59515729075
250554.3701573278
250640.8201574083
250773.18015753158
250824.98015757982
250845.44515759888
251025.46015776653
251064.65515780303
251082.83015781996
251098.09015783417
251261.70515798655
251303.37015802535
251319.24015804013
251345.57015806466
251442.48515815492
251455.0451581666
251498.0851582067
251579.73015828273
251703.7001583982
251730.73515842337
251797.7651584858
252028.39015870058
252127.635158793
252155.18015881866
252286.87515894132
252345.72015899612
252359.31515900878
252664.14015929267
252677.84015930543
252883.82515949727
252941.47015955095
253018.2851596225
253034.56015963765
253084.4351596841
253106.5401597047
253177.82015977107
253209.90015980095
253243.97015983268
253319.96015990345
253460.63516003446
253515.3251600854
253540.47016010882
253729.2151602846
253882.29516042717
253966.02516050515
254120.2601606488
254222.78516074427
254289.54516080645
254362.15016087407
254529.65016103006
254604.22516109952
254616.92516111134
254641.42516113416
254661.19016115257
254676.93516116723
254696.80516118574
254847.75516132632
254871.85516134877
255059.54516152357
255076.72016153956
255167.02016162366
255223.19016167597
255250.89016170177
255337.01016178197
255352.6001617965
255475.535161911
255489.90516192437
255668.70016209088
255694.88016211527
255712.3151621315
255750.17016216676
255938.04016234173
256010.47016240918
256113.22016250488
256130.1101625206
256147.2751625366
256318.6401626962
256338.3951627146
256564.82516292547
256594.35516295297
256691.27516304323
256738.88016308757
256763.16516311018
256857.28016319784
256870.82016321045
256947.03516328143
257052.27516337944
257116.36016343912
257262.81516357552
257287.46516359848
257313.805163623
257451.0201637508
257465.67016376444
257747.82016402722
257789.7851640663
257906.63516417512
257973.1751642371
258018.67016427947
258034.43516429415
258080.0151643366
258319.65516455978
258342.40516458097
258370.6951646073
258393.46516462852
258501.97516472958
258673.50516488933
258688.00516490283
258701.48016491538
258722.4501649349
258736.00516494754
258748.99516495963
258920.80016511964
258955.46016515192
258986.08516518044
259327.55016549845
259342.3151655122
259658.87516580703
259685.64516583196
259726.01016586955
259800.1651659386
259817.3301659546
259959.26516608679
260055.19516617613
260278.25016638386
260314.06516641722
260496.1451665868
260522.49516661133
260540.67516662827
260557.8851666443
260575.1851666604
260590.77516667492
260734.3051668086
260802.98016687256
260885.83516694972
260980.00516703742
260993.13516704965
261011.46516706672
261047.4051671002
261116.7701671648
261133.57516718045
261349.60016738164
261387.8801674173
261404.07016743236
261553.87516757188
261571.180167588
261908.7801679024
261939.99016793148
261960.56016795064
261984.7801679732
261997.30516798486
262184.1901681589
262291.5351682589
262330.49516829517
262342.3201683062
262360.0751683227
262514.84016846685
262686.825168627
262803.04516873526
262823.4051687542
263001.25516891986
263140.8551690499
263369.84016926313
263531.4151694136
263549.48016943043
263565.82016944565
263629.18016950466
263726.8151695956
263775.10516964056
264173.4951700116
264198.7401700351
264282.11517011275
264302.2451701315
264416.3951702378
264576.44517038687
264592.85017040215
264610.4851704186
264659.0651704638
264751.64517055004
265263.1201710264
265397.73017115175
265413.50517116644
265432.74517118436
265448.445171199
265458.06017120794
265483.62017123174
265593.89517133444
265653.69017139013
265907.2801716263
265923.6101716415
265943.9951716605
265981.6951716956
266016.1601717277
266071.245171779
266546.42017222155
266571.605172245
266738.8751724008
266770.5651724303
266889.6301725412
267141.775172776
267170.5201728028
267186.6651728178
267233.3601728613
267257.36517288367
267349.35517296934
267397.37517301406
267439.2951730531
267573.9451731785
267679.3801732767
267691.46517328796
267714.21017330914
267749.31017334183
267759.72517335153
267770.1251733612
267782.4451733727
267807.2551733958
267824.7801734121
267852.8001734382
267989.9101735659
268021.19017359504
268049.01017362095
268062.6801736337
268085.8951736553
268206.3951737675
268221.5301737816
268401.0201739488
268609.8801741433
268818.4001743375
268861.07017437724
269058.21517456084
269082.7401745837
269169.5001746645
269216.7901747085
269249.9251747394
269344.17517482716
269601.75017506705
269778.70517523185
269958.65517539944
270195.6851756202
270237.09517565876
270299.92017571727
270418.86017582804
270638.25517603237
270808.8801761913
270831.63517621247
270855.35017623455
270889.105176266
270911.640176287
270962.19517633406
271046.960176413
271100.67517646303
271250.945176603
271424.2701767644
271447.2701767858
271463.51017680095
271474.8451768115
271505.41017683997
271554.15517688537
271579.6151769091
271598.880176927
271643.8751769689
271724.56017704407
271744.5851770627
271837.7351771495
271878.95017718786
272044.50017734204
272240.57017752464
272298.0901775782
272392.19517766585
272777.02017802425
272794.61517804064
273006.48517823796
273023.9301782542
273058.8251782867
273081.51517830783
273359.09017856634
273453.78517865454
273535.5651787307
273660.1451788467
273784.6801789627
273802.64517897944
273868.5101790408
274032.3651791934
274048.7101792086
274066.8551792255
274082.7351792403
274198.9351793485
274416.39517955104
274499.6951796286
274591.0351797137
274680.6801797972
274811.11017991864
274832.69517993875
274859.800179964
274878.3601799813
275040.57018013234
275383.9051804521
275452.2151805157
275597.62018065114
275753.8351807966
275841.46518087824
275865.66018090077
275923.1501809543
275955.7801809847
276036.5151810599
276054.50518107665
276070.7551810918
276250.5151812592
276264.00518127176
276301.7301813069
276374.9701813751
276433.8401814299
276472.6501814661
276497.23018148897
276588.535181574
276649.3401816306
276734.3801817098
276789.69018176134
276847.13518181484
276862.5301818292
277069.84518202225
277173.68518211896
277490.08518241363
277617.0701825319
277632.70518254646
277651.6451825641
277664.92018257646
277701.8901826109
277801.3551827035
277871.8951827692
278056.49018294114
278077.31518296053
278294.7901831631
278490.07018334494
278506.62518336036
278530.66018338274
278684.94518352643
278723.62018356245
278740.47018357815
278771.1501836067
278792.2051836263
278953.4701837765
279260.36018406233
279275.5851840765
279306.2801841051
279511.3801842961
279526.4801843102
279537.7851843207
279554.47018433624
279656.4401844312
279693.1651844654
279725.00018449506
279740.2851845093
279750.5751845189
279783.6551845497
279984.09518473636
280444.63018516527
280460.30018517986
280486.5451852043
280664.8051853703
280716.4201854184
280821.17518551595
281290.7651859533
281348.2451860068
281459.7001861106
281477.8301861275
281888.1051865096
281902.0551865226
281918.65518653806
281931.5951865501
282038.3251866495
282084.990186693
282109.8451867161
282130.06518673495
282183.20518678444
282368.2601869568
282709.03018727415
282743.1051873059
282929.7351874797
282946.9251874957
283181.6201877143
283239.1051877678
283337.72018785967
283373.68518789316
283706.380188203
283733.7551882285
283913.01518839545
283939.30518841994
283965.130188444
284000.62518847705
284016.52018849185
284415.96518886386
284586.2151890224
284659.2001890904
284678.6201891085
284903.77018931817
285173.68518956954
285541.1901899118
285555.30518992495
285754.9651901109
285774.2651901289
285873.200190221
285949.02519029164
286540.66519084264
286569.6151908696
286937.5051912122
286955.57019122905
287018.92519128806
287089.4251913537
287166.9201914259
287674.65519189875
287710.4851919321
287991.74019219406
288010.3351922114
288080.30019227654
288112.30019230634
288340.35019251873
288358.5451925357
288421.45019259426
288460.5801926307
288602.3001927627
289085.74519321293
289194.8901933146
289534.4101936308
289561.510193656
289634.5901937241
289741.07519382326
289764.2351938448
289777.2301938569
289845.53019392054
289942.9001940112
289955.8951940233
289967.9051940345
289979.9151940457
290001.4251940657
290022.29019408516
290134.57519418973
290153.93519420776
290212.42019426223
290270.0201943159
290324.32519436645
290357.91019439773
290388.96019442665
290544.6851945717
290744.9801947582
290781.93519479263
290803.22019481246
290842.31019484886
290857.7151948632
290894.2401948972
290925.4751949263
290956.65019495535
290992.84019498905
291018.4501950129
291082.4301950725
291434.2901954002
291510.5551954712
291632.89519558515
291938.6401958699
292338.66019624245
292358.4501962609
292371.94519627345
292391.4401962916
292645.96519652865
293244.92019708647
293275.4401971149
293293.0351971313
293342.4401971773
293602.8101974198
293638.6801974532
293690.7801975017
293748.58519755554
293883.78519768146
293975.2851977667
293994.1151977842
294009.92519779893
294044.20519783086
294203.1701979789
294701.66019844316
295026.57019874576
295039.23019875755
295115.47519882856
295135.00019884674
295309.7301990095
295490.31019917765
295733.09519940376
296062.50019971054
296086.9301997333
296122.12019976607
296139.50519978226
296175.6001998159
296192.23019983136
296215.7901998533
296300.4101999321
296357.14019998495
296424.69020004786
296447.3052000689
296467.3902000876
296522.2152001387
296590.6002002024
296613.87020022405
296641.3002002496
296660.5502002675
296998.94020058267
297062.3302006417
297077.9052006562
297089.5902006671
297247.0302008137
297391.28020094807
297415.0552009702
297615.55520115694
297758.7552012903
297897.9102014199
297998.3152015134
298020.79520153435
298081.2952015907
298113.4152016206
298196.1852016977
298216.2652017164
298238.03020173666
298267.33520176396
298460.08020194346
298826.7102022849
298845.3002023022
298882.27020233666
298893.32020234695
299091.8802025319
299104.2552025434
299119.03020255716
299240.25520267006
299260.3552026888
299318.1302027426
299335.60520275886
299352.0602027742
299445.285202861
299654.9852030563
299739.52520313504
299850.58020323847
299864.8852032518
299882.45020326815
299894.15520327905
299920.965203304
299965.11520334514
