79.42000000000026
123.94499999995976
224.5199999998683
306.1099999997941
320.68499999978087
354.59999999975
390.30999999971755
460.194999999654
543.5849999995781
596.2499999995302
658.7749999994734
1088.720000000554
1305.055000005276
1360.9250000064956
1382.0050000069557
1661.520000013057
1704.6500000139984
1963.295000019644
1980.3600000200165
2033.295000021172
2049.3250000215216
2155.160000023832
2446.210000030185
2484.665000031024
2666.1100000349848
2693.335000035579
3071.8750000438417
3084.115000044109
3103.505000044532
3285.790000048511
3310.6950000490547
3437.2150000518163
3469.5600000525224
3484.6300000528513
3497.1900000531255
3552.3450000543294
3566.4200000546366
3619.125000055787
3707.080000057707
3798.7450000597078
3816.175000060088
3857.535000060991
3931.3250000626017
4037.620000064922
4592.995000077044
4920.690000084197
5154.8650000893085
5171.100000089663
5489.205000096606
5722.630000101702
5803.595000103469
5884.9400001052445
5971.295000107129
6067.54000010923
6109.595000110148
6262.145000113478
6486.470000118375
6513.515000118965
6541.455000119575
6884.265000127058
7091.530000131582
7115.425000132103
7172.52500013335
7277.710000135646
7333.425000136862
7542.375000141423
7931.030000149906
7960.345000150546
7978.255000150937
8013.2150001517
8043.390000152359
8070.195000152944
8379.755000125548
8838.830000052063
8871.975000046757
8907.810000041021
9043.20000001935
9060.215000016626
9140.330000003802
9160.470000000578
9184.669999996704
9270.569999982954
9591.209999931629
9607.529999929016
9712.249999912254
9757.87999990495
9921.524999878755
10099.374999850286
10121.52499984674
10212.17499983223
10452.529999793756
10682.944999756874
10758.074999744847
10780.619999741239
10840.70499973162
10863.214999728018
10891.344999723515
10937.41999971614
11076.659999693851
11152.374999681731
11183.49499967675
11506.174999625098
11520.21999962285
11633.279999604752
11647.244999602517
11665.584999599581
11942.949999555183
12131.94499952493
12310.399999496365
12634.84499944443
13111.619999368113
13182.239999356809
13506.594999304889
13555.639999297038
13637.509999283933
13657.45999928074
13671.13499927855
13703.204999273417
13721.24499927053
14096.299999210494
14168.459999198943
14379.784999165116
14663.879999119641
14682.50499911666
15065.539999055347
15103.114999049332
15217.239999031064
15381.62999900475
15472.34499899023
15490.854998987266
15587.759998971755
15661.389998959969
15727.569998949375
15746.289998946379
15937.994998915692
15956.159998912784
16028.819998901154
16128.679998885169
16142.8499988829
16264.944998863357
16281.759998860665
16302.309998857376
16336.969998851828
16413.85499885038
16436.349998854963
16535.759998875215
16623.704998893132
16713.784998911484
16740.004998916826
16765.84499892209
16804.019998929867
16926.54999895483
17064.13499898286
17104.809998991146
17269.304999024658
17470.919999065733
17509.844999073663
17620.4749990962
17700.4749991125
17716.649999115794
17738.299999120205
17758.034999124226
18265.9399992277
18342.679999243333
18361.534999247175
18496.324999274635
18624.794999300808
18709.57499931808
18727.28999932169
18742.71499932483
19273.699999433007
19291.059999436544
19373.834999453407
19384.54999945559
19409.804999460735
19537.969999486846
19553.564999490023
19569.68999949331
19698.279999519506
19907.79999956219
20212.929999624354
20236.61999962918
20356.04499965351
20438.329999670274
20463.964999675496
20479.214999678603
20609.944999705236
20627.064999708724
20799.449999743843
20825.114999749072
20944.499999773394
21140.61999981335
21155.83999981645
21171.869999819715
21231.22999983181
21283.544999842466
21408.054999867833
21578.339999902524
21608.574999908684
21805.034999948708
21823.1549999524
21864.52999996083
21881.17499996422
21899.404999967934
22057.040000000048
22403.090000070548
22570.150000104582
22640.13500011884
22726.47500013643
22831.095000157744
22910.865000173995
22993.330000190796
23157.00500022414
23184.330000229707
23396.64500027296
23421.790000278084
23456.445000285144
23481.250000290198
23656.260000325852
23675.020000329674
23736.89500034228
23771.220000349273
23793.73500035386
23842.395000363773
23853.8100003661
23974.91500039077
24090.01000041422
24132.000000422773
24287.39500045443
24481.070000493888
24550.890000508112
24596.38500051738
24833.390000565665
24851.795000569415
24872.960000573727
24982.68000059608
25080.32000061597
25225.225000645492
25283.055000657274
25451.755000691643
25489.855000699405
25504.715000702432
25546.66500071098
25563.480000714404
25580.1550007178
25669.480000736
25855.850000773968
25869.7500007768
25911.240000785252
25927.6750007886
25959.760000795137
26271.590000858665
26285.100000861417
26355.585000875777
26367.860000878278
26392.820000883363
26574.265000920328
26677.345000941328
27034.340001014058
27059.63000101921
27318.000001071847
27350.915001078552
27499.120001108746
27558.98000112094
27577.4400011247
27709.790001151665
27727.1350011552
27762.58000116242
27837.030001177587
27851.48000118053
27914.00500119327
27946.190001199826
28175.3000012465
28187.430001248973
28234.520001258566
28258.14000126338
28465.610001305646
28500.845001312824
28550.675001322976
28597.395001332494
28638.6600013409
28671.380001347567
28690.63500135149
28889.100001391922
28954.56500140526
29035.185001421683
29056.355001425996
29069.760001428727
29089.370001432722
29145.200001444096
29207.84500145686
29246.220001464677
29311.675001478012
29352.55500148634
29476.070001511504
29493.415001515037
29531.27000152275
29549.650001526494
29580.94500153287
29615.145001539837
29699.080001556937
29762.105001569777
29914.14000160075
30172.71500165343
30200.590001659108
30226.235001664332
30404.965001700744
30453.020001710534
30473.22500171465
30492.735001718625
30635.79500174777
30657.98500175229
30960.125001813845
30977.12500181731
31003.205001822622
31018.795001825798
31038.54500182982
31065.54000183532
31230.480001868924
31295.765001882224
31311.3550018854
31432.660001910113
31508.885001925642
31524.105001928743
31546.550001933316
31588.035001941767
31728.93000197047
31790.950001983107
31876.635002000563
32049.1050020357
32165.800002059474
32313.900002089646
32341.890002095348
32391.87500210553
32425.93500211247
32452.39500211786
32689.57000216618
32754.31000217937
33016.40500205202
33172.73000197013
33245.560001931975
33262.38500192316
33294.7650019062
33316.150001894996
33492.46000180263
33507.83500179458
33535.135001780276
33806.20500163827
33945.86500156511
34019.08000152675
34043.49500151396
34205.555001429064
34221.27500142083
34281.55500138925
34298.14500138056
34402.30500132599
34414.96500131936
34771.44500113261
34804.44000111533
34868.07500108199
35100.88000096003
35217.70000089883
35331.41000083926
35355.16000082682
35372.09500081795
35393.79500080658
35462.90500077038
35500.37500075075
35517.57000074174
35595.020000701166
35626.71500068456
35934.19500052348
35973.18000050306
35991.95000049323
36045.29500046528
36102.54500043529
36121.53500042534
36211.57500037817
36292.680000335684
36605.120000172006
36621.47000016344
36694.36500012525
36711.11500011648
36726.20500010857
36795.305000072374
36861.21000003785
37130.88999989657
37182.47499986955
37238.80499984004
37254.02999983206
37288.954999813766
37532.299999686285
37559.1899996722
37579.18999966172
37601.919999649814
37649.19499962505
37663.27999961767
37724.179999585765
37956.86999946387
38026.80499942723
38061.419999409096
38140.239999367805
38367.19999924891
38443.10999920914
38638.57499910674
38706.219999071305
38742.12999905249
38757.0099990447
38828.28999900736
38856.179998992746
39057.95499888704
39080.52499887522
39491.55999865989
39951.284998419054
40001.87499839255
40079.8549983517
40167.92999830556
40217.63999827952
40231.95499827202
40253.77499826059
40285.26499824409
40365.59499820201
40421.554998172694
40444.81999816051
40624.01999806663
40637.35499805964
40661.8699980468
40768.42999799098
41050.64999784313
41083.26999782604
41097.6649978185
41112.449997810756
41182.46499777408
41244.30499774168
41259.51999773371
41271.67499772734
41383.949997668526
41424.54499764726
41618.839997545474
41733.37499748547
41899.30499739855
41915.514997390055
41935.2749973797
41960.929997366264
41989.884997351095
42029.80499733018
42053.28999731788
42158.90999726255
42183.73499724954
42357.00999715877
42900.90499687384
42925.214996861105
43053.81999679373
43073.7349967833
43168.214996733805
43206.72499671363
43224.02499670457
43261.519996684925
43367.464996629424
43545.16999653633
43572.189996522175
43828.06999638813
43843.324996380135
43895.63499635273
43985.63499630558
44071.23999626074
44182.13499620264
44247.79999616824
44270.624996156286
44287.55499614742
44318.91499613099
44435.07999607013
44462.2499960559
44543.254996013464
44564.42499600237
44591.71499598808
44709.684995926276
44742.01999590934
44760.919995899436
44884.2999958348
44914.129995819174
45180.98499567938
45280.84499562706
45327.534995602604
45346.774995592525
45369.89999558041
45503.28999551053
45577.93499547143
45593.46999546329
45616.58499545118
45702.129995406365
46080.12999520834
46211.759995139386
46255.21999511662
46299.874995093225
46401.41999504003
46414.904995032965
46462.7449950079
46496.04499499046
46745.674994859684
46759.54499485242
46777.874994842816
47078.829994685155
47096.73999467577
47109.89499466888
47130.20999465824
47157.30999464404
47187.94999462799
47207.774994617605
47343.59999454645
47384.3549945251
47419.91999450647
47439.799994496054
47452.99999448914
47534.27499444656
47560.019994433074
47731.779994343095
47881.989994264404
48000.93499420209
48067.759994167085
48141.52999412844
48171.78499411259
48183.86999410626
48197.19499409928
48242.419994075586
48268.21499406207
48678.05999384737
48704.38499383358
48728.079993821164
49022.47499366694
49196.209993575925
49398.204993470106
49413.2999934622
49718.87499330212
49753.05499328421
49989.919993160125
50181.36499305983
50651.18499281371
50750.894992761474
50884.934992691255
50903.15999268171
51018.0849926215
51444.46999239813
51661.62499228437
51798.979992212415
51866.994992176784
51897.52999216079
52324.9049919369
52407.184991893795
52488.05499185143
52502.419991843904
52518.759991835344
52536.37499182612
52577.26999180469
52599.76499179291
52613.3399917858
52644.90999176926
52687.084991747164
52774.8249917012
52934.16499161773
52952.26999160824
52984.619991591295
53000.55499158295
53018.0099915738
53043.929991560224
53396.11999137572
53423.984991361125
53444.69999135027
53568.13499128561
53724.78999120354
53794.05499116726
53893.739991115035
53914.55499110413
53977.85999107097
54029.56499104388
54150.939990980296
54227.23499094033
54421.59499083851
54504.599990795024
54518.16499078792
54657.44999071495
54731.804990676
54754.91499066389
54784.689990648294
54988.19999054168
55364.13499034474
55387.47999033251
55495.17499027609
55974.83999002481
56128.074989944536
56167.32998992397
56269.24498987058
56395.32498980453
56424.67498978916
56486.909989756554
56611.994989691026
57610.74998916781
57840.09498904766
58238.86498883876
58266.2699888244
58283.31498881547
58524.90498868891
58538.55498868176
58559.36498867086
58577.27498866148
58664.09998861599
58763.349988564
58789.354988550374
58860.56998851307
58891.304988496966
58973.214988454056
59004.234988437805
59056.364988410496
59073.049988401755
59109.549988382634
59137.534988367974
59538.44498815795
59562.91498814513
59630.954988109486
59659.63998809446
59708.39498806892
59880.45998797878
60014.089987908774
60145.91998783971
60219.479987801176
60250.519987784915
60288.35998776509
60356.24998772953
60388.48498771264
60817.70998748778
60895.13998744722
60915.37498743662
61160.08998730842
61287.30998724177
61309.36498723022
61860.93998694127
61909.88998691562
62209.33998675875
62373.13498667294
62573.90998656776
62589.36498655967
62613.25498654715
62706.37498649837
62812.77498644263
62883.05998640581
62916.89998638808
63111.22498628628
63331.384986170946
63348.05498616221
63362.48998615465
63505.65498607965
63530.87998606644
63663.6199859969
63711.86998597162
63848.31998590014
63862.284985892824
63883.46498588173
63899.37498587339
63924.89998586002
64132.389985751324
64161.94498573584
64520.54998554798
64774.90998541473
64788.11498540781
65012.88998529006
65031.67498528022
65209.97998518681
65305.68998513667
65322.799985127705
65459.95998505585
65772.11998523591
65800.07498526195
65813.13998527412
66251.07998568198
66515.52498592826
66616.62998602242
66664.47498606698
66679.7399860812
66740.5199861378
66828.26998621953
66961.96998634405
66974.32998635556
67043.49998641998
67182.76498654968
67198.92998656473
67219.57498658396
67237.7599866009
67346.93998670258
67484.43498683063
67504.8049868496
67526.84998687013
67547.61498688947
67570.81498691108
67720.59998705058
67785.46498711099
68038.74498734687
68138.13498743944
68183.75998748193
68317.90498760686
68361.33998764731
68371.744987657
68438.93498771958
68518.91498779407
68590.52998786076
68941.28998818743
68954.05498819932
68971.0049882151
69083.14498831955
69119.96998835384
69140.73998837319
69168.75498839928
69191.7649884207
69211.99998843955
69302.58498852391
69366.31998858327
69496.50498870452
69604.03998880467
69645.53998884332
69717.98498891079
69830.22998901532
69841.1549890255
69855.7549890391
69935.94998911378
69954.28498913086
69973.84498914907
69987.92998916219
70063.67498923274
70289.444989443
70404.90498955053
70421.13998956565
70475.92498961667
70550.75998968637
70577.9549897117
70643.76998977299
70705.49498983048
70722.3699898462
70738.46998986119
70751.35498987319
70900.57499001216
70937.49999004655
70949.75999005797
71173.46999026631
71292.75999037741
71344.97999042604
71473.43499054568
71770.08999082196
71931.199990972
71955.87499099498
71985.2099910223
72119.97999114782
72353.77999136556
72396.68499140552
72461.05999146547
72900.77499187499
72918.70499189169
72959.82999192999
72987.5399919558
73052.90999201668
73365.37999230769
73379.98499232129
73525.93499245722
73573.86999250186
73606.17499253195
73628.75499255297
73669.54499259096
73742.76999265916
73774.57499268878
73803.64499271585
73818.0799927293
73853.86499276262
74263.61499314423
74586.64999344508
74688.87499354029
75003.28999383311
75021.29499384988
75054.56499388086
75134.97499395575
75261.79499407386
75277.47499408846
75364.2749941693
75377.909994182
75462.0949942604
75614.46499440231
75628.16499441507
75642.81499442871
75676.20999445982
75693.61999447603
75711.55999449274
75739.9799945192
75755.94999453408
75772.78999454976
75801.80499457679
75964.76499472855
75988.78499475092
76028.36499478779
76042.85999480129
76158.35999490885
76169.72499491944
76335.69999507401
76493.04999522056
76534.78999525943
76635.96499535366
76671.81999538705
76729.5349954408
76899.15999559878
76931.35499562876
77091.85999577824
77104.61999579013
77125.3099958094
77520.6699961776
77743.39999638504
77898.81499652978
77922.86499655218
77955.28499658237
77978.68499660416
78102.1049967191
78147.65499676153
78267.30999687297
78564.57499714982
78662.96499724145
78919.08499747998
78941.7649975011
79018.87499757292
79168.71999771247
79196.21499773808
79266.19999780325
79399.69499792758
79586.63999810169
79642.814998154
79659.29999816936
80189.89499866351
80213.26999868528
80373.4899988345
80412.83499887114
80423.94499888149
80440.08499889652
80625.5049990692
80665.62999910658
80685.71499912528
80846.50999927503
81425.52499981428
81444.34999983181
81468.21499985404
81503.29499988671
81585.8499999636
81715.3500000842
82030.40500037762
82105.38000044745
82200.38500053593
82286.98500061658
82306.9800006352
82539.02500085131
82562.54500087322
82611.36500091868
82686.71000098885
82806.66500110057
82846.02000113722
82900.9700011884
82916.72000120307
82934.98000122007
82983.23000126501
83014.52000129415
83094.08500136825
83118.34000139084
83168.02500143711
83203.41000147007
83543.86000178714
83602.07000184135
83656.95000189246
83709.26500194118
83775.30000200268
83805.56500203087
83851.79500207392
84335.065002524
84397.9900025826
84416.65500259999
84531.40500270686
84546.90000272129
84594.40500276553
84626.76500279567
84644.97500281263
84686.29500285111
84749.55000291002
84771.7450029307
84787.68000294553
84802.74000295956
84817.87000297365
84834.37500298902
85047.44000318745
85100.35500323673
85118.73500325385
85142.65500327613
85158.27500329068
85210.2650033391
85222.09500335011
85247.94000337418
85269.3300033941
85296.44000341935
85371.29500348907
85387.2150035039
85402.17500351783
85497.50500360661
85616.92000371782
85738.36500383093
85750.66000384238
85770.19500386057
85802.870003891
85845.76500393095
85991.90000406705
86287.48500434234
86346.56000439735
86369.1600044184
86393.07500444067
86414.70500446082
86583.01000461756
86750.16000477324
86777.98500479915
86810.28000482923
86825.8250048437
86924.84500493592
87139.84500513616
87526.66000549641
87681.21500564035
87697.2700056553
87711.71500566875
87847.270005795
87867.38500581373
87939.59000588098
87964.94500590459
88104.37500603445
88215.18500613765
88230.03000615147
88311.44000622729
88333.3600062477
88385.34000629612
88419.4750063279
88606.82000650238
88761.91500664683
88906.15000678116
88989.86500685912
89086.49500694912
89213.59000706748
89410.80500725115
89429.09500726819
89445.62500728358
89603.73000743083
89628.09500745352
89654.9100074785
89883.53500769142
89914.7550077205
89930.35500773502
90096.84000789007
90214.64000799978
90582.15500834206
90753.60000850173
90784.9250085309
90803.280008548
90830.80500857363
90866.33000860672
90897.57000863581
90948.97500868369
91422.43500912463
91538.67000923288
91752.73000943224
91797.3600094738
91828.32000950264
91882.00000955263
91988.8050096521
92058.39500971691
92086.00500974263
92118.04000977246
92133.84000978718
92338.00500997732
92382.62501001888
92402.92501003778
92443.98001007602
92461.52001009235
92529.09001015528
92753.64501036442
92872.45501047507
93016.77001060947
93034.58501062606
93133.37001071806
93233.9050108117
93252.88501082937
93315.37501088757
93333.73501090467
93355.62001092505
93443.7200110071
93530.62501108804
93634.9500111852
93671.84001121955
93707.16001125245
93926.18501145643
94197.55001170916
94330.50001183298
94348.3550118496
94391.26001188956
94429.16501192487
94519.35501200886
94547.29001203488
94584.92001206992
94894.49501235824
94907.39501237025
94923.62001238536
95121.17501256935
95211.55501265352
95644.50501305674
95690.27001309936
96073.39501345617
96146.19001352397
96180.18001355563
96358.16501372139
96675.32501401677
96760.56001409615
96823.41501415469
96839.95501417009
97098.11501441052
97116.76501442789
97135.08001444495
97385.13001467782
97595.54501487379
97654.81501492899
97667.75001494103
97703.62001497444
97857.50501511776
97961.30501521443
97982.82501523447
98356.59001558257
98375.66501560033
98621.50501582929
98634.78001584165
98658.39501586364
98722.0250159229
98907.36501609551
98942.8900161286
98959.16001614375
98974.10501615767
98999.6900161815
99016.93001619756
99059.76001623744
99335.42001649417
99399.9850165543
99412.35501656582
99432.59501658467
99604.07001674437
99698.74001683254
99896.84501701704
100305.43001739756
100378.34501746547
100402.66001748812
100562.515017637
100616.00501768681
100726.7000177899
100769.34501782962
100790.51001784933
100840.28001789568
100979.5650180254
101010.02501805377
101025.2000180679
101115.13501815166
101144.64501817914
101169.07001820189
101206.21501823649
101297.80501832179
101359.57501837931
101604.045018607
101624.48501862603
101646.58001864661
101695.39001869207
101873.37501885783
102139.93501910608
102158.48001912335
102525.4300194651
102538.88001947763
102552.5900194904
102563.85001950088
102627.47501956014
102659.31501958979
102678.72501960787
102818.35501973791
102835.71501975408
102958.77501986868
102985.71001989377
103283.14502017078
103371.45502025302
103507.96502038016
103636.57502049993
103749.88002060546
103771.26502062537
103808.26502065983
103857.47002070566
103875.69502072263
103911.19002075569
104316.88002113352
104351.3350211656
104425.44502123463
104477.99002128356
104500.19502130424
104561.2450213611
104633.47502142837
104665.43502145814
104721.7650215106
104754.16502154077
104871.18002164975
104994.02002176415
105043.54502181028
105080.16002184438
105114.84502187668
105365.4800221101
105586.78502231621
105602.60002233094
105626.05502235278
105782.31502249831
105803.65502251819
105837.79002254998
106046.04502274393
106099.815022794
106144.29002283543
106323.4700230023
106345.64502302295
106465.5250231346
106485.0750231528
106503.41002316988
106600.54502326035
106672.31002332718
106909.71002354828
106935.3900235722
106951.16002358688
107059.77002368803
107254.27002386918
107339.51002394856
107358.59502396634
107373.41502398014
107543.76002413878
107560.78002415464
107586.20002417831
107601.04002419213
107631.62502422062
107700.25002428453
107835.04002441006
108005.63002456893
108034.91502459621
108070.59002462943
108135.07502468949
108229.34002477728
108276.72502482141
108296.75502484007
108361.79502490064
108393.38502493006
108565.9800250908
108699.1250252148
108761.79502527317
109140.78502562613
109427.83502589347
109509.87502596987
109526.29502598516
109743.03002618701
109784.63502622576
109987.73502641491
110012.47502643795
110113.1350265317
110130.70502654806
110392.4100267918
110415.86002681364
110482.92002687609
110498.0750268902
110512.07002690324
110862.1800272293
110882.88002724858
110908.61502727255
110966.57002732652
111199.015027543
111302.080027639
111384.72002771596
111401.15002773126
111740.81002804759
111791.21002809453
111919.3800282139
112119.75502840051
112139.41502841882
112175.10002845206
112232.90002850589
112359.50002862379
112492.35002874752
112524.14502877713
112672.34502891515
112685.47502892738
112696.49002893764
112734.60002897313
112991.080029212
113011.62502923113
113025.72502924426
113038.47002925613
113071.24002928665
113091.00002930505
113263.53502946574
113276.51502947783
113290.03502949042
113348.76002954511
113413.02502960496
113429.91002962069
113447.78502963734
113574.86502975569
113588.74002976861
113631.08002980804
113753.58502992213
113830.02002999332
114038.0900301871
114103.82003024832
114221.22003035765
114241.32003037637
114343.85003047186
114465.28003058495
114558.04503067135
114596.05503070675
114631.85503074009
114788.51503088599
114887.75503097841
115495.52503154444
115517.03503156448
115594.8050316369
115783.3500318125
115805.39003183303
116044.69003205589
116116.83003212308
116133.2850321384
116150.55503215449
116226.83003222552
116258.84503225534
116273.99503226945
116285.01003227971
116428.97003241378
116520.94003249943
116542.28003251931
116583.85003255802
116606.87003257946
116837.57503279432
116857.82003281318
116976.61503292382
117090.56503302994
117108.79503304692
117281.29003320757
117539.92503344844
117634.72503353673
117665.17003356508
117680.48503357935
117732.78003362805
117882.20503376721
118067.60003393987
118086.8450339578
118230.58003409166
118292.02003414888
118357.06503420946
118380.04503423086
118474.08003431844
118521.54503436264
118568.79503440665
118682.96503451298
118742.22503456817
118983.12503479252
119026.18503483263
119044.69503484986
119223.9350350168
119249.31503504043
119269.21003505896
119286.39503507497
119331.40003511688
119350.08503513428
119426.6700352056
119634.320035399
119665.22503542778
119697.0350354574
119838.30503558897
119928.43503567291
120032.81503577012
120080.32003581437
120186.17003591295
120201.54503592727
120314.65503603261
120462.97003617074
120820.9100365041
120899.96503657772
120960.43503663404
121111.07003677433
121126.66503678885
121218.49503687437
121346.28503699339
121491.43003712856
121507.64503714367
121526.52503716125
121539.73503717355
121557.41003719001
121702.62503732526
121738.82503735897
121993.72003759636
122258.99503784342
122285.88503786846
122298.3800378801
122330.69503791019
122560.89003812458
122573.86003813666
122727.92003828014
122808.86503835552
122857.64503840095
122869.28003841179
122928.570038467
122943.08503848052
122992.47003852652
123243.61003876041
123342.61503885261
123410.95003891626
123505.77003900456
123635.60003912548
123704.54003918968
123809.80503928772
123829.25003930583
124086.02003954496
124304.95003974886
124410.6450398473
124444.22003987856
124462.53003989562
124611.45004003431
124674.39004009293
124713.25004012912
124729.7650401445
124832.53504024021
125061.70504045364
125187.96504057123
125367.40004073834
125489.41504085198
125644.94004099682
125815.48504115565
126021.11004134716
126095.030041416
126336.5100416409
126584.41504187178
126600.85504188709
126621.53504190635
126650.86504193366
126754.80004203046
126780.12004205404
126815.95004208741
126852.50004212145
126877.47504214471
126998.33504225727
127203.53504244838
127376.36504260934
127428.84004265821
127511.77004273544
127954.17504314746
128253.64504342637
128288.53504345886
128303.49004347279
128413.70504357544
128550.00004370237
128592.27004374174
128928.93004405528
129029.21504414867
129043.85504416231
129095.14004421007
129263.70004436705
129311.81504441187
129328.70004442759
129340.38504443847
129355.29504445236
129498.83004458604
129567.25004464976
129595.07504467567
129649.83004472667
129805.55004487169
129868.56004493037
129899.71504495939
129914.73004497337
129934.97504499223
129951.43004500755
130061.03004510963
130145.30004518811
130206.53004524513
130326.41004535678
130892.65504588414
131088.51504606655
131248.64504621568
131263.2700462293
131358.66504631814
131414.30004636996
131589.6800465333
131612.84004655486
131644.60504658445
131659.32504659815
131724.17004665855
131757.16004668927
131778.94004670955
131824.14004675165
131920.65504684154
131939.92004685948
131972.39504688972
132002.5300469178
132024.10504693788
132055.29504696693
132081.6800469915
132188.02004709054
132271.43504716823
132297.04004719207
132526.59004740586
132558.01504743512
132587.32504746242
132695.49004756316
132715.20004758151
132732.38004759751
132750.86004761473
132981.92004782992
133017.5550478631
133033.7500478782
133067.44004790956
133084.52504792548
133194.15004802757
133283.1900481105
133349.5450481723
133373.68504819478
133393.23504821298
133483.1100482967
133558.21504836663
133580.80004838767
133680.7050484807
133754.9950485499
133799.72004859155
133828.99504861882
133896.3000486815
133909.03004869336
134021.12004879775
134052.17504882667
134070.01004884328
134155.2900489227
134209.92004897358
134227.03004898952
134248.67004900967
134303.16004906042
134335.73504909076
135010.9600497196
135135.45004983555
135160.35504985874
135419.7350501003
135885.96505053452
136056.15005069302
136352.6950509692
136483.51505109103
136502.77505110897
136548.91005115194
136632.78505123005
136772.91505136056
136783.82505137072
136797.9700513839
136816.57505140122
136850.74005143304
137093.43505165906
137260.06005181425
137331.55005188083
137378.47005192452
137390.93005193613
137516.38505205297
137530.55005206616
137599.25505213015
137739.1250522604
137755.47005227563
137801.0750523181
137952.85005245946
137972.83005247806
137996.1650524998
138234.6400527219
138404.77005288034
138448.49505292106
138473.84005294467
138668.84005312627
138719.37505317334
138751.52505320328
138764.83505321568
138963.58005340077
139029.7550534624
139473.2100538754
139520.86005391978
139701.10005408764
140180.31505453394
140251.1450545999
140267.75005461538
140598.5950549235
140719.12005503575
140779.82005509228
140811.59005512187
140834.74505514343
140865.12005517172
141040.6500553352
141051.00505534484
141071.17505536362
141096.86505538755
141153.91505544068
141182.53005546733
141224.56505550648
141514.22505577625
141538.51005579886
141693.5850559433
141719.82005596772
141914.3700561489
141926.7200561604
141947.68005617993
141980.3950562104
141997.10505622596
142138.4400563576
142473.88005667
142486.39505668165
142624.78505681054
142641.31505682593
142690.82005687203
142738.1500569161
142784.6200569594
142881.98005705007
142934.92005709937
143019.6850571783
143356.20005749172
143375.05005750927
143471.90005759947
143492.35005761852
143509.0950576341
143586.68005770637
143607.15505772544
143884.6900579839
144186.85505826533
144228.0500583037
144268.80505834165
144444.44005850522
144458.50005851832
144629.23505867732
144755.75505879516
144771.51005880983
144785.05505882244
144814.61005884997
144872.97005890432
145029.26005904988
145044.70005906426
145066.0150590841
145082.24005909922
145116.65505913127
145203.73505921237
145231.30505923805
145330.3550593303
145346.2600593451
145374.97505937185
145387.09005938313
145569.62005955313
145614.22005959466
145634.69005961373
145825.4600597914
145839.89505980484
145860.19005982374
146074.2550600231
146238.18506017578
146261.27506019728
146457.0500603796
146486.22506040678
146655.87006056478
146683.40506059042
146946.93506083585
146967.490060855
147102.92006098112
147333.8700611962
147350.79506121197
147373.32506123296
147404.36006126186
147433.500061289
147759.925061593
147865.43506169127
147882.16506170685
147955.1150617748
147989.89506180718
148174.95506197953
148519.54006230045
148625.4600623991
148641.48006241402
148682.87506245257
148705.2350624734
148821.98006258212
148857.290062615
149069.06506281224
149086.45506282843
149114.38006285444
149213.8700629471
149229.73006296187
149390.03506311117
149450.24006316724
149704.3700634039
149716.67006341537
149773.4000634682
149790.4800634841
149807.67006350012
150055.590063731
150327.69006398442
150471.45506411832
150505.8050641503
150774.68006440072
150794.5150644192
150885.87006450427
150969.36006458203
151347.0700649338
151449.52506502921
151474.82506505278
151501.76006507786
151575.1300651462
152029.2300655691
152082.6900656189
152171.52506570163
152327.36006584676
152347.0550658651
152529.28006603481
152630.38506612898
152852.32506633567
152874.2450663561
152982.57006645697
153075.50006654352
153171.66006663308
153366.60506681463
153399.08506684488
153422.9300668671
153441.90006688476
153590.18506702286
153606.99506703852
153687.42506711342
153824.6400672412
153846.14506726124
154116.21006751276
154129.9850675256
154145.60006754013
154177.00506756938
154320.7000677032
154413.62006778974
154451.0500678246
154615.9850679782
154854.39006820024
155160.01506848488
155218.10006853897
155234.17506855394
155255.720068574
155336.36506864912
155400.92006870924
155428.11506873457
155575.38506887172
155602.6500688971
155859.55006913637
155879.17006915464
155947.81006921857
156018.66006928455
156140.34006939788
156165.57006942137
156190.22506944434
156500.8350697336
156521.05006975244
156548.52506977803
156597.92506982404
156820.61007003143
156846.2500700553
156858.62007006683
156939.31007014198
157236.58007041883
157376.65007054928
157398.88007056998
157423.88007059327
157439.20007060753
157456.57507062372
157475.27507064113
157499.13007066335
157626.33507078182
157752.64507089945
157812.6250709553
157921.42007105664
157943.4950710772
157958.68007109134
158046.0500711727
158075.31007119996
158142.10507126217
158187.97007130488
158202.21007131814
158321.50507142924
158447.48507154657
158462.1050715602
158595.8900716848
158832.1300719048
158972.71007203573
158989.39007205126
159012.07007207238
159040.52007209888
159118.02507217106
159308.7750723487
159616.7200726355
159629.98007264786
159650.9750726674
159675.20507268998
159693.73007270723
159710.10007272247
159846.83507284982
159864.92507286667
159987.17507298052
160007.17507299915
160029.91007302032
160054.46007304318
160154.42007313628
160218.38507319585
160232.78507320926
160243.84007321956
160302.22007327393
160323.90007329412
160467.16007342754
160493.2000734518
160671.4600736178
160731.32507367356
160831.39507376676
161059.6200739793
161072.76007399155
161092.87007401028
161256.06507416227
161346.36007424636
161384.58507428196
161506.6100743956
161538.2700744251
161551.55007443746
161563.22007444833
161590.85507447406
161821.9500746893
162104.71007495263
162181.71007502434
162735.25507553987
162864.75507566048
162876.10507567105
163054.66007583734
163080.56507586146
163164.06007593923
163198.30507597112
163420.26007617783
163435.87007619237
163464.2600762188
163488.66507624154
163515.990076267
163621.86007636558
164005.02007672243
164053.02507676714
164198.96507690306
164211.62007691484
164224.2350769266
164240.1450769414
164250.30007695087
164360.74007705372
164444.3550771316
164497.34507718094
164614.62507729017
164667.33507733926
164719.685077388
164749.92507741618
164793.51507745677
164989.02007763885
165195.90507783153
165251.34007788316
165266.67007789743
165360.17507798452
165675.3950782781
165690.27007829194
165775.64507837145
165841.46507843275
165923.04507850873
165940.59007852507
166008.89007858868
166027.76507860626
166448.36507899797
166492.8500790394
166508.05507905356
166528.53007907263
166648.16507918405
166895.6150794145
166960.76507947518
166982.92507949582
167030.51507954014
167096.23507960135
167312.28007980256
167340.93507982924
167369.73007985606
167417.4600799005
167675.33508014068
167754.96008021483
167793.3500802506
167852.04508030525
167902.06508035184
167949.54508039606
167967.01008041232
168018.6250804604
168035.45508047607
168080.76508051826
168103.31008053926
168418.04008083238
168495.46508090448
168513.7450809215
168526.43008093332
168548.93008095428
168733.04008112574
168791.13508117985
168802.4650811904
168828.890081215
169022.00008139486
169191.08008155233
169219.84508157911
169309.35508166248
169919.71508223092
169940.21508225
170035.3250823386
170057.230082359
170086.69508238643
170114.21508241206
170136.46508243278
170156.58008245152
170230.81508252065
170254.3700825426
170269.55508255673
170293.55508257909
170805.5250830559
170894.5500831388
170909.86508315307
170958.68508319854
170978.87008321733
171056.50008328963
171399.47008360905
171420.74008362886
171436.80008364382
171488.88008369232
171508.3050837104
171576.7000837741
171599.43008379528
171654.3350838464
171832.22008401208
171891.6350840674
171939.81508411228
172007.75008417555
172027.6650841941
172062.29508422635
172129.00508428848
172159.45008431684
172178.87508433493
172271.67508442135
172350.47008449474
172809.50008492224
172827.7000849392
172979.88508508092
173167.93508525606
173276.60008535726
173432.70008550264
173478.98508554575
173618.56008567574
173676.6100857298
173790.76508583612
174067.75508609408
174161.00008618092
174252.60508626624
174337.0700863449
174584.145086575
174708.31008669065
174781.41508675873
174844.12008681713
174868.10008683946
174890.13508685998
175067.6300870253
175152.4700871043
175171.0450871216
175194.8850871438
175229.28508717584
175427.6600873606
175448.12008737965
175463.40508739388
175505.44008743303
175740.25508765172
175831.13008773635
175854.76508775837
175903.765087804
175929.49508782796
175969.5700878653
175988.31008788274
176041.4100879322
176060.55008795002
176176.76008805825
176297.26008817047
176349.22508821887
176738.31008858123
176774.94008861535
176794.88508863392
176817.58508865506
176832.95008866937
176904.14508873568
176947.59508877614
176959.84008878755
176977.32508880383
177285.5750890909
177682.91008946096
177838.3150896057
177965.21008972387
178126.8400898744
178175.73008991993
178194.11508993706
178261.64008999994
178280.25009001727
178319.07509005343
178361.90509009332
178405.76509013417
178426.86009015382
178451.19509017648
178472.55509019637
178575.64509029238
178966.2850906562
178995.4950906834
179071.16509075387
179245.61009091634
179313.3350909794
179422.0800910807
179602.07009124832
179684.0900913247
179704.44509134366
179737.1300913741
179750.47509138653
179856.49009148526
180048.1000916637
180329.24009192555
180587.5300921661
180752.28509231954
180865.58509242506
181154.7850926944
181170.6950927092
181221.66509275668
181304.20509283355
181448.08009296755
181465.9600929842
181525.30009303946
181660.9550931658
181677.21509318094
181695.50509319798
181713.26509321452
181737.03009323665
181968.5650934523
182039.28009351814
182137.3700936095
182216.25509368296
182281.1600937434
182327.93509378697
182521.60009396734
182535.9400939807
182565.1550940079
182590.66009403166
182606.9300940468
182811.53009423736
183142.97509454604
183194.8900945944
183261.7950946567
183275.60509466956
183347.63509473664
183488.95009486825
183622.96509499307
183719.1050950826
183746.18509510782
183770.15509513015
183796.2100951544
183921.03509527066
183947.8050952956
183967.04509531352
184017.04509536008
184044.28009538545
184158.08009549143
184448.3950957618
184538.82009584602
184565.77009587112
184635.61509593617
184679.95009597746
184901.10009618342
185088.89509635832
185105.54509637383
185142.54509640828
185159.9500964245
185254.2150965123
185286.85009654268
185425.1750966715
185438.02509668347
185453.35509669775
185472.36009671545
185543.80009678198
185703.08509693033
185825.42009704426
185839.40009705728
185861.27009707765
186000.82009720762
186295.51009748207
186452.93009762868
186483.04509765672
186534.43009770458
186615.39009777998
186673.47509783407
186767.82009792194
186797.6400979497
186881.53009802784
186900.5900980456
186939.92509808223
186992.16509813088
187007.45509814512
187299.8050984174
187508.37009861163
187615.88009871176
187686.66009877768
187718.60509880743
187821.15009890293
187889.56009896664
187905.2900989813
187940.78509901435
188000.26509906974
188016.40009908477
188087.98009915143
188197.85509925376
188213.60509926843
188235.63009928894
188261.71009931323
188281.5450993317
188387.50009943038
188448.56509948726
188465.10509950266
188703.77009972493
188762.01509977918
188795.94009981077
189394.71510036843
189668.46010062337
189685.3451006391
189715.6201006673
189796.22010074236
190004.82010093663
190043.91510097304
190290.27510120248
190696.8201015811
191185.09010203584
191225.77510207373
191257.28510210308
191280.77010212495
191303.63510214625
191355.30010219436
191494.65010232414
191525.01510235242
191566.09010239068
191840.1251026459
192078.58010286797
192099.6651028876
192165.3751029488
192228.89510300796
192278.93510305457
192376.05510314502
192399.51510316686
192418.50010318455
192737.85510348197
193019.5351037443
193137.81510385446
193160.71010387578
193205.59510391759
193555.4501042434
193588.55510427424
193616.06510429987
193684.7251043638
193698.80010437692
193717.17510439403
193970.90510463034
194061.41510471463
194474.7601050996
194498.31510512152
194616.59510523168
194636.74510525045
194749.6401053556
194768.21010537288
194926.44010552025
195051.02010563627
195076.3851056599
195596.2951061441
195646.17510619055
195693.55010623467
195843.6801063745
195902.70510642946
195956.57010647963
195973.59010649548
196450.53010693967
196491.98510697827
196675.49510714918
196688.10010716092
196776.73010724346
196831.77510729473
196889.34510734834
196917.3101073744
197148.21510758944
197173.13510761264
197304.0701077346
197318.13010774768
197534.305107949
197558.11510797119
197591.0901080019
197621.96510803065
197680.1101080848
197698.76510810218
197715.4451081177
197827.49010822206
198323.68010868417
198423.92510877753
198445.56010879768
198461.60510881263
198608.62010894954
198797.51010912546
199061.170109371
199314.21010960668
199607.83510988014
199672.2201099401
199685.6301099526
200072.4151103128
200199.2051104309
200303.82011052832
200420.31511063682
200478.77511069126
200654.45011085487
200673.95011087303
200917.1151110995
200950.47011113056
201073.0101112447
201210.6901113729
201287.69011144462
201386.51511153666
201411.61511156004
201429.67011157685
201454.60511160007
201528.7101116691
201556.08011169458
201625.9951117597
201656.35511178797
201780.1951119033
201794.96511191706
201986.29511209525
202056.34011216048
202287.4351123757
202408.8601124888
202514.6151125873
202829.1201128802
203590.12011358893
203642.5951136378
203653.4351136479
203775.56011376163
204102.50011406612
204119.73511408217
204341.5901142888
204419.95511436177
204493.95011443069
204584.83511451533
204619.925114548
204673.34011459776
204699.63511462224
204750.31511466944
204767.49011468544
204983.32511488645
204999.1751149012
205132.1901150251
205265.42511514918
205321.30011520121
205580.23011544236
205692.83011554723
206444.13011624693
206789.16011656827
206873.715116647
206980.78011674673
207093.04511685128
207162.60011691606
207184.58511693653
207198.96011694992
207257.50511700445
207282.53511702776
207367.5251171069
207547.0351172741
207599.7601173232
207769.49511748127
207830.60011753818
207851.70511755784
207868.6401175736
207893.06511759636
207923.34511762456
208003.5851176993
208079.68511777016
208315.6401179899
208328.5101180019
208427.78011809435
208742.59011838754
208899.7451185339
208968.08511859755
209123.16511874198
209156.53011877305
209231.4151188428
209391.16011899157
209507.62511910003
209626.48011921073
209641.18511922442
209658.0301192401
209684.29511926457
209888.71511945495
210024.9301195818
210146.30011969485
210161.95511970943
210173.7251197204
210217.68011976132
210367.35511990072
210380.23511991272
210426.73011995602
210489.79512001475
210505.37512002926
210541.04012006248
210560.64012008073
210628.31012014375
210640.86012015544
210746.1651202535
210764.59512027068
210941.5851204355
211001.00012049085
211017.57512050628
211072.6601205576
211108.56512059103
211134.69012061536
211203.62512067956
211413.19012087473
211750.76012118912
211765.5551212029
211948.29012137308
211970.2101213935
212019.2701214392
212042.8051214611
212132.17512154434
212238.26512164314
212304.3751217047
212342.66512174037
212378.21512177348
212395.13012178923
212801.3851221676
212948.42512230453
213055.14512240392
213128.70012247242
213156.5851224984
213533.87512284977
213557.12012287142
213686.08012299152
213814.1651231108
213958.5801232453
214032.2201233139
214112.0151233882
214127.54012340266
214354.09512361366
214405.81512366183
214510.10012375895
214546.79512379313
214629.81512387044
214653.3751238924
214672.42512391013
214750.26512398262
215218.825124419
215675.7001248445
215688.98012485687
215720.87012488657
215744.33512490842
215784.10012494546
216131.05012526858
216156.80012529256
216279.60512540693
216468.90012558323
216633.67012573668
216792.88012588496
216830.6051259201
216852.37512594037
216889.41012597486
216990.73512606922
217017.73512609437
217058.72512613254
217078.47512615094
217099.76012617076
217123.2001261926
217139.51012620778
217197.06512626138
217266.63512632617
217281.5951263401
217303.31012636033
217318.1901263742
217330.47512638563
217514.6851265572
217534.31512657547
217548.26012658846
217689.84512672032
217978.1301269888
217990.12512699998
218005.33012701414
218034.90512704168
218182.07512717874
218269.4151272601
218510.2551274844
218526.3851274994
218662.59012762626
218781.6101277371
218883.8401278323
218913.92012786033
219210.1401281362
219286.23012820707
219360.245128276
219387.16512830107
219532.93512843683
219550.0951284528
219593.61512849334
219860.4051287418
219924.55512880156
219975.96012884943
220013.4101288843
220165.31512902578
220252.27012910676
220658.95512948552
220835.83512965025
220874.91012968664
220889.02012969978
220952.8101297592
220974.76512977964
220998.68512980192
221036.28012983693
221260.9751300462
221280.78513006464
221391.40013016766
221414.91013018956
221625.27513038547
221724.1901304776
221738.595130491
221769.12013051944
221965.34013070218
222007.15013074112
222775.47513145668
222802.2451314816
222858.02513153356
223117.9251317756
223141.94513179798
223158.3801318133
223187.02013183996
223527.46513215703
223543.3301321718
223605.73013222992
223732.7251323482
223753.43013236747
223780.49513239268
224036.6051326312
224065.54013265815
224222.21013280406
224246.11013282632
224349.67513292277
224671.32013322233
224916.04513345024
224940.10013347265
225005.965133534
225097.85013361956
225171.82513368846
225200.99513371562
225418.300133918
225978.4751344397
226181.28013462859
226280.11513472063
226344.20013478032
226386.25513481948
226442.40513487178
226474.19513490138
226586.89013500634
226704.3101351157
226718.63513512904
226776.28013518272
226825.36013522843
226861.69513526227
227191.06013556902
227218.27513559436
227611.0951359602
227647.30013599392
227712.73513605486
227821.09013615578
227970.4851362949
227991.48513631447
228006.42013632838
228025.5701363462
228326.99513662694
228444.3151367362
228530.08013681608
228798.38013706595
228830.61513709597
228853.01513711683
228869.44013713213
229038.03513728915
229479.9351377007
229529.07513774646
229817.05513801466
229835.91013803222
229936.8001381262
230030.41013821337
230042.4651382246
230075.6601382555
230093.13513827178
230346.760138508
230485.8251386375
230559.9101387065
230575.94013872143
230811.0601389404
230898.37513902172
231264.805139363
231276.2001393736
231343.9401394367
231375.69513946626
231451.71513953706
231547.24513962603
231577.13513965387
231656.14013972745
231807.55513986846
231829.7001398891
231863.05513992015
231917.2401399706
232015.38514006202
232238.89014027017
232260.97514029074
232336.5151403611
232376.43514039827
232403.7451404237
232426.66014044505
232471.10014048644
232487.66014050186
232539.12014054978
232553.91514056356
232635.75514063978
232647.7051406509
232723.95514072193
232758.7251407543
232777.79514077207
232927.69514091167
232953.66514093586
232970.1451409512
233326.01014128263
233357.0001413115
233478.95014142507
233505.72014145
233578.71014151798
233606.0101415434
233631.8851415675
233653.22014158737
233753.71514168096
233809.52514173294
234023.33514193207
234049.73014195665
234069.430141975
234124.71514202649
234287.23014217784
234646.52514251246
234681.23514254479
234701.1001425633
234725.88014258636
234764.0351426219
234803.24514265842
234815.83014267014
235001.3301428429
235026.15514286602
235259.12014308298
235512.90514331934
235526.69514333218
235633.40514343156
235672.60014346807
236164.0801439258
236257.2801440126
236316.8901440681
236344.82014409412
236379.33514412626
236402.41514414776
236418.5501441628
236440.07014418283
236451.80514419376
236483.02514422283
236507.0501442452
236701.47514442628
236762.5851444832
236779.18514449865
236856.93014457106
237000.9701447052
237122.70514481858
237251.3451449384
237405.69014508213
237419.24014509475
237492.27514516277
237549.02514521562
237571.30014523637
237972.5901456101
237985.77514562238
237999.1251456348
238019.56514565385
238237.99014585727
238253.4801458717
238337.8901459503
238348.76014596043
238365.65514597617
238385.27014599444
238548.09014614607
238563.1501461601
238584.0801461796
238910.26514648338
238984.1551465522
239171.61514672678
239201.0751467542
239299.01514684543
239769.51514728362
239837.1451473466
239847.69514735643
239875.18514738203
239896.4001474018
240221.40014770447
240259.9851477404
240344.1501478188
240362.7301478361
240376.07514784852
240429.69014789845
240770.14514821552
240796.8401482404
241087.53514851112
241190.61514860712
241386.96514878998
241604.80014899286
241888.27014925686
241969.88014933286
242424.91014975664
242615.38014993403
242633.33014995075
242647.94514996436
242658.7351499744
242673.90514998854
242698.7651500117
242779.01015008643
242803.3451501091
242816.50015012134
242841.72515014483
242898.44515019766
242909.74015020818
242962.11015025695
243019.47015031037
243062.16515035013
243348.725150617
243373.2001506398
243405.27015066968
243566.91515082022
243665.84015091235
243741.95515098324
243904.17515113432
244159.62015137222
244175.90015138738
244194.90515140508
244219.64515142812
244408.99515160447
244996.1601521513
245407.99015253485
245480.3151526022
245530.92015264934
245673.52515278215
245690.29515279777
245725.7601528308
245771.1801528731
245842.44515293947
245859.20515295508
245905.4101529981
245924.85015301622
246003.91015308985
246035.33515311911
246131.56515320874
246147.86515322392
246159.07515323436
246243.80515331327
246276.89515334408
246310.93015337578
246337.0401534001
246350.10015341226
246374.48015343497
246544.78515359358
246592.3901536379
246605.20015364984
246619.78015366342
246641.83015368396
246658.50015369948
246684.90015372407
246765.43015379907
246779.55515381222
246789.96515382192
246935.48515395744
247005.9751540231
247363.84015435638
247380.610154372
247410.11015439947
247424.33515441272
247438.56515442597
247541.0201545214
247609.02015458472
247791.34015475452
247809.5551547715
248085.14015502814
248178.04015511466
248280.1951552098
248594.88515550288
248651.36515555548
248677.69015558
248795.80515569
248951.94515583542
249073.66015594878
249125.50015599706
249178.3701560463
249289.5101561498
249352.57515620854
249408.12515626027
249450.7751563
249488.0501563347
249518.16515636275
249759.39515658742
249776.95515660377
249924.35015674104
249963.94515677792
250031.75015684107
250100.9451569055
250121.3301569245
250162.7901569631
250182.15515698114
250247.19515704171
250288.05515707977
250340.11515712825
250409.27515719266
250425.04015720735
250448.63015722932
250531.3951573064
250547.87515732175
250722.24015748414
250744.2051575046
250992.53515773587
251118.300157853
251162.2101578939
251184.40515791456
251234.3751579611
251271.5301579957
251292.5751580153
251306.72515802848
251349.65515806846
251514.78515822225
251556.86515826144
251843.66515852854
251864.50515854795
251881.70515856397
251927.97015860706
252011.47015868482
252027.3351586996
252300.6001589541
252378.1351590263
252391.09515903838
252547.30015918385
252569.11015920417
252592.31515922578
252656.47515928553
252684.98515931208
252952.96015956166
253189.36015978182
253243.3551598321
253678.13516023703
253692.51016025041
253755.49016030907
253781.20516033302
253936.64516047778
254104.12016063376
254341.74516085506
254451.27516095707
254881.09516135737
255005.07516147284
255033.74516149954
255145.0451616032
255233.0851616852
255310.59016175737
255398.15516183892
255411.18016185105
255595.54016202275
255664.92516208737
255731.9601621498
255765.15516218072
255800.20516221336
255890.03516229702
255927.32016233174
256209.17016259424
256564.6501629253
256650.60516300536
256778.51016312448
256794.56516313943
256881.56016322045
257007.30016333755
257028.14516335697
257080.5801634058
257158.7501634786
257324.8551636333
257566.9701638588
257650.88516393694
257980.77016424417
257999.76016426185
258071.66016432882
258100.855164356
258115.5651643697
258291.52016453358
258357.09016459464
258570.75016479363
258585.98516480782
258638.95516485715
258792.03516499972
259040.40516523103
259152.5901653355
259192.59016537276
259216.50016539503
259232.9951654104
259245.1301654217
259262.3151654377
259279.3901654536
259571.14016572532
259600.24516575242
260131.11516624683
260432.76016652776
260614.29516669683
260631.74516671308
260765.95016683807
260797.39016686735
261096.2701671457
261217.26016725838
261241.29016728076
261272.72016731004
261480.2451675033
261497.46516751935
261601.8951676166
261839.00016783742
261932.5001679245
262015.11016800144
262120.79016809986
262140.3751681181
262153.8901681307
262894.04016882
262911.8501688366
263001.4851689201
263125.6351690357
263153.49016906164
263570.78016945027
263674.16516954656
263807.9101696711
263856.92016971676
263901.48516975826
263998.10516984825
264017.86516986665
264034.340169882
264049.8301698964
264144.4101699845
264161.3401700003
264261.6851700937
264300.1951701296
264316.48517014476
264353.95517017966
264411.92517023365
264498.9851703147
264715.38017051626
264738.745170538
264974.44517075754
265127.69517090026
265145.5651709169
265173.2751709427
265198.35017096606
265339.1751710972
265442.19017119316
265459.0651712089
265588.63017132954
265607.6151713472
265630.31017136836
265724.5251714561
265813.89017153933
265872.9451715943
265906.45017162553
266074.71017178224
266116.82017182146
266183.3101718834
266383.3651720697
266693.2401723583
266728.8801723915
266875.465172528
266895.05517254624
267064.8501727044
267278.130172903
267293.175172917
267339.7401729604
267356.1851729757
267382.3701730001
267493.1901731033
267506.66517311585
267673.9851732717
267753.8801733461
267766.9151733582
267799.1851733883
267812.24517340044
267830.63017341756
268128.540173695
268154.01517371874
268180.3951737433
268305.22517385957
268412.35517395934
268498.95517404
268659.00517418905
268692.26017422
268780.290174302
268868.330174384
268910.0851744229
268973.50017448195
269018.92517452425
269133.9451746314
269151.4851746477
269337.61517482105
269419.21017489705
269467.5801749421
269482.13017495564
269494.2201749669
269521.31017499213
269535.7701750056
269629.3101750927
269646.85017510905
269683.78017514345
269798.19017525
269913.7201753576
269985.2551754242
270062.6351754963
270082.4201755147
270101.13017553213
270116.4651755464
270434.900175843
270483.51017588825
270599.36017599615
270648.615176042
270665.5301760578
270686.86017607764
271184.2001765408
271257.25517660886
271451.27017678955
271514.4601768484
271531.0851768639
271705.44017702626
271744.60517706274
271875.17017718434
271888.740177197
271906.8251772138
272074.15517736966
272138.4151774295
272471.23517773947
272521.190177786
272532.83517779683
272543.9601778072
272596.2851778559
272627.2951778848
272645.755177902
272967.82017820195
273335.4051785443
273618.64017880807
273721.90017890424
273807.525178984
273819.7651789954
273858.5201790315
273885.4001790565
274005.5251791684
274032.3901791934
274048.03017920797
274155.8801793084
274189.79517934
274212.315179361
274236.7401793837
274285.61017942923
274297.8451794406
274349.07517948834
274366.980179505
274507.76517963613
274531.4801796582
274659.7951797777
274708.0051798226
274741.22517985356
274791.90017990075
274811.31517991883
275027.0701801198
275097.5401801854
275128.9901802147
275220.6801803001
275301.82018037565
275360.78518043057
275375.4151804442
275429.3251804944
275580.9451806356
275656.7151807062
275800.14018083975
275845.22018088173
276142.1701811583
276159.7851811747
276362.57518136356
276429.7601814261
276475.0651814683
276521.4201815115
276534.67518152384
276552.83518154075
276737.4351817127
276788.08018175984
276890.01018185477
276934.66518189636
276953.0901819135
276987.2251819453
277053.08518200665
277069.21018202166
277089.16518204025
277351.3251822844
277375.1451823066
277597.6151825138
277622.570182537
277762.40518266725
277775.92018267984
277797.0401826995
278157.6951830354
278368.5751832318
278434.35018329305
278512.62018336594
278612.9801834594
278634.92018347984
279030.47518384823
279044.8251838616
279064.4801838799
279113.7401839258
279147.9251839576
279242.0451840453
279378.6751841725
279445.8651842351
279588.3301843678
279609.0651843871
279630.475184407
279693.4501844657
279709.3801844805
279783.2301845493
279806.7801845712
280007.335184758
280178.9301849178
280203.9601849411
280272.38018500485
280330.15018505865
280372.22518509784
280402.18518512574
280420.1801851425
280644.5651853515
280780.68018547824
280805.5401855014
280861.43018555344
280879.8351855706
280941.44018562796
280960.0501856453
280976.84518566093
281000.81018568325
281284.2251859472
281414.95018606895
281530.7351861768
281776.7751864059
281893.895186515
281926.135186545
282033.5801866451
282142.0151867461
282265.5301868611
282428.24518701265
282535.5751871126
282721.720187286
282739.0151873021
282809.95518736815
282828.8801873858
282940.11018748936
283142.72518767806
283363.38518788357
283781.6651882731
283801.935188292
283904.76018838777
283990.7851884679
284285.120188742
284408.64518885704
284506.2201889479
284533.6651889735
284554.7551889931
284576.3201890132
284589.58518902556
284698.2701891268
285092.96518949437
285123.0951895224
285144.38518954226
285281.16518966964
285461.35518983746
285483.3251898579
285504.3501898775
285525.24518989696
285611.5301899773
285671.9751900336
285692.6801900529
285714.1601900729
285725.05519008305
285738.8551900959
285753.6501901097
285831.9801901826
285848.21019019774
285876.14519022376
285988.00019032793
286110.5751904421
286141.1801904706
286183.51519051
286316.81519063417
286352.23519066715
286551.5701908528
286639.97519093513
286656.5951909506
286710.11019100045
286787.93519107293
286812.5051910958
286834.12019111594
287147.98019140825
287211.44019146735
287224.54519147956
287289.0301915396
287505.7901917415
287531.8751917658
287901.08519210963
288020.0151922204
288037.2101922364
288198.63019238674
288214.985192402
288390.94019256585
288724.23019287625
289009.18519314163
289023.9951931554
289054.64019318396
289078.33519320603
289111.0301932365
289156.1501932785
289201.81519332103
289218.6351933367
289238.3701933551
289293.7951934067
289307.3401934193
289343.8401934533
289456.4801935582
289477.4951935778
289511.38019360934
290275.1201943206
290663.4701946823
290914.25519491587
290930.525194931
290947.695194947
290995.0501949911
291012.07019500696
291073.26019506395
291108.26519509655
291228.39519520843
291254.50019523274
291285.21019526134
291361.5251953324
291495.6051954573
291867.48519580363
291888.11019582284
292355.8001962584
292473.40519636794
292523.2151964143
292628.7651965126
292689.5851965693
292730.80519660766
292962.94019682385
293094.16519694607
293174.1801970206
293349.89519718423
293384.69019721664
293490.1001973148
293691.04019750195
293907.29519770335
294031.2851978188
294044.52019783115
294443.3801982026
294496.4801982521
294825.0701985581
295127.5601988398
295234.1551989391
295295.44519899617
295332.5051990307
295423.40519911534
295603.8501992834
295637.0551993143
295691.2351993648
295728.8501993998
295747.16519941686
295764.10519943264
295787.3551994543
295870.0251995313
296089.5301997357
296335.6351999649
296350.03519997833
296380.35020000656
296611.2152002216
296625.8402002352
296735.6802003375
296781.9752003806
296948.4902005357
297012.03520059487
297284.73020084883
297421.7202009764
297442.5502009958
297705.9402012411
297755.89020128764
297890.9302014134
297928.8152014487
297976.390201493
298145.6352016506
298528.47520200716
298549.18520202645
298569.82020204567
298739.6152022038
298753.20020221645
298829.3652022874
298888.2252023422
298907.8552023605
299031.7552024759
299149.74520258576
299215.24020264676
299275.4052027028
299290.3402027167
299312.2602027371
299433.5752028501
299452.7152028679
299478.9152028923
299494.31020290666
299507.8802029193
299529.31020293926
299549.3452029579
299593.2402029988
299618.09020302194
299651.2102030528
299669.0602030694
299694.2952030929
299785.5602031779
299820.3152032103
299847.65020323574
