18.180000000000668
85.17499999999502
108.05999999997421
402.4449999997065
486.07499999963045
668.1799999994648
716.9149999994205
746.9799999993932
799.1899999993457
938.439999999219
988.3449999991736
1121.0600000012598
1133.710000001536
1240.1050000038583
1395.9250000072595
1566.9450000109925
1581.535000011311
1828.5900000167037
1842.1300000169992
1877.5200000177717
1985.9050000201375
2151.2600000237467
2358.8300000282775
2468.390000030669
2488.4000000311057
2500.7650000313756
2642.480000034469
2661.500000034884
3346.9700000498465
3487.040000052904
3514.525000053504
3649.9900000564608
3680.1800000571197
3893.180000061769
4297.145000070586
4396.470000072754
4828.055000082175
4850.240000082659
4892.2650000835765
5017.295000086306
5036.425000086723
5057.835000087191
5071.660000087492
5397.510000094605
5429.425000095302
5710.920000101446
5726.420000101784
5741.205000102107
5776.965000102888
5893.025000105421
5909.870000105789
6126.110000110509
6140.415000110821
6149.880000111028
6166.520000111391
6267.28500011359
6306.155000114439
6470.890000118035
6547.915000119716
6685.99000012273
6759.110000124326
6847.660000126259
6886.325000127103
7067.305000131053
7116.705000132131
7128.650000132392
7144.530000132739
7200.775000133966
7407.865000138487
7422.945000138816
7481.150000140086
7509.585000140707
7839.335000147905
7851.820000148177
8086.97000015331
8204.035000153675
8225.315000150269
8478.400000109757
8512.825000104247
8545.315000099046
8803.455000057726
9130.28000000541
9197.449999994658
9439.669999955886
9772.329999902637
9821.374999894786
10162.484999840184
10177.289999837814
10236.049999828409
10401.034999802
10421.39499979874
10446.654999794697
10521.449999782724
10555.689999777243
10586.839999772257
10612.474999768154
10662.049999760218
10770.669999742831
10790.094999739722
10819.149999735071
10835.51999973245
10859.129999728671
11102.509999689713
11266.2749996635
11317.539999655293
11355.949999649145
11448.724999634294
11469.064999631039
11723.329999590338
11805.024999577261
11829.294999573376
11875.06499956605
11895.61999956276
11913.364999559919
11955.58999955316
12092.794999531197
12120.554999526754
12226.859999509737
12250.70499950592
12479.489999469299
12507.184999464866
12765.994999423438
12789.734999419637
12830.534999413107
12874.039999406143
12935.569999396293
12948.379999394243
12968.044999391095
13032.834999380724
13078.629999373394
13474.654999310002
13737.974999267852
13795.27499925868
13808.659999256537
13826.764999253639
13878.939999245287
14048.924999218078
14099.099999210046
14187.394999195913
14349.039999170038
14587.344999131892
14798.874999098032
14819.894999094668
14855.459999088975
14918.529999078879
14936.209999076049
15148.219999042112
15305.049999017008
15321.674999014347
15432.16999899666
15450.644998993703
15532.304998980631
15655.44499896092
15779.209998941109
15790.704998939269
15809.594998936245
15938.999998915531
16031.439998900734
16243.659998866764
16301.004998857585
16390.78999884568
16407.71999884913
16433.914998854467
16466.549998861115
16483.229998864514
16541.23499887633
16619.42999889226
16685.609998905744
16832.034998935575
16849.359998939104
16880.16499894538
16922.699998954045
17132.60999899681
17153.71999900111
17178.909999006242
17200.704999010683
17226.41999901592
17251.20499902097
17402.5299990518
17548.784999081596
17808.184999134442
17960.159999165404
18194.044999213053
18257.244999225928
18303.09999923527
18402.829999255588
18417.824999258642
18444.589999264095
18490.974999273545
18576.689999291008
18889.789999354794
19159.084999409657
19230.014999424107
19308.449999440087
19331.379999444758
19543.574999487988
19578.264999495055
19878.064999556133
19939.50499956865
19957.12999957224
20005.71999958214
20020.374999585125
20199.95499962171
20240.979999630068
20265.269999635017
20532.789999689518
20659.109999715252
20683.704999720263
20701.874999723965
20858.18499975581
20881.284999760515
20893.209999762945
21054.204999795744
21069.074999798773
21269.464999839598
21514.324999889483
21536.864999894075
21747.139999936913
21804.914999948684
21889.23499996586
21919.55999997204
21936.529999975497
22023.304999993175
22245.320000038406
22259.200000041234
22293.83000004829
22809.705000153386
22890.310000169808
23011.700000194538
23174.810000227768
23226.925000238385
23251.73000024344
23266.570000246462
23285.040000250225
23578.01500030991
23595.48500031347
23717.335000338295
23748.91500034473
23932.865000382204
23984.18500039266
24053.075000406694
24100.880000416433
24194.22500043545
24271.73500045124
24290.62000045509
24309.015000458836
24420.230000481493
24454.855000488547
24601.3850005184
24708.3850005402
24915.0350005823
25067.245000613308
25200.060000640366
25230.6650006466
25341.15000066911
25648.540000731733
25890.27500078098
25908.93000078478
25943.760000791877
25976.285000798503
25997.045000802733
26181.760000840364
26197.99000084367
26214.785000847092
26479.44000090101
26605.920000926777
26621.44500092994
26681.120000942097
26707.705000947513
26750.92500095632
26821.690000970735
26853.985000977314
26895.6300009858
26925.14000099181
26953.125000997512
27188.050001045372
27238.755001055702
27251.235001058245
27280.180001064142
27597.30500112875
27920.5300011946
27935.245001197596
27972.750001205237
28017.19500121429
28373.485001286877
28542.10000132123
28586.350001330244
28627.190001338564
28647.875001342778
28671.090001347507
28769.725001367602
28795.415001372836
29035.36500142172
29144.725001444
29224.795001460312
29256.30000146673
29305.7350014768
29536.095001523732
29579.76500153263
29598.060001536356
29788.255001575104
29914.250001600773
29992.29000161667
30012.10500162071
30142.215001647215
30170.36500165295
30187.385001656417
30217.080001662467
30247.03000166857
30266.58000167255
30281.365001675564
30368.635001693343
30618.57000174426
30723.66000176567
30963.48500181453
31007.155001823427
31081.810001838636
31234.53500186975
31279.900001878992
31383.790001900157
31415.040001906524
31545.30000193306
31727.575001970195
31742.595001973255
31887.77000200283
31964.610002018486
32023.595002030503
32287.1650020842
32532.80000213424
32560.110002139805
32997.61000206187
33050.65500203408
33417.33500184199
33701.9300016929
33721.41000168269
33899.34500158948
33976.69000154896
34127.37000147002
34527.925001260184
34623.41000121016
34813.57500111054
34830.78000110153
34856.20500108821
34904.830001062735
34976.61000102513
35010.93000100715
35041.49000099114
35352.92500082799
35387.17000081005
35407.535000799384
35457.29000077332
35616.5200006899
35677.240000658094
35757.410000616095
35774.5750006071
35797.98000059484
35817.48000058463
35996.35500049092
36036.38000046995
36307.88000032772
36378.25000029086
36621.425000163465
36639.520000153985
36654.99500014588
36765.00500008825
36783.49500007856
36799.0800000704
36881.315000027316
36899.62000001773
36919.3350000074
36976.379999977515
37263.90499982689
37286.72999981493
37303.309999806246
37561.734999670865
37663.16999961773
37679.02499960942
37751.14999957164
37813.00499953923
37848.88499952044
37980.38499945155
37995.77999944348
38013.39999943425
38030.90999942508
38097.76999939005
38132.53999937184
38171.24499935156
38323.679999271706
38367.30499924885
38437.09499921229
38675.85999908721
39003.84499891539
39235.399998794084
39325.99999874662
39423.06999869577
39450.509998681395
39583.729998611605
39634.504998585006
39699.32499855105
39726.3299985369
39892.37999844991
39912.73999843925
39980.414998403794
40059.019998362615
40092.004998345335
40434.80499816575
40595.74499808144
40618.949998069285
40635.17999806078
40699.04999802732
40720.729998015966
40748.029998001664
40772.32499798894
40823.789997961976
40845.78999795045
41028.08499785495
41043.31999784697
41313.82499770526
41466.00999762554
41499.99499760773
41620.94499754437
41643.92999753233
41656.54499752572
41837.77999743078
41909.47999739322
41997.01499734736
42007.88999734166
42120.4449972827
42302.31499718742
42320.33499717798
42362.05499715613
42394.739997139004
42623.0449970194
42651.444997004524
42743.26499695642
42757.52499694895
42974.78499683514
43013.38999681491
43070.614996784934
43109.2399967647
43193.734996720435
43786.6999964098
43964.55499631663
44043.45999627529
44089.59499625112
44301.29499614022
44326.83999612684
44421.90999607703
44475.86499604877
44629.134995968474
44747.539995906445
44836.10499586005
44892.95499583027
45059.49999574302
45153.24499569391
45173.46499568332
45440.32499554352
45499.18499551268
45536.859995492945
45616.31999545132
45817.214995346076
46049.51999522438
46151.10999517116
46353.90999506492
46398.259995041684
46425.3399950275
46441.30999501913
46632.269994919094
46731.07999486733
46758.47499485298
46775.434994844094
46849.74999480516
46891.07999478351
46907.83999477473
47002.149994725325
47053.98499469817
47142.644994651724
47186.74499462862
47297.1249945708
47323.454994557
47336.4399945502
47369.36499453295
47385.93999452427
47398.21499451784
47413.19499450999
47437.124994497455
47480.10499447494
47616.73499440336
47659.6149943809
47698.69499436043
47787.15999431408
48036.8099941833
48056.464994173
48771.009993798674
48798.84499378409
48841.409993761794
48992.3949936827
49024.14999366606
49158.034993595924
49199.34999357428
49236.409993554866
49394.11499347225
49410.824993463495
49737.53999329234
49777.73499327128
49834.35499324162
124.00499999995971
165.53499999992195
199.47499999989108
231.04999999986237
275.2499999998222
317.9199999997834
369.7849999997362
392.4199999997156
406.9599999997024
480.6199999996354
499.83499999961793
578.2599999995466
600.7599999995261
742.3899999993973
766.3899999993755
790.064999999354
806.3649999993391
825.8999999993214
841.5049999993072
947.4299999992108
1047.2299999996483
1068.6200000001152
1095.3400000006984
1328.005000005777
1489.3300000092984
1569.7850000110545
1590.8900000115152
1690.4400000136882
1772.3250000154756
1803.3800000161534
1844.7550000170565
2030.3350000211074
2048.79500002151
2086.6600000223366
2123.2250000231347
2223.8200000253305
2257.69500002607
2386.810000028888
2408.1800000293547
2703.8100000358077
2811.7500000381638
3452.4250000521483
3484.3250000528446
3696.730000057481
3744.33500005852
3797.1300000596725
3829.4850000603788
3892.2400000617486
3994.560000063982
4034.290000064849
4145.245000067271
4170.915000067831
4232.475000069175
4337.020000071457
4651.405000078319
4703.68000007946
4790.28000008135
4826.785000082147
4857.545000082819
4878.69500008328
5076.12000008759
5101.865000088152
5117.425000088491
5136.560000088909
5420.8100000951135
5434.105000095404
5455.190000095864
5481.435000096437
5644.865000100004
5749.660000102292
5770.870000102755
5805.095000103502
5979.445000107307
6005.24000010787
6149.430000111018
6247.680000113162
6263.420000113506
6284.455000113965
6311.980000114566
6541.455000119575
6651.9400001219865
6834.605000125974
6949.075000128472
6962.975000128776
7008.99500012978
7124.155000132294
7146.665000132785
7257.4500001352035
7395.1650001382095
7547.74000014154
7568.880000142001
7691.770000144684
7705.895000144992
7720.6200001453135
7765.385000146291
7779.405000146597
7854.875000148244
7866.9450001485075
7878.160000148752
7891.9150001490525
8075.415000153058
8118.470000153998
8140.1750001544715
8182.885000155404
8198.605000154545
8539.070000100046
8867.015000047551
8902.350000041895
9078.610000013681
9113.155000008152
9123.840000006441
9149.095000002399
9167.989999999374
9180.519999997368
9344.469999971125
9714.069999911962
9728.604999909636
9805.124999897387
9839.314999891914
9892.469999883406
9911.134999880418
9925.029999878194
10014.984999863795
10033.294999860864
10153.774999841578
10168.964999839147
10208.654999832794
10231.214999829182
10259.414999824668
10570.044999774946
10682.39999975696
10700.789999754017
10762.044999744212
10847.7099997305
11108.40499968877
11140.38999968365
11153.814999681501
11205.594999673212
11372.839999646441
11404.3299996414
11513.729999623889
11548.184999618374
11688.904999595848
11704.419999593365
11720.909999590725
11748.524999586305
11918.804999559048
11970.299999550805
12120.909999526697
12198.22999951432
12452.759999473577
12554.714999457257
12581.81499945292
12701.304999433793
12740.849999427463
12972.489999390384
13190.634999355465
13213.559999351795
13228.759999349362
13267.664999343135
13530.089999301128
13541.859999299244
13581.024999292975
13849.654999249975
13900.174999241888
13942.914999235047
13964.029999231667
13981.544999228863
13995.884999226568
14063.699999215713
14163.779999199693
14183.464999196542
14212.659999191868
14244.109999186834
14257.789999184644
14287.61499917987
14316.47999917525
14458.694999152485
14487.84499914782
14570.519999134585
14609.089999128411
14626.84499912557
14657.57499912065
14670.529999118577
14701.884999113558
14783.504999100493
14830.539999092964
14915.249999079404
14950.38499907378
15215.299999031375
15243.789999026814
15406.854999000712
15424.199998997936
15446.439998994376
15552.784998977353
15571.954998974285
15592.819998970945
15613.199998967682
15764.864998943405
15782.819998940531
15924.38499891787
15976.704998909496
16095.174998890532
16231.93499886864
16261.584998863895
16273.35499886201
16302.074998857413
16420.444998851723
16446.364998857003
16463.37999886047
16477.739998863395
16516.179998871226
16569.334998882056
16589.82999888623
16712.10499891114
16730.334998914856
16744.34499891771
16817.47999893261
16847.204998938665
16860.604998941395
16880.004998945347
16959.62999896157
16973.889998964474
17078.31499898575
17093.88499898892
17108.939998991988
17150.699999000495
17345.49999904018
17426.509999056685
17480.599999067705
17633.67999909889
17656.94499910363
17788.39499913041
17830.834999139057
17848.66499914269
17866.409999146304
17894.31999915199
18024.364999178484
18048.14499918333
18144.719999203004
18164.404999207014
18180.199999210232
18197.344999213725
18262.044999226906
18302.004999235047
18473.684999270023
18543.394999284224
18622.979999300438
18699.989999316127
18764.519999329274
18849.014999346487
19023.514999382038
19174.829999412865
19191.614999416284
19465.404999472063
19845.619999549523
19867.424999553965
19997.51999958047
20025.519999586173
20213.514999624473
20342.234999650696
20361.54999965463
20458.519999674387
20483.994999679577
20507.194999684303
20546.324999692275
20829.90999975005
20844.074999752935
20865.784999757358
20885.499999761374
20993.554999783388
21009.799999786697
21213.899999828278
21243.55999983432
21265.29999983875
21297.31499984527
21430.259999872356
21491.63999988486
21512.84499988918
21681.01499992344
21757.444999939013
21779.51499994351
21818.7349999515
21835.12999995484
21896.519999967346
22018.674999992232
22039.41999999646
22063.92000000145
22122.82000001345
22178.080000024707
22482.695000086766
22584.4650001075
22605.260000111735
22623.270000115404
22645.505000119934
22757.115000142672
22780.07500014735
22879.535000167612
23117.23500021604
23210.17000023497
23231.46500023931
23301.90500025366
23571.04500030849
23885.18000037249
24150.235000426488
24177.82500043211
24193.070000435215
24237.150000444195
24249.180000446646
24266.120000450097
24309.92500045902
24329.325000462974
24355.200000468245
24396.050000476567
24550.270000507986
24700.68000053863
24897.76000057878
24923.215000583965
24941.440000587678
24976.390000594798
25176.97000063566
25281.55500065697
25511.785000703872
25527.98000070717
25617.130000725334
25699.635000742142
25817.48000076615
25910.29000078506
25925.965000788252
25963.26000079585
26021.710000807758
26273.04000085896
26291.030000862625
26470.430000899174
26514.83000090822
26533.460000912015
26569.400000919337
26596.490000924856
26624.98500093066
26637.34500093318
26679.70500094181
26699.35000094581
26756.400000957434
26850.845000976675
26871.805000980945
27212.18500105029
27228.905001053696
27250.195001058033
27272.145001062505
27288.60500106586
27509.915001110945
27525.25000111407
27687.795001147184
27733.77000115655
27890.860001188554
27904.120001191255
27937.975001198152
28055.645001222125
28156.715001242716
28518.115001316342
28557.795001324426
28867.865001387596
28946.060001403526
29249.340001465313
29275.605001470663
29492.960001514944
29523.750001521217
29614.52500153971
29731.84000156361
29771.075001571604
29974.86500161312
30236.590001666442
30279.300001675143
30432.065001706265
30584.73500173737
30653.940001751467
30669.96000175473
30686.94000175819
30878.76000179727
30900.65500180173
31287.180001880475
31309.23500188497
31417.155001906955
31430.700001909714
31725.850001969844
31915.970002008577
31998.74000202544
32027.625002031324
32075.945002041168
32098.940002045852
32160.82000205846
32292.37500208526
32324.495002091804
32389.385002105024
32412.58500210975
32501.47000212786
32707.955002169925
32724.600002173316
32782.09000217477
32800.910002164914
33068.47000202475
33089.340002013814
33201.715001954944
33265.125001921726
33292.500001907385
33376.73500186326
33392.07000185522
33409.685001845995
33518.070001789216
33604.13000174413
33629.82500173067
33718.730001684096
33890.73500159399
33929.375001573746
33959.08500155818
34348.36500135425
34393.920001330385
34445.310001303464
34460.350001295585
34621.44500121119
34633.560001204845
34648.12000119722
34669.38500118608
34688.080001176284
34796.74000111936
34870.46000108074
34890.000001070504
35048.19500098763
35192.3800009121
35365.91000082119
35672.87000066038
35705.105000643496
35935.48000052281
36045.50500046517
36061.58500045675
36088.600000442595
36314.55000032423
36368.18000029613
36486.350000234226
36583.115000183534
36729.160000107026
36894.87500002021
37055.709999935956
37085.35999992042
37099.98499991276
37117.809999903424
37357.32499977795
37378.519999766846
37417.24499974656
37630.93999963461
37733.57999958084
37783.95999955445
37821.8449995346
37919.859999483255
37989.88499944657
38056.03499941192
38076.03999940144
38152.244999361516
38186.70999934346
38439.41999921107
38605.39999912412
38654.78999909825
38677.04999908659
38690.12499907974
38964.909998935786
39070.0549988807
39273.214998774274
39288.864998766076
39417.89999869848
39478.57499866669
39494.47499865836
39556.84999862569
39622.13999859148
39662.299998570445
39675.909998563315
39693.029998554346
39707.57499854673
39723.039998538625
40073.699998354925
40098.01499834219
40277.72499824804
40388.48499819002
40767.60499799141
40811.42999796845
40995.664997871936
41027.39999785531
41140.82999779589
41165.11499778317
41204.154997762715
41337.52999769284
41657.97999752497
42027.05499733162
42097.27499729484
42110.16999728808
42131.219997277054
42365.22999715446
42385.25999714397
42443.72499711334
42461.69499710393
42483.99999709224
42539.489997063174
42556.744997054135
42577.034997043505
42685.229996986825
42917.71999686503
42970.00499683764
43039.459996801255
43271.97499667945
43373.11999662646
43389.6499966178
43406.57999660893
43503.32499655825
43645.489996483775
43800.6299964025
43973.01999631219
44006.304996294755
44031.924996281334
44047.59999627312
44135.289996227184
44312.889996134145
44347.73499611589
44408.73999608393
44537.91999601626
44684.2499959396
44763.10499589829
44805.71999587597
44946.50999580221
45750.14999538121
45764.35499537377
45786.024995362415
45799.08999535557
45811.69499534897
46025.12499523716
46059.06499521938
46072.44499521237
46334.44999507511
46799.07999483171
47233.5499946041
47271.339994584305
47292.82999457305
47438.09499449695
47581.9199944216
47611.27499440622
47682.44999436894
47905.11999425229
48099.01999415071
48116.74999414142
48147.12499412551
48394.98499399566
48412.809993986324
48429.59999397753
48456.444993963465
48535.82999392188
48604.29499388601
48845.57999375961
48874.62499374439
48895.144993733644
49032.72499366157
49062.19499364613
49124.319993613586
49357.89499349122
49703.38999331023
49772.78999327387
49791.644993263995
49822.7449932477
49954.279993178796
48.51500000000637
62.05000000001329
118.10499999996507
217.8299999998744
577.2549999995475
693.9349999994414
785.8649999993578
915.8149999992396
929.2599999992274
1129.8950000014527
1364.065000006564
1387.6150000070782
1406.5150000074907
1568.9000000110352
1668.945000013219
1709.9350000141137
1801.3800000161098
1818.9900000164942
2046.310000021456
2074.220000022065
2107.6450000227946
2183.565000024452
2231.2850000254934
2272.0700000263837
2406.0600000293084
2479.110000030903
2500.97000003138
2797.3650000378498
2945.265000041078
3158.6450000457357
3209.7650000468516
3298.850000048796
3440.0200000518776
3788.265000059479
3806.8900000598856
4029.880000064753
4068.7200000656007
4164.740000067696
4203.920000068551
4219.175000068884
4238.345000069303
4253.445000069632
4290.230000070435
4325.550000071206
4384.895000072502
4460.675000074156
4482.030000074622
4644.865000078176
4667.7800000786765
4703.725000079461
4729.255000080018
4742.780000080314
4837.680000082385
5092.945000087957
5131.5850000888
5150.090000089204
5165.570000089542
5413.710000094959
5440.405000095541
5482.905000096469
5499.335000096828
5683.965000100858
5807.215000103548
5899.080000105553
5930.595000106241
6051.850000108888
6082.475000109556
6143.755000110894
6156.560000111173
6236.3250001129145
6523.470000119182
6799.995000125218
6828.805000125847
7107.94000013194
7124.9600001323115
7157.190000133015
7241.72500013486
7342.865000137068
7358.7900001374155
7494.720000140383
7542.70000014143
7556.230000141725
7586.350000142383
7815.095000147376
7835.550000147822
7855.245000148252
7868.705000148546
7887.255000148951
7970.660000150771
8081.105000153182
8124.500000154129
8158.42500015487
8297.545000138707
8336.76500013243
8397.905000122642
8418.005000119425
8746.730000066806
8782.545000061073
8826.555000054028
8963.900000032043
8982.300000029098
9117.805000007407
9594.344999931127
9701.9599999139
9768.68999990322
9784.409999900703
9941.149999875614
9961.864999872298
10230.85499982924
10276.064999822003
10337.254999812209
10410.90499980042
10545.264999778912
10792.589999739323
11098.989999690277
11177.224999677754
11449.284999634205
11527.169999621738
11818.39999957512
11908.164999560751
11925.799999557928
12060.399999536383
12399.739999482064
12415.924999479474
12467.904999471153
12481.699999468945
12499.334999466122
12523.634999462232
12631.334999444993
12686.69999943613
12746.349999426582
12798.124999418294
12816.52499941535
12852.849999409535
13148.819999362158
13168.35999935903
13183.774999356563
13209.114999352507
13315.929999335409
13421.924999318442
13465.35999931149
13582.019999292816
13742.789999267081
14025.399999221843
14157.4849992007
14178.734999197299
14195.514999194613
14207.83499919264
14219.874999190713
14255.06499918508
14381.434999164852
14398.889999162058
14511.109999144095
14705.414999112993
14746.46999910642
14766.829999103162
14796.839999098358
14819.87499909467
14855.524999088964
14926.309999077634
14955.174999073013
14973.81499907003
15000.529999065753
15149.879999041847
15194.859999034647
15281.67499902075
15296.064999018447
15588.814998971586
15604.679998969046
15765.984998943226
15799.69999893783
15816.464998935146
15927.219998917417
15942.499998914971
16060.634998896061
16211.124998871972
16240.024998867346
16266.939998863038
16282.284998860581
16330.779998852819
16592.90999888686
16856.349998940528
16872.419998943802
17092.494998988637
17111.224998992453
17208.379999012246
17501.759999072015
17561.21999908413
17594.339999090877
17642.439999100676
17659.374999104126
17677.739999107867
17802.704999133326
17901.37999915343
17990.86999917166
18007.80999917511
18064.179999186596
18171.93999920855
18260.264999226543
18296.41999923391
18755.27999932739
18776.959999331808
18906.64499935823
18971.49499937144
19025.964999382537
19188.05499941556
19375.934999453835
19595.27999949852
19636.319999506883
19713.654999522638
19859.84499955242
19910.634999562768
19922.51999956519
19948.83499957055
20205.629999622866
20281.004999638222
20304.224999642953
20362.62999965485
20455.724999673817
20488.809999680558
20502.089999683263
20568.459999696785
20783.154999740524
20833.25999975073
20851.084999754363
20874.8299997592
20923.099999769034
20935.664999771594
20967.64999977811
20988.95999978245
21046.699999794215
21375.859999861274
21414.42999986913
21537.319999894167
21551.099999896975
21563.469999899495
21576.774999902205
21916.17499997135
22053.679999999364
22218.74500003299
22234.210000036142
22475.760000085353
22566.15500010377
22583.020000107204
22717.720000134646
23216.945000236352
23324.120000258186
23390.975000271806
23493.500000292694
23528.265000299776
23575.530000309405
23655.80500032576
23799.860000355107
23819.80500035917
23839.070000363095
23853.160000365966
23895.325000374556
23917.110000378994
23979.13500039163
23992.990000394453
24013.10000039855
24138.670000424132
24156.09000042768
24186.260000433827
24205.32500043771
24225.19500044176
24280.355000452997
24686.40000053572
24764.94500055172
24904.810000580215
24983.46500059624
25236.80000064785
25258.810000652335
25285.92500065786
25600.52500072195
25615.215000724944
25732.095000748755
26037.76500081103
26048.650000813246
26066.205000816823
26281.62500086071
26294.415000863315
26313.445000867192
26786.645000963596
26890.840000984823
26949.800000996835
27055.490001018366
27121.465001031807
27167.780001041243
27206.610001049154
27224.630001052825
27238.05500105556
27606.575001130637
27621.975001133775
27644.515001138367
27776.890001165335
27856.450001181543
27880.620001186468
27976.280001205956
28313.42500127464
28733.775001360278
28795.44000137284
28819.615001377766
28866.70500138736
28899.870001394116
29144.270001443907
29167.295001448598
29239.250001463257
29257.565001466988
29340.500001483884
29379.40500149181
29452.565001506715
29469.160001510096
29533.77000152326
29551.335001526837
29565.575001529738
29849.35500158755
30048.33000162809
30164.67000165179
30191.040001657162
30215.56500166216
30284.380001676178
30597.26000173992
30625.6350017457
30654.285001751537
30666.735001754074
30786.325001778438
30976.650001817212
31260.685001875077
31281.580001879334
31304.800001884065
31317.560001886664
31645.045001953382
31663.00500195704
31739.13500197255
31921.495002009702
31946.405002014777
32084.385002042887
32236.110002073798
32274.000002081517
32525.370002132728
32585.02000214488
32950.695002086446
32966.03000207841
33001.61500205977
33013.49500205355
33124.52500199538
33245.7000019319
33276.53500191575
33292.40000190744
33325.37500189016
33339.07000188299
33355.42500187442
33370.9250018663
33387.33000185771
33404.20000184887
33449.36000182521
33463.87500181761
33482.93500180762
33663.77000171289
33729.58000167841
33747.29500166913
34034.0750015189
34051.53500150975
34147.540001459456
34215.56000142382
34283.245001388364
34337.740001359816
34381.66000133681
34396.500001329034
34428.015001312524
34551.24000124797
34572.42500123687
34631.86500120573
34644.18500119928
34659.89000119105
34695.945001172164
34713.91500116275
34819.53500110742
34955.20000103635
34969.045001029095
34984.490001021004
35076.840000972625
35122.975000948456
35138.79000094017
35266.13000087346
35279.87500086626
35293.41500085917
35365.11000082161
35583.84000070702
35666.775000663576
35699.555000646404
35853.96500056551
35878.68500055256
35925.94000052781
35946.61000051698
35964.9000005074
36063.690000455645
36080.7600004467
36151.55000040962
36359.36500030075
36419.940000269016
36435.825000260695
36606.02500017153
36635.53500015607
36665.900000140166
36778.66500008109
36873.245000031544
36918.005000008096
37083.64999992132
37236.7749998411
37251.944999833155
37266.24999982566
37297.4749998093
37620.509999640075
37654.26999962239
37700.65499959809
37993.314999444774
38011.294999435355
38025.54499942789
38048.4249994159
38094.65999939168
38648.87499910135
38686.079999081856
38700.29499907441
39190.03499881785
39203.96999881055
39370.87999872311
39471.524998670386
39510.13999865016
39530.91999863927
39548.82999862989
39654.719998574416
39951.094998419154
39970.32499840908
40000.91999839305
40025.364998380246
40348.20499821112
40386.93999819083
40504.75499812911
40524.01499811902
40601.06999807865
40675.129998039854
40740.3299980057
41014.60999786201
41059.13999783868
41098.879997817865
41121.37999780608
41134.424997799244
41147.98499779214
41305.98999770937
41388.59999766609
41439.22499763957
41565.26499757354
41589.22499756099
41604.83499755281
41617.694997546074
41690.92999750771
41746.159997478775
41947.1149973735
42002.769997344345
42086.34499730056
42101.67499729253
42149.139997267666
42164.37999725968
42186.12499724829
42345.74499716467
42378.36999714758
42455.86499710698
42509.77999707874
42606.95999702783
42652.49999700397
42733.77999696139
42750.209996952784
42769.469996942695
43020.95999681095
43306.12499666156
43369.11999662856
43474.11499657355
43536.259996541
43707.12499645149
43722.46499644345
43737.479996435584
43757.97499642485
43795.089996405404
43867.4499963675
43945.08499632683
43979.6799963087
44050.569996271566
44104.88999624311
44178.694996204445
44232.754996176125
44253.10999616546
44335.98999612204
44356.009996111556
44502.65999603473
44531.58499601958
44693.08499593497
44719.5599959211
44760.36499589973
44777.19999589091
44790.93499588371
44872.284995841095
44994.40499577712
45008.30499576984
45068.44999573833
45086.804995728715
45102.039995720734
45184.79499567738
45220.87499565848
45269.559995632975
45659.999995428436
45689.459995413
45786.75999536203
45803.44499535329
45828.0549953404
45888.57499530869
46196.70999514727
46389.49999504627
46595.62999493829
46668.3349949002
46702.3199948824
46717.12999487464
47041.7049947046
47056.169994697026
47108.7099946695
47132.09999465725
47147.164994649356
47170.054994637365
47302.92499456776
47359.9199945379
47376.05499452945
47395.45999451928
47505.824994461465
47518.479994454836
47752.83999433206
47773.15999432142
47809.6549943023
47828.22499429257
47924.60499424208
47940.13999423394
48099.139994150646
48117.9349941408
48153.13499412236
48369.934994008785
48474.46999395402
48631.36999387183
48741.31999381423
48759.62499380464
48808.11999377923
48835.59499376484
49046.47499365437
49377.724993480835
49389.75499347453
49409.0949934644
49435.374993450634
49688.164993318205
49708.26999330767
49834.48499324155
49977.97499316638
312.90499999978795
323.3999999997784
437.6299999996745
462.5949999996518
484.10499999963224
513.2849999996057
706.9799999994295
782.1299999993612
965.2349999991947
976.8299999991841
993.0799999991693
1117.3250000011783
1163.3350000021826
1200.9800000030043
1215.4650000033205
1347.5350000062033
1372.2950000067437
1422.5850000078415
1447.3400000083818
1986.525000020151
2027.2800000210407
2082.6250000222485
2093.9800000224964
2407.285000029335
2428.755000029804
2656.460000034774
2690.3450000355137
2705.330000035841
2730.1550000363827
2744.8050000367025
2805.6050000380296
3106.750000044603
3166.4700000459065
3187.435000046364
3693.0950000574016
3742.400000058478
3832.520000060445
3880.9600000615023
3896.560000061843
3911.505000062169
3939.995000062791
3953.475000063085
3967.580000063393
4018.0050000644937
4051.865000065233
4182.8500000680915
4398.300000072794
4426.935000073419
4449.990000073923
4471.40000007439
4538.990000075865
4620.025000077634
4684.530000079042
4701.2700000794075
5209.110000090493
5435.555000095435
5460.685000095984
5693.1200001010575
5706.550000101351
5879.760000105131
5903.3100001056455
5922.165000106057
6082.560000109558
6159.525000111238
6179.9750001116845
6197.225000112061
6213.635000112419
6380.135000116054
6419.100000116904
6437.110000117297
6450.2250001175835
6473.705000118096
6497.020000118605
6762.555000124401
6900.235000127406
6914.895000127726
6937.855000128227
7166.825000133225
7367.2550001376
7422.890000138815
7511.185000140742
7547.4000001415325
7600.915000142701
7638.640000143524
7713.390000145156
7791.02000014685
7805.780000147172
8050.4750001525135
8127.835000154202
8213.600000152144
8350.0700001303
8363.99500012807
8377.260000125947
8493.600000107324
8553.800000097688
8601.345000090078
8616.600000087636
8642.425000083502
8824.510000054355
8841.580000051623
8857.975000048998
8896.565000042821
9442.89499995537
9456.504999953191
9549.229999938349
9811.644999896344
9884.729999884645
9904.414999881494
9920.11999987898
9959.264999872714
9974.78499987023
9993.96499986716
10142.349999843407
10174.489999838263
10510.509999784475
10527.759999781714
10928.029999717643
10950.249999714086
11023.699999702329
11151.084999681938
11591.914999611374
11734.889999588488
11793.65999957908
12232.379999508854
12383.64999948464
12434.19499947655
12524.974999462018
12545.444999458741
12783.02999942071
12847.729999410354
12913.934999399757
12939.204999395712
13182.279999356802
13208.059999352676
13411.24999932015
13461.184999312158
13549.239999298063
13770.454999262653
14092.654999211078
14155.719999200983
14175.524999197813
14199.014999194053
14373.684999166093
14388.999999163641
14403.204999161368
14522.979999142195
14615.164999127439
14630.044999125057
14671.25999911846
14689.854999115483
14793.039999098966
14844.30999909076
14866.094999087272
14969.119999070781
14992.974999066962
15030.544999060949
15045.134999058613
15261.474999023983
15277.084999021485
15608.324998968463
15679.674998957042
15723.509998950025
15757.484998944587
15775.439998941712
15790.88499893924
16098.834998889946
16134.719998884202
16153.549998881188
16180.45999887688
16255.529998864864
16277.929998861278
16358.959998848308
16502.929998868527
16519.77999887196
16612.729998890896
16766.944998922314
16785.544998926103
16829.50499893506
16887.91499894696
16967.514998963175
17028.83999897567
17150.609999000477
17202.349999011018
17218.094999014225
17251.92999902112
17312.034999033363
17399.319999051146
17476.83999906694
17502.529999072172
17533.33999907845
17548.789999081597
17573.519999086635
17600.93499909222
17755.619999123734
18144.16499920289
18200.144999214295
18473.899999270066
18496.904999274753
18618.994999299626
18658.069999307587
18679.214999311895
18704.86999931712
18824.074999341407
18852.934999347286
18870.37499935084
19103.599999398353
19121.60499940202
19267.594999431763
19287.49999943582
19365.774999451765
19434.089999465683
19456.974999470345
19508.569999480856
19560.949999491528
19817.864999543868
19866.734999553824
19882.649999557067
20009.174999582843
20160.269999613625
20191.384999619964
20257.43999963342
20281.864999638397
20502.589999683365
20521.839999687287
20536.839999690343
20548.94499969281
20562.54499969558
20602.919999703805
20620.834999707455
20774.034999738666
20914.764999767336
21621.869999911392
21800.954999947877
21857.594999959416
22146.355000018244
22164.430000021926
22191.93500002753
22213.750000031974
22236.65000003664
22436.58000007737
22645.39000011991
22921.30000017612
22937.455000179412
23164.76500022572
23294.49500025215
23465.390000286967
23586.070000311553
23649.015000324376
23914.97500037856
23933.605000382355
23980.540000391917
24035.53000040312
24196.450000435903
24595.0050005171
24617.30000052164
24629.690000524166
24670.865000532554
24792.63000055736
24868.36000057279
24881.830000575534
24896.63500057855
25168.505000633937
25201.585000640676
25440.01000068925
25454.040000692108
25556.770000713037
25750.38500075248
25992.870000801882
26120.125000827808
26151.735000834247
26299.225000864295
26327.505000870056
26490.475000903258
26539.47000091324
26563.86000091821
26615.280000928684
26678.14500094149
26731.83500095243
26860.98000097874
26890.92000098484
26918.630000990484
26931.4650009931
26946.405000996143
27143.71000103634
27222.45500105238
27262.74500106059
27274.935001063073
27336.555001075627
27487.785001106437
27534.52500111596
27556.340001120403
27593.73000112802
27649.110001139303
27847.330001179685
27874.00000118512
27894.595001189315
27908.885001192226
27937.400001198035
28235.550001258776
28250.78000126188
28287.810001269423
28882.680001390614
28993.30500141315
29169.16500144898
29212.07000145772
29354.3250014867
29373.31500149057
29395.245001495037
29653.260001547602
29675.705001552175
29753.98000156812
29953.035001608674
29975.59500161327
30052.670001628972
30112.605001641183
30202.70500165954
30226.355001664357
30316.905001682804
30349.655001689476
30564.32000173321
30697.805001760404
30730.155001766994
30760.22500177312
30787.870001778752
30880.360001797595
31047.12500183157
31071.535001836543
31287.59500188056
31314.770001886096
31333.74500188996
31775.31000197992
32225.505002071637
32286.83500208413
32301.9000020872
32576.615002143168
32619.510002151907
32662.455002160656
32682.3100021647
32886.24000212021
32898.69500211369
33042.5950020383
33282.690001912524
33328.13500188872
33566.46500176386
33635.8750017275
33988.46000154279
34105.20000148164
34436.99500130782
34455.30000129823
34474.21500128832
34874.05000107886
34920.59500105448
34975.860001025525
34994.59500101571
35016.30500100434
35105.17000095778
35176.5350009204
35224.375000895336
35355.670000826554
35372.945000817504
35392.05500080749
35412.29000079689
35835.2850005753
36117.08500042767
36150.10000041038
36173.19500039828
36411.775000273294
36545.06000020347
36562.705000194226
36628.07500015998
36698.11000012329
36745.76500009833
36765.200000088145
36837.050000050505
36856.25000004045
37020.969999954155
37049.91999993899
37068.289999929366
37360.0949997765
37429.67499974005
37449.819999729494
37654.83499962209
37715.29999959042
37933.97999947586
37961.3849994615
38085.63999939641
38103.93499938682
38210.07499933122
38277.47999929591
38324.98999927102
38656.51999909734
38673.52499908843
38966.26999893507
39017.16999890841
39037.76499889762
39324.67999874731
39391.16999871248
39482.484998664644
39571.16499861819
39927.18499843168
40003.19999839186
40046.35999836925
40058.76499836275
40078.84999835223
40100.979998340634
40270.3649982519
40365.8099982019
40386.08999819127
40528.74999811654
40651.10999805244
40676.43999803917
40917.10999791309
40932.044997905265
40946.83499789752
40962.5249978893
41039.189997849135
41189.84499777021
41204.25499776266
41348.98999768684
41590.319997560415
41615.994997546964
41630.31999753946
41656.54999752572
41755.40999747393
42206.769997237476
42348.49499716323
42475.884997096495
42514.75999707613
42566.94999704879
42624.164997018815
42661.8049969991
42691.92499698332
42706.19999697584
42866.4249968919
42959.97999684289
42982.84999683091
43045.549996798065
43091.03499677424
43162.714996736686
43317.639996655525
43391.62499661677
43419.37999660223
43502.13999655887
43631.10999649131
43656.97499647776
43699.12499645568
43723.18499644307
43990.48499630304
44090.31999625074
44103.449996243864
44120.58499623489
44142.5099962234
44202.94999619174
44395.66499609078
44409.21499608368
44426.104996074835
44444.41999606524
44517.29499602706
44612.70499597708
44737.059995911935
44807.09999587524
45043.67999575131
45081.08499573171
45341.259995595414
45383.919995573066
45421.11999555358
45487.209995518955
45500.17499551216
45523.44499549997
45548.69999548674
45570.1599954755
45579.98499547035
45641.03499543837
45759.82999537614
46065.599995215955
46079.00999520893
46113.06499519109
46232.5399951285
46298.06999509417
46317.37499508406
46365.79999505869
46393.98999504392
46415.459995032674
46468.22499500503
46480.01999499885
46496.124994990416
46510.119994983084
46715.1099948757
46734.54999486551
46750.56999485712
46887.64999478531
46912.95499477205
47020.224994715856
47044.07999470336
47108.5199946696
47392.669994520744
47429.529994501434
47662.049994379624
47985.57499421014
48047.37999417776
48068.89999416649
48122.53999413839
48156.59499412055
48435.944993974204
48772.96499379765
48791.99499378768
48805.48999378061
48852.20499375614
48936.77999371183
49113.0299936195
49337.714993501795
49353.64999349345
49378.72999348031
49414.624993461504
49793.19499326318
49959.549993176035
12.98500000000063
178.4399999999102
421.7949999996889
442.86499999966975
455.15499999965857
675.8549999994578
750.1399999993903
826.4699999993209
994.4649999991681
1172.6600000023861
1396.7600000072778
1455.5300000085606
1491.785000009352
1508.65000000972
1520.650000009982
1536.410000010326
1563.710000010922
1649.9950000128053
1800.9550000161005
1821.54500001655
1886.7700000179736
1972.73500001985
2007.9900000206196
2111.7600000228845
2161.6950000239744
2190.0550000245935
2308.8550000271866
2406.870000029326
2468.300000030667
2481.2550000309498
2545.165000032345
2591.8750000333644
2874.2650000395283
2963.495000041476
3065.560000043704
3089.620000044229
3137.410000045272
3151.4450000455786
3184.0050000462893
3200.3250000466455
3233.200000047363
3267.010000048101
3385.62000005069
3467.340000052474
3491.1100000529927
3512.020000053449
3549.8400000542747
3698.335000057516
3713.4300000578455
3876.0600000613954
4070.6800000656435
4125.015000066829
4190.55000006826
4368.400000072142
4445.865000073833
4467.405000074303
4485.200000074691
4502.54000007507
4602.540000077252
4662.245000078556
4721.190000079842
4982.620000085549
5041.535000086835
5449.7150000957445
5698.845000101182
5719.125000101625
5811.5950001036435
5832.8050001041065
5979.980000107319
6078.025000109459
6304.85000011441
6821.455000125687
6884.83000012707
6952.17500012854
7028.785000130212
7099.045000131746
7112.735000132045
7178.0100001334695
7248.495000135008
7379.190000137861
7988.405000151159
8182.585000155397
8218.325000151388
8254.715000145563
8293.040000139428
8310.480000136637
8346.50000013087
8435.730000116588
8457.39500011312
8517.06000010357
8531.210000101304
8588.690000092103
8617.38000008751
8959.890000032685
8973.935000030437
9002.700000025832
9184.529999996726
9198.00499999457
9296.004999978883
9313.444999976091
9612.594999928206
9753.389999905668
9767.449999903418
10178.549999837613
10197.669999834552
10537.499999780155
10552.08999977782
10861.299999728324
10898.444999722378
10944.559999714997
10990.249999707683
11034.209999700646
11046.194999698728
11145.374999682852
11158.449999680759
11201.819999673817
11528.499999621525
11549.424999618175
11589.769999611717
11682.764999596831
11815.184999575635
11862.519999568058
11878.549999565492
11935.71999955634
11951.939999553744
11972.70999955042
12139.094999523786
12179.11999951738
12200.264999513995
12319.904999494844
12437.87999947596
12737.459999428005
12775.169999421969
12838.854999411775
12856.894999408887
12927.024999397661
13084.39999937247
13193.594999354991
13203.679999353377
13221.77499935048
13380.879999325012
13415.834999319417
13446.98499931443
13473.634999310165
13522.95499930227
13534.059999300493
13548.06999929825
13561.469999296105
13785.564999260234
13918.194999239004
13972.094999230376
14302.289999177521
14610.709999128152
14711.649999111994
14889.649999083502
15145.659999042522
15211.549999031975
15460.569998992114
15497.504998986202
15611.764998967912
15708.819998952376
15836.164998931992
16138.534998883591
16198.794998873946
16304.419998857038
16323.76999885394
16555.95499887933
16582.94499888483
16599.779998888258
17543.879999080596
17602.99499909264
17620.289999096163
17754.389999123483
17844.079999141755
17890.069999151125
17939.47499916119
17962.669999165915
17982.049999169863
18164.24499920698
18261.634999226822
18280.07999923058
18831.339999342887
18881.779999353163
18937.929999364602
18964.929999370102
19013.90999938008
19179.9099994139
19196.719999417324
19287.869999435894
19315.83499944159
19343.80499944729
19833.499999547053
20279.104999637835
20298.134999641712
20371.419999656642
20495.14999968185
20654.669999714348
20834.514999750987
20846.60999975345
20871.464999758515
20928.794999770194
20965.034999777577
21372.369999860563
21472.899999881043
21504.119999887404
21645.824999916273
21731.46499993372
21885.73499996515
22002.389999988914
22134.55000001584
22188.39500002681
22203.36500002986
22281.22500004572
22367.285000063253
22385.055000066874
22464.635000083086
22598.965000110453
22748.295000140875
22785.56500014847
22854.89000016259
22987.85000018968
23137.885000220245
23153.26500022338
23279.81000024916
23333.300000260057
23354.77500026443
23366.815000266884
23632.160000320942
23723.130000339475
23766.415000348294
23797.530000354633
23815.765000358348
23951.340000385968
24053.965000406875
24130.820000422533
24157.590000427987
24464.33500049048
24490.295000495767
24585.795000515223
24601.005000518322
24777.640000554307
24955.180000590477
24972.805000594068
25305.595000661866
25328.3400006665
25566.330000714985
25588.760000719554
25612.93000072448
25633.75500072872
25663.70000073482
25745.52500075149
25758.790000754194
25789.175000760384
25880.000000778888
26109.165000825575
26165.995000837152
26199.51500084398
26216.945000847532
26230.370000850267
26527.11000091072
26649.445000935644
26745.230000955158
26949.08500099669
26972.65000100149
27296.72000106751
27318.715001071992
27330.73000107444
27361.4500010807
27536.39000111634
27582.18500112567
27637.135001136863
27715.925001152915
27738.38500115749
27760.47000116199
27880.58000118646
27895.195001189437
27912.48000119296
27930.235001196575
27984.10500120755
28004.060001211616
28045.475001220053
28069.145001224875
28167.840001244982
28210.670001253708
28239.375001259556
28283.795001268605
28401.010001292485
28423.730001297114
28443.89500130122
28540.43000132089
28933.21000140091
28953.49500140504
28984.400001411337
29151.475001445375
29283.700001472313
29634.55500154379
29840.80500158581
29859.85000158969
29905.170001598923
29928.56500160369
29946.565001607356
30322.120001683867
30440.91500170807
30578.875001736174
30716.060001764123
30757.81000177263
30782.79500177772
30803.105001781856
31018.680001825775
31094.69000184126
31195.86000186187
31210.865001864928
31274.915001877976
31517.835001927466
31532.505001930454
31598.625001943925
31654.595001955327
31666.78000195781
31899.035002005126
31921.93000200979
32021.105002029995
32117.600002049654
32206.6650020678
32627.72500215358
32646.82000215747
32676.450002163507
32709.44500217023
32926.27500209924
33080.26000201857
33105.7900020052
33123.68500199582
33233.39000193835
33257.875001925524
33446.60000182666
33633.88000172855
33654.615001717684
33668.02000171066
33894.60500159196
33965.04500155506
34153.765001456195
34182.9650014409
34260.25500140041
34309.63500137454
34660.58000119069
34905.615001062324
34922.145001053665
34938.71000104499
34956.32000103576
34969.24000102899
35186.105000915384
35198.59500090884
35275.495000868556
35431.3700007869
35581.50500070825
35676.930000658256
35762.40500061348
35949.290000515575
36006.94500048537
36025.0200004759
36093.02000044028
36115.745000428375
36132.84500041942
36152.530000409104
36299.55500033208
36387.245000286144
36434.355000261465
36562.785000194184
36575.87000018733
36668.86500013861
36714.97000011446
36742.465000100055
37010.21999995979
37038.96499994473
37062.65499993232
37243.61499983752
37290.24499981309
37525.51999968984
37629.17999963553
37763.274999565285
37785.15499955382
37798.84499954665
37902.43499949238
37964.964999459626
37983.47499944993
38037.12999942182
38059.359999410175
38084.62499939694
38391.85999923599
38407.8699992276
38446.40999920741
38567.89499914377
38638.33499910687
38657.579999096786
38707.24499907077
38751.23999904772
38820.1849990116
38888.24499897595
38965.329998935566
39038.459998897255
39058.714998886644
39080.61999887517
39097.254998866454
39120.2699988544
39281.16499877011
39320.90999874929
39588.179998609274
39753.95499852243
39806.59999849485
39825.48499848496
39845.98499847422
39862.57499846553
40021.379998382334
40079.10999835209
40093.00499834481
40109.93999833594
40125.639998327715
40162.20499830856
40470.84499814687
40509.399998126675
40697.33999802822
40773.379997988384
40904.02499791994
41095.784997819486
41157.78499778701
41174.5949977782
41355.469997683445
41452.12999763281
41581.289997565145
41683.374997511666
41707.58499749898
41729.5049974875
41926.37999738436
41970.85999736106
42008.12499734154
42055.04499731696
42073.624997307226
42331.10499717234
42402.22999713508
42532.309997066935
42607.004997027805
42669.74499699494
42761.71499694676
42778.02499693821
42866.4349968919
43063.2399967888
43082.5149967787
43303.71499666282
43357.5899966346
43370.35999662791
43414.954996604545
43515.50999655187
43647.75499648259
43718.86999644533
43751.774996428096
43951.26999632359
44099.91999624571
44306.98499613724
44420.29499607788
44440.44499606732
44670.90499594659
44690.52999593631
44956.14999579716
45030.61499575815
45044.70499575077
45167.65499568636
45237.57999564973
45310.45999561155
45374.3149955781
45422.76999555271
45542.779995489844
45717.24499539845
45759.18999537647
45907.38499529884
45935.834995283934
46126.28999518416
46404.98999503816
46690.37999488865
46703.69499488168
46731.584994867066
46873.30999479282
46898.309994779724
47050.8699946998
47067.739994690965
47108.15999466979
47120.824994663155
47190.9899946264
47222.89999460968
47361.33499453716
47412.33499451044
47931.93999423824
48023.569994190235
48076.82999416233
48113.97999414287
48139.494994129505
48183.684994106356
48441.27499397141
48815.71999377525
48855.19999375457
48950.879993704446
48964.184993697476
49003.854993676694
49035.96499365987
49050.96999365201
49725.444993298675
49736.364993292955
49760.84499328013
49777.06999327163
49790.73499326447
49872.3799932217
49886.99999321404
49980.72999316494
8.529999999999934
29.894999999998337
110.51999999997197
210.86499999988072
308.1299999997923
327.4949999997747
346.949999999757
419.6049999996909
430.7149999996808
460.6299999996536
631.5499999994981
647.3999999994837
752.3549999993883
769.5449999993726
806.9449999993386
824.6449999993225
1018.5999999991461
1051.2299999997356
1069.165000000127
1086.1950000004988
1134.8700000015613
1271.3900000045412
1458.1850000086185
1476.2500000090129
1656.2150000129411
1672.8750000133048
1725.895000014462
1914.8100000185857
1944.7200000192386
2080.0600000221925
2170.0850000241576
2217.1700000251853
2303.425000027068
2412.400000029447
2446.760000030197
2476.4700000308453
2531.4600000320456
2741.845000036638
2788.9350000376658
2832.5400000386176
2879.515000039643
2895.4450000399906
3178.9200000461783
3194.5850000465202
3388.875000050761
3411.8000000512616
3435.0700000517695
3518.0750000535813
3601.120000055394
3635.74500005615
3696.9400000574856
3711.840000057811
3740.620000058439
3807.8050000599055
3826.4400000603123
3837.2700000605487
3850.745000060843
3895.880000061828
4064.885000065517
4090.730000066081
4156.595000067518
4196.175000068382
4259.74500006977
4277.975000070168
4394.87500007272
4443.5700000737825
4466.81000007429
4487.195000074735
4645.01500007818
4714.105000079688
4812.170000081828
4850.490000082665
4868.525000083058
5026.045000086497
5054.300000087113
5079.210000087657
5110.555000088341
5124.310000088642
5266.855000091753
5510.025000097061
5527.240000097437
5543.960000097802
5564.780000098256
6098.650000109909
6357.7300001155645
6381.78500011609
6398.655000116458
6428.020000117099
6451.990000117622
6518.77500011908
6717.005000123407
6736.120000123824
6933.670000128136
7052.680000130734
7290.870000135933
7306.75000013628
7468.675000139814
7529.40500014114
7548.885000141565
7636.16000014347
7734.840000145624
7773.445000146467
7789.805000146824
7808.830000147239
7830.590000147714
7864.945000148464
8398.05000012262
8799.010000058437
8821.710000054803
8842.640000051453
8962.570000032256
9018.730000023266
9092.590000011443
9118.85500000724
9132.525000005051
9763.799999904002
9962.444999872205
9983.749999868794
10003.664999865607
10154.874999841402
10528.419999781609
10568.104999775256
10590.679999771643
10663.809999759937
10736.329999748328
10782.559999740928
10803.089999737642
10837.079999732201
10850.754999730012
10866.804999727443
11012.689999704091
11048.92499969829
11071.28999969471
11100.289999690069
11385.374999644435
11403.174999641586
11420.369999638833
11443.649999635107
11570.894999614738
11622.384999606496
11686.33499959626
12097.134999530503
12119.914999526856
12417.439999479231
12470.86499947068
12501.004999465855
12518.984999462977
12732.884999428738
12759.834999424424
12876.754999405708
13306.874999336858
13471.03999931058
13539.554999299613
13586.73999929206
13726.709999269655
13769.869999262746
13808.374999256583
13836.639999252058
13853.714999249325
13976.049999229743
14063.249999215785
14609.90499912828
14820.139999094628
14873.779999086042
14924.569999077912
15074.179999053964
15101.344999049616
15165.454999039353
15184.224999036349
15279.314999021128
15491.929998987094
15527.87999898134
15584.429998972288
15782.57999894057
15854.124998929117
15910.014998920171
16167.004998879034
16188.799998875545
16418.75499885138
16458.314998859438
16511.53499887028
16679.59499890452
16862.974998941878
16928.234998955173
16964.614998962585
17028.314998975562
17045.984998979162
17071.35499898433
17137.094998997723
17153.91499900115
17178.144999006086
17343.199999039713
17525.2399990768
17604.57499909296
17620.9699990963
18206.414999215573
18224.784999219315
18238.929999222197
18313.714999237432
18345.944999244
18924.51999936187
18943.549999365747
19134.974999404745
19209.334999419894
19229.92999942409
19546.059999488494
19582.16999949585
19690.189999517857
19710.754999522047
19760.48999953218
19823.549999545026
19900.91999956079
20106.6499996027
20125.419999606525
20142.61999961003
20216.39999962506
20334.00999964902
20570.93499969729
20655.919999714602
20744.039999732555
20790.339999741987
20803.939999744758
20819.3549997479
20836.87999975147
20852.614999754674
20876.7949997596
20896.81499976368
20928.054999770044
21147.854999814823
21164.344999818182
21185.759999822545
21206.019999826673
21223.92499983032
21250.52999983574
21288.42999984346
21314.464999848766
21331.044999852144
21480.334999882558
21507.649999888123
21524.51499989156
21641.419999915375
21655.38999991822
21670.539999921308
21692.64499992581
21757.959999939118
21880.28499996404
21895.249999967087
21910.074999970107
22169.41000002294
22202.1050000296
22224.745000034214
22262.76500004196
22388.650000067606
22420.250000074044
22442.380000078552
22465.810000083326
22654.31500012173
22673.545000125647
22695.660000130152
22709.915000133056
22855.780000162773
22919.460000175746
22969.680000185977
23118.200000216235
23185.150000229874
23255.105000244126
23278.0450002488
23318.565000257055
23402.075000274068
23503.3450002947
23526.845000299487
23723.065000339462
23760.60500034711
23789.625000353022
23890.82000037364
23905.15500037656
23920.265000379637
23934.12000038246
23951.16000038593
23971.56500039009
24013.085000398547
24135.195000423424
24166.53500042981
24205.820000437812
24223.28500044137
24293.790000455734
24440.43000048561
24461.4900004899
24481.215000493918
24500.780000497904
24580.23000051409
24610.435000520243
24625.14500052324
24955.765000590596
24971.285000593758
25229.810000646426
25324.4200006657
25348.380000670582
25568.91000071551
25607.19000072331
25632.005000728364
25778.225000758153
25909.785000784956
26054.51500081444
26158.485000835622
26347.265000874082
26361.280000876937
26377.065000880153
26554.570000916316
26598.585000925283
26648.2450009354
26830.40500097251
26925.04500099179
26943.315000995513
26987.200001004454
27000.97500100726
27050.720001017395
27224.105001052718
27332.560001074813
27351.655001078703
27367.915001082016
27407.515001090083
27418.84000109239
27430.07500109468
27511.535001111275
27529.790001114994
27561.415001121437
27605.620001130443
27642.345001137925
27675.94500114477
27702.89000115026
27736.56000115712
27766.31500116318
27779.930001165954
27963.58000120337
28003.775001211558
28255.525001262846
28293.14000127051
28318.23500127562
28388.970001290032
28692.785001351927
28951.57000140465
28984.495001411356
29337.815001483337
29947.56000160756
29980.035001614175
30072.700001633053
30088.810001636335
30220.98000166326
30304.90000168036
30591.57500173876
30747.035001770433
30762.005001773483
30936.125001808956
30993.855001820717
31390.540001901532
31411.43000190579
31432.79000191014
31461.380001915964
31579.11000193995
31705.80000196576
31781.29000198114
31853.93500199594
31951.33000201578
31982.44500202212
32015.620002028878
32033.330002032486
32263.680002079414
32284.000002083554
32296.765002086155
32375.5300021022
32493.28500212619
32515.385002130693
32566.85500214118
32584.415002144757
32604.280002148804
32840.785002144024
33228.7150019408
33301.42500190271
33439.70000183027
33547.450001773825
33561.26500176659
33633.675001728654
33659.97000171488
33992.28500154079
34040.73000151541
34144.15000146123
34157.68500145414
34233.33500141451
34438.9400013068
34500.170001274724
34610.76000121679
34649.595001196445
34664.1950011888
34766.1200011354
35187.975000914405
35200.55000090782
35219.260000898015
35241.47000088638
35261.200000876044
35404.28500080109
35503.98000074886
35521.60000073963
35609.6550006935
35634.17000068066
35652.7900006709
35927.70500052688
35989.970000494264
36010.27500048363
36070.34000045216
36265.245000350056
36296.37000033375
36311.81500032566
36323.99000031928
36349.56500030588
36383.44000028814
36639.96500015375
36662.71000014184
36694.2800001253
36739.260000101734
36773.220000083944
36900.025000017515
36990.65499997004
37042.46999994289
37197.464999861695
37514.664999695524
37686.53499960549
37702.27499959724
37845.299999522314
37993.98499944442
38007.649999437264
38027.66999942678
38039.70999942047
38128.384999374015
38321.60499927279
38336.77999926484
38362.64499925129
38375.30499924466
38390.53999923668
38498.59499918007
38623.89499911443
38720.419999063866
38733.42499905705
38755.699999045384
38771.48999903711
38913.25999896284
39041.629998895594
39076.62999887726
39382.17499871719
39405.439998705006
39419.42999869768
39432.78999869068
39547.03499863083
39625.1649985899
39667.184998567885
39691.85499855496
39705.39499854787
39908.83499844129
39930.589998429896
40029.94499837785
40104.63499833872
40118.329998331545
40273.62999825019
40290.47999824136
40351.879998209195
40371.5299981989
40416.03999817558
40431.114998167686
40443.72499816108
40655.15499805032
40668.659998043244
40683.67499803538
40714.91999801901
40757.59499799665
40782.62499798354
40953.14499789421
40981.12999787955
41014.164997862244
41088.16499782348
41118.43499780762
41138.76999779697
41321.7649977011
41620.53999754458
41668.97499751921
41681.9699975124
41701.569997502134
41736.69999748373
41783.88999745901
41811.3899974446
42060.76499731396
42319.564997178386
42397.70999713745
42627.794997016914
42710.59499697354
42763.57999694578
42787.15499693343
43070.45499678502
43092.469996773485
43165.68999673513
43248.65999669166
43264.96499668312
43280.19999667514
43355.26999663581
43372.20999662694
43398.154996613346
43411.94999660612
43487.759996566405
43540.60999653872
43613.54999650051
43630.87499649143
43817.18499639383
43833.21999638543
43887.2899963571
44267.229996158065
44382.504996097676
44459.93999605711
44517.34499602704
44559.514996004946
44581.76999599329
44593.51999598713
44606.57499598029
44710.679995925755
44864.51999584516
44883.90499583501
44915.389995818514
45032.07999575738
45190.11999567459
45297.334995618425
45338.53499559684
45410.284995559254
45725.84999539394
45745.46999538366
45768.159995371774
45781.29999536489
45812.08999534876
45826.169995341384
45845.159995331436
45980.81499526037
46482.784994997404
46571.45499495095
46609.42999493106
46769.76999484706
46842.2349948091
47035.899994707645
47087.48499468062
47137.9199946542
47148.294994648764
47179.01499463267
47213.749994614474
47369.04499453312
47394.79499451963
47768.259994323984
47799.28499430773
47980.54999421277
48376.50499400534
48389.03999399878
48793.019993787144
48815.67999377527
48848.44499375811
48873.63999374491
48946.279993706856
48987.264993685385
49012.29499367227
49385.114993476964
49842.73499323723
