18.235000000000657
146.794999999939
303.9599999997961
330.72999999977174
417.0749999996932
655.864999999476
826.5299999993208
848.5899999993007
947.1899999992111
1244.6200000039569
1449.0150000084184
1529.8250000101823
1655.5900000129275
1704.4450000139939
1896.0550000181763
2215.740000025154
2356.19000002822
2410.6400000294084
2474.3250000307985
2829.9200000385604
3143.6100000454076
3188.1850000463805
3221.795000047114
3352.3700000499643
3403.9500000510902
3516.780000053553
3803.615000059814
3925.9150000624836
4202.835000068528
4269.145000069975
4374.72500007228
4450.015000073923
4553.715000076187
4613.120000077483
4852.0900000827
5013.765000086229
5071.750000087494
5252.145000091432
5322.470000092967
5371.505000094037
5438.4950000955
5545.105000097827
5800.330000103398
5937.215000106386
6190.815000111921
6354.150000115486
6592.675000120693
6635.435000121626
6705.320000123152
7055.580000130797
7120.78000013222
7158.79000013305
7232.715000134664
7620.420000143126
7648.2800001437345
7867.120000148511
8045.345000152402
8100.210000153599
8168.205000155083
8453.70500011371
8513.065000104209
8628.120000085792
8807.895000057015
8987.03000002834
9289.529999979919
9321.479999974805
9381.524999965193
9504.389999945526
9669.949999919025
9726.38999990999
9796.214999898813
9828.114999893707
9970.5949998709
10007.004999865072
10041.924999859482
10078.009999853706
10142.509999843382
10188.089999836086
10309.014999816729
10368.559999807198
10420.969999798808
10553.879999777533
10776.384999741917
10880.44499972526
10957.514999712923
11065.464999695643
11418.724999639096
11547.699999618451
11660.019999600472
11841.239999571464
12228.414999509489
12304.93999949724
12339.939999491637
12408.099999480726
12517.52499946321
12637.154999444061
12698.844999434186
12759.149999424533
12862.514999407987
12926.839999397691
13043.204999379064
13107.819999368721
13221.679999350496
13273.309999342231
13451.724999313672
13565.299999295492
13743.9249992669
13796.384999258502
13865.794999247391
14054.024999217261
14085.189999212273
14377.904999165417
14501.344999145658
14662.084999119928
14803.049999097364
14846.359999090431
14915.309999079394
15028.009999061354
15173.524999038062
15203.514999033261
15278.944999021187
15359.724999008256
15382.864999004552
15474.33999898991
15613.639998967612
15832.944998932508
15944.144998914708
15977.194998909417
16008.204998904454
16327.554998853335
16362.809998847692
16399.41499884744
16424.034998852454
16480.424998863942
16536.91999887545
16584.82499888521
16830.524998935267
16936.384998956833
16997.87999896936
17120.58499899436
17202.264999011
17329.924999037008
17454.239999062334
17639.929999100164
17708.399999114114
17746.56999912189
17806.729999134146
18116.464999197247
18208.979999216095
18283.014999231178
18518.48499927915
18586.27999929296
18628.1849993015
18733.399999322934
18751.74499932667
18806.11999933775
18921.954999361347
18977.469999372657
19062.429999389966
19148.64999940753
19208.81499941979
19440.809999467052
19630.789999505756
19792.89499953878
19861.2099995527
19953.9849995716
20016.974999584432
20062.689999593746
20191.0649996199
20258.944999633728
20321.074999646386
20425.429999667645
20549.78999969298
20609.66499970518
20747.40499973324
20780.074999739896
21184.524999822293
21284.214999842603
21349.264999855855
21481.854999882868
21533.16999989332
21589.45499990479
21634.28499991392
21686.184999924495
22344.040000058518
22577.170000106013
22594.450000109533
22643.95500011962
22696.020000130226
22749.925000141207
22930.240000177942
23067.005000205805
23128.58500021835
23349.045000263264
23392.630000272144
23461.125000286098
23511.130000296285
23632.870000321087
23690.485000332825
23745.570000344047
23792.570000353622
23914.865000378537
24093.170000414862
24258.87500044862
24389.58500047525
24439.345000485388
24513.13500050042
24559.27000050982
24677.405000533887
24724.720000543526
24767.34500055221
25003.085000600237
25068.39000061354
25251.92000065093
25330.64000066697
25426.185000686433
25693.10000074081
25723.635000747032
25776.420000757786
26004.265000804204
26073.36000081828
26124.960000828793
26191.46000084234
26269.980000858337
26296.26000086369
26416.675000888223
26479.800000901083
26658.45500093748
26708.465000947668
26774.470000961115
27070.025001021328
27107.225001028906
27400.795001088714
27455.85500109993
27593.96500112807
27630.770001135566
27716.500001153032
27742.30500115829
27824.760001175087
27866.35500118356
27904.850001191404
28112.345001233676
28153.30000124202
28216.28500125485
28275.745001266965
28398.805001292036
28564.92500132588
28675.835001348474
28753.66000136433
28870.475001388128
28989.390001412354
29027.56500142013
29068.25000142842
29095.175001433905
29311.090001477893
29543.530001525247
29662.24000154943
29712.74500155972
29754.26500156818
29791.150001575694
29904.145001598714
30029.015001624153
30141.10500164699
30424.800001704785
30485.280001717107
30544.220001729114
30617.43500174403
30659.245001752548
30712.60500176342
30914.83500180462
31086.64000183962
31179.89500185862
31431.440001909865
31583.205001940783
31817.355001988486
31876.47500200053
31940.345002013542
31999.165002025526
32069.250002039804
32105.775002047245
32186.30000206365
32222.360002070996
32349.870002096974
32418.13500211088
32501.935002127953
32590.790002146055
32633.555002154768
32706.200002169568
32875.50000212584
32932.410002096025
33043.085002038046
33096.22000201021
33169.40000197187
33210.170001950515
33389.74500185644
33457.75500182081
33793.64000164485
33854.10500161318
33915.36000158109
33939.83000156827
33967.92000155355
34007.71000153271
34211.405001426
34570.88500123768
34662.63000118962
34741.95000114806
34804.975001115046
34854.78500108895
34920.13500105472
34946.33500104099
34963.86500103181
35139.82000093963
35197.520000909404
35310.19500085038
35375.07000081639
35440.49000078212
35543.55000072813
35838.39500057367
35909.42000053646
36120.16000042606
36236.690000365015
36280.95000034183
36421.14000026839
36526.285000213305
36638.7250001544
36702.41500012104
36772.96500008408
36813.94000006261
36883.780000026025
37068.404999929306
37367.849999772436
37411.849999749385
37487.824999709585
37600.69999965045
37627.80499963625
37690.95999960317
37864.96499951201
37900.139999493585
37936.83999947436
38052.049999414005
38120.48499937815
38232.08499931969
38279.28499929496
38512.68499917269
38545.25499915563
38674.39499908798
38913.9149989625
38988.944998923194
39067.86499888185
39259.19499878162
39326.394998746415
39389.634998713285
39499.83999865555
39594.78499860581
39726.799998536655
40182.60999829787
40232.95999827149
40313.04499822954
40496.7549981333
40555.27999810264
40718.11999801733
40845.46499795062
40964.0449978885
41122.69499780539
41292.1849977166
41488.85499761357
41809.684997445496
41898.714997398856
41943.499997375395
42121.159997282324
42196.20499724301
42314.639997180966
42345.8849971646
42470.74499709919
42582.63999704057
42696.59999698087
42888.50999688033
43208.814996712536
43291.02499666947
43336.31999664574
43373.48499662627
43413.66499660522
43509.55499655499
43579.59999651829
43632.09499649079
43732.934996437965
43759.95999642381
43783.709996411366
43883.45999635911
43976.88499631017
44074.509996259025
44147.81999622062
44203.61499619139
44345.779996116915
44371.204996103595
44618.27499597416
44668.224995947996
44775.45999589182
44842.72999585658
45188.79999567528
45222.909995657414
45368.479995581154
45491.5099955167
45593.12499546347
45628.24499544507
45713.049995400645
45778.66499536627
45850.239995328775
45946.49499527835
46001.3699952496
46123.17499518579
46179.24999515642
46252.16499511822
46297.67499509438
46407.669995036755
46426.43999502692
46468.72499500477
46503.32999498664
46541.56499496661
46596.40499493788
46703.12999488197
46839.71999481042
46941.01499475735
47055.91999469716
47230.71499460559
47580.62499442228
47614.784994404385
47936.064994236076
47990.4199942076
48214.609994090155
48322.08499403385
48507.619993936656
48538.409993920526
48580.844993898296
48620.96499387728
48940.994993709624
49044.20999365555
49157.1199935964
49338.24499350152
49628.50499334946
49790.844993264414
49986.09499316213
50195.39499305248
50313.42499299065
50480.95499290289
50536.394992873844
50580.564992850705
50602.899992839004
50678.92499279918
50714.73499278042
50945.18499265969
50997.939992632055
51219.294992516094
51305.62499247087
51418.729992411616
51520.46999235832
51708.60499225976
51817.57999220267
52006.79499210355
52097.639992055956
52201.60499200149
52236.40499198326
52462.66499186473
52699.55999174063
52750.68999171384
52815.18499168006
52878.104991647095
53209.119991473686
53518.83999131143
53627.55499125448
53672.194991231096
53875.31499112469
53916.054991103345
53980.48999106959
54025.239991046146
54085.829991014405
54211.299990948675
54268.19499091887
54498.13499079841
54552.78499076978
54787.21999064697
54897.979990588945
54960.04499055643
54989.949990540765
55014.46499052792
55186.944990437565
55233.099990413386
55425.669990312505
55497.08499027509
55531.08499025728
55548.009990248414
55579.24999023205
55603.3949902194
55650.25499019485
55767.43999013346
55833.234990098994
55884.564990072104
55949.87499003789
56305.30498985169
56414.104989794694
56544.94998972615
56642.16998967522
56767.894989609355
56895.76498954237
57052.72998946014
57166.13498940073
57408.86498927357
57584.63498918149
57645.33998914969
57745.829989097045
57874.259989029764
58175.824988871784
58228.544988844165
58291.22998881133
58328.494988791805
58385.874988761745
58624.00998863699
58648.90498862395
58680.60998860734
58702.53498859586
58740.45498857599
58887.45498849898
58926.179988478696
59025.85998842648
59142.77498836523
59160.97998835569
59208.47498833081
59299.29998828323
59396.624988232245
59444.92498820694
59527.17998816385
59676.84998808544
59802.774988019475
59869.24998798465
59969.759987932
60141.79998784187
60183.90998781981
60211.91998780514
60252.60998778382
60378.11498771807
60658.45498757121
60718.26498753988
60808.6999874925
60833.03998747975
60998.53498739305
61027.59498737783
61121.58498732859
61193.79498729076
61313.80998722789
61355.82498720588
61703.12998702394
61817.094986964235
61890.70998692567
61933.154986903435
61970.19998688403
61992.45498687237
62123.55498680369
62167.22498678081
62295.649986713535
62383.689986667414
62410.0649866536
62466.71498662392
62527.31498659217
62580.95498656407
62634.94998653579
62827.824986434745
63066.224986309855
63101.10998629158
63276.58998619965
63345.0249861638
63525.48498606926
63579.14498604115
63626.49498601635
63700.10998597778
63798.45998592626
64116.11498575985
64276.26498567595
64310.95998565778
64333.30998564607
64502.65998555735
64665.844985471864
64735.00498543563
64900.74498534881
64959.95498531779
65140.924985222984
65197.729985193226
65300.00498513965
65330.57498512363
65497.349985036264
65533.00998501758
65659.24498513079
65761.62498522614
65832.5499852922
66184.2049856197
66235.50498566747
66640.34498604451
66712.68998611189
66824.6899862162
66947.34998633043
67020.0049863981
67124.79498649569
67185.97498655267
67474.39998682128
67580.41998692002
67756.5949870841
67821.06998714415
68054.60998736165
68269.52998756181
68344.71498763183
68378.57498766336
68503.44998777966
68810.24498806539
68876.04998812667
68974.7599882186
69051.02498828963
69224.46998845116
69388.0449886035
69486.77498869546
69609.3349888096
69711.58998890483
69735.81498892739
69898.04998907848
69967.67498914333
70033.58998920472
70087.63998925505
70120.67998928583
70599.58998973184
70715.80998984008
70796.08498991485
70838.7749899546
70889.9899900023
70951.89499005995
71064.50999016484
71199.0099902901
71237.81999032624
71300.97499038506
71406.40999048325
71425.16999050073
71463.71499053662
71582.30999064707
71652.69499071263
71710.20999076619
71755.094990808
71876.8599909214
71983.4899910207
72058.05499109015
72119.22999114712
72172.86999119708
72235.97999125585
72308.15499132307
72348.884991361
72417.31499142473
72523.61999152374
72630.9499916237
72652.4299916437
72759.01499174297
72848.11499182595
72871.42999184766
73049.33999201335
73106.41999206651
73160.71999211708
73332.82999227737
73500.83499243384
73535.24999246589
73558.17999248725
73737.59999265434
73800.26999271271
73850.49499275949
74030.12499292678
74152.6649930409
74208.9199930933
74266.70999314712
74553.96499341464
74623.89499347977
74769.00499361492
74791.24999363563
74850.88999369118
74975.40499380714
75061.7999938876
75149.98499396973
75198.30999401474
75315.00999412342
75422.94499422394
75495.95499429194
75530.8099943244
75614.8799944027
75776.23999455298
75816.41499459039
75842.76499461493
75921.23999468802
76066.9199948237
76119.84499487298
76270.88999501365
76413.68499514664
76489.5549952173
76526.03999525128
76653.21999536973
76755.54499546502
77122.36499580665
77183.63999586372
77242.12999591819
77313.56499598472
77363.72499603144
77468.02999612858
77522.36999617919
77582.35499623505
77689.55499633489
77983.69499660883
78045.5149966664
78171.54999678378
78228.77999683708
78393.90999699087
78512.17999710102
78565.56499715074
78743.62999731657
78793.98499736347
78930.61499749072
79090.1549976393
79151.05999769602
79206.2249977474
79388.35499791702
79443.6349979685
79618.9749981318
79666.22999817581
79750.42499825422
79824.98499832366
79878.7149983737
80143.78499862057
80432.04999888904
80601.7649990471
80728.6799991653
80904.5649993291
81067.84999948117
81251.39999965212
81356.93999975041
81404.25499979447
81602.13499997876
81730.0500000979
81820.48500018212
81937.16000029078
82055.21500040073
82186.500000523
82285.1850006149
82379.40000070265
82530.44000084331
82579.08000088861
82604.14000091195
82632.13500093803
82698.52500099986
82750.62500104838
83230.98500149575
83497.12500174361
83530.52500177472
83682.94500191667
83723.2500019542
83854.92000207683
84022.30500223272
84044.74500225362
84092.36000229797
84176.01000237587
84321.34500251123
84374.02500256029
84400.6700025851
84556.06500272983
84696.1600028603
84916.86500306585
84964.93500311062
85088.90000322607
85240.1150033669
85311.96000343381
85434.97000354837
85538.38000364468
85610.32000371168
85656.54000375472
85951.64500402956
86027.89500410057
86067.90500413784
86124.60500419064
86246.50500430417
86310.17000436346
86410.51000445691
86533.36500457133
86934.33000494476
86998.49000500451
87070.0950050712
87413.01500539057
87524.67000549455
87588.00500555354
87689.58000564814
87768.94000572205
87942.79000588396
88050.9600059847
88333.84000624815
88503.58500640624
88617.51500651235
88659.78500655171
88907.12000678206
89015.04000688257
89089.98000695236
89205.8700070603
89255.76500710676
89442.59000728076
89680.08500750194
89730.25000754866
89805.05000761832
90016.93000781565
90205.27000799106
90407.67500817956
90604.79000836314
90718.38500846893
90769.53500851657
91015.16500874533
91140.91000886244
91167.35500888707
91409.24500911235
91484.84000918275
91538.54000923276
91578.97500927042
91608.79000929819
91644.22000933118
91671.46000935655
91721.8750094035
91752.66500943218
91828.2800095026
92111.70500976656
92159.0900098107
92226.67500987364
92288.89500993158
92505.01001013286
92632.81001025188
92708.22501032212
92751.22001036216
92807.57001041464
92863.97501046717
92930.52001052914
93150.96501073445
93303.63001087663
93788.80001132848
93845.42501138122
93909.59501144098
94013.58501153783
94080.26001159992
94116.58501163375
94267.38001177419
94560.60501204728
94614.01001209702
94770.69001224294
94801.62501227175
94864.07501232991
94900.50501236384
95028.54001248308
95062.75001251494
95093.15001254325
95132.49001257989
95244.46001268417
95264.66001270298
95325.60001275974
95370.5450128016
95483.75501290703
95662.17001307319
95920.90001331415
96010.90001339797
96120.5650135001
96178.06001355365
96230.79001360276
96349.8000137136
96538.23501388909
96810.56001414271
96885.26501421229
96952.65501427505
97009.4050143279
97171.80501447915
97223.9300145277
97289.57001458883
97353.49001464836
97506.72501479107
97563.9850148444
97582.4650148616
97699.18501497031
97721.91501499148
97742.27001501044
97988.36501523963
98191.67501542898
98280.25501551147
98382.14001560636
98453.09001567244
98525.04001573945
98567.24001577875
98614.26501582254
98641.75501584815
98685.50501588889
98734.11001593416
98805.69001600082
99091.3850162669
99218.195016385
99371.91501652816
99438.25001658994
99486.80001663516
99740.12501687108
99933.66001705133
99967.68001708301
100366.23001745419
100564.61501763895
100586.77001765958
100611.51001768262
100661.26001772896
100776.48001783626
100885.75001793803
100910.9550179615
100955.86001800332
101135.96501817106
101251.03501827823
101296.82001832087
101603.88501860684
101648.9400186488
101711.29001870687
102468.26501941186
102517.94501945813
102578.60001951462
102679.26001960837
102743.05001966777
102821.15001974051
102868.67501978477
103048.235019952
103295.37502018217
103327.56502021215
103396.0150202759
103445.24502032174
103689.50002054923
103828.4200206786
103875.43002072239
103919.71002076362
104324.40502114053
104550.23502135085
104614.98502141115
104903.17502167955
105254.89002200711
105549.15502228116
105665.66002238967
105882.87502259196
106019.10502271884
106066.36502276285
106307.6800229876
106369.18002304487
106428.52502310014
106490.27002315765
106534.61502319894
106698.4150233515
106771.52502341958
106835.8650234795
106937.17002357385
106999.70002363209
107053.98502368265
107110.3100237351
107631.08502422011
107689.85002427484
107734.94502431684
107801.09502437845
107992.41502455663
108095.75502465287
108388.94502492592
108453.6600249862
108507.30502503616
108626.34502514702
108962.52002546011
108983.69002547982
109030.21002552315
109200.85002568207
109374.15502584347
109400.89002586837
109443.69002590823
109551.06002600823
109618.460026071
109682.5600261307
109740.32002618449
109778.59002622013
109801.93002624187
109924.91502635641
110016.25002644147
110084.27002650482
110136.39502655336
110174.13002658851
110369.48502677045
110672.70502705284
111012.185027369
111195.70002753992
111303.45002764027
111429.79002775793
111604.4500279206
111644.9300279583
111760.31002806575
111821.32002812257
111902.07002819778
112010.56502829882
112407.3950286684
112440.74002869945
112468.61002872541
112536.74002878886
112742.07502898009
112762.40002899902
112826.03002905828
112889.6150291175
112928.85502915405
113006.67502922652
113067.62502928328
113104.30002931744
113149.4550293595
113288.37502948887
113510.63502969587
113813.45002997789
113890.22003004939
113956.75503011135
113977.46003013063
114037.72003018676
114102.63503024721
114145.56003028719
114271.31503040431
114304.66503043537
114384.95503051014
114556.7000306701
114674.96503078024
114853.10503094614
114893.79503098404
114935.91503102327
114978.39503106283
115271.16503133549
115304.62003136665
115615.83003165649
115719.40503175295
115943.34503196151
116058.07003206835
116434.06503241853
116483.02503246412
116545.63003252243
116714.63503267983
116894.08503284695
116954.08503290283
117130.62003306724
117242.33503317129
117292.76003321825
117354.30003327556
117424.01003334048
117455.10503336944
117576.55503348255
117751.78003364574
117926.20003380819
118220.16503408196
118513.04003435472
118634.5700344679
118680.99503451114
118811.17503463238
118863.62503468123
118922.7550347363
119049.31503485417
119083.44503488595
119154.23503495188
119289.92503507825
119352.40003513644
119380.1700351623
119440.8300352188
119639.39503540372
119865.4000356142
119959.37503570173
120003.81503574312
120077.16503581143
120195.31503592146
120328.89003604586
120368.09503608238
120486.07003619225
120532.84003623581
120607.55003630539
120717.95503640821
120843.33503652498
120947.1900366217
121070.03503673611
121113.85503677692
121413.42003705591
121470.77003710932
121528.65003716323
121571.95503720356
121595.89003722585
121629.340037257
121648.26503727463
121812.25003742735
121934.05003754079
122013.12503761443
122113.9200377083
122144.35003773664
122575.02503813774
122787.41003833554
122840.24003838474
122885.91503842728
123031.47503856284
123100.44003862707
123149.0050386723
123268.97503878403
123342.97003885295
123457.62503895973
123625.49003911606
123687.01503917336
123751.52003923344
123978.23003944458
124082.82003954198
124220.23503966996
124363.9450398038
124384.71503982315
124444.97003987926
124556.41003998305
124774.77004018641
124797.955040208
124841.63504024869
124906.91504030948
124969.13004036742
125074.49004046555
125198.0250405806
125317.55504069192
125420.58504078788
125586.98504094285
125612.73504096683
125661.36504101212
125834.34004117321
125902.11004123633
126001.35004132875
126186.43004150112
126485.84004177997
126650.09004193294
126835.07504210522
126997.42004225642
127047.19504230277
127224.05504246749
127302.91504254093
127529.23504275171
127595.57504281349
127625.0000428409
127695.68004290672
127730.72004293936
127801.84004300559
127905.2500431019
127992.74504318339
128041.11504322843
128335.94004350301
128444.23004360386
128752.03504389053
128873.49004400364
128919.42504404642
129087.83004420326
129156.72004426742
129208.5550443157
129262.94004436635
129384.16504447925
129419.90504451253
129473.68004456261
129519.41504460521
129565.96004464856
129679.68004475447
129833.77504489798
130156.28504519834
130312.86504534417
130383.64004541008
130440.10004546266
130549.8800455649
130605.9300456171
130665.90004567296
130728.82004573155
130939.14504592743
131060.95504604088
131126.1650461016
131315.0250462775
131483.98004643485
131527.70004647557
131589.8000465334
131698.2450466344
131718.83504665358
131770.79004670196
131949.01004686794
132293.6200471889
132452.07504733646
132524.2600474037
132683.65004755213
132753.04504761676
132858.3150477148
132971.72004782042
133332.28504815622
133397.19504821667
133491.8300483048
133569.95004837756
133634.77504843794
133766.14004856028
133954.47504873568
134096.8900488683
134153.8900489214
134222.75504898553
134265.74004902557
134425.110049174
134663.89504939638
134712.28504944145
134736.91504946438
135098.4550498011
135142.53004984214
135201.26504989684
135253.1800499452
135343.53505002934
135419.06505009969
135670.51505033387
135935.91505058104
135972.97505061555
136003.25005064375
136062.71505069913
136124.51005075668
136170.98005079996
136194.88005082222
136298.2600509185
136370.77505098603
136426.05505103752
136459.15505106834
136707.05505129922
136754.6150513435
136883.38005146343
136941.93505151797
137048.83505161753
137315.98505186633
137364.14505191118
137622.04505215137
137654.77505218185
137700.6900522246
137815.7900523318
137886.25505239744
137919.9250524288
137963.2000524691
137996.7150525003
138218.35505270673
138278.4700527627
138337.42005281762
138398.57005287457
138577.13505304087
138867.9250533117
138989.29005342472
139303.140053717
139431.79005383683
139561.63505395775
139726.8100541116
139838.13505421526
139888.38505426206
139911.49005428358
139957.73005432665
140017.10505438194
140131.55005448853
140194.20005454688
140340.370054683
140409.98505474784
140486.0600548187
140652.64005497383
140680.2150549995
140954.93505525537
141001.17505529843
141410.3300556795
141531.0450557919
141589.38505584624
141717.81505596585
141754.11005599966
141772.02005601634
141827.4000560679
141897.33005613304
142006.64505623485
142197.8400564129
142253.9900564652
142295.39005650376
142331.23505653715
142402.67505660368
142515.83005670906
142594.5750567824
142749.37005692656
142870.99505703984
142941.36505710537
143045.79505720263
143168.2850573167
143219.1750573641
143335.48505747243
143386.94505752035
143529.41005765303
143669.65005778364
143699.40005781135
144040.3550581289
144069.6850581562
144189.98005826824
144210.2300582871
144270.64505834336
144334.76505840308
144508.76505856513
144721.59005876334
144786.92005882418
144848.19005888124
144930.1650589576
145020.75005904195
145092.02005910833
145304.09005930583
145388.59005938453
145505.050059493
145547.3750595324
145739.19505971106
145850.72505981493
145961.9400599185
146005.70505995926
146141.44006008568
146186.51506012765
146249.8200601866
146291.76006022567
146345.13006027538
146530.76006044826
146669.80506057775
146719.62506062415
146836.42506073293
146947.69506083656
146990.72506087663
147181.3950610542
147233.98006110318
147299.36506116408
147451.68006130593
147520.0300613696
147583.79506142897
147914.15006173664
148104.67006191408
148177.31006198173
148536.05506231583
148583.3550623599
148619.3300623934
148806.5950625678
148976.5750627261
149087.73506282963
149256.56006298686
149320.90006304678
149406.2900631263
149495.27006320917
149620.41506332572
149746.09506344277
149846.36006353615
150190.06006385625
150301.2400639598
150322.42006397952
150359.7750640143
150545.82006418757
150597.00506423524
150656.0200642902
150854.31506447488
150893.69006451155
150949.6800645637
151060.57506466698
151120.56506472285
151181.4100647795
151315.48506490438
151366.11506495153
151427.55506500875
151523.68006509828
151651.10506521695
151718.87006528006
151780.1250653371
151883.38506543328
151941.99006548786
152144.92006567685
152188.6850657176
152231.98506575794
152338.40506585705
152593.93506609503
152701.55506619526
152863.3050663459
152914.90006639395
152995.20006646874
153163.88006662583
153453.94506689598
153506.6900669451
153538.0600669743
153804.81006722274
153861.6650672757
153910.27006732096
154136.885067532
154163.15006755647
154323.50506770582
154344.57006772544
154375.71506775444
154450.12006782374
154498.2950678686
154588.43006795255
154676.92006803496
154727.36506808194
154861.7600682071
155013.24006834818
155059.81506839156
155190.99006851373
155356.3100686677
155377.73006868764
155414.91506872227
155446.34506875154
155614.63006890827
155667.25506895728
155719.8850690063
155772.11006905494
155885.82006916084
155918.60006919137
155950.8350692214
156045.1150693092
156068.04006933054
156121.55006938038
156251.05006950098
156470.08006970497
156531.61506976228
156577.97006980545
156601.07006982696
156640.38006986358
156716.37006993435
156762.12006997695
156825.48007003596
156931.68007013487
157055.4150702501
157124.96007031488
157233.08507041557
157296.3550704745
157354.74007052887
157404.1500705749
157538.00507069955
157583.50507074193
157736.89507088478
158029.180071157
158047.19507117377
158235.43007134908
158456.94507155538
158639.8100717257
158730.75007181038
158870.16007194022
158900.77507196873
158976.5350720393
159106.6750721605
159389.56507242395
159460.87507249037
159503.47007253004
159685.4250726995
159739.63507274998
159800.24507280643
160037.65507302753
160133.09507311642
160192.41007317166
160267.09507324122
160381.18507334747
160447.41507340915
160500.15507345827
160638.63507358724
160831.95007376728
160899.32007383002
160958.7750738854
161132.88007404754
161198.5550741087
161234.22007414192
161306.98007420968
161413.8400743092
161534.59507442167
161652.39007453137
161766.59007463773
161830.4450746972
162168.30007501185
162459.8800752834
162509.0350753292
162530.5200753492
162583.72007539874
162702.19507550908
162763.50007556617
162805.0800756049
162990.5300757776
163037.47007582133
163389.06507614878
163488.8550762417
163516.68507626763
163685.28007642465
163748.0450764831
164031.8300767474
164057.2750767711
164155.76007686282
164198.0450769022
164215.35007691832
164259.42007695936
164550.17007723014
164622.36507729738
164685.01507735573
164727.48007739527
164778.22007744253
165134.5750777744
165426.00007804582
165524.83507813787
165782.17507837754
165890.7050784786
166059.4700786358
166132.98007870425
166193.84007876093
166639.47007917595
166751.7150792805
166769.49007929704
166894.08007941308
166939.17507945508
167064.720079572
167288.23007978016
167344.7500798328
167589.6800800609
167739.17008020013
167855.7450803087
167907.37008035678
167994.24008043768
168056.88508049602
168093.63508053025
168229.4100806567
168438.95008085185
168463.10008087434
168561.05008096556
168682.39508107858
168797.66008118592
168832.3150812182
168888.06508127012
169144.49008150893
169195.9950815569
169225.11008158402
169268.31508162426
169316.92008166952
169678.61008200637
169800.65008212003
169898.48508221115
169968.83508227667
170023.8600823279
170080.06508238026
170183.75008247682
170661.27008292155
170715.42508297198
170845.53508309316
170895.55008313974
171019.26508325496
171082.73008331406
171127.31008335558
171183.72508340812
171253.86508347344
171411.32008362008
171509.88508371188
171583.71508378064
171634.33508382778
171827.57508400775
171891.17508406698
172051.34008421615
172169.36508432607
172278.12508442736
172357.210084501
172420.50508455996
172521.5950846541
172584.38008471258
172645.68008476967
172759.3250848755
172826.99008493853
172901.38508500782
172983.69008508447
173046.07008514256
173207.54508529295
173339.84008541616
173444.11008551327
173465.25008553296
173579.19008563907
173788.0750858336
173921.29508595768
173971.33508600428
174146.02008616697
174203.21008622024
174378.87508638384
174448.48508644867
174499.97508649662
174622.16508661042
174830.27008680423
174879.1900868498
174900.29008686944
174973.3600869375
175007.180086969
175070.1200870276
175207.1250871552
175252.52008719748
175314.96008725563
175487.4800874163
175605.84008752654
175673.98508759
175709.38508762297
175728.755087641
175783.3000876918
175822.3750877282
175859.4050877627
176014.51508790714
176253.2550881295
176361.68008823047
176410.16008827562
176441.52508830483
176541.2400883977
176595.85008844855
176762.29008860356
176879.97008871316
177412.50508920912
177458.05508925155
177505.54008929577
177535.47008932364
177593.33508937754
177744.32508951816
177778.4250895499
177802.76508957258
177873.57008963852
178048.39008980134
178154.37008990004
178691.78009040054
178743.57509044878
178971.63509066118
179015.08009070164
179146.84009082435
179501.4350911546
179669.0700913107
179971.46009159234
180091.6850917043
180138.1600917476
180244.94009184703
180308.20009190595
180602.75009218027
180676.31509224878
180842.3350924034
180906.70509246335
180964.0850925168
181008.89009255852
181057.730092604
181190.5600927277
181336.33509286348
181371.61009289633
181711.5300932129
181810.69009330525
181935.45009342144
181993.51009347552
182307.53009376797
182332.76509379147
182639.4400940771
182816.27009424177
182874.2800942958
182993.91509440722
183046.5150944562
183123.13509452756
183330.71009472088
183347.4900947365
183517.47509489482
183688.13509505376
183782.4500951416
183844.35009519925
183878.435095231
183924.5050952739
184084.76009542315
184216.26509554562
184261.2350955875
184323.5250956455
184369.51009568834
184407.30509572354
184435.09009574942
184637.42009593785
184816.22009610437
184839.37009612593
185066.83509633777
185151.77509641688
185259.8000965175
185374.3750966242
185647.7700968788
185743.04509696754
185780.44509700238
185893.4350971076
186015.39009722118
186081.85009728308
186193.27509738685
186524.75509769557
186645.54009780806
186707.26509786554
186772.75509792654
186893.8300980393
187163.43009829038
187461.24009856774
187765.85009885143
187808.2250988909
187873.0750989513
188052.81509911868
188140.7650992006
188217.7550992723
188280.94009933114
188345.8450993916
188506.53509954124
188622.5450996493
188738.25009975705
188883.63009989244
188921.30009992752
188974.7500999773
189101.52010009537
189154.6051001448
189199.93010018702
189382.82510035735
189434.26510040526
189556.41010051902
189667.90010062285
189961.66510089644
190028.57510095875
190216.80010113405
190318.36510122864
190424.48510132747
190472.56010137225
190519.03510141553
190675.50010156125
190769.00010164833
190843.2851017175
190952.17010181892
191239.23510208627
191344.75010218454
191376.75510221435
191480.27010231075
191766.160102577
191819.45010262664
191944.23010274285
192004.49010279897
192116.70510290348
192228.8301030079
192260.7201030376
192286.45010306156
192398.89010316628
192424.74510319036
192457.26510322065
192633.59510338487
192873.99510360876
192965.71510369418
193040.96510376426
193281.38010398817
193339.67510404246
193390.77510409005
193443.49010413914
193622.67010430602
193644.29510432616
193743.0301044181
193878.06010454387
193913.13010457653
193969.1351046287
193996.05010465375
194117.14510476653
194155.05510480184
194216.5301048591
194324.42510495958
194433.38510506105
194619.79010523466
194671.9151052832
194952.63010554464
195020.39510560775
195206.05510578066
195238.07010581048
195321.0001058877
195481.9401060376
195504.0551060582
195595.2151061431
195876.7501064053
195951.87510647526
196034.7051065524
196132.16510664317
196240.50510674407
196295.8551067956
196480.7301069678
196538.89010702196
196586.09510706592
196716.80510718765
196888.28010734735
196937.95510739362
197067.95010751468
197129.58010757208
197280.44010771258
197578.25510798994
197639.69510804716
197754.49010815407
197779.99010817782
197867.0401082589
197929.08510831668
198041.4301084213
198162.8501085344
198284.99010864814
198700.01510903466
198808.27010913548
199093.45010940108
199220.80010951968
199438.91510972282
199613.57510988548
199783.82011004403
199864.77511011943
199899.16511015146
199933.85511018377
199955.40011020383
200031.5951102748
200070.01511031057
200133.67511036986
200187.0901104196
200303.41011052794
200351.85511057306
200412.99511063
200443.84011065873
200485.87511069787
200596.2751108007
200950.01511113014
201057.90511123062
201119.04011128756
201182.42011134658
201371.80511152296
201469.1301116136
201532.6901116728
201757.9551118826
201889.5951120052
202008.11511211557
202051.70011215616
202114.39011221455
202234.85011232673
202806.12011285877
202870.51511291874
202926.58011297096
202983.8501130243
203168.77011319652
203213.36511323805
203281.62511330162
203371.76011338556
203724.06011371367
203872.93511385232
203925.3101139011
204158.79511411855
204326.3401142746
204400.4301143436
204437.56011437817
204506.92011444276
204545.5001144787
204725.75011464657
204921.13011482853
204962.90511486743
204997.10511489928
205157.51011504867
205195.9801150845
205256.7401151411
205387.2051152626
205480.24511534924
205642.08011549996
205770.1151156192
205829.88511567487
205950.08511578682
206062.56011589157
206125.16011594987
206238.08511605504
206416.25011622097
206490.23511628987
206747.1101165291
206784.53011656395
206812.85011659033
206883.59511665622
207066.91011682694
207233.1751169818
207587.06011731137
207754.2801174671
207800.30011750996
207824.14511753217
207863.52511756885
207886.28011759004
207986.0001176829
208098.50011778768
208272.91011795012
208394.2301180631
208624.8651182779
208744.72511838953
208875.63511851145
208909.2051185427
208978.58011860732
209047.03011867107
209126.0801187447
209214.51511882705
209392.2601189926
209496.23511908943
209716.15011929424
209737.08511931374
209851.42511942022
209989.7951195491
210018.49511957582
210081.97511963494
210134.4251196838
210497.1451200216
210530.3301200525
210706.48512021656
210839.9851203409
211171.48512064962
211208.8151206844
211535.7651209889
211575.80012102617
211643.7001210894
211694.12512113637
211744.53512118332
211939.98512136535
212066.62012148328
212229.75512163521
212471.92512186075
212645.30512202223
212680.57012205507
212725.9201220973
212750.70012212038
212800.755122167
212949.5901223056
213013.6801223653
213050.35012239945
213115.62012246024
213162.00012250344
213333.9801226636
213384.25512271043
213404.12012272893
213439.32512276171
213520.35512283718
213690.40012299555
213767.7601230676
213913.20012320305
213949.71012323705
213971.20012325706
214139.26012341358
214328.60512358992
214502.46012375184
214793.06512402248
215158.24012436258
215428.8451246146
215611.67012478487
215714.2451248804
215747.2251249111
215781.26512494282
215855.08012501156
215953.66512510338
216013.25012515887
216060.9501252033
216122.4851252606
216140.35012527724
216179.84512531402
216296.19012542238
216347.52012547018
216374.12512549496
216532.19512564217
216605.4551257104
216698.6451257972
216761.09512585535
216830.36012591986
216945.33012602694
216980.57512605976
217045.29512612004
217173.94012623985
217265.0451263247
217585.0301266227
217640.47012667434
217796.42512681958
217819.9551268415
217867.29012688558
218018.90512702678
218049.58512705535
218273.67012726405
218487.85512746352
218509.01012748323
218797.84512775223
218872.07012782135
218967.06012790982
219056.25012799288
219086.3401280209
219267.6901281898
219305.39512822492
219328.11512824608
219434.8751283455
219460.27012836916
219504.86012841068
219599.8101284991
219683.20512857678
220136.26512899873
220179.12012903864
220327.82012917713
220434.49012927647
220480.44012931926
220609.28012943926
220709.27012953238
220766.44512958563
220844.4751296583
220898.23512970837
220951.7551297582
221015.76012981782
221063.3001298621
221297.52513008023
221437.95013021101
221492.4751302618
221656.81513041485
221908.63013064937
222003.3601307376
222052.13513078302
222153.40013087733
222182.97013090487
222221.14513094042
222283.6251309986
222336.645131048
222520.75513121946
222562.82513125864
222600.19513129344
222637.6301313283
222747.53013143066
222877.5151315517
222966.91013163497
223093.50513175287
223171.62013182562
223218.99013186974
223278.18013192486
223450.7601320856
223494.5701321264
223790.490132402
223813.1651324231
223982.46513258078
224152.59513273922
224275.96013285412
224314.52013289003
224432.75013300014
224548.83513310825
224593.92013315024
224646.76513319946
224661.4101332131
224679.6551332301
224721.82513326936
224772.38013331644
224852.6551333912
225082.18013360497
225118.59013363888
225183.18513369904
225259.5901337702
225302.70513381035
225332.27013383788
225486.88513398188
225543.41513403453
225602.96013408998
225847.07513431733
225914.95513438055
226188.7001346355
226242.58513468568
226298.35513473762
226337.3201347739
226429.92513486015
226603.46513502178
226766.3751351735
226887.37013528618
226942.94513533794
227004.210135395
227038.96013542736
227114.79013549798
227351.59013571852
227397.7451357615
227462.4751358218
227506.99513586325
227566.7451359189
227633.78013598133
227755.22013609443
227883.73513621412
227992.45013631537
228222.09013652924
228268.31013657228
228389.07013668475
228406.8301367013
228566.55513685005
228755.00513702555
228865.19013712817
228915.21013717476
229088.31513733597
229148.9001373924
229290.70013752446
229366.84513759537
229441.74513766513
229612.9901378246
229677.20513788442
229714.4551379191
229736.60013793973
230136.57513831224
230197.4101383689
230254.09013842168
230517.5901386671
230602.4151387461
230832.83513896068
230883.92513900826
231140.62013924733
231244.5351393441
231360.44013945205
231474.17013955797
231542.3851396215
231599.43513967464
231704.25013977225
231764.72013982857
231883.53013993922
232116.7301401564
232167.69014020386
232194.9001402292
232462.4601404784
232522.36014053418
232703.60514070297
232739.55514073645
232807.1451407994
232869.47014085745
232984.0001409641
233159.51514112757
233232.7801411958
233335.59514129156
233394.66514134657
233444.6301413931
233492.75014143792
233736.00514166447
233771.06514169712
233802.02514172596
233881.12514179962
234055.09514196165
234131.74014203303
234258.89514215145
234330.87014221848
234384.3651422683
234502.9001423787
234601.5651424706
234753.64014261222
234839.49014269217
234911.97014275967
235139.0851429712
235483.4451432919
235528.69514333404
235592.61014339357
235624.1051434229
235661.88014345808
235834.40014361875
235900.77514368057
235964.61514374003
236010.13014378241
236055.05014382425
236181.87014394236
236266.33514402102
236528.5101442652
236562.58514429693
236700.83014442568
236770.05514449015
237001.0751447053
237054.41014475498
237238.62014492654
237349.09514502942
237582.14014524646
238221.19514584163
238283.80514589994
238384.10514599335
238749.0151463332
238899.63014647347
239202.1401467552
239267.38514681597
239352.60514689534
239459.11014699453
239499.86514703248
239746.71014726238
239778.56514729204
239823.4001473338
239854.69514736295
239915.12514741922
239957.5001474587
240259.75014774018
240422.05014789134
240498.97014796297
240768.0701482136
240826.84014826833
241404.4901488063
241425.8451488262
241470.8401488681
241578.6501489685
241611.2951489989
241657.6701490421
241812.6151491864
241882.2951492513
242019.55514937913
242120.7651494734
242166.71014951618
242249.39514959318
242346.29514968343
242760.6251500693
242921.4651502191
242977.14015027095
243002.0051502941
243093.4951503793
243117.7351504019
243150.02015043196
243274.87015054823
243343.04515061172
243577.25515082985
243649.355150897
243675.74515092158
243701.41015094548
243738.42515097995
243796.49015103403
243846.74015108083
244041.52515126223
244086.65515130427
244150.800151364
244456.800151649
244509.1101516977
244541.16015172756
244668.4501518461
244719.84515189397
244794.56015196355
244831.14015199762
245079.8001522292
245195.07515233656
245259.38015239645
245301.67015243584
245487.15515260858
245665.69515277486
245712.92015281884
245782.2351528834
245995.9201530824
246297.220153363
246405.71515346406
246523.37015357363
246755.0501537894
246899.88015392428
246941.5451539631
246991.32515400945
247121.21015413041
247345.69515433948
247512.39015449473
247637.4651546112
247892.95015484915
247932.17015488568
247981.4901549316
248058.9851550038
248109.59515505092
248153.78515509208
248210.05515514448
248282.07015521155
248473.54015538987
248499.1251554137
248685.8401555876
248754.7901556518
249092.94515596674
249266.67515612853
249442.98515629274
249505.31015635078
249603.84515644255
249889.99015670904
249908.0801567259
250001.57515681296
250083.14515688893
250118.1251569215
250312.69515710272
250415.95515719888
250494.0351572716
251028.77515776962
251055.66515779466
251085.3401578223
251121.16515785566
251245.03015797102
251300.1051580223
251395.60515811126
251594.7201582967
251643.97515834257
251823.39515850967
251901.2751585822
251950.6551586282
251994.98515866947
252125.87015879137
252475.56015911704
252501.3851591411
252700.4551593265
252764.96015938657
252861.9501594769
252933.52515954355
253012.4951596171
253047.21515964944
253173.53015976708
253204.72015979612
253233.6751598231
253283.7201598697
253331.95515991462
253385.4151599644
253473.38516004634
253510.36016008077
253711.20516026783
253792.81516034383
253932.65016047406
254197.74516072095
254262.9801607817
254462.50516096753
254499.28516100178
254608.46516110346
254732.98516121943
254843.28516132216
254972.56016144255
255136.53016159526
255310.78516175755
255366.9851618099
255431.59516187006
255658.7151620816
255709.57016212895
255830.1151622412
255873.33516228147
255897.94016230438
256067.90016246267
256278.2751626586
256307.64516268595
256356.20016273117
256570.83516293106
256705.47516305646
256788.2051631335
256818.31516316155
256931.8801632673
256997.53516332846
257057.21016338404
257125.01516344718
257169.83516348893
257421.58016372338
257742.08016402187
257991.1051642538
258102.8801643579
258165.13516441587
258469.4751646993
258601.37016482215
258782.18016499054
258802.4201650094
258864.41016506712
258902.12516510225
258942.21516513958
258988.5001651827
259159.2251653417
259201.3201653809
259259.77016543533
259289.7951654633
259491.51516565116
259520.40516567806
259555.43016571068
259606.7701657585
259682.00516582857
259777.98016591795
259816.83516595414
259914.74016604532
260192.78016630426
260554.91016664152
260767.62516683963
260832.37516689993
260945.89516700566
261069.08016712038
261189.3601672324
261247.07016728615
261307.20016734215
261489.54516751197
261552.95016757102
261766.21516776964
261878.95016787463
261928.88016792113
262054.4601680381
262283.01516825095
262344.4151683081
262581.71516852913
262614.0101685592
262702.0351686412
262810.77516874246
262870.03516879765
262937.5351688605
263041.3701689572
263109.5501690207
263215.3001691192
263261.9051691626
263354.8051692491
263401.7101692928
263455.63516934303
263569.35016944894
264040.3301698876
264109.44516995194
264143.93016998406
264393.66017021664
264451.77517027076
264503.64017031906
264681.830170485
264741.90517054097
264789.7501705855
264983.6151707661
265034.6501708136
265319.635171079
265371.31017112714
265495.1501712425
265658.4751713946
266245.4801719413
266473.860172154
266540.9851722165
266651.7301723196
266702.7201723671
266777.18017243646
266996.11517264036
267109.6301727461
267290.2301729143
267334.5151729555
267518.1001731265
267576.590173181
267762.02017335367
267825.66017341294
268116.715173684
268159.8751737242
268224.36017378425
268569.3051741055
268621.62017415423
268920.46517443255
269003.8551745102
269205.3651746979
269271.2051747592
269436.08017491276
269497.7901749702
269542.39517501177
269620.85017508484
269691.3851751505
269794.0201752461
269842.72017529147
269870.7751753176
269923.46517536667
270093.22017552477
270155.89017558313
270192.4851756172
270238.2201756598
270371.4401757839
270597.8351759947
270654.14017604716
270778.90517616336
270895.3551762718
271015.5751763838
271081.9451764456
271119.07017648016
271245.87517659826
271308.87517665693
271358.0151767027
271424.915176765
271456.9051767948
271479.62517681596
271522.5251768559
271815.6251771289
271831.82517714397
271874.1551771834
271994.67017729563
272102.59017739614
272128.82017742057
272183.1901774712
272228.3801775133
272330.7401776086
272357.5851776336
272577.84517783875
272746.8801779962
273067.720178295
273177.7001783974
273216.41517843347
273412.8101786164
273447.15517864836
273571.9801787646
273687.295178872
274029.6151791908
274053.93017921346
274208.4601793574
274285.6801794293
274627.94017974805
274666.7651797842
274708.2901798229
274736.6501798493
274798.4751799069
274912.5101800131
274969.7701800664
275016.9851801104
275137.62018022273
275213.4751802934
275244.06518032186
275265.61518034193
275310.4451803837
275431.09518049605
275603.925180657
275666.13518071495
275777.3251808185
276059.5801810814
276215.5051812266
276241.99518125126
276536.53518152557
276980.8751819394
277123.87018207257
277180.7301821255
277246.03518218634
277741.1101826474
277931.4351828247
278004.52018289274
278209.2551830834
278342.6001832076
278578.35018342716
278736.28518357425
278778.960183614
278801.8551836353
278880.26518370834
278960.37518378295
279073.7401838885
279217.9251840228
279411.12018420274
279440.89518423047
279512.0201842967
279625.12518440204
279787.27518455306
279912.79018466995
279946.6901847015
280068.03518481454
280205.3501849424
280500.6101852174
280545.97018525965
280780.0201854776
280815.25518551044
281009.60018569144
281069.62518574734
281121.90518579603
281242.5351859084
281531.33018617734
281585.3201862276
281696.69018633134
281767.5451863973
282350.6801869404
282462.4151870445
282602.9751871754
282626.8551871976
282750.1751873125
282967.7201875151
282992.71518753836
283163.5651876975
283221.85518775176
283273.5651877999
283385.295187904
283503.92018801445
283554.4351880615
283685.07518818317
283788.0601882791
283835.5201883233
283859.8001883459
283913.53518839594
284037.6151885115
284093.7801885638
284211.8951886738
284242.41518870223
284371.19018882216
284451.4301888969
284594.5851890302
284892.27018930746
285188.93518958375
285370.28018975264
285424.2801898029
285601.2151899677
285710.02519006905
285774.7101901293
285954.1551902964
286026.24019036355
286083.4351904168
286141.625190471
286188.3451905145
286243.01519056543
286314.2601906318
286518.97019082244
286644.5701909394
286928.0251912034
287054.0051913207
287116.61519137904
287199.30519145605
287236.4951914907
287408.3301916507
287522.5251917571
287576.5501918074
287704.0451919261
287750.4151919693
287810.6151920254
287872.43519208295
287930.6901921372
287980.0601921832
288093.1551922885
288336.4801925151
288383.30519255874
288518.875192685
288738.97519289
288885.9951930269
289228.8651933462
289325.31519343605
289405.97019351117
289481.7351935817
289579.8201936731
289726.26519380946
289789.2551938681
289898.5401939699
290088.5801941469
290547.160194574
290731.9801947461
290774.4951947857
290820.18019482825
290870.31519487494
290894.9701948979
291066.6301950578
291119.6701951072
291258.2901952363
291469.90019543335
291541.5451955001
291593.5401955485
291704.31519565167
292048.13019597187
292126.82519604516
292178.99519609375
292234.1201961451
292315.610196221
292337.3051962412
292398.78519629844
292558.7101964474
292696.6751965759
293062.2001969163
293107.13519695814
293178.890197025
293394.8301972261
293632.08019744704
293831.780197633
293853.4701976532
293922.95519771794
293973.7101977652
294033.15019782056
294094.36019787757
294134.93519791536
294156.41519793536
294259.8501980317
294299.65019806876
294326.1351980934
294501.3701982566
294674.9551984183
294730.85519847035
294796.8301985318
294906.4451986339
295019.9601987396
295254.465198958
295312.48519901204
295402.625199096
295428.33519911993
295490.62019917794
295775.210199443
295818.7351994835
295841.7201995049
295941.93519959826
296002.6751996548
296360.1101999877
296429.9852000528
296468.0952000883
296533.43520014914
296696.89020030136
296832.3402004275
296928.18020051677
297089.8102006673
297177.71020074916
297260.03020082583
297292.7752008563
297350.34520090994
297407.9652009636
297465.0652010168
297538.5052010852
297576.0302011201
297633.6702011738
297769.13520129997
297805.07520133344
297832.24520135875
297881.8052014049
297921.2102014416
298003.1652015179
298036.9452015494
298094.02520160255
298266.57020176324
298503.4702019839
298588.15020206274
298625.85020209785
298736.86020220123
298790.5302022512
298862.9852023187
298912.1802023645
299036.5052024803
299088.0502025283
299142.98020257946
299207.05020263913
299254.53520268336
299438.7502028549
299481.3602028946
299535.51520294504
299613.06020301726
300176.55520354206
300197.7452035618
300319.36020367505
300443.17520379036
300496.19520383974
300545.60020388576
300591.45020392846
300658.9252039913
300783.87020410766
300951.90520426416
301075.3502043791
301113.0052044142
301250.6702045424
301475.9552047522
301710.4302049706
301861.4252051112
301892.7402051404
301950.7502051944
301984.2502052256
302013.17020525254
302043.88520528114
302060.7752052969
302110.46020534314
302201.8052054282
302340.100205557
302391.610205605
302505.9652057115
302635.4752058321
302663.5102058582
302696.2302058887
302802.4602059876
302840.9002060234
302902.33520608064
302928.9102061054
303037.96520620695
303091.2702062566
303217.70520637435
303284.94020643696
303345.080206493
303607.7452067376
303732.8202068541
303801.61520691816
303862.2302069746
303968.27520707337
304005.1452071077
304088.9102071857
304204.28020729317
304261.2202073462
304329.76020741
304360.7702074389
304508.5152075765
304547.1602076125
304614.42020767514
304722.01520777534
304953.95020799135
305011.2352080447
305100.74020812806
305134.7202081597
305387.42520839506
305547.1502085438
305604.1602085969
305775.79020875675
305892.6952088656
306068.59020902944
306108.76020906685
306218.51020916906
306299.7152092447
306702.9202096202
306889.88520979433
306995.68520989286
307103.6052099934
307173.69521005865
307356.2852102287
307396.28021026595
307426.8352102944
307520.3252103815
307566.4052104244
307593.0152104492
307697.1952105462
307922.62521075614
307973.7802108038
307999.95021082816
308084.9352109073
308103.2002109243
308455.020211252
308576.1502113648
308739.20021151664
308806.2802115791
308909.210211675
309036.52521179355
309139.1152118891
309485.16021221137
309663.15021237714
309970.6352126635
310020.09521270957
310129.49021281145
310533.6152131878
310601.445213251
310665.6602133108
310773.10521341086
310802.41521343816
310829.5052134634
310897.55021352676
311057.52521367575
311126.1652137397
311294.3252138963
311317.99521391833
311653.8452142311
311699.29521427344
311772.75521434186
311880.5252144422
311944.0902145014
311999.6052145531
312165.08021470724
312466.06521498755
312802.1152153005
312854.8202153496
312944.8702154335
312986.82521547255
313043.0602155249
313159.49521563336
313389.56521584763
313412.0852158686
313451.140215905
313558.525216005
313583.3652160281
313742.7952161766
313851.39021627774
313970.59021638875
314157.1252165625
314216.1202166174
314393.65021678276
314549.01021692745
314620.6752169942
314799.800217161
314903.13521725725
314984.2502173328
315313.2752176392
315540.9052178512
315563.8852178726
315632.63521793665
315694.3152179941
315847.2152181365
316068.0852183422
316201.1352184661
316362.44521861634
316412.16021866264
316468.5952187152
316599.00021883665
316694.35021892545
316768.8052189948
316846.6602190673
316874.85521909356
316999.4452192096
317283.6602194743
317390.4152195737
317414.94521959656
317679.0002198425
317705.0002198667
317835.1352199879
317879.22522002895
317990.7452201328
318170.1852202999
318289.465220411
318356.27022047323
318395.5352205098
318447.43022055813
318691.85022078577
318804.78022089094
319093.75522116007
319197.1602212564
319258.9352213139
319448.38022149034
319558.44022159284
319669.16522169596
319716.91522174043
319739.7502217617
319914.3352219243
320024.99522202736
320181.63522217324
320206.79522219667
320300.73522228416
320366.4102223453
320477.02522244834
320534.625222502
320558.1852225239
320586.66022255045
320670.08522262814
320867.02522281156
320897.40022283985
320959.98522289813
321008.12522294297
321059.12522299046
321194.0502231161
321248.54022316687
321471.2402233743
321529.5552234286
321652.0602235427
321785.4452236669
321826.2702237049
321885.39522376
322154.32522401045
322183.0202240372
322228.32022407936
322296.0252241424
322451.77022428747
322519.27522435033
322589.61022441584
322646.11022446846
322912.965224717
323154.6802249421
323225.72022500826
323285.41022506385
323331.48022510676
323400.27522517083
323468.0002252339
323615.9602253717
323661.355225414
323908.0952256438
324040.0902257667
324550.2202262418
324619.20022630604
324737.63522641634
325013.92022667365
325194.09022684145
325299.6052269397
325322.1352269607
325538.02022716176
325594.9602272148
325731.07522734156
325778.1502273854
325953.12522754836
326123.93022770743
326222.10522779886
326408.6752279726
326450.47522801155
326481.9852280409
326599.16022815
326648.04022819555
326779.59522831807
326823.83522835927
326877.3602284091
326936.6052284643
327113.10022862867
327164.2602286763
327293.59522879677
327344.2202288439
327466.25522895757
327582.5652290659
327746.4552292185
327804.5202292726
327866.14022933
327921.48022938153
328151.780229596
328202.84022964357
328251.5252296889
328279.59022971505
328517.10522993625
328578.3602299933
328691.80023009895
328773.8152301753
328796.5452301965
328883.9752302779
329035.6552304192
329203.9502305759
329272.73023064
329323.6202306874
329459.4452308139
329496.66023084853
329595.6152309407
329615.0302309588
329886.89523121197
330023.91023133957
330084.0602313956
330270.245231569
330439.20023172634
330478.28523176274
331000.33523224894
331024.035232271
331101.2302323429
331191.69023242715
331365.2902325888
331420.6602326404
331476.14523269207
331768.2652329641
331810.29023300327
331884.67023307254
332015.3902331943
332054.2502332305
332302.875233462
332336.74023349356
332358.39523351373
332395.165233548
332461.49523360975
332527.7802336715
332674.43523380806
332892.7402340114
332927.08523404336
332970.86023408413
333159.33523425966
333214.9102343114
333319.1552344085
333412.2452344952
333633.5102347013
333854.98023490753
333929.86023497727
333965.4302350104
334151.2202351834
334244.56023527036
334268.37523529254
334506.01523551386
334623.3002356231
334891.640235873
334975.1902359508
335266.1952362218
335319.8702362718
335417.1102363624
335486.5802364271
335551.0102364871
335701.64023662737
335855.58523677074
335951.9502368605
336002.5052369076
336057.2902369586
336303.8252371882
336353.6602372346
336459.1052373328
336489.4552373611
336524.0252373933
336550.1202374176
336589.7702374545
336619.2052374819
336641.6402375028
336699.46523755667
336882.72023772734
337010.7952378466
337062.8652378951
337116.2502379448
337180.6752380048
337237.0402380573
337345.29523815814
337407.3352382159
337462.2652382671
337521.235238322
337576.93023837387
337620.94523841486
337975.26523874485
338005.44023877295
338063.7952388273
338104.5902388653
338224.0002389765
338264.55023901426
338408.61523914844
338512.15023924486
338573.4002393019
338743.44023946027
338800.1752395131
338940.01523964334
339036.3852397331
339249.15523993125
339282.7252399625
339440.81524010975
339512.02024017606
339621.65024027816
339866.14024050586
340025.4102406542
340076.26524070156
340176.98024079535
340281.5252408927
340364.25524096977
340529.79024112393
340651.8102412376
340770.395241348
340887.3152414569
340948.3252415137
340996.6202415587
341023.10524158337
341071.29524162825
341472.03024200146
341594.990242116
341707.91024222114
342001.6552424947
342117.76524260285
342173.775242655
342283.10524275684
342347.0402428164
342398.66524286446
342456.3452429182
342517.21024297486
342750.53024319216
342804.42524324235
342865.260243299
342926.7902433563
342986.0502434115
343044.81524346623
343158.87524357246
343400.44024379743
343452.51524384593
343503.53524389345
343551.5602439382
343924.44524428545
344039.5002443926
344087.56024443737
344332.6502446656
344643.52524495515
344737.91524504306
344796.74524509785
344891.04024518566
344920.6002452132
344958.8502452488
345021.7352453074
345080.97024536255
345253.42524552316
345400.18024565984
345433.9852456913
345702.7302459416
345764.9202459995
345845.4052460745
346181.4852463875
346242.74524644454
346631.79024680686
346766.86024693266
347338.72524746525
347408.73524753045
347457.9952475763
347565.51524767646
347642.06024774775
347729.90024782956
347761.0552478586
347810.31524790445
347913.2352480003
348045.36024812335
348162.1352482321
348220.6602482866
348337.8152483957
348407.54524846066
348508.6002485548
348584.7802486257
348624.33024866256
348685.85024871986
348729.7902487608
348932.7402489498
348969.9952489845
349150.5852491527
349208.42024920654
349284.11024927703
349436.30024941877
349471.6352494517
349505.1552494829
349672.2602496385
349831.40024978673
349924.3302498733
