27.239999999998865
100.93999999998069
168.17499999991955
207.46499999988382
238.08999999985596
258.46999999983746
305.84999999979436
332.8349999997698
374.1749999997322
420.1499999996904
445.26499999966757
504.8149999996134
604.6949999995226
637.7449999994925
682.279999999452
723.4599999994145
773.7649999993688
807.8699999993378
876.7149999992752
902.3449999992519
944.6849999992133
988.1499999991738
1099.8350000007965
1139.1700000016551
1165.0100000022192
1181.6550000025825
1206.830000003132
1230.3900000036463
1267.5150000044566
1382.4450000069653
1403.8600000074327
1443.365000008295
1504.015000009619
1531.1550000102113
1581.2400000113046
1615.340000012049
1665.0600000131342
1761.0450000152293
1781.9050000156847
1811.655000016334
1832.8800000167973
1866.815000017538
1902.6000000183192
1957.8250000195246
2036.4250000212403
2071.4000000220035
2182.7800000244347
2206.490000024952
2266.87000002627
2315.6400000273347
2362.9000000283663
2397.0350000291114
2423.715000029694
2488.1650000311006
2513.4550000316526
2539.90500003223
2599.8900000335393
2699.4850000357133
2727.2950000363203
2753.1400000368844
2791.5000000377217
2877.1650000395916
2989.6700000420474
3036.575000043071
3073.395000043875
3103.41500004453
3131.9300000451526
3187.2150000463594
3207.8000000468087
3252.5100000477846
3291.280000048631
3318.315000049221
3352.7100000499718
3388.5150000507533
3415.530000051343
3464.820000052419
3503.2950000532587
3530.435000053851
3572.5050000547694
3600.560000055382
3618.34500005577
3650.7950000564783
3676.99000005705
3733.600000058286
3773.4350000591553
3789.1150000594976
3810.345000059961
3843.6300000606875
3879.1750000614634
4041.190000065
4144.925000067264
4190.780000068265
4214.200000068776
4272.640000070051
4291.82000007047
4319.5100000710745
4342.115000071568
4367.760000072128
4416.850000073199
4457.805000074093
4479.725000074572
4539.895000075885
4584.595000076861
4614.145000077506
4642.805000078131
4664.6200000786075
4724.355000079911
4748.820000080445
4781.505000081159
4820.435000082009
4885.750000083434
4901.080000083769
4921.565000084216
5023.055000086431
5053.010000087085
5077.570000087621
5121.1450000885725
5245.995000091298
5274.545000091921
5335.865000093259
5356.3050000937055
5395.7500000945665
5489.170000096606
5525.855000097406
5597.375000098968
5648.385000100081
5682.750000100831
5712.860000101488
5761.600000102552
5786.660000103099
5891.420000105386
5924.710000106113
5967.455000107046
6009.600000107966
6049.235000108831
6078.825000109477
6100.410000109948
6209.330000112325
6242.905000113058
6283.3300001139405
6309.585000114514
6410.800000116723
6470.560000118027
6522.120000119153
6554.330000119856
6663.785000122245
6693.965000122904
6754.695000124229
6772.640000124621
6813.5700001255145
6891.885000127224
6931.10500012808
7009.975000129802
7051.985000130719
7082.420000131383
7162.575000133133
7234.605000134705
7312.050000136395
7350.785000137241
7370.4250001376695
7417.480000138697
7475.80500013997
7522.330000140985
7549.015000141568
7566.910000141958
7592.64500014252
7622.240000143166
7703.665000144943
7735.57000014564
7781.960000146652
7815.210000147378
7861.915000148398
7896.470000149152
7946.985000150255
7967.785000150709
7989.795000151189
8013.150000151699
8068.485000152907
8186.2650001554775
8231.025000149355
8303.180000137805
8317.615000135494
8335.240000132673
8376.215000126114
8409.470000120791
8431.680000117236
8467.745000111463
8514.955000103906
8550.810000098167
8625.265000086249
8649.190000082419
8676.820000077996
8705.235000073448
8765.985000063723
8804.185000057609
8855.120000049455
8894.590000043137
8941.790000035582
8978.655000029681
9032.145000021119
9112.845000008201
9160.425000000585
9189.869999995872
9240.739999987729
9262.46999998425
9336.62499997238
9394.22999996316
9456.084999953258
9484.074999948778
9545.28999993898
9626.414999925993
9653.29999992169
9683.624999916836
9778.074999901717
9801.454999897975
9828.089999893711
9902.134999881859
9940.10999987578
9964.634999871854
9989.629999867853
10058.199999856877
10119.894999847002
10185.969999836425
10257.024999825051
10294.809999819003
10328.739999813572
10357.80499980892
10405.4049998013
10436.57999979631
10484.819999788588
10600.404999770086
10639.814999763777
10683.509999756783
10754.694999745388
10790.959999739584
10843.054999731245
10903.919999721502
11007.69499970489
11036.734999700242
11096.004999690755
11124.169999686246
11154.4399996814
11183.544999676742
11244.319999667014
11272.08499966257
11296.744999658622
11353.159999649592
11410.044999640486
11494.064999627037
11514.959999623692
11556.969999616967
11634.494999604558
11684.604999596537
11739.024999587826
11784.049999580619
11922.16999955851
12032.92499954078
12127.229999525685
12174.414999518132
12201.149999513853
12243.684999507044
12291.274999499426
12337.599999492011
12442.164999475273
12482.91499946875
12531.414999460987
12638.134999443904
12666.359999439386
12682.059999436873
12712.774999431957
12747.064999426468
12800.829999417861
12821.854999414496
12872.029999406464
12920.774999398662
12965.314999391532
13009.734999384422
13041.17499937939
13079.379999373274
13139.049999363722
13201.994999353647
13229.96499934917
13265.349999343505
13303.904999337334
13339.509999331634
13405.984999320994
13448.324999314216
13469.139999310884
13491.614999307287
13513.849999303728
13547.209999298388
13615.309999287487
13769.139999262863
13810.444999256251
13841.984999251203
13902.15999924157
13940.184999235484
14051.769999217622
14157.54499920069
14223.63999919011
14257.229999184734
14311.554999176038
14375.584999165789
14397.899999162217
14428.109999157381
14483.754999148474
14520.00999914267
14574.519999133945
14598.074999130175
14663.06999911977
14693.074999114968
14735.624999108157
14757.96499910458
14793.004999098972
14836.444999092018
14872.384999086265
14903.724999081249
14930.839999076908
14965.549999071352
15001.639999065575
15044.314999058744
15095.739999050513
15133.229999044512
15199.479999033907
15248.214999026106
15272.194999022267
15318.254999014895
15340.299999011366
15402.12499900147
15429.819998997036
15461.454998991972
15494.299998986715
15527.56499898139
15546.324998978387
15606.824998968703
15659.544998960264
15711.554998951939
15798.929998937952
15900.639998921672
15937.089998915837
15989.584998907434
16025.389998901703
16091.984998891043
16123.824998885946
16172.079998878222
16207.314998872582
16248.534998865984
16290.554998859257
16399.52999884746
16440.484998855805
16503.909998868727
16581.399998884513
16634.77999889539
16685.709998905764
16719.534998912655
16767.734998922475
16832.1549989356
16864.35499894216
17134.37999899717
17235.704999017813
17285.009999027858
17314.36999903384
17365.599999044276
17511.324999073964
17548.01999908144
17576.159999087173
17607.914999093642
17636.80999909953
17657.004999103643
17735.3299991196
17760.3599991247
17809.189999134647
17887.179999150536
17902.549999153667
17919.114999157042
17945.75999916247
17964.049999166196
18024.314999178474
18097.069999193296
18134.324999200886
18185.619999211336
18234.399999221274
18266.399999227793
18399.664999254943
18428.839999260887
18476.37499927057
18552.50499928608
18617.119999299244
18660.254999308032
18699.12499931595
18719.93999932019
18747.37999932578
18773.004999331002
18815.024999339563
18875.359999351855
18973.99999937195
18999.314999377108
19023.204999381975
19052.759999387996
19128.359999403398
19178.57999941363
19219.96499942206
19253.48499942889
19309.73999944035
19339.9299994465
19391.32999945697
19438.78499946664
19463.32999947164
19487.074999476477
19525.9699994844
19597.68499949901
19705.70999952102
19764.059999532907
19790.129999538218
19810.129999542292
19925.779999565853
19943.799999569525
19967.209999574294
19990.344999579007
20013.954999583817
20032.989999587695
20061.564999593516
20085.154999598322
20104.994999602364
20136.954999608875
20195.68999962084
20230.87999962801
20258.01499963354
20282.984999638626
20333.194999648855
20381.484999658693
20435.46499966969
20462.75999967525
20488.894999680575
20551.179999693264
20577.989999698726
20619.04499970709
20660.594999715555
20702.419999724076
20744.684999732686
20777.214999739313
20843.619999752842
20877.364999759717
20935.469999771554
20966.634999777903
20987.02999978206
21037.919999792426
21065.789999798104
21099.68499980501
21141.134999813454
21165.85499981849
21232.76499983212
21254.54499983656
21275.3699998408
21310.484999847955
21385.3149998632
21464.92499987942
21527.85499989224
21548.47499989644
21626.059999912246
21663.499999919874
21691.179999925513
21744.1299999363
21798.51999994738
21836.84999995519
21888.764999965766
21927.02499997356
21971.949999982713
21995.68999998755
22066.18000000191
22150.235000019034
22218.655000032973
22245.98500003854
22294.96500004852
22313.250000052245
22341.715000058044
22374.265000064675
22399.700000069857
22441.940000078463
22530.700000096545
22613.82500011348
22681.375000127242
22731.7350001375
22753.38000014191
22775.180000146353
22876.260000166945
22910.59500017394
22944.21500018079
23034.410000199165
23157.665000224275
23238.205000240683
23275.1050002482
23298.830000253034
23347.580000262966
23373.800000268307
23460.39000028595
23531.52500030044
23578.84000031008
23615.70500031759
23641.745000322895
23681.58000033101
23726.53500034017
23813.195000357824
23836.895000362652
23887.15500037289
23928.24000038126
23991.69000039419
24016.20000039918
24051.225000406317
24079.6100004121
24119.930000420314
24142.430000424898
24200.75000043678
24272.0200004513
24314.890000460033
24360.91000046941
24442.220000485973
24474.225000492494
24510.48000049988
24529.03000050366
24593.865000516867
24618.145000521814
24654.880000529298
24769.040000552555
24820.74500056309
24849.735000568995
24880.09500057518
24901.465000579534
24922.920000583905
24972.76500059406
24995.075000598605
25042.42000060825
25075.780000615046
25206.930000641765
25233.590000647197
25257.26000065202
25282.035000657066
25333.39000066753
25367.675000674513
25396.010000680286
25428.295000686863
25451.710000691633
25480.130000697423
25508.68500070324
25556.470000712976
25593.145000720448
25624.685000726873
25664.68000073502
25701.15000074245
25841.805000771106
25861.915000775203
25900.550000783074
25939.025000790913
26004.910000804335
26029.115000809266
26055.365000814614
26101.275000823967
26139.38500083173
26222.550000848674
26259.955000856295
26288.140000862037
26435.300000892017
26475.210000900148
26513.860000908022
26591.985000923938
26618.615000929363
26661.615000938124
26707.660000947504
26737.810000953647
26771.375000960485
26790.94000096447
26813.32000096903
26997.765001006606
27016.665001010457
27098.035001027034
27156.43000103893
27230.225001053965
27287.48000106563
27334.4600010752
27354.595001079302
27425.375001093722
27449.51000109864
27489.215001106728
27553.63000111985
27580.365001125298
27628.605001135125
27645.600001138588
27664.695001142478
27685.82000114678
27729.635001155708
27773.92500116473
27825.105001175158
27862.495001182775
27896.525001189708
27943.035001199183
28043.020001219553
28112.76000123376
28149.160001241176
28226.065001256844
28247.505001261212
28302.635001272443
28320.665001276117
28396.28000129152
28425.500001297474
28450.80000130263
28556.965001324257
28578.86500132872
28599.97000133302
28641.79000134154
28678.090001348934
28707.72500135497
28729.920001359493
28750.72000136373
28770.810001367823
28816.29000137709
28836.925001381293
28861.630001386326
28892.495001392614
28948.450001404013
29019.520001418492
29062.570001427262
29107.76500143647
29137.540001442536
29263.995001468298
29312.16500147811
29365.390001488955
29402.730001496562
29434.755001503087
29470.790001510428
29577.205001532107
29600.645001536883
29618.270001540473
29674.225001551873
29727.495001562726
29854.775001588656
29960.065001610106
29993.95000161701
30043.890001627184
30074.980001633518
30164.805001651817
30187.50000165644
30248.90000166895
30287.550001676824
30319.39500168331
30360.730001691732
30470.86500171417
30517.680001723707
30548.695001730026
30590.7850017386
30625.03500174558
30692.49000175932
30748.040001770638
30772.475001775616
30819.640001785225
30872.44000179598
30929.355001807577
30968.030001815456
30990.060001819944
31110.040001844387
31199.455001862603
31305.85000188428
31331.245001889452
31384.580001900318
31437.075001911013
31481.170001919996
31557.505001935548
31591.800001942534
31684.05000196133
31720.745001968804
31765.59500197794
31815.290001988065
31851.88500199552
31875.310002000293
31897.150002004742
31944.16000201432
32002.07500202612
32048.880002035654
32084.030002042815
32110.81500204827
32164.25500205916
32184.800002063344
32311.95500208925
32349.975002096995
32437.96500211492
32467.645002120968
32506.025002128787
32575.020002142843
32600.070002147946
32624.3950021529
32644.235002156944
32679.06500216404
32790.295002170475
32814.16500215797
32841.050002143886
32878.310002124366
32906.23000210974
33011.39500205465
33081.40500201797
33166.745001973264
33325.1150018903
33437.840001831246
33465.160001816934
33510.87000179299
33554.02500177038
33573.830001760005
33610.115001741
33688.09000170015
33724.29500168118
33776.135001654024
33908.35000158476
33979.4800015475
34003.135001535105
34042.22000151463
34095.38000148678
34185.29500143968
34317.17000137059
34352.2800013522
34490.90500127958
34588.2100012286
34684.835001177984
34720.92000115908
34795.03500112025
34835.175001099225
34876.70500107747
34909.375001060354
34935.065001046896
34980.12000102329
35005.89000100979
35038.395000992765
35070.83500097577
35208.75500090352
35263.25500087497
35282.63000086482
35339.41000083507
35376.56500081561
35457.410000773256
35506.78500074739
35547.33000072615
35621.6800006872
35666.32500066381
35746.23000062195
35770.46000060926
35793.18000059736
35851.33000056689
35884.330000549606
35954.28500051296
35980.98500049897
36012.8150004823
36036.850000469705
36096.05500043869
36164.5600004028
36197.72000038543
36235.395000365694
36289.87500033715
36339.32500031125
36366.11500029721
36469.45500024308
36574.945000187814
36596.99500017626
36623.8450001622
36687.29500012896
36709.960000117084
36770.72000008525
36909.2200000127
37010.94499995941
37057.81499993485
37078.539999923996
37143.42999989
37179.77499987096
37252.4299998329
37317.47999979882
37358.86499977714
37410.52499975008
37446.12999973143
37510.15499969789
37550.909999676536
37597.68999965203
37632.51999963378
37668.309999615034
37722.28499958676
37777.43499955787
37807.35499954219
37840.99999952457
37869.73999950951
37919.73999948332
37964.42499945991
38009.174999436465
38060.4599994096
38086.04999939619
38123.88499937637
38156.424999359326
38228.809999321405
38287.29499929077
38446.36999920743
38465.224999197555
38504.38499917704
38529.61999916382
38618.10999911746
38707.34999907071
38748.179999049324
38798.684999022866
38820.15499901162
38848.53999899675
38882.52999897894
38925.46499895645
38991.384998921916
39057.244998887414
39092.5849988689
39176.394998824995
39201.98499881159
39255.4149987836
39292.87999876397
39360.98999872829
39385.0249987157
39490.2049986606
39561.30999862335
39602.22999860191
39660.369998571456
39728.974998535516
39818.66999848853
39862.939998465336
39913.469998438864
39961.974998413454
40025.674998380084
40123.41999832888
40197.8199982899
40297.50999823768
40329.849998220736
40488.04499813786
40515.80499812332
40534.5499981135
40570.634998094596
40597.9199980803
40658.614998048506
40683.909998035255
40706.97499802317
40753.70999799869
40780.08999798487
40825.969997960834
40878.96999793307
40917.51499791288
41009.20499786484
41053.42499784168
41084.1149978256
41104.80999781476
41132.0249978005
41157.18499778732
41239.43499774423
41267.32999772962
41319.91499770207
41353.79499768432
41388.47999766615
41438.68999763985
41494.78999761046
41512.82499760101
41532.77999759056
41551.45999758077
41576.039997567896
41599.789997555454
41626.8049975413
41706.9749974993
41751.55499747595
41792.07499745472
41853.04499742278
41921.89499738671
41967.78499736267
42029.34499733042
42070.399997308916
42105.3599972906
42138.774997273096
42161.16499726137
42192.34499724503
42209.784997235896
42251.264997214166
42398.364997137105
42433.20499711885
42468.304997100466
42502.704997082445
42530.81499706772
42671.46499699404
42705.35499697628
42747.86499695401
42778.58499693792
42819.07499691671
42914.5349968667
42963.60499684099
43028.3049968071
43077.20499678148
43200.719996716776
43230.32499670127
43255.80499668792
43294.829996667475
43326.32999665097
43359.75999663346
43401.40499661164
43425.99999659876
43472.97999657415
43522.80999654804
43561.02499652802
43579.83999651817
43609.1799965028
43649.534996481656
43678.419996466524
43992.84499630181
44010.369996292626
44040.78999627669
44116.024996237276
44317.28999613184
44343.3249961182
44380.234996098865
44403.43999608671
44422.40999607677
44451.65499606145
44508.15999603185
44531.83499601945
44576.50999599604
44613.16999597684
44643.584995960904
44702.64999592996
44753.51999590331
44868.24999584321
44925.95499581298
44973.97499578782
45009.92499576899
45045.66499575027
45152.95999569406
45210.749995663784
45251.00999564269
45281.49499562672
45313.81499560979
45350.43499559061
45403.15499556299
45422.824995552684
45457.93499553429
45485.394995519906
45537.07499549283
45560.51999548055
45593.47999546328
45650.12499543361
45672.254995422016
45744.64499538409
45811.414995349114
45850.78499532849
45904.10499530056
45946.27999527846
45975.08999526337
46010.279995244935
46033.89999523256
46056.70999522061
46159.06999516699
46203.46999514373
46230.389995129626
46278.00999510468
46297.8249950943
46329.87999507751
46368.994995057015
46398.09999504177
46440.979995019305
46467.67999500532
46540.6299949671
46561.79999495601
46599.98499493601
46638.70999491572
46666.60499490111
46724.41999487082
46758.39499485302
46826.494994817345
46895.83499478102
46997.699994727656
47036.129994707524
47141.364994652395
47182.88999463064
47229.914994606006
47311.864994563075
47352.51999454178
47398.929994517464
47429.03499450169
47454.37499448842
47486.53999447157
47555.63999443537
47599.19999441255
47643.07999438956
47664.41999437838
47696.214994361726
47726.78999434571
47769.06999432356
47798.69999430804
47907.584994250996
47934.35499423697
47971.7199942174
48007.304994198756
48066.56499416771
48203.614994095915
48249.294994071985
48272.02499406008
48307.23999404163
48343.71499402252
48364.78999401148
48478.22999395205
48519.42499393047
48601.919993887255
48622.114993876676
48697.6649938371
48734.99499381754
48798.16499378445
48949.184993705334
49014.75999367098
49056.06499364934
49139.20499360579
49173.21499358797
49196.87499357558
49223.964993561385
49252.87499354624
49290.91999352631
49334.164993503655
49389.99499347441
49411.704993463034
49441.13499344762
49471.98999343145
49609.559993359384
49683.524993320636
49708.01499330781
49738.23999329197
49773.67499327341
49794.95499326226
49857.384993229556
49884.854993215165
49907.61999320324
50007.384993150976
50033.04999313753
50092.0949931066
50114.26999309498
50154.39999307396
50232.93499303282
50262.01999301758
50293.52999300107
50324.23499298499
50394.35999294825
50436.21999292632
50476.38499290528
50586.994992847336
50631.30499282412
50657.84999281022
50681.904992797616
50743.259992765474
50775.709992748474
50800.334992735574
50839.47499271507
50878.369992694694
50990.55999263592
51011.37499262502
51032.43999261398
51074.429992591984
51097.71999257978
51141.4049925569
51183.884992534644
51205.60999252326
51231.95999250946
51397.46999242275
51441.20499239984
51534.979992350716
51554.99999234023
51582.08499232604
51688.65999227021
51708.939992259584
51763.109992231206
51825.28999219863
51875.31999217242
51920.81999214859
51953.79999213131
51992.38999211109
52101.98499205368
52188.139992008546
52213.45999199528
52243.2099919797
52274.00999196356
52310.2049919446
52345.259991926236
52401.819991896606
52448.33499187224
52478.364991856506
52499.709991845324
52526.51999183128
52557.0249918153
52591.86499179705
52694.32499174337
52717.61499173117
52827.5149916736
52862.52499165526
52886.729991642576
52939.01999161518
52964.71499160172
52994.659991586035
53017.65499157399
53040.09999156223
53072.734991545134
53121.064991519816
53157.28999150084
53203.99499147637
53228.54499146351
53249.10499145274
53269.01499144231
53300.86999142562
53358.42999139547
53415.794991365416
53440.994991352214
53478.60499133251
53531.42999130484
53551.859991294135
53573.15999128298
53653.45999124091
53679.36999122734
53710.85999121084
53879.56499112246
53917.579991102546
53966.80499107676
53991.9199910636
54060.94499102744
54078.63999101817
54104.83499100445
54146.71999098251
54180.43999096484
54225.949990941
54295.87999090437
54340.45999088101
54362.19999086962
54395.99999085192
54420.76999083894
54442.66999082747
54463.464990816574
54554.4699907689
54633.294990727605
54728.72499067761
54776.57999065254
54798.32499064115
54838.37499062017
54881.809990597416
54927.71499057337
54993.16999053908
55013.659990528344
55036.55999051635
55070.09999049878
55120.98499047212
55250.28499040438
55287.05499038512
55359.78999034702
55421.23499031483
55472.454990287995
55625.529990207804
55682.91999017774
55726.87999015471
55755.749990139586
55791.009990121114
55872.60499007837
55894.639990066826
55918.37999005439
55939.99999004306
55972.13499002623
56031.604989995074
56078.39498997056
56121.204989948135
56160.25498992768
56204.19998990466
56246.234989882636
56294.80998985719
56377.299989813975
56404.56498979969
56481.259989759514
56537.014989730305
56568.97998971356
56641.719989675454
56720.284989634296
56787.38998959914
56822.75998958061
56879.239989551024
56904.04998953803
56930.0599895244
56966.61498950525
57047.20498946303
57077.75498944703
57102.38998943412
57144.074989412286
57198.10998938398
57269.6499893465
57334.67998931243
57365.159989296466
57399.37998927854
57439.014989257776
57511.70998921969
57529.40998921042
57556.314989196326
57580.864989183465
57600.334989173265
57716.25498911254
57763.964989087544
57835.049989050305
57881.55998902594
57987.53998897042
58114.854988903724
58165.15498887737
58191.854988863386
58234.289988841156
58257.82498882883
58287.989988813024
58362.65498877391
58389.254988759974
58425.959988740746
58453.83998872614
58487.68998870841
58512.279988695525
58596.46998865142
58641.589988627784
58661.68498861726
58691.45498860166
58808.309988540444
58848.32998851948
58896.939988494014
58927.019988478256
58950.42998846599
59003.99998843793
59036.00998842116
59122.89498837564
59140.75498836629
59171.759988350044
59213.02498832843
59245.134988311605
59288.98998828863
59316.1599882744
59384.05998823883
59416.67998822174
59496.629988179855
59519.134988168065
59552.22498815073
59617.41998811658
59642.084988103656
59666.844988090685
59686.619988080325
59746.254988049084
59782.084988030314
59809.91998801573
59844.62498799755
59910.34498796312
59977.129987928136
59994.87998791884
60019.049987906175
60090.12498786894
60155.08998783491
60177.964987822925
60266.94998777631
60296.029987761074
60384.67998771463
60412.30498770016
60450.129987680346
60471.739987669025
60511.959987647955
60532.119987637394
60551.11998762744
60581.059987611756
60637.82498758202
60686.43998755655
60714.71498754174
60763.569987516144
60809.35998749216
60854.029987468755
60919.72498743434
60980.67998740241
61025.924987378705
61076.96498735197
61120.109987329364
61189.31498729311
61210.86998728182
61230.21998727168
61255.11498725864
61288.22998724129
61332.02498721835
61391.16498718737
61449.24498715694
61513.964987123036
61539.63498710959
61557.639987100156
61586.13498708523
61676.06498703812
61720.889987014634
61750.59998699907
61809.66498696813
61881.424986930535
61907.12498691707
61940.2849868997
61964.97998688676
62009.73498686332
62095.11998681859
62128.00498680136
62164.24998678237
62203.069986762035
62227.65998674915
62253.50998673561
62311.10498670544
62335.55498669263
62422.67498664699
62442.64998663653
62496.5249866083
62559.439986575344
62593.81998655733
62642.95998653159
62688.51998650772
62731.39498648526
62794.35498645228
62835.64498643065
62869.364986412984
62896.97498639852
62921.664986385586
62941.57998637515
62963.16998636384
62985.91498635193
63031.824986327876
63072.144986306754
63144.849986268666
63198.91498624034
63249.46498621386
63315.02498617952
63358.359986156815
63410.77998612935
63492.284986086655
63574.8549860434
63607.82498602613
63650.61498600371
63725.474985964494
63752.01498595059
63810.52498591994
63833.24498590804
63878.104985884536
63899.924985873105
63925.47998585972
63969.05998583689
63999.97498582069
64049.18498579491
64083.7649857768
64132.06998575149
64179.34998572672
64204.16498571372
64255.11498568703
64276.70998567572
64294.66998566631
64367.444985628186
64454.63498558251
64481.09498556865
64548.1849855335
64584.51998551447
64640.15998548532
64669.45498546997
64707.62498544998
64727.539985439544
64864.60998536774
64896.38998535109
64940.11498532818
64996.304985298746
65031.33998528039
65115.54498523628
65163.0399852114
65221.554985180745
65262.64498515922
65291.094985144315
65318.21498513011
65379.58498509796
65406.219985084004
65423.339985075036
65455.6649850581
65485.56498504244
65576.3549850536
65678.26998514851
65711.80498517974
65809.20498527045
65856.24498531426
65877.85498533439
66033.3449854792
66119.71498555964
66251.82998568268
66287.0749857155
66322.8249857488
66366.72998578969
66400.30498582096
66438.2549858563
66505.44498591888
66533.36498594488
66559.86498596956
66590.6199859982
66641.81498604588
66684.17498608533
66742.60998613975
66792.76498618646
66821.24998621299
66862.95498625183
66896.01998628263
66925.36498630996
66996.10498637584
67091.38998646458
67119.84498649108
67163.83498653205
67206.44998657174
67229.36498659308
67325.75498668285
67382.24998673546
67417.06498676789
67464.89998681244
67557.42998689861
67604.16998694214
67648.19498698314
67673.34998700657
67764.16498709115
67785.81998711132
67846.09498716745
67870.03998718975
67964.39998727763
68021.53998733085
68045.83498735348
68074.94498738059
68112.63498741569
68158.97498745885
68270.08998756233
68300.86498759099
68404.72498768772
68440.48998772103
68478.10498775606
68550.1999878232
68639.9599879068
68670.9999879357
68727.4699879883
68767.64998802572
68852.12498810439
68969.89998821408
69032.98498827283
69057.04998829524
69094.54998833017
69163.36498839426
69184.61498841405
69212.75498844025
69250.21998847515
69285.13498850766
69322.16498854215
69392.2299886074
69461.99998867238
69498.90998870676
69530.28498873598
69588.76998879045
69618.81498881843
69682.9999888782
69772.68498896173
69795.38498898287
69877.24498905911
69923.5099891022
69979.64998915448
70077.29998924542
70112.99498927867
70143.21998930682
70179.39998934051
70207.67498936685
70291.67998944508
70329.03998947988
70354.6249895037
70417.59998956235
70467.19498960854
70503.66998964251
70548.98498968472
70574.8399897088
70614.28498974553
70680.88998980756
70731.78998985497
70748.48498987051
70775.96998989611
70795.02498991386
70927.3599900371
70965.71999007283
70986.33999009203
71078.94999017828
71122.47499021882
71165.34999025875
71195.19999028655
71272.15499035822
71330.18999041227
71364.45999044419
71385.65999046393
71414.73999049101
71441.22999051568
71465.63999053842
71489.95499056106
71511.42499058106
71532.45499060064
71571.18499063671
71593.00499065703
71618.77499068103
71749.26999080257
71834.84499088227
71899.56499094254
71927.98999096901
71987.2399910242
72032.17999106605
72059.68999109167
72102.61499113165
72143.41499116964
72171.26999119559
72248.07999126712
72271.50999128894
72321.67499133566
72358.50999136997
72384.88499139453
72448.27499145357
72518.05499151855
72537.7599915369
72566.93499156408
72604.09499159869
72637.99499163026
72669.88499165996
72696.68999168492
72726.05499171227
72763.64999174728
72820.16999179992
72855.2599918326
72882.97499185841
73021.24999198719
73043.53499200795
73065.87999202876
73094.83499205572
73126.33499208506
73147.35499210464
73184.29499213904
73272.9499922216
73310.24499225634
73379.85499232117
73418.42499235709
73466.50999240187
73497.779992431
73532.97999246378
73561.00499248988
73627.84499255213
73665.51499258721
73716.25499263447
73747.02499266312
73783.74999269733
73909.64499281457
73933.27499283658
73953.70999285561
74000.294992899
74029.02499292576
74082.55999297561
74101.88999299362
74162.08499304968
74189.7099930754
74368.43499324186
74404.85999327578
74440.33499330882
74484.72999335016
74507.38499337126
74528.63499339105
74598.08999345574
74667.71499352058
74699.13999354985
74771.86499361758
74794.59499363875
74811.40999365441
74837.99499367917
74884.72499372269
74903.54999374022
74924.65999375988
74969.61999380175
74996.95999382721
75022.94499385142
75136.66999395733
75161.06499398005
75182.09999399964
75201.1649940174
75224.40499403904
75265.08999407693
75293.52999410342
75372.90999417735
75427.80999422848
75468.16999426606
75500.5349942962
75549.32999434165
75574.6199943652
75638.1849944244
75696.72999447893
75743.64999452262
75790.52499456628
75814.2749945884
75845.32499461732
75877.06499464688
75952.00499471667
76038.76999479748
76064.1399948211
76094.58499484946
76127.5899948802
76267.36499501037
76309.46999504959
76341.7999950797
76378.65499511402
76416.35499514913
76531.41999525629
76619.45999533829
76642.53999535978
76670.97999538627
76698.37999541179
76771.74499548011
76838.194995542
76899.77999559935
76968.30499566317
77031.73499572225
77065.43999575364
77113.77999579866
77142.85499582574
77168.0549958492
77192.529995872
77219.60999589722
77255.73499593086
77297.94499597017
77340.64499600994
77377.98499604472
77424.38499608793
77548.19499620324
77598.97999625053
77676.29499632254
77748.23999638954
77783.96999642282
77814.05999645084
77865.82999649906
77884.36499651632
77900.16999653104
77947.46999657509
77990.35499661503
78098.64999671589
78132.78999674768
78165.36499677802
78188.60999679967
78248.68499685562
78309.214996912
78381.79499697959
78415.36999701086
78442.2599970359
78468.29999706015
78515.32499710395
78550.03499713627
78583.6649971676
78616.26499719796
78656.4749972354
78713.52999728854
78748.22999732086
78792.3049973619
78828.25999739539
78934.4699974943
79009.77999756444
79056.08999760757
79113.39999766095
79165.33999770932
79203.89999774523
79224.18999776413
79239.79999777867
79308.67999784282
79427.3049979533
79518.4749980382
79536.99499805545
79602.77499811671
79706.44499821326
79742.68499824702
79792.30499829323
79862.43999835855
79885.91499838041
79919.73999841191
79945.25499843567
79987.16999847471
80124.74499860284
80156.08999863203
80207.85499868024
80232.56999870326
80269.3349987375
80311.39999877667
80351.43499881396
80423.2099988808
80469.8099989242
80554.39999900298
80851.97499928012
80964.64999938506
80990.10999940877
81007.50499942497
81036.7449994522
81060.60499947442
81081.53999949392
81146.44999955437
81270.7049996701
81311.68499970826
81339.55499973422
81412.46499980212
81439.2899998271
81489.67999987403
81529.82999991142
81583.5949999615
81606.47999998281
81635.66000000999
81788.37500015221
81835.52000019612
81876.8350002346
81906.98000026267
82011.87500036036
82066.87500041159
82094.2700004371
82127.48500046803
82146.21000048547
82183.87500052055
82325.99500065291
82347.68500067311
82398.82500072074
82482.66500079882
82509.63500082394
82570.65000088076
82600.19500090828
82683.98500098631
82715.83500101598
82753.21000105079
82796.73500109132
82861.75000115187
82927.7100012133
83006.78000128694
83035.00000131322
83096.51500137051
83162.13500143163
83224.80500148999
83288.20500154904
83325.97500158421
83368.87000162416
83422.4850016741
83493.11000173987
83552.75500179542
83594.83500183461
83618.72500185686
83658.11500189354
83714.39000194595
83737.33500196732
83776.4000020037
83805.64000203094
83830.59000205417
83860.27000208182
83914.70000213251
83959.60500217433
83982.82500219595
84046.9800022557
84072.16000227915
84119.58000232332
84161.75000236259
84228.86000242509
84248.90500244376
84300.30500249163
84336.37500252522
84360.23000254744
84391.48500257655
84474.34000265371
84513.93500269059
84595.26500276633
84627.28500279615
84661.74500282825
84795.56000295287
84820.87500297645
84880.4150030319
84939.66000308708
85023.07000316476
85065.90000320465
85097.75500323431
85114.52000324993
85137.2550032711
85159.31000329164
85184.37000331498
85218.58500334685
85288.19000341167
85316.16000343772
85336.1100034563
85380.48000349762
85495.74000360497
85527.2400036343
85553.91500365915
85601.08500370308
85622.65500372316
85638.9100037383
85664.18500376184
85698.78000379406
85753.06000384461
85838.92500392458
85901.5400039829
85969.4100040461
86022.26000409533
86049.57500412076
86118.24500418472
86218.35000427795
86247.31000430492
86291.16000434576
86374.91500442376
86418.51000446436
86468.8050045112
86551.99500458868
86593.69000462751
86627.70500465919
86662.21500469133
86689.27000471653
86722.76000474772
86753.7700047766
86797.08500481694
86946.05500495568
86974.48000498215
86994.77500500105
87091.83000509144
87116.07000511402
87152.16000514763
87171.23500516539
87217.43500520842
87261.8750052498
87290.02500527602
87313.50500529789
87362.01500534307
87398.24500537681
87433.32000540948
87469.03500544274
87504.81000547606
87543.04500551167
87579.11000554526
87692.27000565064
87730.11500568589
87755.95500570996
87841.21000578935
87864.65500581119
87885.64500583074
87920.32500586304
87964.71500590438
87989.1200059271
88015.61000595178
88075.2200060073
88148.28500607534
88182.96000610763
88222.14000614412
88266.82000618574
88311.90500622772
88352.19500626525
88398.95000630879
88436.90000634413
88455.15500636114
88487.56000639132
88522.53500642389
88546.88500644657
88585.50000648253
88659.69500655163
88811.40500669292
88881.02000675775
88907.07500678202
88962.5700068337
89008.32000687631
89072.67000693624
89108.02500696917
89160.74500701827
89223.4900070767
89244.12000709592
89358.53500720247
89395.11000723654
89438.51000727696
89507.26000734098
89531.26500736334
89552.50500738312
89570.97500740032
89593.6000074214
89617.31500744348
89702.86500752316
89731.59000754991
89759.89000757626
89824.85500763677
89902.27500770887
90070.30000786536
90098.98000789207
90154.8500079441
90194.07500798063
90219.65000800445
90246.51500802947
90304.23000808322
90349.00500812492
90377.90000815183
90444.59000821394
90471.0650082386
90505.6350082708
90528.9450082925
90600.85000835947
90711.14500846219
90745.88500849454
90769.60000851663
90826.34500856948
90850.87500859232
90870.24500861036
90915.1600086522
90937.47000867297
90974.57500870753
91013.68000874395
91049.15000877698
91077.77000880364
91115.26000883855
91151.95000887272
91181.05500889983
91205.25500892237
91236.000008951
91257.17000897072
91280.72500899265
91357.39500906406
91400.21500910394
91451.1750091514
91475.08000917366
91507.97000920429
91529.87000922469
91563.72500925622
91583.70500927482
91600.67500929063
91653.53500933986
91682.39500936674
91708.05000939063
91741.06000942137
91808.78500948445
91849.13500952203
91879.20000955003
91902.52500957175
91931.37500959862
92012.7450096744
92039.8100096996
92066.49000972445
92119.18000977352
92139.15500979213
92353.69000999193
92391.19501002686
92413.7850100479
92435.57001006819
92459.94001009088
92504.29501013219
92562.9300101868
92581.58501020417
92614.06501023442
92662.59501027962
92687.1600103025
92749.77001036081
92793.06001040112
92893.47001049464
92983.29001057829
93014.99001060781
93086.93001067481
93141.31501072546
93190.01001077081
93222.99501080153
93265.61001084122
93295.61501086917
93318.8400108908
93350.33001092012
93408.72501097451
93426.01501099061
93458.3300110207
93529.24001108675
93560.41001111577
93611.07501116296
93644.27001119388
93680.2600112274
93702.40001124801
93766.20501130744
93789.85001132946
93813.97001135192
93835.81001137226
93866.66001140099
93891.18501142383
93912.96001144411
93939.53001146886
93969.46001149673
94052.66001157422
94116.55001163372
94147.27501166234
94185.08001169754
94271.66501177818
94313.6650118173
94370.48501187022
94540.75001202879
94569.13001205522
94660.22001214005
94730.90501220588
94758.47001223156
94789.29501226026
94830.34001229849
94887.03001235129
94905.74001236871
94946.34001240652
95020.66501247574
95170.45501261525
95258.11501269689
95354.7650127869
95419.90501284756
95503.33001292526
95536.5500129562
95584.85001300118
95618.07501303212
95664.34501307522
95687.02501309634
95745.6050131509
95824.86001322471
95920.64501331392
95986.30001337506
96058.42001344223
96099.05501348007
96118.11001349782
96142.55501352058
96208.505013582
96245.010013616
96273.05501364212
96311.29001367773
96340.43001370487
96364.8400137276
96403.45501376357
96433.57001379161
96533.03501388425
96598.08501394483
96664.54501400673
96721.29001405957
96750.16501408647
96819.61501415115
96878.77001420624
96920.77501424536
96964.49501428608
97056.66501437192
97075.50001438946
97192.23501449818
97222.38501452625
97288.54501458787
97318.40501461568
97355.23001464998
97419.80001471011
97452.78001474083
97491.67001477705
97517.0750148007
97572.66501485248
97623.06501489942
97644.68001491955
97735.2600150039
97775.56001504144
97816.03501507913
97851.03501511173
97880.5300151392
97946.0300152002
97996.80501524749
98061.26501530752
98100.2250153438
98170.60501540935
98223.30501545843
98262.16001549462
98359.08001558488
98381.91501560615
98553.92001576634
98598.16501580755
98642.27001584863
98679.88501588366
98724.61501592532
98750.61501594953
98859.9900160514
98888.84001607826
98907.50001609564
98930.6450161172
98963.74001614802
99004.525016186
99054.51001623255
99125.94001629908
99160.46001633123
99196.32001636463
99235.9100164015
99259.005016423
99307.12001646782
99343.85001650202
99361.08001651807
99379.81001653551
99408.34001656208
99437.97001658968
99488.54001663678
99509.44501665625
99558.08501670155
99585.88001672743
99603.71001674404
99682.25001681718
99735.43001686671
99752.26501688239
99790.37501691788
99832.20501695684
99877.45501699898
99923.12501704152
99950.2750170668
100012.72001712496
100047.22001715709
100162.28501726425
100184.7750172852
100208.03001730685
100292.43001738546
100322.60001741356
100356.67001744529
100508.50501758669
100550.95001762622
100575.27501764888
100620.52001769101
100648.78501771734
100673.47001774033
100692.79001775832
100725.24501778855
100762.4550178232
100794.5650178531
100832.64001788857
100850.61501790531
100926.06501797558
100944.780017993
100977.91501802386
101005.95001804997
101052.0400180929
101077.54501811665
101115.83001815231
101162.94001819618
101246.05001827359
101288.71501831332
101366.74001838599
101390.95501840854
101533.25001854106
101611.39501861384
101633.75001863466
101681.43001867906
101793.71501878364
101830.43501881784
101895.93001887883
102001.69001897733
102036.68001900992
102078.645019049
102104.94001907349
102181.35501914466
102205.04501916672
102233.38001919311
102260.6450192185
102300.14001925528
102346.74001929868
102409.4650193571
102443.715019389
102467.97501941159
102485.92501942831
102524.02001946379
102550.6650194886
102731.64501965715
102758.96001968259
102879.4400197948
102936.84501984826
103013.57501991972
103059.07001996209
103117.04002001608
103151.80502004846
103222.33002011414
103327.95502021251
103378.91502025997
103428.69002030633
103461.80002033716
103484.69502035849
103524.84002039587
103553.55502042262
103616.80002048152
103642.63002050557
103676.64002053725
103699.63502055866
103736.01002059254
103771.96002062602
103834.36002068414
103877.56002072437
103930.47502077365
103957.88502079918
104017.22502085444
104072.49002090591
104102.74002093408
104124.5600209544
104216.46002104
104247.43502106884
104276.9200210963
104293.06002111133
104319.93502113636
104384.45002119645
104440.0250212482
104478.85502128437
104544.63502134563
104597.20002139459
104701.41002149164
104800.0450215835
104896.9000216737
104959.80002173228
105087.63002185134
105220.46002197504
105246.9400219997
105269.06502202031
105321.30502206896
105339.4900220859
105365.2550221099
105384.24002212757
105413.18502215453
105470.51502220792
105504.12502223923
105534.52002226753
105555.420022287
105621.40002234845
105648.88002237404
105668.01502239186
105709.13502243016
105746.49002246495
105774.0400224906
105797.15502251213
105860.81002257142
105879.65502258897
105904.8100226124
105928.69502263464
105974.59002267738
105998.43002269958
106042.54002274066
106096.3700227908
106156.65002284694
106188.32502287644
106246.1650229303
106267.1000229498
106328.06502300658
106372.94002304837
106403.19502307655
106437.57002310856
106466.26502313529
106515.70502318133
106551.79502321495
106581.55502324266
106596.33002325642
106637.750023295
106721.79002337327
106749.76502339932
106776.00002342375
106807.25002345286
106834.73502347845
106856.33002349857
106923.33502356097
106949.41502358526
107031.91002366209
107057.38502368581
107086.17502371263
107155.35002377705
107204.99502382329
107244.99502386054
107299.12502391095
107330.9650239406
107364.08002397144
107401.97502400674
107440.58002404269
107468.14502406836
107506.22002410382
107566.98502416041
107594.58502418612
107621.23502421094
107658.98002424609
107739.08002432069
107794.67502437247
107821.36002439732
107851.47002442536
107878.83502445085
107936.83502450486
107984.18002454896
108048.50502460886
108085.51502464333
108156.69002470962
108198.06002474815
108244.53502479143
108289.50002483331
108335.47502487613
108360.01002489898
108390.99002492783
108436.58502497029
108465.5850249973
108507.79502503661
108534.97002506192
108574.27502509853
108600.80002512323
108669.44002518716
108699.62502521527
108722.51502523659
108770.82002528157
108840.7450253467
108883.96002538694
108923.51502542378
108968.58002546575
109053.14502554451
109158.91002564301
109198.12002567953
109266.9250257436
109313.03502578655
109359.55502582988
109400.71502586821
109436.97002590197
109492.73502595391
109530.67002598924
109579.61002603482
109613.31502606621
109651.70002610196
109682.71002613084
109730.86002617568
109774.06502621592
109880.455026315
109932.55502636352
109957.58002638683
109993.70502642047
110030.43002645468
110063.45002648543
110172.60002658708
110201.97502661444
110265.86502667394
110287.03002669365
110321.81002672605
110344.69002674735
110369.90002677083
110395.68502679485
110451.83502684714
110519.73002691037
110552.32002694072
110590.11502697592
110620.67502700438
110645.77502702776
110739.63502711518
110783.94002715644
110854.20502722188
110881.03002724686
110905.54002726969
110923.41502728633
110970.54002733022
110990.41002734873
111121.0600274704
111153.1650275003
111189.8850275345
111244.105027585
111290.1700276279
111314.4350276505
111359.90002769284
111427.89002775616
111456.75002778304
111485.60002780991
111528.51502784988
111573.97002789221
111600.60002791701
111629.4750279439
111669.55502798123
111690.65502800088
111728.23002803588
111751.76002805779
111774.0050280785
111834.13502813451
111897.24002819328
111938.00502823124
111982.82002827298
112030.68002831755
112153.95002843236
112188.7800284648
112230.19002850336
112286.89002855617
112356.2900286208
112376.75002863986
112404.80002866598
112506.37002876058
112534.01002878632
112588.24002883682
112629.28502887505
112661.10502890468
112703.13002894382
112764.46002900094
112795.90502903023
112818.15502905095
112861.90002909169
112893.24002912088
112934.41002915922
112968.67502919113
113010.8350292304
113047.09002926416
113079.49002929433
113105.62502931867
113124.8650293366
113182.30002939008
113203.95002941025
113227.82502943248
113295.26002949529
113354.81002955075
113377.37002957176
113441.55002963153
113493.02502967947
113734.42002990429
113767.89502993546
113920.46503007755
113984.60003013728
114014.55003016518
114091.33003023668
114123.58003026672
114148.29003028973
114169.81003030977
114245.3200303801
114274.87003040762
114338.48503046687
114380.2850305058
114403.50003052742
114459.34503057942
114545.9650306601
114577.55003068951
114645.30003075261
114678.21503078326
114732.10503083345
114756.1050308558
114776.36503087467
114819.5650309149
114857.52003095025
114880.2250309714
114907.03003099636
114936.91003102419
114975.60003106022
115001.84003108466
115119.11503119388
115140.74503121403
115203.44003127242
115340.56003140012
115377.80503143481
115411.77503146644
115461.04503151233
115503.51003155188
115731.43003176415
115758.57003178942
115788.54003181733
115818.12003184488
115838.61503186397
115898.61003191984
115923.76503194327
115970.84503198712
115999.39503201371
116028.38503204071
116084.09003209259
116103.62503211078
116172.09503217455
116224.37503222324
116255.11503225187
116297.4500322913
116345.59003233613
116413.3100323992
116438.71003242285
116522.84503250121
116558.08003253402
116593.76003256725
116633.7550326045
116679.83503264742
116817.65503277577
116852.42503280815
116876.77003283083
116910.66003286239
116926.9850328776
116945.80503289512
117004.28503294959
117049.52003299171
117073.49503301404
117094.18503303331
117120.65503305796
117144.9550330806
117176.93003311037
117205.28503313678
117238.79003316798
117267.43003319466
117311.91003323608
117355.00503327622
117463.59503337735
117531.85003344092
117555.7750334632
117594.35003349913
117637.32503353915
117689.30503358756
117712.61003360926
117755.74003364943
117828.63503371732
117876.33003376174
117907.3150337906
117932.14003381372
117963.93003384332
118016.39503389219
118053.05503392633
118101.16503397113
118162.78003402852
118211.77003407414
118297.44003415393
118323.6150341783
118345.75503419893
118379.19503423007
118443.08003428957
118465.52503431047
118517.96503435931
118547.08503438643
118589.60503442603
118608.51003444364
118750.62003457599
118791.435034614
118834.75503465434
118884.91003470105
118970.5400347808
118993.86003480252
119016.67003482376
119047.28503485228
119072.84003487608
119092.99503489485
119119.90503491991
119141.8050349403
119174.70503497095
119218.33503501158
119246.12003503746
119272.20003506175
119374.39003515692
119462.69003523915
119484.48503525945
119505.73503527924
119536.46503530786
119595.58003536292
119660.71003542357
119682.83003544417
119722.04003548069
119746.79003550374
119772.63503552781
119816.92503556906
119902.28503564856
119962.37503570452
120013.20503575186
120049.99503578612
120095.85003582883
120127.51503585832
120182.07503590913
120208.64003593387
120248.41503597092
120271.77003599267
120296.81003601599
120316.4750360343
120334.6250360512
120372.97503608692
120416.46003612742
120516.58503622067
120535.18503623799
120580.58003628027
120676.88003636996
120710.8650364016
120738.43503642728
120833.21003651555
120886.9550365656
120908.03503658524
121008.79503667908
121057.2450367242
121074.82003674057
121097.34503676154
121159.83003681974
121189.65503684751
121228.59503688378
121254.11503690755
121287.44003693858
121375.04003702017
121421.19503706315
121491.7850371289
121512.74003714841
121534.55503716873
121580.79503721179
121615.45003724407
121672.23003729695
121722.25003734353
121749.57503736898
121793.11503740953
121856.82503746887
121908.31003751681
121941.42503754765
121983.3500375867
122033.45003763336
122079.26503767603
122118.07503771217
122162.51503775356
122197.83503778646
122234.0750378202
122362.03503793938
122402.61003797717
122446.80003801832
122486.84003805561
122532.90003809851
122577.74503814027
122598.84003815992
122621.19003818074
122726.47503827879
122750.1150383008
122791.30503833917
122818.67003836465
122879.42003842123
122917.99503845716
122950.10503848706
122985.65503852017
123007.2650385403
123034.05503856525
123090.0500386174
123158.4450386811
123183.72503870464
123218.0500387366
123256.99003877287
123365.48503887391
123417.75003892259
123463.37503896508
123506.48503900523
123567.57003906212
123599.75003909209
123684.71003917122
123720.04003920412
123760.31503924163
123828.32503930497
123856.9200393316
123900.75003937242
123922.47503939265
123953.31003942137
123982.42503944848
124061.83503952244
124092.17003955069
124137.94503959332
124165.52503961901
124204.97503965575
124277.42503972322
124298.20503974258
124330.89003977302
124351.87503979256
124375.07503981417
124420.46003985644
124460.44003989367
124510.71503994049
124531.29003995965
124553.49503998033
124659.29004007886
124683.67004010157
124708.34504012455
124763.92504017631
124842.42504024942
124878.06004028261
124947.13004034694
125009.75504040526
125075.52504046651
125118.07504050614
125156.580040542
125177.2000405612
125204.73504058685
125234.70004061476
125255.61004063423
125310.67504068551
125353.36004072527
125399.1400407679
125446.9150408124
125491.23004085367
125518.42004087899
125556.02004091401
125574.39004093112
125599.20004095422
125637.66004099004
125667.40504101774
125718.45004106528
125765.9200411095
125807.5850411483
125856.8750411942
125923.59004125634
125962.02504129213
126010.77004133753
126120.51504143974
126161.37504147779
126207.28504152055
126259.34004156903
126335.96004164038
126400.14004170016
126492.83004178648
126530.1050418212
126600.00004188629
126637.72004192142
126664.45504194632
126704.94004198402
126786.0850420596
126861.94004213024
126940.05004220299
127084.45004233747
127132.35504238209
127189.23504243506
127208.68504245317
127245.90504248784
127266.62004250713
127290.51004252938
127318.31004255527
127364.20004259801
127396.75004262832
127438.8200426675
127470.10004269663
127535.93004275794
127556.51004277711
127614.07004283072
127633.65504284896
127673.47004288604
127856.10504305613
127901.61504309851
127963.32504315599
128034.8550432226
128087.36504327151
128157.19004333654
128199.91504337633
128347.08504351339
128397.58504356042
128419.87004358118
128462.5200436209
128483.39004364033
128512.80504366773
128577.12004372763
128603.99004375265
128670.77504381485
128705.86004384753
128770.02504390728
128815.86504394998
128871.15504400147
128903.7300440318
128977.1600441002
129024.60004414438
129049.97504416801
129097.20004421199
129146.5000442579
129211.21504431817
129273.98004437663
129317.10504441679
129353.66004445084
129401.67004449555
129428.09504452016
129462.41504455212
129535.03004461975
129651.94004472863
129676.30504475132
129709.26004478202
129744.09004481445
129764.30504483328
129781.65004484943
129797.39004486409
129827.44004489208
129877.38004493859
129910.91004496982
129938.09504499513
130066.20004511444
130230.16504526715
130314.3050453455
130349.7350453785
130368.16004539566
130400.17004542548
130446.83004546893
130510.260045528
130555.4600455701
130617.9450456283
130640.52004564932
130685.46004569117
130792.46004579082
130831.26504582696
130870.57504586357
130941.48504592961
130985.04004597018
131017.4850460004
131066.96504604648
131234.69004620268
131264.97004623088
131315.90504627832
131364.7500463238
131421.6400463768
131455.18004640803
131515.22004646395
131551.785046498
131608.99004655128
131637.73504657805
131673.105046611
131698.0400466342
131726.1700466604
131771.82004670292
131800.90504673
131832.9900467599
131875.5200467995
131951.15504686994
131970.545046888
131989.82004690595
132019.24004693335
132075.81004698604
132110.4650470183
132138.13504704408
132188.45004709094
132216.88504711742
132255.96504715382
132312.8450472068
132339.12004723126
132417.5550473043
132461.3500473451
132529.60504740867
132555.71504743298
132582.30004745774
132619.9450474928
132683.9300475524
132720.9750475869
132767.33504763007
132790.875047652
132836.13504769414
132898.3650477521
132937.60504778865
132985.4350478332
133013.4550478593
133080.49004792172
133101.90504794166
133207.14504803967
133242.19504807232
133282.60004810995
133408.9400482276
133429.18004824646
133475.11004828924
133494.70004830748
133545.3050483546
133566.9950483748
133619.5850484238
133655.6650484574
133683.18504848302
133730.97504852753
133772.35504856607
133844.9900486337
134092.29504886403
134121.09504889086
134192.51004895737
134257.98004901834
134278.80504903774
134313.75504907029
134345.6650491
134410.9400491608
134497.67004924157
134527.8900492697
134551.46004929167
134645.93504937965
134674.83004940656
134714.95504944393
134768.02504949336
134794.75504951825
134852.17504957173
134887.4700496046
134934.15004964807
135018.11004972627
135053.60004975932
135131.81504983216
135158.18504985672
135253.96004994592
135285.42504997522
135330.14505001687
135475.22005015198
135531.3800502043
135570.01505024027
135705.10505036608
135724.19005038386
135748.95005040691
135804.08505045826
135837.65005048952
135940.6900505855
135965.64505060873
135992.76005063398
136033.46005067189
136052.94005069003
136073.6300507093
136195.14505082247
136220.8300508464
136248.95005087258
136288.55005090946
136377.52505099232
136399.9550510132
136492.16005109908
136527.11005113163
136559.96005116223
136594.86505119473
136640.4550512372
136724.60005131556
136851.53505143378
136929.85505150672
136952.96005152824
136982.4500515557
137051.98005162046
137077.74005164445
137113.58505167783
137153.1600517147
137206.110051764
137249.62005180452
137286.92005183926
137354.89005190256
137382.17505192797
137407.3400519514
137443.68005198525
137485.9350520246
137535.05005207035
137598.63505212957
137688.0150522128
137723.67005224602
137789.51505230734
137879.41005239106
137946.39005245344
137982.05505248666
138007.2300525101
138032.85505253397
138078.15505257616
138101.46005259786
138137.8050526317
138210.2650526992
138245.83005273232
138276.12005276053
138398.1750528742
138442.60005291557
138514.30505298235
138572.3250530364
138631.64505309163
138773.8900532241
138834.47505328053
138973.75005341024
139003.32005343778
139055.47505348636
139087.00005351572
139130.65005355637
139164.64005358802
139198.52505361958
139245.11005366297
139296.44005371077
139339.27505375067
139381.9350537904
139426.8150538322
139499.8400539002
139532.42005393055
139556.06505395257
139599.84505399334
139620.5150540126
139647.86005403806
139677.3400540655
139725.06005410996
139775.76505415718
139816.00005419465
139841.95505421882
139866.21505424142
139886.33005426015
139937.55505430786
140055.58005441778
140081.41005444183
140110.34005446878
140131.5150544885
140172.19005452638
140232.58505458263
140263.7050546116
140289.11005463527
140381.7050547215
140422.5100547595
140508.74505483982
140552.73005488078
140577.80005490413
140632.46505495504
140684.09005500312
140752.70005506702
140799.43505511055
140818.26005512808
140841.0450551493
140888.99505519395
140909.9900552135
140945.82005524688
140965.13005526486
141020.82005531673
141075.3250553675
141125.95505541464
141159.06005544547
141202.84505548625
141284.4000555622
141314.6850555904
141353.38505562645
141477.80505574233
141509.30505577166
141530.8100557917
141582.10005583946
141614.1450558693
141644.6250558977
141676.28505592718
141721.195055969
141835.5550560755
141973.07505620358
142011.26005623915
142049.25505627453
142089.9150563124
142143.02505636186
142176.450056393
142240.3500564525
142280.7100564901
142387.5650565896
142427.13005662645
142468.99005666544
142548.7250567397
142596.9400567846
142636.43005682138
142681.8600568637
142718.96005689824
142744.52005692205
142791.78505696607
142841.4400570123
142877.09505704552
142926.12505709118
142961.43505712406
142986.075057147
143028.98505718698
143059.46005721536
143098.32505725155
143143.19505729334
143183.54505733092
143223.49005736812
143250.66505739343
143268.95005741046
143338.0400574748
143373.4800575078
143438.6550575685
143514.72005763935
143550.56505767273
143572.45505769312
143596.50005771552
143705.29005781683
143770.93005787797
143796.4100579017
143824.1200579275
143858.3700579594
143902.00005800003
143933.87005802972
143986.38005807862
144007.10005809792
144032.5400581216
144070.7550581572
144126.11005820875
144143.21005822468
144181.91505826073
144229.65005830518
144271.60005834425
144327.56005839637
144439.2600585004
144478.41005853686
144505.26005856186
144559.23005861213
144616.69505866565
144639.89005868725
144696.8450587403
144741.89505878225
144782.92505882046
144834.0750588681
144861.61005889374
144880.27505891112
144921.3850589494
144968.32505899313
145081.22505909827
145151.9050591641
145178.3250591887
145235.79505924223
145290.50505929318
145409.13005940366
145436.74005942937
145464.4600594552
145489.26005947829
145528.09505951445
145551.30005953606
145571.70505955507
145605.69005958672
145679.37005965534
145705.65505967982
145773.35005974286
145793.17505976133
145817.7250597842
145860.22005982377
145903.18005986378
145952.43505990965
145983.78505993885
146012.5000599656
146058.06006000802
146188.2850601293
146213.71006015298
146233.41006017133
146267.8400602034
146313.42506024585
146355.29506028484
146387.5650603149
146549.1550604654
146624.79506053583
146647.76506055723
146680.2800605875
146722.9900606273
146766.24006066757
146804.01006070274
146844.48006074043
146881.23006077466
146925.25506081566
146967.08506085462
147052.89506093453
147076.46006095648
147107.46006098535
147206.0700610772
147228.22506109782
147272.5550611391
147312.65506117645
147466.10506131937
147506.12506135664
147545.02006139286
147595.8650614402
147619.45506146218
147649.24006148992
147679.40506151802
147704.00506154093
147746.12506158015
147799.64006163
147842.0550616695
147863.36006168934
147897.27006172092
147958.64506177808
147998.77006181545
148032.48006184684
148072.73506188433
148127.41506193526
148168.18006197322
148226.29006202734
148245.1450620449
148270.84006206883
148292.88506208936
148318.52006211324
148382.92006217322
148525.24006230576
148547.01006232604
148573.23506235046
148595.26506237098
148660.50506243174
148703.38506247167
148739.54506250535
148776.2050625395
148836.37006259552
148877.1500626335
148900.50006265525
148921.97506267525
148943.69506269548
148971.77506272163
149004.77506275236
149028.07006277406
149059.00006280286
149098.68006283982
149134.82006287348
149162.40506289917
149323.80006304948
149351.1000630749
149397.63506311824
149440.62506315828
149467.7150631835
149509.64006322256
149562.02006327134
149581.3150632893
149614.74506332044
149666.20506336837
149687.42506338813
149707.0350634064
149743.04506343993
149769.69506346475
149816.38506350823
149862.70006355137
149920.25006360497
149970.35006365163
