82.42999999999752
165.13499999992231
216.01499999987604
239.01999999985512
303.00499999979695
328.4299999997738
543.8599999995779
944.9099999992131
968.9949999991912
995.699999999167
1026.3049999991915
1086.4950000005053
1127.755000001406
1283.3900000048031
1733.775000014634
1825.2900000166317
1884.7600000179298
1919.8000000186946
1952.4650000194076
1984.2400000201012
2011.4800000206958
2053.290000021608
2109.085000022826
2520.5050000318065
2634.6350000342977
2710.8100000359605
2734.5500000364787
2792.0050000377328
2817.4750000382887
3401.9850000510473
3464.045000052402
3548.305000054241
3591.095000055175
3631.18000005605
3673.3000000569696
3712.9750000578356
3798.800000059709
3845.7000000607327
4258.935000069752
4343.775000071604
4422.4500000733215
4496.895000074946
4554.950000076214
4581.495000076793
4639.115000078051
4703.465000079455
5177.205000089796
5210.020000090512
5281.590000092075
5323.07500009298
5407.900000094832
5549.1750000979155
6037.1750001085675
6079.935000109501
6133.425000110668
6199.695000112115
6344.495000115276
6856.120000126443
6896.375000127322
6946.985000128427
6979.950000129146
7035.155000130351
7065.760000131019
7165.020000133186
7236.430000134745
7740.570000145749
7811.655000147301
7834.305000147795
7857.3250001482975
8010.850000151649
8039.280000152269
8490.25000010786
8524.475000102382
8627.970000085816
8659.935000080699
8724.660000070338
8743.980000067246
8800.790000058152
8830.805000053348
8913.305000040142
8941.890000035566
9300.8899999781
9362.274999968275
9442.534999955427
9507.794999944981
9538.90999994
9586.069999932452
9608.229999928904
9637.449999924227
9664.324999919925
9688.994999915976
10246.984999826658
10271.999999822654
10341.034999811603
10397.039999802639
10430.224999797327
10501.539999785911
11047.594999698504
11123.679999686325
11152.139999681769
11176.18499967792
11196.684999674639
11243.209999667191
11283.88499966068
11327.164999653753
11358.699999648705
11380.759999645174
11521.364999622667
11965.189999551623
11995.57499954676
12016.144999543467
12054.574999537315
12111.45499952821
12136.409999524216
12209.954999512443
12232.394999508851
12275.094999502016
12801.594999417739
12827.76499941355
12885.92999940424
12935.934999396235
12956.619999392924
12986.00499938822
13010.859999384242
13086.02499937221
13122.179999366423
13198.639999354184
13689.964999275537
13739.764999267565
13767.074999263194
13849.044999250073
13878.964999245283
14355.794999168957
14455.254999153036
14528.809999141262
14573.584999134095
14659.414999120356
14695.734999114542
14744.634999106715
14875.124999085827
15186.629999035964
15348.734999010016
15375.499999005731
15400.589999001715
15433.29999899648
15492.279998987038
15544.939998978609
15613.164998967688
16181.979998876637
16211.499998871912
16238.964998867516
16353.039998849255
16446.349998857
16478.579998863566
16931.289998955795
17001.339998970067
17034.77999897688
17102.52499899068
17131.499998996584
17263.699999023516
17287.879999028442
17953.474999164042
18005.88499917472
18073.07999918841
18096.874999193256
18141.094999202265
18227.524999219873
18262.60499922702
18669.22999930986
18711.93999931856
18748.859999326083
18782.299999332896
18827.72999934215
18847.54999934619
18908.01999935851
18979.83999937314
19005.099999378286
19601.20499949973
19640.72999950778
19677.69499951531
19714.034999522715
19757.25499953152
19789.434999538076
19846.359999549673
19898.694999560335
20022.684999585596
20372.554999656873
20392.75999966099
20423.404999667233
20456.744999674025
20493.77999968157
20521.934999687306
20556.674999694384
20615.55499970638
20716.784999727002
20765.429999736913
21139.654999813152
21195.439999824517
21278.134999841364
21381.074999862336
21430.709999872448
21456.04499987761
21486.28999988377
21517.619999890154
21571.97999990123
21608.6499999087
22200.22500002922
22261.415000041685
22313.800000052357
22344.605000058633
22871.310000165937
22970.660000186177
23056.895000203745
23103.06500021315
23156.12500022396
23182.78000022939
23248.710000242823
23770.47000034912
23829.66000036118
23860.49500036746
23896.645000374825
24008.73000039766
24042.15500040447
24087.26000041366
24631.545000524544
24658.385000530012
24730.650000544734
24755.480000549793
24790.65500055696
24815.855000562093
24839.765000566964
24907.515000580766
24965.660000592612
25000.245000599658
25273.245000655275
25446.87500069065
25524.77500070652
25549.540000711564
25573.395000716424
25599.570000721757
25624.540000726844
25668.170000735732
25707.08000074366
25731.73000074868
25887.17500078035
26340.92000087279
26379.030000880553
26431.020000891145
26457.905000896622
26533.44000091201
26563.105000918054
26624.450000930552
26654.405000936655
26683.235000942528
26715.560000949114
27175.360001042787
27208.36000104951
27271.080001062288
27303.300001068852
27328.845001074056
27356.470001079684
27378.180001084107
27403.010001089166
27446.705001098067
27484.740001105816
27527.840001114597
28094.93000123013
28202.355001252014
28272.735001266352
28384.94000128921
28791.86000137211
28852.97000138456
28923.15500139886
29018.77000141834
29060.920001426926
29097.825001434445
29153.355001445758
29550.995001526768
29667.175001550437
29757.20500156878
29799.72000157744
29828.945001583394
29966.625001611443
30133.50500164544
30162.890001651427
30546.335001729545
30581.84000173678
30600.65500174061
30667.715001754274
30697.405001760322
30720.040001764934
30772.54500177563
30797.540001780722
30828.125001786953
30903.10500180223
30960.115001813843
31543.105001932614
31638.615001952072
31681.840001960878
31721.2100019689
31754.630001975707
31822.03500198944
32278.520002082438
32332.87000209351
32395.85000210634
32444.420002116236
32472.31500212192
32504.300002128435
32625.390002153104
33047.01000203599
33192.69000195967
33239.26500193527
33296.91500190507
33383.9000018595
33436.5850018319
33542.04000177666
33996.075001538804
34019.06000152676
34064.620001502895
34098.26000148527
34154.490001455815
34183.11000144082
34240.93500141053
34780.30500112797
34826.130001103964
34857.260001087656
34894.0150010684
34944.77500104181
34973.11500102696
35012.04000100657
35038.15500099289
35125.79500094698
35670.175000661795
35690.05000065138
35731.34500062975
35755.51500061709
35799.45000059407
35833.13000057643
35864.69500055989
35901.87000054042
35919.285000531294
35956.8750005116
36001.38000048829
36345.075000308236
36491.99000023127
36589.36500018026
36619.14500016466
36661.605000142416
36720.29000011167
36766.45000008749
36802.68500006851
37334.004999790166
37357.87499977766
37436.21999973662
37496.48499970505
37523.994999690636
37583.0449996597
37673.899999612106
38184.03999934486
38225.29499932325
38253.644999308395
38278.61999929531
38303.179999282445
38340.06499926312
38367.43999924878
38414.869999223934
38550.10499915309
38581.78999913649
39093.33499886851
39126.094998851346
39157.64499883482
39193.16499881621
39220.61999880183
39292.454998764195
39354.25499873182
39418.71999869805
39453.66999867974
39905.74499844291
39960.64499841415
39997.059998395074
40039.84499837266
40058.30499836299
40117.76499833184
40156.68999831145
40201.96499828773
40648.249998053936
40783.83499798291
40846.509997950074
40865.98999793987
40894.249997925064
40933.074997904725
40965.13999788793
40989.22499787531
41052.47999784217
41107.74999781322
41595.84499755752
41646.58999753094
41695.519997505304
41726.76999748893
41750.04999747674
41785.064997458394
41822.01499743904
41846.029997426456
41940.959997376725
42337.6749971689
42366.64999715372
42435.67999711756
42482.1749970932
42519.95499707341
42544.65499706047
42622.24499701982
42649.73499700542
42670.40999699459
42726.16999696538
42765.05499694501
43219.36499670701
43252.85999668946
43297.729996665956
43385.674996619884
43414.94499660455
43497.46499656132
43633.95499648982
43676.95499646729
44133.949996227886
44168.254996209915
44198.10499619428
44276.564996153174
44306.799996137335
44329.249996125574
44356.76999611116
44409.879996083335
44954.20499579818
44992.484995778126
45023.55499576185
45060.01999574275
45091.0299957265
45137.6099957021
45171.064995684574
45229.59499565391
45284.86499562496
45644.42999543659
45721.99499539596
45822.67999534321
45879.28999531356
45919.38999529255
45972.654995264646
46009.689995245244
46057.199995220355
46108.82499519331
46694.71499488638
46729.524994868145
46769.18499484737
46816.284994822694
46849.819994805126
46984.69999473447
47511.0999944587
47539.86999444363
47612.834994405406
47637.16999439266
47738.499994339574
47772.114994321964
47798.78499430799
47853.64999427925
48363.39999401221
48386.96999399986
48423.629993980656
48564.0399939071
48622.174993876644
48646.18999386406
48670.374993851394
49289.804993526894
49346.20499349735
49409.70499346408
49428.90999345402
49461.83499343677
49498.804993417405
49554.39499338828
49585.98999337173
49841.34499323796
49898.429993208054
50131.35499308603
50171.069993065226
50203.89499304803
50291.464993002155
50834.68999271758
50961.2099926513
50985.97999263832
51022.734992619065
51095.57499258091
51119.994992568114
51172.14999254079
51197.96499252727
51308.39499246942
51772.024992226536
51863.20499217877
51934.984992141166
51972.60499212146
52010.45499210163
52120.22999204412
52269.67499196583
52613.91999178549
52664.484991759
52706.6749917369
52750.97999171369
52806.39499168466
52837.70999166826
52896.02499163771
52937.0799916162
53028.75999156817
53446.339991349414
53512.39999131481
53549.969991295126
53586.944991275755
53627.61999125445
53663.909991235436
53689.339991222114
53717.629991207294
53810.82499115847
53845.159991140485
54254.614990925984
54410.069990844546
54460.68499081803
54480.184990807815
54506.63499079396
54540.45999077624
54603.00999074347
54673.534990706525
55192.07499043488
55226.63499041677
55248.92999040509
55269.294990394425
55298.14999037931
55346.03499035422
55385.00499033381
55416.829990317136
55456.80999029619
55481.734990283134
55577.939990232735
56050.57998998513
56165.33498992502
56257.1849898769
56822.63498958068
56849.194989566764
56930.50498952417
56957.809989509864
57009.614989482725
57039.69498946697
57066.98498945267
57105.01498943275
57728.724989106006
57760.049989089595
57813.12998906179
57851.444989041716
57928.86498900116
57962.46498898356
58062.00998893141
58107.58498890753
58502.98998870039
58571.08498866472
58606.22498864631
58661.56998861732
58681.85998860669
58723.134988585065
58764.85498856321
58800.49498854454
58846.82498852027
58877.80498850404
59300.454988282625
59358.219988252364
59433.03998821317
59466.66498819555
59498.024988179124
59528.43498816319
59563.83498814465
59590.964988130436
59643.98498810266
59679.879988083856
59729.83998805768
59797.3799880223
59961.33498793641
60356.17998772956
60456.45498767703
60532.364987637266
60668.469987565964
60867.75998746156
61049.75498736622
61098.74498734056
61161.284987307794
61193.904987290705
61226.354987273706
61264.74998725359
61301.99998723408
61499.38998713067
61818.58998696345
61895.71498692305
61960.3299868892
62018.03498685897
62048.22498684315
62080.749986826115
62156.46998678645
62218.17998675412
62330.6449866952
62719.21498649164
62831.70998643271
62903.74998639497
62923.724986384506
62948.85998637134
62982.61998635365
63016.839986335726
63049.93498631839
63121.37998628096
63543.24998605996
63615.68998602201
63639.614986009474
63668.054985994575
63707.55998597388
63770.06998594113
63855.374985896444
63887.879985879415
63929.29998585772
63985.404985828325
64479.34998556956
64516.8899855499
64570.474985521825
65337.77498511986
65448.04498506209
65484.15498504318
65546.8399850261
65571.13998504874
65602.86998507829
65635.66498510883
65666.4499851375
65754.74498521973
66179.39998561522
66227.06498565961
66271.23998570075
66315.56498574204
66400.81498582143
66436.15498585434
66478.8399858941
66960.06498634227
67015.31498639373
67049.00998642511
67074.20498644857
67145.15998651466
67189.69498655613
67223.64998658776
67331.5049866882
67794.65998711955
67856.6699871773
67913.86498723057
67959.27998727286
68020.70998733008
68053.66498736077
68078.74498738413
68229.41498752445
68643.63998791022
68843.5449880964
68872.06998812297
68923.72498817107
68985.42998822854
69025.01498826541
69078.54998831527
69515.47998872219
69604.13498880476
69645.26998884307
69672.63498886855
69712.60498890578
69899.38998907973
70273.80998942844
70368.1549895163
70396.75998954294
70421.87998956634
70471.09998961218
70531.31498966826
70557.29498969245
70581.83498971531
70706.67998983158
71317.47499040043
71345.82499042683
71428.72499050404
71462.12499053514
71502.95499057317
71562.71999062883
71620.21499068238
71661.98999072128
72076.16999110702
72129.5099911567
72185.38999120874
72240.79499126034
72267.14499128488
72339.9649913527
72386.06499139563
72419.02499142633
72954.06499192462
73033.01999199815
73084.2799920459
73155.84999211255
73187.41499214194
73274.51499222306
73314.9349922607
73380.16999232146
73743.5599926599
73787.67499270098
73814.23499272572
73854.55999276327
73928.70499283232
73968.95999286982
74007.31499290554
74097.32499298936
74194.33999307972
74249.15999313077
74703.23999355367
74749.53499359678
74776.12999362155
74818.50999366102
74859.16999369889
74895.01999373228
74919.74999375531
74962.64499379526
75524.83999431884
75551.37499434355
75588.1449943778
75639.88999442599
75693.97999447637
75722.7899945032
75755.60499453376
75786.6799945627
76021.8349947817
76209.90499495686
76271.88499501458
76361.28999509785
76401.73999513552
76434.86999516637
76479.1349952076
76542.77499526687
76597.95499531826
76730.0749954413
77317.75999598863
77373.3449960404
77435.55499609833
77500.70999615901
78047.49499666825
78119.65499673545
78145.16499675921
78201.42999681161
78238.17499684583
78274.55999687972
78298.82499690232
78433.75999702798
78473.95499706542
78497.5599970874
78857.71499742282
78892.6949974554
78940.00499749946
78989.45999754552
79031.3099975845
79069.5399976201
79111.39999765909
79141.2699976869
79170.58999771421
79223.32999776333
79675.41499818437
79742.18499824655
79774.4449982766
79832.89999833104
79858.35499835474
79880.17999837507
79977.51499846572
80488.14999894128
80560.33499900851
80604.33499904949
80644.46999908687
80693.12499913218
80737.25999917329
80781.47999921447
80834.1249992635
81296.9099996945
81347.56499974168
81485.14499986981
81515.64999989822
81545.27499992581
81573.23999995185
81624.19999999931
81653.46500002657
81684.3200000553
81918.7150002736
82258.60500059015
82323.4100006505
82349.90500067518
82378.02500070137
82440.51000075956
82474.72000079142
82531.12500084395
82625.76000093209
82702.51500100357
83119.70500139211
83147.48500141798
83203.96500147058
83228.42000149336
83252.89500151615
83336.83500159433
83380.20000163472
83434.81000168558
83868.04000208905
83994.23000220658
84038.3800022477
84059.89000226773
84175.26500237518
84237.18000243284
84293.24000248505
84765.630002925
84813.74500296981
84877.44000302913
84934.34000308212
84969.28000311466
85014.27000315656
85051.82500319154
85080.43500321818
85172.59000330401
85639.32000373869
85756.44500384777
85783.39000387286
85819.18000390619
85847.5350039326
85890.89000397298
85925.30000400502
85990.58500406583
86071.39000414108
86282.22000433743
86506.93500454671
86586.77500462107
86611.12000464374
86647.16500467731
86678.71000470669
86737.52000476146
86762.65500478487
86821.44000483962
86884.7750048986
87103.0650051019
87166.6300051611
87215.77000520687
87387.87500536715
87443.0150054185
87466.96000544081
87486.45500545896
87544.93000551342
87600.79000556545
87636.90000559908
87666.64000562677
87710.34000566747
88062.69000599562
88214.45000613696
88247.44000616769
88290.12500620744
88339.29500625323
88367.08500627911
88414.02000632283
88449.72500635608
88481.82000638597
89062.94000692718
89103.80500696524
89173.40500703006
89201.19000705593
89259.86500711058
89284.73500713374
89368.79500721203
89400.49500724155
89876.52000768489
89899.46500770625
89974.5750077762
90016.32500781509
90059.48500785528
90083.72500787786
90148.82500793849
90214.37500799954
90389.62500816275
90629.54000838619
90711.82500846282
90809.90500855417
90833.26000857592
90856.90500859794
90898.76500863692
90921.9300086585
90946.16000868106
90967.93000870134
91003.29000873427
91117.38000884053
91373.70500907925
91476.93000917538
91642.43000932952
91713.40000939561
91822.89500949759
91869.97000954143
91986.4450096499
92359.17000999703
92427.61501006078
92458.47001008951
92507.57501013525
92535.94501016167
92604.43001022545
92645.74001026392
92688.1350103034
92716.22501032957
93306.23501087906
93343.58001091384
93375.76501094381
93402.19001096842
93422.97501098778
93442.7550110062
93494.69001105457
94096.69001161522
94159.01001167326
94228.68001173815
94260.70501176798
94289.10001179442
94334.66001183685
94368.13501186803
94411.54001190845
94454.1100119481
94948.40501240845
95038.16501249204
95094.30001254432
95123.14001257118
95165.29001261044
95192.55501263583
95912.0450133059
95996.95001338498
96034.78501342022
96067.79001345095
96101.7750134826
96184.5600135597
96704.30001404375
96732.52001407003
96760.34501409595
96802.5000141352
96840.56001417065
96870.00501419808
96909.51001423487
97010.60001432901
97041.12501435744
97443.53501473222
97474.27501476085
97530.12501481286
97592.59501487104
97635.7100149112
97665.91001493932
97687.67501495959
97724.2000149936
97766.96001503343
97810.71501507418
98359.8550155856
98422.22001564369
98454.82501567405
98485.3650157025
98517.27501573222
98602.80501581187
98668.89501587342
98757.6700159561
99131.29501630407
99245.93501641083
99267.51001643093
99339.57001649804
99377.59001653345
99410.37001656397
99500.58001664799
99555.66001669929
99990.89001710463
100044.68001715472
100094.39001720102
100117.00001722208
100172.77501727402
100209.49001730821
100236.39001733327
100262.16501735727
100333.32001742354
100868.74501792219
100955.44501800294
101053.60001809435
101079.79001811874
101121.26001815737
101167.17001820012
101210.61501824058
101286.26001831103
101753.49001874618
101809.6800187985
101910.90501889278
101942.96501892264
101970.64001894841
102023.1400189973
102059.22001903091
102134.18001910072
102408.11001935584
102589.87001952511
102626.8950195596
102662.52501959278
102718.4950196449
102784.88001970673
102844.16501976195
102913.59501982661
103328.53502021305
103423.66002030164
103453.08502032905
103542.24502041208
103569.4250204374
103592.92502045928
103613.81502047874
103644.03502050688
103702.99002056179
103775.45002062927
104294.94502111309
104371.59002118447
104452.96002126025
104476.15002128185
104501.7600213057
104599.40002139664
104625.31502142077
104662.65002145554
104748.26002153527
105200.08502195607
105256.53002200864
105292.00502204167
105319.36002206715
105363.39502210816
106092.84002278751
106114.03002280724
106182.67002287117
106209.47502289613
106247.97502293199
106320.66502299969
106379.76002305473
106721.53502337303
106876.7750235176
106929.20502356644
106965.27502360003
107001.60502363386
107072.45002369984
107098.27002372389
107149.33502377145
107700.20002428448
107898.74002446939
107947.66002451495
108724.84502523876
108747.73502526007
108767.04502527806
108790.00002529944
108851.87002535706
108999.4450254945
109407.22502587427
109455.19002591894
109499.51002596022
109520.75502598
109562.27502601867
109606.35002605972
109645.10502609581
109690.36502613797
110158.41502657387
110209.25502662122
110245.44002665492
110278.31502668554
110347.84002675029
110405.78502680425
110471.41002686537
110592.5600269782
110703.76502708177
111127.75002747664
111285.91502762394
111310.76002764708
111338.01002767246
111395.25502772577
111903.71502819931
111976.5050282671
112011.96502830012
112053.12502833846
112096.72502837906
112119.39002840017
112151.98002843052
112208.92002848355
112307.98502857581
112767.29002900358
112807.63002904115
112836.98002906848
112918.12002914405
112940.82002916519
112969.1850291916
113058.02502927434
113111.94502932456
113141.405029352
113598.33502977755
113733.75002990366
113814.19002997858
113845.91503000812
113890.89503005001
114014.47503016511
114493.60503061133
114529.2200306445
114581.65503069333
114614.28003072372
114644.98003075231
114686.47503079096
114719.75003082195
114765.13003086421
115339.59503139922
115378.27003143524
115407.010031462
115435.39503148844
115463.85503151495
115511.00003155885
115533.02503157937
115733.15503176575
115766.59003179689
116167.80003217055
116200.22503220075
116257.77003225434
116335.5750323268
116368.29003235727
116404.76503239124
116480.6400324619
116564.12503253965
117107.20503304544
117169.58003310353
117204.04003313562
117245.4600331742
117283.97003321006
117797.62003368844
117824.25003371324
117912.08003379503
117997.940033875
118050.32003392378
118112.52003398171
118164.74503403035
118275.4000341334
118716.6050345443
118760.12003458483
118792.20503461472
118822.28503464273
118853.12003467145
118934.43003474717
119041.00503484643
119505.23003527877
119626.82503539202
119645.88003540976
119697.71003545803
119731.97503548994
119753.11503550963
119812.45003556489
120403.99503611581
120444.94503615395
120469.9100361772
120500.13503620535
120550.05503625184
120609.68003630737
120638.55503633426
120673.90503636718
120703.71003639494
120754.91503644263
120881.5850365606
121302.13003695227
121346.98003699403
121380.37503702514
121422.23503706412
121493.56503713055
121542.07003717573
121578.54003720969
121650.96503727714
122147.28003773937
122187.3550377767
122215.08003780252
122243.54003782902
122301.48003788298
122332.99003791233
122388.82003796432
123015.98003854841
123100.4700386271
123264.7550387801
123336.93503884732
123709.68503919448
123738.13503922097
123769.17003924988
123874.19503934769
123911.70003938262
123950.91503941914
124030.09003949288
124092.52503955102
124440.81003987539
124492.91003992391
124761.42504017398
124780.83004019206
124805.02504021459
124868.12004027335
124892.6450402962
124944.3050403443
125044.87004043796
125554.65004091273
125585.69004094164
125610.3450409646
125641.63004099374
125695.68004104408
125730.79504107678
125799.745041141
126278.15504158655
126386.38504168735
126469.11004176439
126531.89004182286
126570.50504185882
126665.46504194726
126693.24504197313
126747.15504202334
127094.71504234703
127199.55004244467
127268.38004250877
127315.04504255223
127348.00504258292
127391.09504262306
127502.35504272667
127605.08504282235
127982.89004317421
128019.56504320836
128128.66504330997
128262.47504343459
128285.31004345586
128376.81004354107
128847.51004397945
128910.87004403846
128960.88004408503
129003.94504412514
129073.46004418988
129104.5100442188
129132.99504424533
129172.4850442821
129248.76004435314
129683.29504475783
129729.90504480124
129807.69504487369
129851.0850449141
129887.01504494756
129913.84504497255
129944.64004500123
130026.1050450771
130144.4300451873
130183.31504522351
130572.66504558612
130610.26004562114
130638.02004564699
130767.7400457678
130801.92004579963
130837.58504583285
130876.7200458693
131359.98004631937
131507.58504645684
131555.39004650136
131609.18504655146
131627.3900465684
131649.45504658896
132170.65504707437
132204.4050471058
132307.35504720168
132340.80004723283
132371.6950472616
132395.1000472834
132451.585047336
132490.9750473727
133071.5700479134
133114.36004795326
133160.250047996
133191.86504802544
133258.7200480877
133311.88504813722
133356.48504817876
133396.28504821582
133454.27504826983
133490.4300483035
133520.8050483318
133955.09004873625
133998.58504877676
134027.23504880344
134066.14004883968
134087.1050488592
134114.34504888457
134136.75504890544
134161.81504892878
134182.460048948
134215.730048979
134240.83504900237
134309.55004906637
134622.20004935755
134795.28504951874
134892.99004960974
134928.52004964283
134968.68004968023
135010.04504971876
135117.52504981885
135275.59504996607
135609.5500502771
135671.0850503344
135716.98505037714
135772.4450504288
135820.52005047357
135856.48005050706
135885.11005053372
135905.55005055276
135999.60005064035
136542.83005114627
136574.99005117622
136607.74005120673
136683.98005127773
136734.6300513249
136759.6550513482
136808.88505139406
136834.95005141833
136985.2300515583
137276.5600518296
137420.77005196392
137452.4250519934
137511.23005204817
137597.9300521289
137643.78505217162
137724.78005224705
138084.91005258245
138260.9600527464
138323.3300528045
138345.2400528249
138398.4900528745
138435.59505290905
138473.8900529447
138564.09005302872
139086.230053515
139124.895053551
139152.7050535769
139187.32005360915
139258.51005367545
139303.95505371777
139409.48505381605
139904.55005427712
139974.59505434235
140035.91005439946
140069.33005443058
140106.4000544651
140185.22505453852
140229.82005458005
140258.79005460703
140322.2100546661
140544.9050548735
140728.1900550442
140750.55005506502
140806.28005511692
140858.52505516558
140887.28505519236
140908.18005521182
140932.2200552342
140951.79005525244
141020.7950553167
141085.40505537688
141130.8500554192
141619.9400558747
141687.2550559374
141718.4150559664
141748.27505599422
141780.34005602408
141808.56505605037
141827.495056068
141852.9550560917
141871.6400561091
141937.7800561707
142373.73505657673
142403.75005660468
142473.76005666988
142504.55505669856
142523.29505671602
142576.58005676564
142631.715056817
142651.3800568353
142679.32505686133
142733.39005691168
143323.1000574609
143392.84505752585
143421.21505755227
143444.78505757422
143482.39505760925
143554.98005767685
143607.3200577256
143744.47005785332
143788.77005789458
143985.53005807783
144111.8900581955
144145.3650582267
144212.93505828961
144278.27005835046
144310.79005838075
144356.13005842298
144413.13005847606
144462.86005852238
144503.32505856006
144942.93505896948
144975.09505899943
145008.5500590306
145041.54505906132
145152.14505916432
145205.0500592136
145253.29005925852
145422.75505941635
145811.22005977813
145848.2300598126
145935.640059894
145965.65505992196
145982.5650599377
146017.32505997008
146106.6650600533
146227.88006016618
146593.77006050694
146695.840060602
146746.1900606489
146780.04006068042
146818.4650607162
146849.01006074465
146879.60506077314
146916.1850608072
146940.9900608303
147157.68506103213
147318.55006118194
147481.6150613338
147553.755061401
147586.31506143132
147618.99006146175
147650.10506149073
147677.62506151636
147704.7400615416
147731.43506156647
147755.06506158848
147882.57006170723
147927.83006174938
148303.73006209946
148337.87506213126
148436.29006222292
148468.44506225287
148514.5500622958
148551.8000623305
148588.97506236512
148616.35506239062
149220.89006295364
149353.76006307738
149391.92006311292
149455.1350631718
149634.62006333895
150056.72506373207
150149.68006381864
150180.5600638474
150227.14006389078
150311.6750639695
150354.87006400974
150828.11006445048
150960.78006457404
151014.56506462413
151043.05006465066
151079.0550646842
151096.53006470046
151131.7850647333
151242.66506483656
151731.49506529182
151775.45006533276
151846.84506539925
151864.7300654159
151887.56006543717
151910.95006545895
152004.6250655462
152065.06506560248
152579.7300660818
152610.7650661107
152655.16006615205
152727.9150662198
152785.05006627302
152834.14506631874
152894.80006637523
152989.2400664632
153131.16506659536
153483.79006692377
153542.28506697825
153579.61506701302
153620.5100670511
153657.975067086
154375.72506775445
154407.47506778402
154453.0950678265
154484.3350678556
154558.35006792453
155175.75006849953
155215.04006853612
155233.82506855362
155277.33006859414
155312.32506862673
155362.09506867308
155428.39506873483
155961.07006923092
156028.0400692933
156094.68506935536
156116.860069376
156160.0050694162
156198.90506945242
156295.90006954275
156425.68006966362
156472.265069707
156747.11006996298
156848.46007005736
156890.0650700961
156946.4100701486
156979.6000701795
157089.78507028212
157124.49007031444
157247.46007042896
157629.49507078476
157713.64507086313
157739.5850708873
157777.0550709222
157805.0950709483
157920.3150710556
157967.82007109985
158052.7000711789
158521.45507161546
158566.63507165754
158618.675071706
158680.82007176388
158713.07007179392
158774.32007185096
158823.4450718967
158888.47007195727
159347.55507238483
159394.7700724288
159479.74007250794
159509.28507253545
159542.5250725664
159584.44007260544
159621.59007264004
159691.30507270497
159734.03507274477
160128.6650731123
160207.805073186
160349.555073318
160377.84507334436
160402.56007336738
160519.55007347633
160644.57007359277
161104.33507402096
161156.10507406917
161226.70507413492
161283.10007418744
161309.92007421242
161350.08007424982
161369.6900742681
161830.36507469713
161857.3950747223
161906.76507476828
161967.64007482497
161996.660074852
162028.38007488154
162097.42007494584
162124.29007497086
162147.69007499266
162191.07007503306
162291.1900751263
162765.5700755681
162811.24007561064
162836.7450756344
162887.79507568193
162925.47007571702
162951.8600757416
163012.82007579837
163079.69007586065
163240.1550760101
163679.67507641943
163703.0650764412
163725.55507646216
163747.38007648248
163789.9150765221
163812.91507654352
163857.64507658518
163979.71007669886
164400.93007709115
164449.99507713685
164484.61007716908
164531.94007721316
164563.27507724235
164605.865077282
164633.62507730786
164730.2900773979
164764.41007742967
164805.570077468
164837.0250774973
164887.160077544
165307.92007793585
165363.55507798766
165410.65007803153
165445.1050780636
165470.7650780875
165513.68507812748
165634.16007823969
166117.1400786895
166166.02507873502
166206.4850787727
166235.29007879953
166257.78507882048
166289.20007884974
166307.56007886684
166343.67507890047
166370.90507892583
166401.12507895398
166522.07507906662
166634.19007917104
166717.6950792488
166857.0600793786
167018.2250795287
167044.78007955343
167088.80007959442
167131.46007963415
167202.22007970006
167241.51507973665
167272.01507976506
167746.7600802072
167823.59508027876
167869.68008032168
167902.5500803523
167958.00508040393
168015.82508045778
168050.48508049006
168101.0050805371
168138.20508057176
168745.07008113695
168788.78508117766
168816.7400812037
168845.37008123036
168865.95508124953
168940.9700813194
168968.84508134535
169040.14508141176
169449.27008179278
169528.01508186612
169608.77008194133
169637.55008196813
169696.6750820232
169735.37008205923
169757.48008207983
169806.9400821259
169834.05008215114
169909.54008222144
170032.59508233605
170332.9650826158
170366.0550826466
170400.75508267892
170445.2900827204
170477.43508275034
170539.29008280794
170586.23008285166
170668.13508292794
170697.0900829549
170835.4950830838
171206.16008342901
171270.06508348853
171351.38008356426
171385.50008359604
171421.61008362967
171465.5750836706
171523.09508372418
171551.29508375045
171685.035083875
172040.6650842062
172106.21508426726
172164.38008432143
172210.04508436396
172231.86508438428
172279.9900844291
172313.85008446063
172344.56508448924
172390.39508453192
172432.43008457107
172518.81008465152
172989.5250850899
173059.430085155
173096.32508518937
173151.74508524098
173248.34008533094
173299.75008537882
173359.58008543454
173776.55508582288
173890.12508592865
173919.20008595573
173940.3150859754
174008.1800860386
174065.01008609153
174129.98008615203
174170.66508618993
174682.96008666704
174723.715086705
174765.45008674386
174788.33508676518
174828.47508680256
174854.45008682675
174882.39508685278
174944.905086911
174975.25008693925
175015.30008697655
175492.8550874213
175550.15508747468
175606.25508752692
175675.5850875915
175710.63508762413
176265.34508814075
176348.3950882181
176421.58008828625
176446.8500883098
176466.12008832773
176501.6300883608
176581.65008843533
176616.35508846765
176670.34008851793
176837.2900886734
177197.45008900884
177263.93008907075
177291.73008909664
177324.17008912686
177360.06008916028
177398.14508919575
177430.640089226
178063.86508981575
178119.67008986772
178173.37008991773
178215.59508995706
178242.63008998224
178263.3250900015
178329.6800900633
178489.62009021227
178807.84009050863
178857.4250905548
178906.95509060094
178943.67009063513
178972.05009066156
179027.9250907136
179061.66009074502
179093.33509077452
179124.7800908038
179674.24009131553
179730.07509136753
179766.40009140136
179830.9650914615
179869.88009149773
179987.4100916072
180039.23009165545
180174.22509178118
180627.92509220372
180714.05509228393
180835.3450923969
181305.59009283484
181348.96509287524
181387.64009291126
181450.5150929698
181497.06009301316
181540.4700930536
181569.55509308068
181590.5150931002
181619.6100931273
181641.6300931478
181784.50509328087
182262.82509372634
182306.53509376704
182326.32509378548
182375.9650938317
182445.62509389658
182486.7550939349
182523.7150939693
182557.29009400058
182596.95509403752
182627.29509406578
183096.31509450258
183147.8800945506
183183.89009458415
183209.9400946084
183239.05009463552
183278.28509467206
183337.76509472745
183363.8050947517
183385.43009477184
183502.9650948813
183961.115095308
184021.9900953647
184104.38009544142
184135.30509547022
184175.17009550735
184740.9750960343
184802.00509609113
184837.90509612457
184898.13509618066
184947.61009622674
184974.98509625223
185036.82009630982
185064.54509633564
185096.88009636576
185120.82009638805
185142.65009640838
185734.2850969594
185783.94009700563
185825.83009704464
185873.51509708905
185984.97509719286
186109.3450973087
186324.61009750917
186423.62509760138
186479.88509765378
186577.05009774427
186614.1300977788
186638.5050978015
186683.35509784328
186734.4850978909
186832.9600979826
187238.76009836054
187334.47009844967
187373.94009848643
187412.36509852222
187463.38009856973
187517.42009862006
187570.46009866946
187598.34009869542
187632.5800987273
187689.07509877993
187721.66009881027
187763.94009884965
188170.6100992284
188246.44509929902
188283.42509933346
188309.30509935756
188384.23509942734
188408.4550994499
188441.39009948057
188491.70509952743
188578.3100996081
189010.53010001063
189076.2201000718
189142.61010013364
189171.6701001607
189213.4451001996
189246.3901002303
189283.2201002646
189362.88010033878
189456.38510042586
189842.57010078552
189921.50010085903
189945.67010088154
190012.0801009434
190143.1801010655
190216.0951011334
190601.08510149195
190659.10510154598
190780.71010165924
190820.0701016959
190844.59010171873
190875.97510174796
190915.79510178504
190947.7501018148
190974.55010183976
191005.02510186814
191078.1101019362
191123.17010197818
191537.52010236407
191582.4251024059
191692.85010250873
191738.71010255144
191759.5001025708
191809.39010261727
191835.89010264195
191911.56010271242
191957.13010275486
192398.92510316632
192445.5151032097
192506.22010326624
192632.80010338413
192725.07010347006
193377.13510407734
193409.8301041078
193437.23510413332
193458.86010415346
193504.525104196
193537.98010422714
193564.63010425196
193604.32010428893
193630.61510431342
194143.36510479095
194184.48510482925
194243.55010488426
194284.41510492231
194314.52010495035
194334.50510496896
194390.61010502122
194447.5001050742
194907.8051055029
195019.32510560675
195058.06010564283
195107.98010568932
195140.6051057197
195171.3151057483
195201.55510577647
195231.27510580415
195267.8451058382
195298.20010586648
195690.17010623153
195853.7901063839
195900.52510642743
195943.8601064678
195968.05510649033
195988.77510650962
196025.1451065435
196055.18010657147
196150.8901066606
196240.67010674422
196635.53510711197
196711.02010718227
196777.5301072442
196812.8551072771
196848.66010731045
196904.08010736207
196939.70010739524
196997.5351074491
197066.130107513
197489.5101079073
197611.52010802092
197631.4551080395
197704.45510810748
197728.27510812966
197774.74510817294
197860.46510825277
197891.87510828202
198039.22510841925
198341.9501087012
198396.1801087517
198475.04010882514
198516.2301088635
198541.98010888748
198586.1451089286
198614.09510895464
198641.25510897994
198663.3301090005
198725.69010905857
198813.51510914037
199128.9101094341
199164.4401094672
199202.19010950235
199245.43510954262
199310.50010960322
199344.32510963472
199367.4851096563
199389.14510967646
199412.34510969807
199466.8001097488
199612.90010988485
200020.1001102641
200084.77511032432
200117.720110355
200150.1351103852
200263.24011049053
200295.14511052024
200410.77511062793
200932.50511111383
201052.75011122582
201101.29511127103
201139.6951113068
201181.20011134545
201665.96511179692
201717.9001118453
201753.84011187876
201814.27011193504
201866.56511198374
201915.09511202894
201985.25011209428
202454.7101125315
202566.22011263535
202657.38011272025
202729.6001127875
202770.10511282523
202824.36511287576
202844.50011289452
202884.93511293217
202928.64011297288
202954.94511299737
203109.78511314158
203394.2451134065
203439.92011344904
203477.3601134839
203596.0051135944
203655.8951136502
203781.7501137674
204187.44011414523
204240.83511419495
204389.5851143335
204418.13511436008
204450.60511439032
204503.07511443918
204542.5101144759
204656.7401145823
205120.25511501398
205170.60011506086
205235.02011512086
205287.54011516977
205342.36511522083
205400.76011527522
205446.1601153175
205470.80011534045
205937.20011577482
206100.31011592672
206135.63511595962
206154.24011597695
206207.83511602686
206257.67511607328
206305.82511611813
206832.3751166085
206883.85011665645
206917.58011668787
206947.55511671578
206982.6851167485
207028.48511679115
207073.12011683272
207128.22511688404
207156.02511690994
207179.9251169322
207715.00011743052
207805.51511751482
207857.06011756283
207920.74511762214
207958.00511765684
207988.53511768527
208057.54011774954
208097.28011778655
208620.670118274
208676.77011832624
208716.91511836363
208771.4401184144
208804.96011844563
208843.53511848155
208881.2851185167
209301.57511890813
209369.34511897125
209443.87511904066
209475.39011907
209531.78511912253
209553.1051191424
209588.70011917554
209647.00511922984
209689.93511926982
209746.75511932274
210155.30011970323
210281.20011982048
210312.88511985
210330.58511986647
210407.44011993805
210440.93011996924
210465.0451199917
211182.57512065995
211227.12012070144
211265.70012073737
211295.41512076504
211327.6801207951
211354.72012082028
211402.39512086468
211437.25512089714
211859.92012129078
211918.94012134575
212011.58012143202
212065.3351214821
212138.8851215506
212182.24512159097
212231.69012163702
212735.01012210577
212769.625122138
212808.5901221743
212838.1351222018
212871.06512223248
212896.48012225615
212977.2751223314
213005.22512235743
213042.86512239248
213144.1401224868
213597.66012290918
213647.09512295522
213678.49512298446
213711.27012301498
213753.2651230541
213798.1501230959
213843.95012313855
213871.95512316463
213916.42512320605
213943.02012323082
214007.15512329055
214412.15012366773
214493.64012374362
214521.6301237697
214558.0551238036
214587.37012383091
214649.2001238885
214686.240123923
214790.0901240197
214902.47012412437
215222.73012442264
215368.085124558
215415.9701246026
215445.37512463
215470.7301246536
215506.86512468726
215647.61012481834
216094.40512523445
216128.73512526642
216166.7251253018
216205.08512533753
216235.53012536588
216266.92512539512
216291.47012541798
216323.41012544773
216356.10512547818
216406.7101255253
216440.66012555693
216620.32512572425
217066.0901261394
217149.26012621686
217184.48512624967
217254.23012631462
217286.35512634454
217419.40012646845
217464.57012651052
217848.9401268685
217919.99012693466
217956.1101269683
217996.14012700558
218058.4351270636
218133.3901271334
218197.64012719324
218773.73012772977
218829.31012778153
218852.30512780295
218888.15512783633
218941.1551278857
218996.33012793708
219043.42512798094
219141.9601280727
219578.69512847945
219606.5601285054
219672.35512856668
219723.02512861387
219762.97512865107
219808.47012869344
219844.65012872714
220421.48512926436
220459.49512929976
220485.26512932376
220555.94512938958
220614.24512944388
220656.71012948343
220738.63012955972
220773.41512959212
221179.83012997062
221308.89013009082
221353.03513013193
221377.03013015428
221457.21513022896
221488.13013025775
221541.6701303076
222071.96013080148
222123.4051308494
222166.0251308891
222250.57013096783
222281.71513099683
222306.99513102038
222330.9551310427
222358.5601310684
222391.39513109898
222986.44513165316
223011.34513167635
223072.44513173326
223172.51513182645
223250.04513189866
223294.67013194022
223850.02013245743
223911.68513251486
223975.11513257393
224010.92513260728
224303.02513287932
224337.95513291185
224671.77513322275
224737.78513328423
224770.46513331466
224810.550133352
224838.44013337797
224860.87513339886
224888.54513342463
224931.16013346432
224952.86513348453
224986.24513351562
225478.46513397404
225534.75013402646
225599.50513408676
225643.6751341279
225674.7051341568
225723.83513420256
225800.6601342741
226277.96013471863
226317.29013475525
226376.46013481036
226424.73513485532
226459.01513488725
226519.58513494366
226590.44513500965
226652.09013506706
227108.1351354918
227146.3601355274
227183.8551355623
227286.58013565798
227334.09513570223
227364.79013573081
228023.14013634395
228059.29513637762
228102.36513641773
228174.82513648522
228199.04513650778
228223.29013653036
228258.4651365631
228330.12513662985
228456.16513674724
228858.9851371224
228887.7551371492
228937.43013719545
228990.54513724492
229023.75513727585
229044.47013729514
229067.22513731633
229102.04013734875
229195.46513743576
229676.2201378835
229765.3451379665
229795.49013799458
229826.50513802347
229856.64013805153
229941.3351381304
230140.90013831627
230469.32013862213
230517.80013866728
230559.64513870626
230614.145138757
230654.1701387943
230680.63013881893
230715.6151388515
230778.89013891044
230803.03513893293
230874.1901389992
230922.70513904438
231237.7651393378
231342.74013943557
231369.59513946058
231415.41513950325
231494.56013957696
231553.90513963223
231603.41513967834
231636.60513970925
231667.44013973797
231794.85513985663
232275.59514030436
232333.8401403586
232399.8751404201
232494.9951405087
232614.99514062045
232657.44014065998
232725.56014072342
233063.47014103812
233154.32514112274
233245.2151412074
233278.1901412381
233318.06014127523
233353.11514130788
233446.9801413953
233718.02514164773
233876.98014179576
233980.72514189238
234023.31514193205
234054.56514196115
234092.5101419965
234147.72514204792
234234.0251421283
234275.1501421666
234354.77514224075
234767.23514262488
234850.20014270215
234912.82014276047
234954.64514279942
234980.03514282306
235014.5551428552
235056.67514289444
235089.7101429252
235132.71014296525
235650.8251434478
235684.21514347888
235712.45014350518
235824.93014360993
235938.11014371534
236029.70014380064
236076.09014384384
236260.3101440154
236470.17514421087
236506.58514424477
236562.30014429666
236619.83014435024
236636.1201443654
236667.74514439487
236700.27514442516
236734.0301444566
236776.8601444965
236848.99514456367
236896.83014460822
236933.45014464232
237375.5901450541
237410.99014508707
237475.9751451476
237501.38514517125
237584.28014524846
237615.65014527767
237643.75514530385
237666.31014532485
237697.02014535345
238239.845145859
238282.0301458983
238329.2851459423
238365.01514597557
238399.5151460077
238460.44014606444
238486.52514608874
238526.83514612628
238562.91014615988
239101.3001466613
239149.65514670633
239179.49514673412
239219.39014677127
239251.77014680143
239284.8101468322
239373.20014691452
239907.375147412
239972.68014747283
240017.24514751433
240148.36014763644
240189.30014767457
240639.61514809396
240710.05514815956
240746.19014819321
240770.90014821623
240799.24014824262
240844.16014828446
240953.8401483866
240976.56014840776
241098.39514852123
241641.69514902722
241693.06514907506
241719.61014909978
241756.05014913372
241835.53514920775
241858.69514922932
241934.00514929945
241993.650149355
242484.1301498118
242515.65514984116
242546.1851498696
242581.98514990293
242668.75514998374
242733.96515004447
243333.9051506032
243386.68015065236
243406.3851506707
243443.32515070512
243518.0351507747
243547.0251508017
243577.1001508297
243635.89015088446
244160.48515137302
244249.07015145553
244271.72015147662
244294.64515149797
244321.02015152253
244354.63015155384
244386.65515158366
244416.15515161114
244483.5551516739
244539.40515172592
244998.49515215348
245038.5801521908
245066.21515221655
245115.75015226268
245171.0551523142
245213.6951523539
245247.42515238532
245270.56015240686
245866.57015296194
245926.3251530176
245970.02015305829
246039.6001531231
246119.41515319742
246665.80015370628
246715.2201537523
246802.17015383329
246824.47015385405
246849.61015387747
246882.76015390834
246938.30515396007
246960.32515398058
247014.07515403064
247127.92515413667
247595.9901545726
247621.73015459656
247648.04015462106
247693.56515466346
247724.5301546923
247780.5651547445
247834.62015479483
247916.0951548707
248265.40015519602
248345.7001552708
248395.5151553172
248416.1301553364
248455.44515537302
248483.54015539918
248607.32515551447
248644.3101555489
248796.1151556903
249155.33015602484
249305.32015616453
249364.1201562193
249394.39515624748
249421.53515627276
249513.72515635862
249569.77515641082
249605.5101564441
249979.62015679252
250060.26015686762
250152.60015695362
250174.485156974
250202.9501570005
250229.00015702477
250261.28515705484
250291.71515708318
250364.73015715118
250908.98515765805
250956.24515770207
251027.75515776867
251066.40015780466
251088.8951578256
251117.00015785178
251199.31515792845
251670.22515836701
251766.78515845694
251885.10515856714
251940.0251586183
252049.60015872034
252092.56515876035
252266.07015892194
252596.87015923002
252637.30515926768
252698.14515932434
252749.76515937241
252798.36515941768
252833.2901594502
252916.32015952753
252950.82515955967
252993.78515959968
253402.51515998034
253461.38016003516
253506.03516007675
253535.10516010382
253571.54516013776
253644.37516020559
253706.7851602637
253793.79016034474
254342.13516085543
254382.09016089264
254415.30516092357
254439.44516094605
254464.69016096956
254534.15016103425
254573.76516107115
254751.11516123632
255140.47016159893
255218.97016167204
255270.00516171957
255325.40516177117
255402.99016184342
255483.58016191848
255634.93516205944
255926.3101623308
256002.46016240172
256089.22016248252
256126.26516251703
256174.63516256207
256202.60516258812
256235.46516261873
256270.74016265158
256367.44016274164
256918.4301632548
257041.41016336932
257085.66016341053
257153.41016347363
257601.06016389054
257693.94016397704
257784.82016406168
257809.67016408482
257851.07516412338
257873.0101641438
257918.58016418625
257984.51016424765
258009.41016427084
258094.16516434978
258565.06016478833
258591.84516481328
258616.29016483604
258644.7051648625
258701.12016491505
258744.6701649556
258777.0851649858
258892.87516509363
259283.59516545752
259349.48516551888
259393.9701655603
259459.140165621
259489.89016564965
259547.6051657034
259593.00016574567
259625.93516577635
259662.7051658106
259687.26016583346
259738.26016588096
260003.50016612798
260191.3301663029
260230.6151663395
260317.77516642067
260381.24016647978
260457.0801665504
260485.4101665768
260531.67016661988
260571.61016665708
260680.96016675892
261097.09016714647
261136.0001671827
261175.46516721946
261281.3901673181
261324.24516735802
261384.17016741383
261414.1951674418
261572.63516758935
261697.33016770548
261838.81016783725
261882.00516787748
262072.87016805523
262100.83516808128
262145.13516812254
262180.5251681555
262207.84016818093
262341.77516830567
262371.8701683337
262777.7551687117
262856.1301687847
262885.430168812
262919.63516884384
262947.57516886987
262982.36016890226
263016.5301689341
263586.3701694648
263677.0151695492
263722.7301695918
263747.4501696148
263771.9251696376
263843.36516970414
264436.30517025635
264461.70017028
264502.0501703176
264527.3001703411
264568.6551703796
264604.5801704131
264686.2451704891
264717.62017051835
264807.1351706017
265289.38517105085
265323.94517108303
265374.6101711302
265423.2401711755
265589.16017133003
265616.1601713552
265686.26517142047
266103.71517180925
266154.09017185617
266206.8251719053
266265.9151719603
266354.9951720433
266377.4451720642
266404.56517208944
266449.55017213133
266479.50517215923
266539.02017221466
266867.16017252026
267043.66517268465
267090.79017272854
267131.17017276614
267163.0251727958
267190.97517282184
267225.88017285435
267269.47017289494
267339.7301729604
267878.84017346246
267939.25517351873
267961.9001735398
268010.66517358524
268039.8201736124
268065.6201736364
268091.41517366044
268130.7651736971
268190.820173753
268285.3851738411
268384.25517393317
268556.2001740933
268614.7051741478
268659.97017418995
268701.43017422856
268772.1501742944
268827.27517434576
268873.56017438887
268901.2901744147
268932.5701744438
269045.0601745486
269114.9851746137
269447.77517492365
269572.31517503964
269604.5801750697
269624.93517508864
269650.82017511275
269691.3851751505
269738.3051751942
269761.86017521616
269787.3651752399
269862.55517530994
270422.9901758319
270475.1101758804
270498.3551759021
270531.08017593255
270559.7851759593
270586.7251759844
270636.62017603085
270672.3351760641
270797.59517618077
270825.6451762069
270851.3251762308
271095.4051764581
271236.5751765896
271291.91517664114
271314.81017666246
271354.6651766996
271387.40517673007
271437.84517677705
271525.81017685897
271577.87017690745
272090.9701773853
272165.86517745507
272235.30517751974
272264.64017754706
272289.5701775703
272368.55517764384
272397.14017767046
272455.4851777248
272560.8401778229
272867.3651781084
273042.1801782712
273072.030178299
273101.8751783268
273126.74017834995
273151.9401783734
273236.9351784526
273287.1201784993
273330.11517853936
273769.14517894824
273849.45517902303
273884.6251790558
273928.06017909624
273963.27517912904
273991.4951791553
274526.1801796533
274741.66517985397
274774.1051798842
274818.7651799258
274852.35017995705
274923.6001800234
275003.0601800974
275517.29518057633
275561.44518061745
275707.7301807537
275780.9851808219
275827.1551808649
276304.46518130944
276389.9851813891
276445.97518144123
276488.2351814806
276558.09518154565
277170.7351821162
277241.76518218237
277276.0451822143
277301.2651822378
277333.14018226747
277366.7701822988
277422.0851823503
277608.76518252416
278000.03018288856
278075.2401829586
278170.23018304707
278199.6801830745
278332.5251831982
278831.9351836633
278875.7151837041
278974.0451837957
279034.515183852
279104.91518391756
279737.68018450687
279773.6001845403
279808.1301845725
279847.74018460937
279877.5451846371
279902.3201846602
279926.31518468255
280003.61518475454
280034.2651847831
280631.42518533923
280688.9101853928
280719.4451854212
280757.06018545624
280789.26518548623
280808.05018550373
280840.05018553353
280880.00018557074
280922.44518561027
281331.8751859916
281448.24018609995
281478.9151861285
281516.2851861633
281591.69018623355
281621.22518626106
281694.5001863293
281747.06518637826
281792.60018642066
282256.25018685247
282290.49518688436
282400.7801869871
282419.7251870047
282451.23018703406
282486.75018706714
282524.88018710265
282997.1451875425
283121.66018765845
283151.265187686
283212.8951877434
283256.94518778444
283343.58518786513
283385.17518790386
283413.3501879301
283444.44018795906
283960.1901884394
283998.405188475
284028.500188503
284069.9401885416
284134.93518860213
284158.8151886244
284215.7401886774
284274.73518873233
284634.5351890674
284873.8701892903
284962.9851893733
284985.7301893945
285062.45018946595
285084.4901894865
285110.4801895107
285139.96518953814
285606.51518997265
285719.47019007785
285760.7651901163
285806.595190159
285827.1001901781
285878.6301902261
285963.1301903048
286578.655190878
286628.83519092476
286660.6751909544
286687.3901909793
286752.9001910403
286787.7801910728
286810.4701910939
286850.78519113146
287382.25019162643
287414.4401916564
287438.6001916789
287492.55019172915
287553.565191786
287581.3201918118
287625.69519185316
287650.0001918758
288127.6951923207
288161.310192352
288212.7451923999
288236.3801924219
288353.91519253136
288401.2901925755
288469.9351926394
288525.80519269145
288655.8801928126
288984.7501931189
289054.51019318384
289083.700193211
289110.65519323613
289144.1001932673
289205.81519332476
289272.0801933865
289350.5001934595
290035.8451940978
290066.83519412664
290095.51519415335
290170.7451942234
290648.7701946686
290684.46019470185
290747.25519476034
290779.29019479017
290814.535194823
290848.915194855
290881.15519488504
291020.9201950152
291402.79519537085
291569.355195526
291619.9451955731
291730.27019567584
291811.0601957511
291914.63019584754
291935.0901958666
291982.760195911
292367.66019626945
292493.5551963867
292551.1301964403
292581.4651964686
292633.52519651706
292662.1351965437
292706.2801965848
292745.51019662136
292794.23019666673
293240.0351970819
293292.46519713075
293324.955197161
293362.515197196
293415.3351972452
293465.0451972915
293499.0101973231
293560.8201973807
293960.23519775266
294138.89019791904
294173.1201979509
294215.2151979901
294245.4601980183
294289.2701980591
294403.16019816516
294434.6701981945
294472.3401982296
294994.9251987163
295039.00019875733
295109.55519882304
295143.06519885425
295218.9351989249
295255.81019895925
295312.1251990117
295748.87019941845
295780.76019944815
295834.8301994985
295930.7001995878
295949.8451996056
295987.0501996403
296019.8501996708
296052.82519970153
296079.8301997267
296102.87019974814
296133.5451997767
296310.4801999415
296663.23020027
296696.2002003007
296762.5252003625
296786.31020038464
296818.33020041446
296857.2102004507
296887.25020047865
296927.94520051655
297042.82020062354
297469.19520102063
297529.6452010769
297606.3652011484
297680.3602012173
297793.80020132294
298339.70020183135
298482.4452019643
298522.3902020015
298545.98520202347
298596.31520207034
298645.7802021164
298710.13520217635
299157.490202593
299224.4302026553
299344.07020276674
299420.7952028382
299475.7502028894
299560.4752029683
299594.59020300006
299986.50520336506
300032.5252034079
300194.05520355835
300266.1652036255
300392.7602037434
300922.6502042369
300950.4202042628
301001.7502043106
301048.0452043537
301106.6002044082
301181.47020447796
301253.42020454496
301699.9302049608
301767.3652050236
301838.2252050896
301865.33020511485
301918.48020516435
301968.41020521085
302044.9202052821
302139.68520537036
302163.5752053926
302554.5152057567
302599.955205799
302627.15020582435
302729.03020591923
302753.3402059419
302789.7602059758
302837.23520602
302889.99020606914
303428.0202065702
303463.18020660296
303492.0802066299
303515.78020665195
303545.83020667994
303575.80520670785
303658.16520678456
303781.76520689967
303810.07020692603
304292.7702073756
304358.6102074369
304379.6452074565
304428.525207502
304455.18520752684
304500.0552075686
304560.3752076248
304599.06520766084
305085.46520811383
305152.1002081759
305181.5302082033
305224.31020824314
305271.6002082872
305335.88020834705
305403.6702084102
305509.17520850844
305633.9202086246
306046.8452090092
306079.11520903924
306139.2252090952
306168.14520912216
306197.4952091495
306236.715209186
306329.030209272
307003.8052099004
307033.6052099282
307056.86020994984
307082.9252099741
307132.4352100202
307231.87021011283
307656.66521050845
307731.5302105782
307788.3702106311
307818.79521065945
307887.21021072316
307931.2552107642
308008.72521083633
308537.2902113286
308568.5102113577
308590.5502113782
308642.3352114264
308690.24521147105
308715.91521149495
308764.32021154003
308838.8052116094
308890.8752116579
309332.5152120692
309427.9652121581
309507.6452122323
309658.6252123729
309765.1102124721
310218.3352128942
310252.8102129263
310288.9052129599
310312.0602129815
310364.83521303063
310408.0452130709
310488.89521314617
310585.0052132357
310613.6702132624
311088.1852137043
311222.11021382903
311276.5402138797
311336.4352139355
311371.25521396793
311439.80021403177
311925.7002144843
311962.2902145184
311989.00021454325
312018.44021457067
312139.3902146833
312188.435214729
312242.09521477896
312263.7452147991
312761.86521526304
312877.20021537045
312920.5502154108
312952.80521544087
312986.8002154725
313013.2752154972
313142.96021561796
313540.9552159886
313662.12521610147
313684.180216122
313723.31521615846
313753.3202161864
313783.45021621446
313852.88521627913
313912.6502163348
314465.7202168499
314575.02021695167
314610.84021698503
314644.8652170167
314665.62021703605
314726.795217093
315283.43521761143
315369.7452176918
315399.95521771995
315452.69021776906
315481.1802177956
315539.12521784956
315579.9602178876
315600.9352179071
315643.9352179472
316252.4702185139
316286.1802185453
316356.6152186109
316427.1552186766
316478.18521872413
316890.0302191077
317131.2952193324
317158.00521935726
317288.9402194792
317313.37521950196
317342.25521952886
317396.7402195796
317870.0302200204
317935.15022008104
317969.3602201129
318051.7452201896
318085.1902202208
318141.75522027345
318180.74522030976
318302.305220423
318705.35022079834
318755.52022084506
318793.39022088033
318832.6602209169
318859.590220942
318882.18522096303
318926.8202210046
318951.0652210272
318989.80022106325
319452.9402214946
319490.70522152976
319542.7152215782
319666.2102216932
319787.0902218058
319857.26022187114
319890.79022190237
320030.26022203226
320344.85522232525
320454.6352224275
320492.5202224628
320515.34522248403
320553.1952225193
320577.32022254175
320624.26522258547
320647.9102226075
320709.4652226648
320817.17522276513
321185.9552231086
321252.7902231708
321280.63522319676
321324.00522323715
321372.9052232827
321430.6852233365
321483.7002233859
321597.28022349166
321670.4152235598
322074.7352239363
322190.94022404455
322225.96022407716
322271.95022412
322309.2302241547
322608.9052244338
323026.9152248231
323064.0752248577
323088.3302248803
323114.0002249042
323143.67522493185
323171.2202249575
323229.0902250114
323280.6452250594
323685.16522543615
323804.32522554713
323843.94522558403
323936.22522567
323992.2052257221
324100.3402258228
324628.5002263147
324713.18022639357
324743.6102264219
324804.20022647834
324841.57022651314
324876.25022654544
325036.12522669433
325544.9452271682
325619.885227238
325636.5102272535
325677.36022729153
325707.3702273195
325765.98022737406
325804.2702274097
325828.24022743205
325868.6502274697
326228.55522780487
326266.02022783976
326314.1502278846
326364.4402279314
326417.4352279808
326451.31522801233
326477.44022803666
326507.1202280643
326524.6452280806
326558.335228112
326581.78022813384
326610.56022816064
327140.12022865383
327192.7152287028
327308.895228811
327339.32022883935
327367.1902288653
327442.1602289351
327468.86022896
327493.1502289826
327928.0852293877
327973.47022942995
328085.79022953456
328106.7752295541
328153.63522959774
328216.46022965625
328240.0302296782
328282.6652297179
328399.41522982664
328835.3302302326
328896.1852302893
328934.9452303254
328971.5802303595
329020.68523040524
329046.6102304294
329069.86023045104
329110.1952304886
329179.82023055345
329644.3752309861
329794.34023112577
329833.17023116193
329864.75523119135
329904.7502312286
329938.19023125974
329969.3102312887
330042.1152313565
330081.9002313936
330659.7052319317
330690.67023196054
330746.3352320124
330795.5152320582
330852.8952321116
330878.90023213584
331445.43523266347
331481.3152326969
331525.73523273825
331560.865232771
331629.00523283443
331691.10523289227
331852.3352330424
332230.63523339474
332256.3302334187
332322.03523347987
332358.21023351356
332404.18023355637
332447.01523359626
332483.23023363
332509.58523365454
332538.8452336818
332693.2552338256
333149.87523425085
333172.2802342717
333197.96523429564
333217.700234314
333256.2452343499
333288.1352343796
333322.2402344114
333473.6852345524
334040.5902350804
334091.1702351275
334135.9152351692
334171.8852352027
334203.96523523255
334230.6752352574
334370.0152353872
334403.7652354186
334852.18523583625
334921.4802359008
335005.20523597876
335035.6102360071
335066.84523603617
335128.0902360932
335640.4702365704
335761.350236683
335791.59523671115
335860.8252367756
335934.19523684395
336032.56023693556
336494.3152373656
336576.0502374417
336606.80523747037
336644.14523750514
336713.4802375697
336749.29023760307
336842.4252376898
336873.3202377186
337300.1502381161
337350.0802381626
337380.11523819057
337440.99523824727
337517.8152383188
337553.7952383523
337584.2552383807
337617.2602384114
337689.2952384785
338086.7752388487
338129.47523888847
338150.2552389078
338184.42523893964
338245.9352389969
338266.34023901593
338303.3702390504
338442.7152391802
338477.35023921245
338506.2002392393
338623.6402393487
339048.67023974453
339134.14523982414
339163.35023985134
339189.0952398753
339234.6902399178
339275.89523995615
339976.92024060903
340002.07524063246
340052.8152406797
340124.70024074666
340170.42524078925
340511.8202411072
340708.04524128995
340742.40524132195
340817.3052413917
340858.7652414303
340895.3752414644
340919.47524148686
340941.125241507
340963.17024152755
340993.4102415557
341051.85524161014
341177.28024172696
341348.4552418864
341571.365242094
341599.9302421206
341627.47524214623
341652.31524216937
341714.5452422273
341753.7402422638
341782.44024229056
341845.48024234927
341918.8452424176
342055.37524254475
342312.245242784
342418.3502428828
342460.0202429216
342519.03524297656
342553.93024300906
342595.88024304813
342655.49524310365
342685.46024313156
342715.2602431593
342758.12524319923
343292.9052436973
343362.45024376205
343397.5052437947
343430.93524382584
343485.5452438767
343521.8252439105
343567.72524395323
343595.9352439795
343632.8402440139
344152.1002444975
344176.4952445202
344198.7202445409
344259.4152445974
344293.2352446289
344354.49524468597
344395.9602447246
344467.4102447911
344941.5152452327
345027.3252453126
345061.8102453447
345099.9302453802
345131.5702454097
345167.370245443
345206.8552454798
345230.84524550213
345807.2202460389
345838.16524606774
345863.165246091
345906.6452461315
345950.28024617216
346013.96024623147
346054.7202462694
346118.4852463288
346245.85524644743
346706.6902468766
346726.0852468947
346770.1052469357
346815.4352469779
346839.56524700037
346869.5352470283
346926.30024708115
346985.47524713626
347420.4652475414
347559.06024767045
347650.98024775606
347695.65524779767
347720.55524782086
347750.755247849
347783.3302478793
347851.21024794254
348340.6752483984
348403.96524845733
348457.290248507
348481.93524852995
348533.4002485779
348559.45024860214
348592.1402486326
348614.85524865374
348684.54024871864
348733.17524876393
348777.8152488055
349257.5752492523
349284.3152492772
349309.845249301
349354.6502493427
349423.9052494072
349592.30524956406
349640.7452496092
349957.05024990375
