56.370000000010386
175.76999999991264
512.0949999996068
1147.9200000018461
1505.2650000096462
1577.0100000112122
1666.1800000131586
1691.7550000137169
1988.5000000201942
2063.3250000218272
2109.990000022846
2283.2300000266273
2334.65500002775
2384.8000000288444
2508.6900000315486
2546.405000032372
2600.705000033557
2749.545000036806
2852.760000039059
2884.970000039762
2936.460000040886
2980.9650000418574
3268.9050000481425
3372.9050000504126
3531.7850000538806
3614.2800000556813
3676.7900000570457
3771.9200000591222
3889.2100000616824
4282.345000070263
4320.750000071102
4400.350000072839
4656.49500007843
4730.535000080046
4804.520000081661
4942.260000084668
5004.500000086026
5038.800000086775
5338.745000093322
5487.2850000965645
5631.7300000997175
5732.915000101926
5797.350000103333
5860.785000104717
5900.115000105576
5970.095000107103
6121.450000110407
6240.790000113012
6270.49000011366
6309.44000011451
6366.320000115752
6456.0000001177095
6511.690000118925
6715.670000123378
6849.08500012629
6904.99000012751
6993.055000129432
7076.830000131261
7170.780000133312
7229.0450001345835
7333.710000136868
7384.465000137976
7515.1500001408285
7567.505000141971
7632.425000143388
7820.650000147497
7884.095000148882
7948.485000150287
7972.925000150821
8000.165000151415
8218.090000151426
8296.450000138882
8425.09500011829
8453.39500011376
8516.330000103686
8546.050000098929
8780.760000061358
8826.925000053969
8992.230000027508
9027.39000002188
9142.630000003433
9186.389999996429
9222.499999990649
9399.639999962294
9511.284999944422
9625.519999926137
9675.749999918096
9914.974999879803
10094.709999851033
10117.78499984734
10143.38999984324
10299.994999818173
10519.334999783063
10664.084999759893
11298.804999658292
11474.544999630161
11569.554999614953
11618.684999607089
11660.769999600352
11822.789999574417
12013.989999543812
12412.214999480067
12474.599999470081
12603.889999449386
12672.82999943835
13022.774999382334
13282.80999934071
13475.819999309815
13775.259999261883
13803.044999257436
14058.834999216491
14123.349999206164
14227.219999189538
14550.05999913786
14577.36499913349
14743.97499910682
15122.549999046221
15169.34499903873
15332.08499901268
15500.804998985674
15850.41999892971
15940.704998915258
15960.839998912035
15990.689998907257
16071.6349988943
16137.304998883788
16275.42499886168
16479.639998863782
16609.244998890186
16690.54499890675
16805.55999893018
16983.114998966354
17092.95499898873
17179.674999006398
17198.63499901026
17229.984999016648
17359.549999043043
17448.264999061117
17634.739999099107
17883.529999149792
18328.91999924053
18367.5499992484
18543.749999284297
18629.80999930183
18895.819999356023
19037.544999384896
19093.394999396274
19158.619999409562
19293.259999436992
19411.14499946101
19588.674999497176
19665.279999512783
19985.854999578092
20028.53999958679
20066.00499959442
20189.409999619562
20232.284999628297
20270.63999963611
20381.139999658622
20561.12499969529
20702.949999724184
20912.074999766788
21101.219999805322
21160.35499981737
21286.584999843086
21334.139999852774
21585.799999904044
21939.624999976128
21988.999999986187
22022.269999992965
22062.815000001225
22086.45500000604
22179.105000024916
22241.71000003767
22403.375000070606
22442.07500007849
22572.505000105062
22738.040000138786
22774.53000014622
22874.750000166638
22914.580000174752
22959.500000183903
23036.975000199687
23185.72000022999
23399.18500027348
23460.515000285974
23827.185000360674
23911.7300003779
23989.500000393742
24052.47500040657
24186.650000433907
24262.79000044942
24387.835000474894
24499.7800004977
24536.660000505213
24578.590000513756
24637.31000052572
24723.635000543305
24767.170000552174
24984.290000596407
25065.00000061285
25160.27000063226
25362.375000673434
25459.525000693226
25497.14000070089
25683.310000738817
25742.485000750872
26086.2150008209
26317.635000868046
26406.185000886086
26534.205000912167
26561.285000917684
26664.020000938614
26714.300000948857
26962.570000999436
27024.850001012124
27180.220001043777
27238.285001055607
27344.990001077345
27446.590001098044
27486.96000110627
27715.570001152842
27767.405001163403
27913.07500119308
28062.160001223452
28205.04500125256
28339.760001280007
28431.800001298758
28675.27000134836
28731.28500135977
28947.860001403893
29027.980001420216
29131.62000144133
29322.775001480273
29383.070001492557
29431.470001502417
29462.66000150877
29836.525001584938
29925.390001603042
30085.130001635585
30338.19500168714
30372.030001694035
30467.215001713426
30580.87000173658
30648.07000175027
30753.635001771778
30909.755001803584
31212.59000186528
31395.455001902534
31475.59500191886
31661.615001956758
31869.685001999147
31966.6400020189
32145.935002055427
32187.42500206388
32365.66000210019
32622.95500215261
33054.21000203222
33123.90500199571
33201.89500195485
33303.31000190172
33608.52500174183
33775.290001654466
33860.38000160989
34326.45000136573
34381.63500133682
34428.67500131218
34468.86000129113
34519.95500126436
34575.59500123521
34605.37500121961
34768.00000113442
34993.62500101622
35077.720000972164
35107.06000095679
35267.99000087249
35297.67000085694
35368.705000819726
35397.835000804465
35850.38500056739
35925.97000052779
35985.88000049641
36194.98500038686
36390.815000284274
36654.73000014602
36755.70000009312
36953.72499998938
37134.55999989465
37237.26999984084
37263.70999982699
37418.58499974586
37512.49999969666
37653.70999962268
37936.61499947448
38012.324999434815
38185.18499934426
38244.919999312966
38288.9449992899
38339.28999926353
38377.26999924363
38583.519999135584
38648.05999910177
38844.689998998765
39121.954998853515
39227.554998798194
39481.354998665236
39560.419998623816
39715.31999854267
39772.88499851251
39810.11499849301
39917.86499843656
39982.90499840249
40041.06999837202
40113.17999833424
40742.74999800443
40923.56499790971
41040.314997848545
41119.974997806814
41179.19499777579
41281.119997722395
41360.75499768068
41662.15999752278
41790.28499745566
41924.89499738514
42070.48499730887
42154.45999726488
42361.70999715631
42399.23999713665
42463.00499710324
42558.17999705338
42633.66499701384
42676.259996991525
42928.58499685934
43015.3249968139
43084.31499677776
43270.84999668004
43323.58999665241
43395.91999661452
43482.49999656916
43563.05999652696
43840.65999638153
43871.96499636513
44001.04499629751
44117.059996236734
44285.2949961486
44444.599996065146
44562.109996003586
44596.759995985434
44665.99999594916
44823.7849958665
44893.0849958302
44922.199995814946
44972.08999578881
45071.5599957367
45206.224995666154
45318.24999560747
45486.044995519565
45560.14499548075
45631.179995443534
45679.81999541805
45810.17999534976
45970.27999526589
46087.054995204715
46128.73499518288
46477.53999500015
46766.04999484901
46793.57499483459
46824.049994818626
46975.81999473912
47282.179994578626
47325.47999455594
47425.099994503755
47510.214994459166
47579.15499442305
47645.80999438813
47952.29999422757
48314.824994037655
48358.729994014655
48484.259993948894
48622.019993876725
48830.814993767344
48966.10999369647
49151.34499359943
49253.94499354568
49284.72999352955
49345.55499349769
49429.28999345382
49676.92999332409
49768.95999327588
49886.384993214364
49982.529993164
50090.67999310734
50234.1199930322
50288.8949930035
50362.01999296519
50480.87999290293
50656.68499281083
50892.17499268746
50976.01499264354
51093.114992582196
51151.61499255155
51178.30499253757
51268.64999249024
51426.174992407716
51456.09999239204
51498.12499237002
51762.08999223174
51823.21499219972
52101.514992053926
52128.82999203962
52204.464991999994
52332.949991932684
52383.839991906025
52432.19999188069
52511.694991839046
52548.41499181981
52650.58999176628
52677.81999175202
52699.90499174045
52736.34499172136
52784.759991695995
52844.374991664765
53012.6699915766
53055.32999155425
53214.11999147107
53264.58499144463
53354.45999139755
53383.51999138232
53648.544991243485
53749.849991190415
53807.79499116006
53855.45499113509
53916.66999110302
53990.08499106456
54044.72499103594
54074.034991020584
54492.249990801494
54517.70999078816
54786.49499064735
54837.43999062066
54948.2749905626
55029.55499052002
55065.959990500945
55274.45999039172
55345.304990354605
55376.4349903383
55649.30499019535
55826.71999010241
55903.53999006216
56175.31498991979
56313.659989847314
56545.68998972576
56615.544989689166
56646.07998967317
56825.79498957902
56933.57998952256
56974.27498950124
57007.84998948365
57285.22998933834
57398.93498927877
57543.009989203296
57852.83498904099
57904.30998901402
57933.41998899877
57988.03498897016
58112.93498890473
58423.27498874215
58461.124988722324
58504.61998869954
58825.63498853137
58953.06998846461
59084.04998839599
59230.93998831904
59293.36998828634
59530.014988162366
59656.92498809588
59840.79498799956
59868.399987985096
59923.394987956286
59964.95998793451
60160.764987831935
60322.789987747055
60395.12998770916
60863.079987464014
60958.05998741426
61074.219987353405
61162.35998730723
61214.96998727967
61276.83998724726
61503.97498712827
61629.5249870625
61911.82998691461
61987.14998687515
62017.89998685904
62398.77998665951
62587.94498656041
62699.84998650179
62746.9799864771
62792.704986453144
62912.199986390544
63036.81998632526
63164.37498625844
63222.33998622807
63301.99498618634
63398.07498613601
63482.93498609155
63591.25498603481
63656.05498600086
63717.859985968484
63781.539985935124
63808.65998592092
64019.01498581072
64078.23998577969
64106.07998576511
64288.37498566961
64396.079985613185
65058.02498526641
65249.58498516606
65526.42998502103
65775.45998523902
65840.32498529943
66348.15498577239
66409.48998582951
66449.81498586707
66476.98498589237
66679.67498608114
66734.04498613178
67164.54498653271
67485.24998683139
67537.24498687981
67623.18498695985
67860.13998718053
67905.734987223
68285.9549875771
68386.36498767062
68622.51498789055
68804.06498805963
69275.26998849848
69348.16498856636
69586.3649887882
69648.9599888465
69915.73998909496
69982.89998915751
70664.25998979207
70776.69498989679
70993.6049900988
71311.30999039469
71343.7449904249
71384.08999046247
71982.36499101965
72111.97999114037
72205.60499122756
72236.94499125675
72288.59499130485
72322.27499133622
72573.55999157025
73003.79499197094
73237.37499218847
73389.88499233051
73629.30499255349
73667.63999258919
73901.32499280683
73933.34499283665
73964.82999286597
74016.08999291371
74040.57499293651
74215.13499309908
74300.13499317825
74372.48999324563
74668.46999352128
74971.12499380315
75087.07999391115
75187.86499400501
75246.56999405968
75282.21499409288
75333.889994141
75385.43999418902
75491.88499428815
75787.27999456326
75887.42999465653
75928.00499469432
76124.20499487704
76203.80499495118
76247.49499499187
76401.75999513554
76533.44999525818
76722.7649954345
76901.9799956014
76936.96999563399
77077.15999576455
77245.72499592154
77390.72999605659
77423.9149960875
77696.35999634123
77748.49999638979
77799.16999643698
77865.6599964989
77948.7649965763
77972.11499659804
78041.4249966626
78083.90499670216
78592.42499717575
78625.02499720611
78643.56999722339
78671.12499724905
78707.46499728289
78770.29999734141
78973.01999753021
79028.57499758195
79442.09499796707
79731.87499823695
79777.90499827982
79885.5799983801
79943.82999843435
80368.89999883022
80448.73999890458
80546.4749989956
80620.94499906496
80669.47999911016
80801.76499923336
80857.29499928508
80919.12999934267
81039.09499945439
81176.5449995824
81229.52499963174
81350.68499974458
81468.20499985403
81586.45499996416
81677.22000004869
81740.22000010737
81820.98000018258
81863.93000022258
81896.02500025247
82445.93000076461
82472.60000078945
83077.67500135297
83128.10500139993
83209.80000147602
83290.33000155102
83560.49500180263
83697.34500193008
83954.77500216983
83977.2850021908
84014.08000222506
84065.31000227277
84138.17500234063
84202.46500240051
84232.40000242839
84309.39000250009
84400.01500258449
84444.09500262555
84631.45500280004
84922.41500307102
85098.65500323515
85309.44500343147
85929.11000400857
86052.3000041233
86086.92000415555
86381.10500442953
86511.1000045506
86598.36500463187
86846.04500486254
86887.04500490072
87094.7950050942
87197.90500519023
87249.89000523865
87483.74500545644
87653.3500056144
87697.89500565588
87748.47500570299
87819.31500576896
87893.89000583842
88020.18500595604
88101.5300060318
88156.55000608304
88285.5700062032
88305.60000622185
88507.63000641
88570.05000646814
88624.52000651887
88647.00500653981
88734.62500662141
88833.80500671378
88872.87500675017
89013.08000688074
89062.740006927
89217.08000707073
89391.66000723332
89605.18500743218
89665.6500074885
89874.58500768308
90069.1650078643
90128.92000791995
90160.71000794956
90206.26000799198
90692.08500844444
90735.54000848491
90964.53500869818
91001.40000873251
91180.21500889905
91283.7800089955
91316.18500902568
91447.9500091484
91516.22000921197
91855.05000952753
91933.73000960081
91977.5300096416
92016.70000967808
92397.37001003261
92432.2500100651
92529.5300101557
92998.42501059239
93142.0050107261
93200.18501078029
93284.66001085896
93365.81001093454
93421.29501098621
93563.53501111869
93602.17501115467
93699.71001124551
94077.88501159771
94277.30501178344
94322.23001182528
94347.88001184916
94488.92001198052
94524.00001201319
94554.8300120419
94623.49001210585
94785.32501225657
94980.39501243824
95382.12501281238
95530.81501295086
95557.80001297599
95586.73001300293
95621.43001303525
95748.91001315397
95809.16501321009
95868.125013265
96011.2450133983
96061.89501344546
96245.83001361677
96316.91501368297
96533.6350138848
97021.59501433925
97210.24501451495
97286.50001458597
97396.68001468858
97876.08501513506
98057.76001530426
98113.62501535629
98337.06001556438
98416.69001563854
98528.19001574238
98879.79001606983
98946.16501613165
99112.79001628683
99182.54001635179
99237.66501640313
99294.92001645645
99362.74501651962
99450.57001660141
99518.54001666472
99895.11001701542
100402.78501748823
100555.25001763023
100627.46001769748
101173.67001820618
101282.84001830785
101313.97501833685
101385.56001840351
101503.2350185131
101575.26501858019
101599.56501860282
101633.63501863455
101830.84001881821
102000.30001897604
102215.27501917625
102340.12501929252
102375.18001932517
102537.82501947664
102596.91001953167
102693.83001962194
102906.63001982012
102937.4300198488
103118.62502001756
103147.16002004413
103192.26002008613
103234.26502012525
103313.52002019907
103472.365020347
103497.3850203703
103613.75002047868
103850.26502069895
103913.7700207581
104193.54502101865
104231.52502105403
104401.43002121226
104453.32502126059
104486.02002129104
104720.13002150907
104803.87502158707
104857.3800216369
104905.4850216817
104935.10002170928
105150.31502190972
105229.33502198331
105559.11502229044
105597.31502232602
105995.74002269708
106040.4350227387
106079.44002277503
106232.92002291797
106617.59502327623
106673.03002332785
106742.78002339281
106858.95502350101
106891.51502353133
107242.85502385854
107344.9150239536
107395.30502400053
107459.82002406061
107501.46002409939
107666.22502425284
107898.19002446887
108210.42002475966
108237.5150247849
108288.16002483206
108411.74502494716
108451.85002498451
108689.60502520594
108843.28502534906
108951.98002545029
108986.98002548289
109143.68502562883
109205.45502568636
109288.0650257633
109371.73002584121
109500.00502596068
109725.42502617062
109767.36502620968
109839.84502627718
109997.53502642404
110122.43502654036
110203.50502661587
110274.29002668179
110387.99502678768
110561.29002694908
110628.95002701209
110686.84502706601
110793.40002716525
110895.9950272608
110990.56502734887
111264.48002760398
111366.4100276989
111429.12002775731
111471.740027797
111687.9950279984
111907.66502820299
111986.86502827675
112069.15002835338
112348.71002861374
112389.94002865214
112579.76002882892
112608.00002885523
112635.66002888099
112936.6400291613
113422.57502961386
113501.58502968744
114208.2850303456
114253.810030388
114303.53003043431
114403.19003052713
114440.630030562
114505.10503062204
114644.92503075226
114763.77003086294
114852.11503094522
114927.09503101505
114963.15003104863
115003.8200310865
115169.79503124108
115231.30503129837
115339.98503139958
115367.41003142513
115396.49503145221
115459.9350315113
115561.38503160578
115668.09503170516
115775.67003180535
115908.28003192885
116015.12003202835
116055.74503206619
116127.10503213265
116284.63503227936
116398.13503238506
116477.1000324586
116565.42503254086
116660.04503262899
116921.81503287278
116955.57003290422
117209.65003314085
117264.03003319149
117288.4200332142
117380.70003330015
117420.7050333374
117467.8400333813
117509.99503342056
117591.67503349663
117757.37003365095
117912.45503379538
117982.0500338602
118103.84503397363
118294.69503415137
118541.54503438127
118625.61503445957
119068.44503487198
119242.81503503438
119377.10503515945
119625.44003539073
119716.92003547592
119873.03003562131
119945.29503568861
120043.13003577973
120245.25503596797
120283.41503600351
120402.66503611457
120496.40503620188
120544.47503624664
120799.61003648426
120858.75503653934
120967.38503664051
121141.16503680235
121266.3050369189
121488.07503712544
121510.16003714601
121578.10503720929
121823.74503743806
121912.54003752075
121964.42003756907
122046.28503764531
122573.38503813621
122658.57503821555
122827.29003837268
122967.7500385035
123133.4300386578
123174.47003869602
123227.77503874566
123485.39503898559
123576.23503907019
123609.1050391008
123643.74503913306
123745.52503922785
123764.27503924532
123864.79503933893
123909.1100393802
123962.75503943017
124049.03503951052
124220.41503967013
124278.86003972456
124340.62503978208
124381.15003981983
124617.2450400397
124780.57004019181
124890.41004029411
124935.78504033637
125045.85504043888
125107.32504049613
125173.58004055783
125197.5950405802
125254.17004063289
125326.4500407002
125448.59504081396
125561.84004091943
125605.9450409605
125849.98504118779
126216.33004152897
126265.44504157471
126403.5150417033
126441.77504173893
126494.00504178758
126788.41004206176
126816.590042088
127126.42004237656
127328.40004256467
127438.64004266734
127544.50004276593
127708.26004291844
127759.67004296632
127881.29504307959
127934.59504312923
128176.61504335463
128229.86004340422
128363.49504352867
128393.53504355665
128570.63004372158
128900.51504402881
128971.77504409518
129037.98004415684
129492.0300445797
129779.64504484757
129993.0300450463
130061.9650451105
130215.1900452532
130299.39004533162
130506.44004552445
130547.57004556275
130600.15004561172
131491.68504644203
131525.86504647386
131628.49504656944
131663.18504660175
131710.85504664615
132078.2450469883
132202.08004710363
132278.9350471752
132433.27504731895
132501.34004738234
132679.14004754793
132809.92004766973
132864.13004772022
132923.35504777537
133349.7650481725
133472.74504828703
133583.89004839055
133660.01504846144
134057.82004883193
134223.06504898582
134303.44504906068
134360.96504911425
134393.8850491449
134438.72504918667
134482.08004922705
134610.5650493467
134752.41504947882
134962.29004967428
134992.50504970242
135023.11504973093
135075.3750497796
135460.4200501382
135869.15505051886
135985.54005062726
136118.76505075133
136177.83505080634
136258.9500508819
136313.67505093286
136389.13505100313
136490.6600510977
136526.45005113102
136633.46005123068
136897.4000514765
136923.88005150115
137060.5100516284
137294.0500518459
137766.68005228607
138296.54005277954
138355.4550528344
138455.945052928
138501.08005297004
138555.22005302046
138636.58505309623
138719.5350531735
138750.60505320242
139100.89005352865
139743.74505412736
139928.21505429916
140013.66005437874
140109.25505446777
140597.24505492224
140662.14505498268
141054.21505534783
141078.7700553707
141110.09005539987
141136.7450554247
141157.9100554444
141178.7400554638
141427.02505569503
141530.14505579107
141571.64505582972
141607.9050558635
141646.05005589902
142016.30505624384
142331.37005653727
142378.94005658157
142414.16505661438
142440.0750566385
142654.03505683778
142701.71505688218
142822.04005699424
142899.27505706617
143120.73505727242
143230.42005737458
143346.6350574828
143485.17005761183
143511.26005763613
143741.05005785014
143797.88005790306
144628.1250586763
144722.53505876422
144840.43005887402
145011.12005903298
145039.24005905917
145109.76505912485
145192.30005920172
145542.89505952824
145689.70505966496
145750.0800597212
146034.7300599863
146282.11006021668
146308.16006024095
146571.80506048648
146673.98006058164
146783.9900606841
146854.45506074972
146961.68006084958
147109.15506098693
147196.4150610682
147305.97506117023
147356.0750612169
147891.60506171564
148056.5850618693
148195.41006199858
148238.35506203858
148295.74006209202
148339.68006213295
148573.94506235112
148661.66506243282
148805.28506256657
148915.29006266902
148951.9800627032
149131.80506287067
149169.15006290545
149196.50006293092
149307.0700630339
149345.56506306975
149439.94006315764
149545.07506325556
149576.01006328437
149739.10006343626
149761.22006345686
149923.4000636079
150062.26506373723
150128.50506379892
150363.66506401793
150396.56506404857
150596.69506423495
150855.70006447617
150969.95006458258
151051.73006465874
151133.9250647353
151224.7800648199
151273.5150648653
151337.33006492472
151455.45506503474
151604.2350651733
151660.76506522595
151796.3150653522
151873.5300654241
152616.3550661159
152649.5300661468
152683.1250661781
152816.52506630233
152942.29006641946
153090.05506655708
153160.24506662245
153206.31506666535
153467.30506690842
153563.89006699837
153609.43006704078
153723.3850671469
153874.4450672876
154044.34506744583
154260.48006764712
154425.4950678008
154685.79006804322
154858.6350682042
154924.3600682654
154957.38506829616
155362.93506867386
155656.69506894745
155731.76506901736
155953.3100692237
155992.87506926054
156099.50006935984
156234.0000694851
156402.12506964168
156445.5200696821
156599.14506982517
156631.10506985494
156718.00006993586
156967.06007016782
157108.1250702992
157273.1600704529
157306.90507048432
157415.18507058517
157449.44507061708
157542.3350707036
157722.3150708712
157826.40507096815
157921.96507105714
158115.80007123767
158189.63007130643
158269.5000713808
158476.67007157375
158509.4650716043
158533.0800716263
158601.18507168972
158630.52007171704
158691.62507177395
158720.70007180102
158750.34007182863
158854.8000719259
158890.06507195876
158956.1450720203
159087.60007214273
159208.99507225578
159618.67507263733
159642.94507265993
159738.50507274893
160015.9250730073
160081.29507306818
160205.5450731839
160249.96007322526
160664.00007361086
160767.7550737075
161373.50507427164
161496.59507438628
161534.960074422
161640.9450745207
161776.4350746469
161879.90507474326
161984.37507484056
162061.54507491243
162122.15007496887
162156.83007500117
162205.03007504606
162234.62007507362
162288.86007512413
162410.50507523742
162440.9850752658
162636.87507544825
162668.02507547726
162755.42507555865
162805.02007560484
162835.94007563364
162948.4350757384
163114.12507589272
163376.60007613717
163513.18507626437
163532.94507628278
163791.77507652383
163839.89507656865
164073.74007678643
164184.49007688957
164327.08507702238
164407.79507709754
164729.31007739698
164944.49507759738
165181.75507781835
165302.01507793035
165327.56507795415
165433.58007805288
165529.3850781421
165754.56507835182
165892.80007848056
166053.28507863003
166228.10507879284
166386.11507894
166541.55507908476
166580.51507912105
166637.55507917417
166737.07507926686
166943.85507945943
167188.98007968772
167409.33007989294
167488.33007996652
167537.32008001214
167708.05508017115
167852.99008030613
168024.4350804658
168078.7650805164
168205.6900806346
168293.96508071682
168478.75008088892
168677.94508107443
168856.11008124036
168906.9350812877
168983.88508135936
169164.37508152745
169370.1650817191
169538.25008187565
169830.1500821475
169894.30508220725
170014.96008231962
170167.96508246212
170277.7900825644
170484.7000827571
170602.21508286655
170657.0250829176
170685.74508294434
170747.26008300163
170866.88508311304
170922.95508316526
171038.71508327307
171268.15508348675
171366.69508357852
171408.59008361754
171530.48508373107
171588.65508378524
171625.31008381938
171776.30008396
171819.3650840001
171852.80008403125
171910.32508408482
172719.54508483846
172918.03508502332
173003.66508510307
173108.02008520026
173220.97508530546
173261.26008534298
173354.24008542957
173424.12508549466
173583.07008564268
173641.47008569707
173733.97008578322
173905.6350859431
173934.37008596986
174049.12008607673
174123.33508614585
174205.35508622223
174277.50008628942
174323.15008633194
174379.63008638454
174445.620086446
174538.48508653248
174561.97508655436
174591.37508658174
174809.98008678533
174956.70508692198
175004.11508696614
175043.4750870028
175120.72508707474
175356.3800872942
175647.4750875653
175728.0000876403
175947.33008784457
175982.74508787756
176016.46008790896
176388.30508825526
176541.28508839774
176648.55508849764
176695.90508854174
177003.56508882827
177079.525088899
177117.04008893395
177223.91008903348
177596.53508938052
177662.05508944154
177945.65508970566
178355.06009008695
178401.80509013048
178452.75009017793
178504.01509022567
178600.21009031526
178780.17009048286
179204.39509087795
179354.1150910174
179786.66509142023
180182.8500917892
180279.45009187917
180447.840092036
180632.58509220806
180891.9400924496
181122.43009266426
181213.04509274865
181330.53509285807
181401.6400929243
181434.55009295495
181490.81509300735
181560.4550930722
181637.05509314354
181674.8000931787
181872.51509336283
181941.59509342717
182030.38009350986
182110.5300935845
182174.03009364364
182426.45509387873
182489.29009393725
182525.14009397064
182565.17509400792
182638.0650940758
182756.04509418568
182816.01009424153
182870.27009429206
182923.0400943412
183637.54509500664
183728.96009509178
183881.58509523392
184217.67009554693
184303.645095627
184606.90509590943
184717.62509601255
184822.9000961106
184941.9900962215
185013.2850962879
185079.4250963495
185117.78509638523
185143.5150964092
185197.67509645963
185231.93009649153
185331.6450965844
185687.9050969162
185745.29009696963
186244.18009743426
186674.93009783543
186937.9700980804
187007.90509814554
187094.58009822626
187230.2250983526
187398.9300985097
187436.14509854437
187618.76509871444
187794.52509887813
187826.62509890803
187911.55009898712
187976.2800990474
188310.82009935897
188417.01009945787
188782.7750997985
188833.9750998462
188953.3800999574
189071.2701000672
189186.25010017428
189296.27510027675
189542.49010050605
189743.30010069307
189799.3851007453
189929.7201008667
190003.5001009354
190045.98510097497
190129.48010105273
190164.8751010857
190311.58010122232
190371.0401012777
190415.9251013195
190737.1901016187
190987.5851018519
191254.92510210088
191381.25010221853
191694.36510251014
191783.89010259352
191998.77010279364
192351.47010312212
192586.52510334103
192883.2751036174
192952.08010368148
193025.40010374977
193297.86510400352
193681.47010436078
193755.10010442935
193851.4701045191
194074.5851047269
194157.32010480395
194399.77510502975
194431.11010505894
194596.4301052129
194837.10010543704
194872.8251054703
194959.9951055515
195175.63010575232
195480.68010603642
195551.57010610244
195607.16010615422
195660.98010620434
195693.29010623443
195772.6151063083
196187.57010669477
196372.4001068669
196573.5201070542
196649.08010712458
196689.44010716217
196843.73010730586
197098.345107543
197130.10010757257
197164.44010760455
197255.28510768915
197302.20510773285
197408.9901078323
197475.04510789382
197659.51510806562
197881.26510827214
197946.16010833258
198357.07010871527
198398.36510875373
198605.76510894689
198672.75510900927
198894.11010921543
198960.19010927697
199201.1551095014
199611.69510988373
199674.51510994224
199798.815110058
199854.9651101103
200184.34011041705
200320.3351105437
200992.55511116976
201117.84511128644
201463.91011160874
201517.35511165851
201634.22511176736
201704.90011183318
201737.17011186323
201970.05011208012
202096.98511219834
202293.3201123812
202334.71011241974
202541.85511261265
202609.81011267594
202867.06011291553
202934.94511297875
203121.9301131529
203197.4101132232
203228.26011325192
203314.38511333213
203561.59511356236
203746.92011373496
203826.55011380912
203931.25011390663
204291.50011424214
204442.33511438261
204567.7351144994
204623.82011455164
204732.07511465246
205019.00011491968
205157.88511504902
205370.80011524732
205448.6151153198
205477.45511534665
205785.6701156337
205950.11511578684
206082.71511591034
206343.29011615302
206365.57511617377
206479.03011627943
206504.05511630274
206604.9451163967
206646.84511643572
206715.29011649947
206931.61011670093
206971.00511673762
207053.10511681408
207125.66511688166
207172.6301169254
207239.81511698797
207403.67011714057
207625.45011734712
207669.2351173879
207717.42511743278
207798.21011750802
208048.96511774155
208119.71511780744
208428.5701180951
208845.5051184834
209000.9951186282
209059.7351186829
209187.85011880222
209498.28011909133
209599.80011918588
209744.97511932108
209779.95511935366
209997.47511955624
210327.1701198633
210408.62011993915
210484.0351200094
210531.32012005342
210633.17012014828
210800.9151203045
211279.25012075
211735.01512117445
212010.56512143108
212066.36012148304
212097.3351215119
212322.0701217212
212800.35512216663
213098.05512244388
213151.51012249367
213207.0651225454
213531.18012284726
213782.6001230814
213863.95512315718
213891.37512318272
213955.08012324205
214130.82012340572
214375.21512363333
214487.13012373756
214603.85512384627
214953.33012417174
215280.3401244763
215411.94512459886
215530.47512470925
215603.47512477724
215683.34512485162
215882.6201250372
216079.76512522082
217232.55012629443
217640.79012667463
217682.9601267139
217740.33512676734
217772.70012679748
217851.61512687098
218045.37012705143
218115.2351271165
218146.62012714572
218172.73512717005
218419.49012739985
218512.18012748618
219048.30012798548
219113.63512804633
219234.54012815893
219369.56012828468
219409.89512832224
219486.79012839386
219801.83512868726
220012.8751288838
220050.7551289191
220185.6251290447
220224.9251290813
220386.03012923134
220481.8701293206
220521.14012935717
220607.87012943794
220854.3451296675
220925.72512973397
221071.19012986944
221128.2651299226
221348.74513012794
221414.34513018903
221441.6951302145
221580.3001303436
221721.5101304751
221873.4351306166
221905.49513064645
221962.29013069934
221991.69013072673
222108.96513083595
222140.46513086528
222187.6301309092
222232.33513095084
222259.75513097638
222368.17513107735
222398.99013110605
222520.9051312196
222608.02513130073
222636.1101313269
222824.0401315019
222860.19513153558
222937.1851316073
223147.4351318031
223267.96513191535
223314.830131959
223664.38013228454
223691.87513231015
223733.600132349
223931.8101325336
223983.85013258207
224048.47513264226
224167.1601327528
224264.17513284314
224387.6251329581
224447.07013301348
224513.74013307557
224755.0551333003
224869.63513340702
224989.58513351873
225144.66513366316
225209.5451337236
225237.28513374942
225300.06013380788
225654.3151341378
225739.05013421673
225949.4701344127
226148.25013459782
226267.22013470862
226313.38513475162
226406.85513483867
226558.65013498004
226704.93013511627
226735.06513514434
226772.6151351793
226841.000135243
227000.72013539175
227253.88513562753
227607.2251359566
227666.26513601159
227720.6251360622
227975.6151362997
228324.93013662501
228601.1951368823
228670.57013694692
228748.69013701967
228830.38013709575
229119.88513736537
229233.7201374714
229353.82513758325
229470.8051376922
229606.965137819
229670.92513787857
229768.6651379696
230187.56013835972
230360.6251385209
230476.700138629
230596.81013874087
230662.29013880185
230706.53513884306
230856.60013898282
230916.48013903858
231178.5951392827
231422.04013950942
231478.2801395618
231673.3901397435
231726.49513979297
231846.27013990452
232156.09014019306
232203.61514023732
232474.1901404893
232605.23514061136
232668.5201406703
232745.3051407418
233120.81514109153
233210.59014117514
233617.8051415544
233699.07514163008
233752.53514167987
233817.17014174006
233874.41514179338
233960.75014187378
234047.0051419541
234188.4101420858
234467.2501423455
234611.75514248008
234717.58014257863
234763.3851426213
234944.4151427899
234993.8101428359
235037.7301428768
235106.4651429408
235402.31514321634
235454.0251432645
235515.50014332175
235635.68014343368
235764.1301435533
235926.10514370416
236053.76014382305
236187.8101439479
236386.87014413328
236551.22514428635
236614.3051443451
236652.2251443804
236715.92014443973
236799.44014451752
237113.20514480973
237188.06014487945
238033.5901456669
238257.92014587583
238520.07014611998
238708.4301462954
238732.19514631754
238775.4251463578
238816.08514639566
239285.60014683293
239629.8051471535
239690.51514721004
239763.0601472776
239819.31514733
239986.84014748601
240127.77514761727
240206.43514769053
240279.4251477585
240421.21014789055
240464.645147931
240498.1551479622
240579.51014803798
240641.86514809605
240813.0751482555
241025.54514845338
241095.19514851825
241144.0901485638
241236.53514864988
241528.44014892174
241576.9351489669
241716.00514909643
241822.65014919575
241999.39514936035
242044.115149402
242086.5301494415
242268.78514961124
242441.97014977253
242701.7851500145
242926.3001502236
243073.6101503608
243177.82015045785
243573.61515082646
243787.60515102575
243887.65015111893
244117.56015133305
244264.02015146945
244444.71015163773
244705.95515188103
244973.7251521304
245166.20515230967
245298.89515243325
245408.76015253557
245632.1351527436
245809.76015290903
245831.4101529292
245857.52515295352
246186.78515326016
246307.7151533728
246342.47515340516
246592.52515363804
246684.53015372372
246728.83015376498
246889.34515391447
246983.0001540017
247090.2551541016
247119.29515412863
247197.13015420112
247307.8001543042
247516.8751544989
247616.830154592
247889.38515484583
248132.96015507268
248286.45515521563
248794.92015568918
248831.73515572347
249180.70515604847
249420.6201562719
249499.49515634537
249809.47015663405
249986.22015679866
250157.7351569584
250526.64015730197
250633.7251574017
250726.98015748855
250796.9501575537
250912.56015766138
251327.41015804774
251842.78015852772
252055.01015872537
252181.59515884327
252244.85515890218
252302.2101589556
252382.8601590307
252486.16515912692
252555.37515919138
252612.8401592449
252749.99015937262
252790.29015941016
252938.32015954802
252983.8251595904
253103.24515970162
253369.5051599496
253446.9301600217
253542.11016011034
253639.75516020128
253748.06016030215
253862.785160409
253996.82516053383
254042.41016057628
254076.01516060758
254106.79516063625
254152.62016067893
254288.3201608053
254315.07516083022
254669.03016115987
254944.85016141675
254973.23516144318
255100.66016156186
255132.01016159105
255225.61516167823
255290.58016173873
255436.39516187453
255561.29516199086
255632.18016205687
255687.12016210804
255741.1951621584
255787.21016220126
255820.4351622322
255871.78516228002
256188.0851625746
256237.66016262077
256286.41016266617
256495.01016286045
256553.67516291508
256829.29016317177
257067.55516339367
257338.9251636464
257421.68516372348
257616.29016390472
257674.4601639589
257730.46016401105
257794.74516407092
257834.74016410817
258005.32016426703
258398.30016463302
258557.49516478128
258638.73516485695
258881.20016508276
258953.65516515024
259058.12016524753
259138.04016532196
259556.69516571186
259782.37516592204
259803.75016594195
259828.67016596516
259958.23016608582
260113.33516623027
260335.06516643678
260611.250166694
260650.5551667306
260693.11016677023
260801.17016687087
260846.8251669134
260900.56516696344
261529.49516754918
261645.78516765748
261772.24516777525
261825.4551678248
261874.47516787046
261953.06516794366
261981.64516797027
262099.93516808044
262213.0851681858
262262.1401682315
262374.7451683364
262439.58016839676
262705.025168644
262737.52516867424
262800.69016873307
262873.99516880134
262994.990168914
263282.6351691819
263633.1801695084
263724.75016959367
264095.49016993894
264315.0001701434
264384.8201702084
264460.56017027894
264493.4801703096
264515.5901703302
264627.44017043436
264673.58017047733
264857.1801706483
264908.5051706961
265075.48017085163
265277.26517103956
265319.5351710789
265390.6101711451
265476.0851712247
265539.26517128356
265588.8301713297
265616.4051713554
265673.965171409
265737.1051714678
265781.2351715089
265822.0151715469
265980.5051716945
266181.46517188166
266275.18017196894
266325.0951720154
266354.705172043
266390.0451720759
266426.1201721095
266559.96517223417
266614.6601722851
266715.7101723792
266932.2751725809
266982.48517262767
267103.4451727403
267221.89017285063
267600.9851732037
267626.6751732276
267903.32517348527
267931.97517351195
268063.1551736341
268111.4201736791
268201.0851737626
268321.3951738746
268425.1751739713
268561.0051740978
268727.39017425274
268903.6851744169
268968.3251744771
269064.2951745665
269144.0551746408
269413.95517489215
269689.0101751483
269746.05017520144
270020.5551754571
270048.8901754835
270098.57017552975
270173.5751755996
270196.4501756209
270298.80517571623
270738.9151761261
270799.60017618263
271030.6251763978
271237.7401765907
271413.4201767543
271628.5801769547
271756.53017707384
272148.9601774393
272501.05017776723
272540.4151778039
272669.20017792383
272784.87517803157
272835.10017807834
272995.8751782281
273119.23017834296
273187.94517840695
273747.25017892785
273830.23517900513
273963.3401791291
273988.74517915276
274037.38517919806
274174.780179326
274212.2301793609
274333.2551794736
274576.7851797004
274730.68017984374
274818.4801799255
275000.465180095
275035.0551801272
275087.37518017594
275320.3101803929
275369.0951804383
275548.87018060574
275648.55018069857
275716.69518076204
275767.58518080943
275961.3451809899
276073.5601810944
276441.1301814367
276473.8551814672
276808.665181779
277022.9501819786
277319.15018225444
277456.9651823828
277680.15518259065
277741.66018264793
277910.9301828056
278046.28518293164
278101.16518298275
278263.94518313435
278496.96018335136
278533.99518338585
278600.5901834479
278778.68018361373
278810.8701836437
278863.1351836924
279077.3751838919
279149.2851839589
279181.9401839893
279307.8651841066
279530.7051843141
279585.7551843654
279608.0201843861
279668.8951844428
279889.8451846486
280133.3051848753
280202.9501849402
280290.4551850217
280334.1751850624
280430.52518515213
280470.0151851889
280629.3451853373
280671.6401853767
280853.5551855461
281138.1151858111
281251.33018591657
281351.5501860099
281484.85018613405
281516.10518616316
281632.8601862719
281741.420186373
281771.505186401
281964.93018658116
281988.4951866031
282027.29018663923
282075.0551866837
282149.7551867533
282240.54518683784
282549.05018712516
282690.585187257
282828.54018738546
282884.26518743736
282955.7201875039
283019.11518756294
283060.6051876016
283508.825188019
283556.43518806336
283921.3601884032
284034.43518850853
284119.5601885878
284305.2901887608
284440.98018888716
284511.1451889525
284606.02018904086
284893.1001893082
284942.72018935444
285210.84518960415
285295.6251896831
285729.2101900869
285796.0901901492
285829.0251901799
285982.2851903226
286150.220190479
286378.930190692
286827.76019111
286895.78019117337
287039.51519130723
287091.3601913555
287160.11519141955
287226.70519148157
287507.59019174316
287562.1001917939
287716.4601919377
287958.78019216337
288031.7201922313
288080.7151922769
288145.18019233696
288335.31019251404
288460.43019263056
288746.6451928971
288810.2801929564
289159.87019328197
289409.4351935144
289514.52519361227
289773.50519385346
290090.6451941488
290139.8251941946
290192.0951942433
290303.9751943475
290369.8201944088
290566.3901945919
290604.88019462774
290678.68019469647
290760.78519477294
290825.7301948334
290890.6501948939
290981.8501949788
291155.975195141
291284.5201952607
291447.87019541283
291731.7101956772
291946.0551958768
291982.0051959103
292108.12019602774
292215.41019612766
292270.03019617853
292380.1401962811
292428.8001963264
292544.49519643415
292616.8251965015
292951.23519681295
293010.18519686785
293105.8151969569
293362.9401971964
293428.8051972577
293520.85019734345
293566.3201973858
293639.19519745366
293666.03519747866
293764.80519757065
293907.50019770354
294225.835198
294300.3401980694
294461.57019821956
294521.2351982751
294595.210198344
294739.35019847826
294820.18519855355
294854.9201985859
294955.2201986793
295004.8351987255
295048.2101987659
295109.0851988226
295221.8101989276
295327.0351990256
295473.35019916185
295508.955199195
295695.8851993691
295792.1851994588
295859.1751995212
295962.52019961743
296095.3301997411
296302.82019993436
296380.835200007
296439.73520006187
296591.3902002031
296671.5652002778
296785.05020038347
296841.16520043573
296883.4352004751
296921.16520051024
296953.37020054023
297009.5202005925
297260.3352008261
297289.8452008536
297381.9602009394
297523.55020107125
297549.44020109536
297577.7452011217
297640.6102011803
297740.00020127284
297759.8202012913
297907.72020142904
297980.9102014972
298077.39020158706
298363.2852018533
298557.57020203426
298599.2952020731
298739.11520220333
298798.9702022591
298899.0802023523
298980.4552024281
299133.4602025706
299421.1152028385
299873.71020326
300130.38520349906
300212.84520357585
300303.80020366056
300505.1502038481
300553.34520389297
300625.57520396024
300648.89520398196
300687.4952040179
300726.1402040539
301032.23520433897
301115.2452044163
301150.9252044495
301388.6352046709
301435.3802047144
301620.31020488666
301976.9502052188
302006.73020524654
302088.3802053226
302412.83520562475
302507.8202057132
303032.69520620204
303178.2302063376
303268.870206422
303330.54020647943
303600.0452067304
303673.3802067987
303745.58020686597
303784.75520690245
304004.54020710714
304049.98520714947
304154.99520724727
304256.685207342
304293.0352073758
304367.57520744525
304415.48020748986
304466.6452075375
304636.0952076953
305146.3002081705
305401.61020840827
305433.49520843796
305513.70020851266
305561.45020855713
305601.4452085944
305763.9152087457
305955.73520892434
306036.4302089995
306190.8252091433
306228.6152091785
306515.37520944554
306575.2402095013
306740.13020965486
306796.115209707
307081.80020997307
307226.7902101081
307334.7102102086
307389.17521025933
307461.7502103269
307741.8652105878
307762.23521060677
307836.82521067624
307882.9852107192
308042.24521086755
308173.3802109897
308477.85521127324
308615.32021140127
308731.15021150914
308755.0502115314
308894.7552116615
308987.0802117475
309045.600211802
309079.6652118337
309270.5302120115
309290.1052120297
309353.5652120888
309420.70021215134
309519.2352122431
309674.2552123875
309806.93521251105
309963.2402126566
310024.3402127135
310135.7552128173
310234.71521290945
310352.49021301913
310534.29021318845
310599.5102132492
310664.97521331016
310695.7552133388
310811.33021344646
310860.7952134925
310998.91521362116
311081.1102136977
311355.3302139531
311566.90521415015
311675.4102142512
311749.87521432055
311786.6452143548
311902.79521446297
311948.4752145055
312009.5752145624
312157.7302147004
312702.05021520733
312742.74521524523
312865.5452153596
312970.62521545746
313052.22021553345
313080.77021556004
313169.820215643
313283.5702157489
313387.20521584543
313425.4902158811
313492.8502159438
313634.780216076
313719.0802161545
313794.4452162247
313940.8852163611
313974.8202163927
314170.6902165751
314209.6502166114
314286.3352166828
314328.24021672184
314362.0352167533
314529.46521690924
314551.28521692957
314600.090216975
314667.7952170381
314965.8952173157
315093.6602174347
315165.0802175012
315212.48521754536
315488.09021780203
315682.34521798295
315829.23521811975
315858.64521814714
315897.120218183
316292.7302185514
316351.95021860657
316435.48521868436
316606.0202188432
316694.0502189252
317114.05521931633
317180.8102193785
317260.2852194525
317308.44021949737
317350.4502195365
317494.41021967056
317534.0702197075
317754.6302199129
317785.0852199413
317984.6402201271
318181.59522031056
318346.7852204644
318765.18022085406
318949.75022102596
318983.16022105707
319073.3802211411
319159.6852212215
319217.31522127514
319399.20022144454
319437.87522148056
319723.945221747
319756.3852217772
320054.3352220547
320206.44522219634
320288.26022227254
320325.95522230765
320391.6052223688
320519.5202224879
320572.1352225369
320646.8452226065
320775.52022272634
320821.8902227695
320876.3352228202
321053.01022298477
321171.9102230955
321452.3602233567
321650.00022354076
321686.62022357486
321723.95522360964
321973.8552238424
322022.5152238877
322122.8352239811
322192.76522404625
322309.47022415494
322463.8452242987
322637.9702244609
322715.68522453326
322796.65022460866
322845.82522465446
323023.7902248202
323446.0952252135
323500.0902252638
323536.9202252981
323694.3152254447
323756.2102255023
323909.8252256454
324187.80022590427
324506.0902262007
324758.5352264358
324791.6002264666
324984.39522664616
325005.3752266657
325135.80022678716
325311.0952269504
325444.0202270742
325581.9802272027
325684.310227298
325745.7352273552
325958.28022755316
325990.0102275827
326041.9452276311
326086.1802276723
326113.0652276973
326275.960227849
326412.4902279762
326596.3152281474
326622.0902281714
326790.72522832843
326912.5902284419
327423.08022891736
327454.85022894695
327523.8252290112
327712.7402291871
327827.99022929446
327950.08022940817
328054.33022950526
328142.28522958717
328278.09522971365
328372.67022980173
328542.9602299603
328729.50023013406
328940.39023033046
329104.44023048325
329241.0952306105
329290.53023065656
329391.98523075104
329748.1252310827
329783.17023111536
329825.3902311547
329861.4702311883
329890.9852312158
329937.21523125883
330041.05523135554
330099.39023140987
330259.02523155854
330298.56523159536
330326.37523162126
330364.4102316567
330428.7402317166
330537.13523181755
330758.23523202346
330782.16023204575
330865.6402321235
330978.5802322287
331054.05023229896
331095.4452323375
331126.6802323666
331371.53023259464
331833.5052330249
331889.430233077
331920.3752331058
332012.930233192
332043.90023322083
332107.71523328027
332158.4152333275
332218.3352333833
332469.3702336171
332575.19023371564
332905.38523402315
333100.17023420456
333121.01023422397
333732.8552347938
333814.0252348694
333887.22023493756
333917.6702349659
334146.95523517946
334205.06023523357
334306.94523532846
334354.83523537306
334441.5302354538
334601.2952356026
334625.6852356253
334724.120235717
334952.60023592977
335022.5402359949
335205.57023616537
335248.39023620525
335334.7902362857
335583.6752365175
335643.0702365728
335976.05023688293
336069.47023696994
336226.2052371159
336256.9352371445
336346.550237228
336521.0502373905
336726.39023758174
336916.0902377584
337154.9902379809
337580.305238377
337690.20523847936
338164.435238921
338190.45023894525
338306.8002390536
338365.4152391082
338398.41023913893
338434.1602391722
338565.3552392944
338635.76023936
338787.9452395017
338913.08023961826
339004.87523970375
339260.84523994214
339324.9002400018
339599.96024025796
339629.5352402855
339702.0852403531
339872.5052405118
340024.4652406533
340064.64524069073
340104.3402407277
340174.07524079265
340278.0702408895
340314.5952409235
340697.1702412798
340783.4702413602
340837.23524141026
340916.6052414842
340985.27024154813
341100.8602416558
341179.53024172905
341297.19024183863
341412.19024194573
341447.08524197823
341565.41024208843
342119.25024260423
342390.91024285724
342559.9702430147
342610.82024306204
342787.44524322654
342929.95524335926
342980.4602434063
343125.7502435416
343188.7402436003
343340.11524374125
343378.64024377713
343441.92024383607
343487.4052438784
343752.98024412576
343936.55524429673
343989.41524434596
344098.60524444765
344299.2052446345
344499.12024482066
344557.0302448746
344664.89024497505
344862.91024515947
344989.2252452771
345046.40024533035
345126.4502454049
345333.5502455978
345433.9652456913
345683.24524592346
345765.58024600014
345853.9852460825
345988.49024620774
346131.4652463409
346468.23524665454
346572.3252467515
346930.57524708513
347200.1752473362
347273.4102474044
347348.30524747417
347966.2602480497
348072.2302481484
348349.46024840657
348430.28024848184
348475.9852485244
348525.73024857073
348637.10024867445
348698.1452487313
348808.77024883433
348898.630248918
348996.56524900923
349089.2002490955
349149.57524915173
349397.31024938246
349508.56524948607
349850.4552498045
349891.0752498423
350189.1602501199
350240.4452501677
350476.0252503871
350568.9452504736
350645.9252505453
350710.58525060554
350842.76025072864
351415.7902512623
351437.6602512827
351668.9852514981
351855.74025167205
351882.560251697
351922.6952517344
351963.52525177243
352040.21525184385
352128.9502519265
352244.66525203426
352279.1852520664
352329.5502521133
352481.3902522547
352535.86025230546
352582.2652523487
352626.61525239
352946.3202526877
352973.74525271327
353083.98025281593
353138.0452528663
353176.380252902
353299.19025301636
353466.8452531725
353834.52525351493
354010.0652536784
354176.065253833
354412.74525405344
354458.8752540964
354773.1702543891
354881.7902544903
355110.6352547034
355270.5352548523
355378.69025495305
355405.0802549776
355748.5352552975
355813.46025535796
355981.8852555148
356217.40025573416
356604.15025609435
356738.59525621956
356798.3152562752
356836.41525631066
356897.48525636754
357021.95025648345
357127.0052565813
357158.01025661017
357223.4352566711
357509.5602569376
357551.6552569768
357600.79025702254
357631.5602570512
358215.6552575952
358270.69025764643
358313.9502576867
358358.1702577279
358538.51525789587
358644.0852579942
358774.4702581156
359175.1502584888
359319.00525862275
359459.98025875405
359541.6602588301
359673.67025895306
359709.52525898645
359750.3902590245
359824.00025909307
359950.2852592107
359971.53025923047
360077.9452593296
360147.37525939423
360212.47525945486
360252.4702594921
360289.43525952654
360345.73525957897
360407.68025963666
360584.72525980155
360790.12025999284
361079.42026026227
361329.4302604951
361352.54026051663
361541.1452606923
361585.46526073356
361760.8702608969
361804.0152609371
361924.0652610489
362083.22526119713
362115.310261227
362183.41026129044
362228.4652613324
362385.4352614786
362551.62026163336
362613.3052616908
362751.98026181996
362866.905261927
363105.68026214937
363170.10526220937
363452.17026247206
363481.12526249903
363674.340262679
363693.6152626969
363845.8252628387
363889.90026287973
364179.92026314983
364308.1902632693
364463.9702634144
364578.9902635215
364713.56526364683
364807.99026373477
364881.1552638029
364912.87026383245
365131.0202640356
365185.090264086
365307.91026420036
365707.23026457225
365775.3602646357
365835.74526469194
365864.5702647188
365910.2202647613
365937.805264787
366053.06526489434
366106.4952649441
366333.5002651555
366404.75026522187
366738.9502655331
366791.8752655824
366921.08026570274
366993.33026577
367236.68026599666
367279.7752660368
367492.98526623537
367528.63026626856
367599.2952663344
367635.68026636826
367656.29026638746
367792.4052665142
367882.9152665985
367934.2452666463
367966.06526667596
367996.6952667045
368098.7252667995
368228.4402669203
368321.47526700696
368763.3802674185
368898.7552675446
369018.01026765566
369160.68526778853
369229.94526785304
369291.4352679103
369471.22526807775
369495.19526810007
369594.995268193
369726.03026831505
369896.8902684742
370037.75026860536
370125.1152686867
370312.3352688611
370486.57526902336
370568.2252690994
370970.0902694737
371057.7602695553
371289.325269771
371341.7202698198
371404.37526987813
371467.75026993715
371637.0102700948
371804.0752702504
371904.7952703442
371998.73027043167
372025.32027045643
372116.40027054126
372308.9652707206
372334.90527074476
372420.17527082417
372573.8402709673
372630.39027101995
372836.9052712123
372955.72527132294
372995.99027136044
373200.1852715506
373232.66027158085
373320.9602716631
373655.93527197506
373696.10027201247
373852.375272158
374062.32027235354
374229.39527250914
374333.15027260577
374465.10527272866
374508.5502727691
374973.52527320216
375072.73027329455
375135.0752733526
375174.4602733893
375213.08027342526
375702.79527388135
375762.2102739367
375805.2702739768
375830.4902740003
375946.4652741083
375995.9552741544
376146.37027429446
376314.5502744511
376411.47027454135
376521.87027464417
376754.4602748608
376844.71027494484
376907.00527500286
376929.1652750235
377007.4702750964
377110.90527519275
377229.66027530335
377347.9102754135
377412.20527547336
377609.74527565733
377718.64027575875
377832.725275865
377876.80027590605
378001.69527602236
378142.89027615386
378193.22027620074
378294.83027629537
378366.345276362
378394.97027638863
378618.33027659665
378644.8202766213
378685.4802766592
378809.25527677446
378854.45527681656
378904.28027686296
378935.41027689195
378979.2852769328
379071.76527701895
379374.13527730055
379412.4352773362
379458.65027737926
379489.9102774084
379528.0552774439
379867.44027776
379909.30027779896
380226.7202780946
380278.1602781425
380491.48027834116
380557.2402784024
380616.00527845713
380854.09527867887
380916.0752787366
380976.3102787927
381096.0702789042
381135.555278941
381160.8002789645
381194.4252789958
381236.2602790348
381362.5602791524
381589.8352793641
381636.29527940735
381804.6352795641
382120.66527985845
382169.9202799043
382538.90028024797
382582.4052802885
382690.9652803896
382833.84528052266
382944.77028062596
382972.76528065203
383090.88028076204
383299.160280956
383389.5552810402
383414.51528106345
383455.65528110176
383524.34528116573
383584.6652812219
383709.2052813379
383748.15028137417
383811.0052814327
383887.62028150406
383930.8252815443
384022.7602816299
384235.2052818278
384513.6452820871
384568.66528213833
384831.62528238323
384868.7252824178
384954.3952824976
384986.25028252724
385062.27028259804
385097.28028263064
385132.61028266355
385506.79028301203
385635.5052831319
385746.4002832352
385792.405283278
385909.1852833868
385947.80528342276
386029.3352834987
386081.5402835473
386382.55528382765
386463.1302839027
386566.39528399886
386839.7802842535
387092.3352844887
387155.1652845472
387284.0052846672
387311.3952846927
387499.5052848679
387566.67028493044
387734.6402850869
387899.9302852408
387937.54028527584
388035.3202853669
388177.3702854992
388204.48028552445
388333.3052856444
388377.5002856856
388430.16028573463
388765.84528604726
389006.26528627117
389120.18028637726
389178.5352864316
389268.5152865154
389340.2152865822
389409.0302866463
389470.1652867032
389658.1702868783
389882.31528708705
389913.77528711635
389959.565287159
390134.580287322
390167.47528735263
390232.87028741353
390267.34528744564
390328.3152875024
390414.6002875828
390440.67028760706
390505.2352876672
390742.7602878884
391702.7802887825
391781.5952888559
392034.6502890916
392112.3102891639
392191.885289238
392452.1702894804
392530.59028955345
392565.3002895858
392623.8152896403
392696.6552897081
392746.73028975475
392802.37028980657
392911.98528990865
393133.7602901152
393249.77529022325
393296.61029026686
393384.5802903488
393521.150290476
393542.5302904959
393585.575290536
393708.7652906507
393858.7502907904
393895.1702908243
394208.84029111644
394307.40529120824
394344.79029124306
394386.7152912821
394576.650291459
394624.970291504
395118.62529196375
395428.71029225254
395530.135292347
395669.76029247703
395716.89529252093
395817.1652926143
395887.1452926795
396044.5402928261
396083.40029286226
396128.8802929046
396289.7952930545
396599.8902933433
396882.26029360626
396937.7352936579
397193.53029389615
397244.2702939434
397596.40029427136
397697.34529436537
397744.26029440906
397886.8152945418
397922.0102945746
397970.0152946193
398353.7352949767
398669.760295271
398850.93529543973
399005.66029558383
399178.1652957445
399213.45529577736
399278.82029583823
399310.0552958673
399393.3652959449
399755.91029628256
399807.76029633085
