81.07999999999875
160.92999999992614
196.74999999989356
329.62499999977274
440.7349999996717
568.2849999995557
755.0749999993858
984.0349999991776
1013.3599999991509
1130.0400000014558
1262.3200000043432
1449.0350000084188
1540.3800000104127
1575.4200000111775
1676.9950000133947
2094.3550000225046
2475.270000030819
2517.410000031739
2563.0100000327343
2609.3350000337455
2646.5800000345585
2766.180000037169
2927.3350000406867
2999.685000042266
3055.440000043483
3347.59500004986
3387.210000050725
3442.325000051928
3461.115000052338
3488.1550000529282
3590.035000055152
3737.8500000583786
3840.8750000606274
3873.1900000613327
3895.0800000618106
3991.1450000639074
4023.3050000646094
4318.810000071059
4554.860000076212
4592.270000077028
4844.685000082538
4870.155000083094
4974.940000085381
5096.160000088027
5246.915000091318
5382.000000094266
5527.045000097432
5656.210000100252
5813.485000103685
5861.750000104738
5921.985000106053
6040.395000108638
6081.645000109538
6221.00500011258
6327.030000114894
6455.965000117709
6489.90500011845
6603.865000120937
6649.610000121936
6749.70000012412
6909.230000127603
7018.120000129979
7179.170000133495
7283.235000135766
7322.710000136628
7451.215000139433
7554.535000141688
7833.390000147775
7971.000000150779
8092.055000153421
8120.140000154034
8250.80000014619
8275.810000142186
8389.745000123949
8412.22500012035
8540.205000099864
8698.860000074468
8961.29000003246
9063.24500001614
9098.245000010538
9123.440000006505
9169.879999999072
9203.549999993682
9233.979999988811
9341.529999971595
9369.624999967098
9474.87999995025
9504.394999945525
9644.479999923102
9782.569999900998
9898.169999882493
10028.114999861693
10299.76499981821
10443.629999795181
10482.769999788916
10573.569999774381
10600.294999770103
10751.529999745895
10865.654999727627
10969.679999710976
11013.559999703952
11126.854999685816
11290.374999659642
11419.689999638942
11576.404999613856
11683.169999596767
11709.664999592525
11820.76999957474
11906.914999560951
11963.549999551886
12086.394999532222
12217.464999511241
12382.46499948483
12468.66999947103
12497.489999466417
12519.594999462879
12646.764999442523
12753.719999425402
12793.52499941903
12923.764999398183
13045.519999378694
13188.064999355876
13613.694999287745
13722.55499927032
13761.559999264076
14020.954999222555
14464.989999151478
14555.774999136946
14578.149999133364
14961.799999071953
15113.62999904765
15261.834999023926
15388.674999003622
15637.659998963767
15764.289998943497
15803.574998937209
15987.129998907827
16062.95499889569
16158.72499888036
16198.664998873966
16474.464998862728
16509.13499886979
16599.78499888826
16626.04499889361
16772.884998923524
16893.304998948057
17049.474998979873
17153.459999001057
17302.97999903152
17444.769999060405
17484.279999068454
17559.594999083798
17720.1149991165
17753.039999123208
17865.84999914619
17928.799999159015
17983.339999170126
18115.69499919709
18265.294999227568
18403.56999925574
18672.70499931057
18803.829999337282
18830.904999342798
18920.604999361072
18949.344999366927
19054.859999388424
19097.54499939712
19367.35999945209
19509.039999480952
19624.344999504443
19741.79999952837
19767.90499953369
19931.79999956708
20074.14499959608
20186.174999618903
20325.789999647346
20454.149999673496
20494.689999681756
20747.709999733303
20818.08499974764
20893.459999762996
20991.424999782954
21147.97999981485
21264.109999838507
21287.6299998433
21444.969999875353
21652.8249999177
21682.939999923834
21742.694999936008
21847.624999957385
22085.81500000591
22363.675000062518
22386.920000067254
22511.210000092575
22631.29500011704
22666.48500012421
22799.635000151335
22899.98500017178
23049.870000202314
23076.55000020775
23179.310000228685
23199.5100002328
23336.56500026072
23469.945000287895
23596.17500031361
23743.315000343588
23857.660000366883
23882.005000371842
24036.08000040323
24262.815000449424
24303.88500045779
24422.46500048195
24590.650000516212
24692.665000536996
24732.415000545094
24984.625000596476
25094.45500061885
25114.945000623025
25345.855000670068
25381.075000677243
25410.3200006832
25530.005000707584
25659.095000733883
25801.610000762917
25952.435000793645
26048.610000813238
26205.35500084517
26340.86500087278
26386.255000882025
26450.755000895166
26493.450000903864
26594.35500092442
26639.84500093369
26732.645000952594
26755.31000095721
26802.250000966775
26929.880000992776
27027.395001012643
27145.455001036695
27178.925001043513
27303.080001068807
27429.795001094622
27460.85000110095
27579.465001125114
27743.38500115851
27844.99000117921
27873.305001184977
27904.860001191406
28020.995001215066
28130.145001237302
28251.940001262115
28293.180001270517
28416.8000012957
28680.650001349455
28812.23000137626
28964.410001407265
29085.740001431983
29226.195001460597
29657.045001548373
29737.62000156479
29808.765001579282
29925.305001603025
30039.775001626345
30521.72000172453
30722.67000176547
30833.910001788132
30857.970001793034
30990.910001820117
31014.455001824914
31120.245001846466
31245.815001872048
31277.200001878442
31399.400001903337
31550.99000193422
31701.53000196489
31731.100001970914
31803.420001985647
31940.365002013546
32257.53000207816
32395.710002106312
32640.105002156102
32676.71000216356
32793.55500216877
32879.69000212364
32918.28000210343
33035.86500204183
33062.19000202804
33178.22000196725
33330.36000188755
33460.290001819485
33599.72000174644
33630.180001730485
33722.285001682234
33749.61500166792
33899.8700015892
34013.28500152979
34061.99000150427
34120.48500147363
34313.235001372654
34433.66000130957
34813.130001110774
34848.07000109247
35011.24500100699
35183.33000091684
35229.31500089275
35396.13000080536
35507.40000074707
35639.27500067798
35679.68500065681
35786.255000600984
35909.42000053646
35931.77000052475
35962.655000508574
36322.12500032026
36478.22500023848
36516.27500021855
36609.705000169604
36653.58000014662
36751.81500009516
36880.54000002772
36926.60500000359
37008.72499996057
37042.15499994306
37133.34999989528
37280.79999981804
37331.91499979126
37443.749999732674
37546.5899996788
37591.66999965518
37991.56499944569
38072.62999940322
38260.33499930489
38396.74499923343
38656.854999097166
38675.55499908737
38783.58999903077
38815.85999901387
38952.78499894214
39100.29499886486
39390.014998713086
39477.13499866745
39514.71999864776
39619.694998592764
39655.369998574075
39918.02499843648
40041.05499837203
40158.07999831072
40177.94999830031
40449.45499815808
40477.634998143316
40559.85999810024
40587.48499808577
40740.15499800579
40991.754997873984
41031.88999785296
41177.564997776644
41296.789997714186
41391.74999766444
41416.724997651356
41565.809997573255
41671.18499751805
41703.67999750103
41800.60499745025
41829.39999743517
41971.33499736081
41992.03499734997
42118.924997283495
42367.48999715328
42402.14999713512
42483.52999709249
42512.99999707705
42538.954997063454
42776.704996938905
42902.29499687311
42931.84499685763
43027.7249968074
43067.6299967865
43199.66499671733
43319.4049966546
43585.48499651521
43617.32499649853
43689.90499646051
43715.03999644734
43889.864996355755
43975.839996310715
44131.48499622918
44156.97999621582
44280.21499615126
44317.509996131725
44560.13499600462
44844.28999585576
44985.51499578178
45095.584995724115
45117.52499571262
45240.99999564794
45362.119995584486
45381.61499557427
45651.12999543308
45697.37999540885
45935.30999528421
46063.859995216866
46145.179995174265
46244.594995122185
46322.66999508128
46347.064995068504
46510.689994982786
46635.63499491733
46715.0999948757
46742.944994861115
46777.7149948429
46895.43999478123
47018.25499471689
47569.104994428315
47704.54499435736
47742.544994337455
47843.084994284785
47943.299994232286
47968.209994219236
48012.01499419629
48116.529994141536
48288.5899940514
48537.99999392074
48799.09999378396
49080.014993636796
49216.4949935653
49241.29499355231
49374.95999348228
49484.53499342488
49620.83499335348
49644.53999334106
49767.479993276655
49792.429993263584
49924.199993194554
50046.614993130424
50187.509993056614
50317.46999298853
50446.41499292098
50531.91499287619
50574.04999285412
50735.80999276938
50862.504992703005
50889.19499268902
50994.91499263364
51252.66499249861
51275.92499248643
51409.589992416404
51665.52499228233
51823.13999219976
51972.34999212159
52132.54999203767
52229.55999198685
52360.90499191804
52512.724991838506
52782.18999169734
52824.234991675316
52889.78999164097
52939.80999161477
53041.52999156148
53067.519991547866
53180.21499148883
53207.81999147437
53231.2299914621
53451.474991346724
53579.269991279776
53615.654991260715
53873.06999112586
53986.27499106656
54005.79999105633
54037.08499103994
54270.12499091786
54294.374990905155
54433.644990832196
54564.1999907638
54839.814990619416
54974.00499054912
55015.30999052748
55120.08499047259
55200.479990430475
55250.73499040415
55392.19999033004
55505.824990270514
55547.19999024884
55650.134990194914
55677.99999018032
55829.61499010089
56057.389989981566
56197.36498990824
56332.214989837594
56604.44998969498
56734.93998962662
56759.23998961389
56881.25498954997
57149.669989409354
57169.159989399144
57259.83498935164
57295.639989332885
57366.06498929599
57421.46998926697
57681.994989130486
57721.00498911005
57837.23998904916
57970.76498897921
58261.15998882708
58513.75998869475
58567.35998866667
58685.699988604676
58929.23998847709
58951.19498846559
59054.704988411366
59089.92998839291
59227.44998832087
59254.8799883065
59355.68998825369
59380.14498824088
59508.694988173535
59917.57998795933
60075.40998787665
60173.65998782518
60315.46498775089
60432.92498768936
60464.24498767295
60588.49998760786
60706.99498754578
60747.4349875246
60851.49998747008
60990.589987397216
61020.829987381374
61137.324987320346
61246.779987263006
61304.054987233
61422.0249871712
61586.45498708506
61694.73998702833
61786.30998698036
61816.924986964324
61954.459986892274
62088.45498682208
62355.11998668238
62519.734986596144
62797.29498645074
62913.78498638971
63053.62998631645
63085.18498629992
63174.994986252874
63206.59998623632
63317.18998617838
63344.594986164026
63385.829986142424
63451.454986108045
63600.729986029844
63729.67998596229
63870.61998588846
63993.14498582427
64027.43498580631
64052.68998579308
64140.70498574697
64181.4999857256
64409.9899856059
64433.454985593606
64567.10498552359
64677.274985465876
64700.659985453625
64827.70498538707
64966.949985314124
65007.12498529308
65108.91998523975
65242.4449851698
65274.734985152885
65394.35498509022
65521.95998502337
65555.19998503389
65637.42498511047
65923.43498537684
65975.149985425
66057.77498550195
66076.49998551939
66217.55498565076
66244.99998567632
66343.49498576805
66453.84998587082
66521.7949859341
66605.82498601236
66635.09498603962
66713.97498611308
66749.07498614577
66856.21998624556
66885.54498627287
67035.87998641288
67166.66498653468
67531.17998687417
67573.54998691363
67702.97998703417
67749.25498707726
68016.66998732631
68383.62498766807
68555.90998782852
68664.03998792922
68807.3599880627
68885.34498813533
68929.6599881766
69069.61498830694
69206.93498843483
69243.30998846871
69349.76998856786
69491.63498869998
69641.89498883992
69891.61498907249
70033.23998920439
70169.14498933096
70190.67998935102
70211.51498937042
70446.97498958971
70715.55498983985
70743.77498986613
70831.2599899476
70872.04498998559
70972.80999007943
71274.69999036059
71342.19999042345
71434.70999050961
71552.7049906195
71690.25999074761
71726.46999078133
71824.52499087265
72061.8699910937
72103.5349911325
72234.71499125467
72373.3649913838
72422.61999142967
72502.89499150444
72643.079991635
72665.93999165628
72777.02499175974
72910.5599918841
72959.96499193012
73342.11499228602
73439.20499237644
73477.96999241255
73521.05499245267
73624.79499254929
73740.04999265663
73861.17999276944
73891.0949927973
74009.55999290763
74283.00499316229
74312.67499318992
74423.20499329286
74487.99999335321
74537.47999339929
74573.58499343292
74700.72499355132
74728.12999357685
74851.62999369187
74966.43499379879
75096.52499391994
75267.00499407871
75381.32999418519
75511.01999430597
75696.81999447901
76066.53499482333
76343.35499508114
76455.68999518576
76599.36999531958
76628.66499534686
76733.58499544457
76774.3149954825
76900.88499560038
77023.5299957146
77087.00499577372
77205.74999588431
77291.16499596386
77318.77999598958
77433.4849960964
77545.66499620088
77672.0699963186
77702.1249963466
77820.61499645695
77852.7749964869
77881.71499651385
77929.0149965579
77965.58499659196
77985.24999661028
78108.60499672516
78260.03499686619
78549.3149971356
78660.09499723878
79031.47999758465
79073.71499762399
79124.32999767113
79228.59499776823
79254.06499779195
79351.96999788313
79391.84999792028
79478.10999800061
79527.93499804701
79621.80999813444
79755.81499825924
79779.63999828143
79902.31499839568
79921.4499984135
80180.35499865463
80230.80499870161
80336.6599988002
80432.20999888919
80466.02999892068
80628.21499907173
80712.73499915045
80871.50499929831
80991.9649994105
81027.67999944376
81276.5099996755
81398.84499978943
81438.37999982625
81715.06500008394
81826.94000018813
82223.40500055737
82251.27000058332
82344.4500006701
82382.34500070539
82490.25000080589
82534.1800008468
83042.18500131991
83065.86500134197
83278.85000154033
83349.71000160632
83466.34500171494
83608.37000184722
83636.39000187331
83688.1250019215
83726.77500195749
84003.10500221484
84026.82500223693
84135.79500233842
84263.39500245726
84289.61000248167
84439.12500262092
84509.6550026866
84536.21500271134
84639.78000280779
84731.0550028928
84804.03500296077
84834.62000298925
85097.87500323443
85134.42000326846
85218.47500334674
85249.47500337561
85416.25500353094
85510.43000361865
85618.53000371932
85794.33000388305
85823.86500391056
86067.89000413782
86098.23000416608
86182.29000424437
86209.10000426933
86330.77000438265
86379.460004428
86492.92000453366
86605.10000463814
86656.05000468559
86711.99500473769
86781.050004802
86895.1900049083
86990.51500499708
87161.40500515624
87191.30500518408
87301.71500528691
87357.30000533868
87484.01000545669
87569.26500553609
87699.82500565768
87734.51500568999
88117.55000604672
88134.03500606207
88168.77500609442
88243.43000616395
88265.89500618487
88400.1450063099
88522.84500642418
88555.69000645477
88689.33000657923
88774.1250066582
88826.34000670683
89046.27000691165
89081.57000694453
89105.1600069665
89218.17500707175
89471.90000730805
89504.76500733866
89622.54000744835
89762.57000757876
89878.3600076866
89906.79500771308
90092.56000788609
90184.93500797212
90246.41500802938
90339.34500811592
90744.38000849314
90878.61000861815
90983.10500871547
91014.11500874435
91123.70500884642
91381.09500908613
91539.4350092336
91696.50000937987
91766.81500944536
91791.9900094688
91964.87000962981
92078.75000973587
92111.95000976679
92244.54000989028
92386.96501002292
92513.87501014111
92583.17001020565
92625.40001024498
92658.29001027561
93026.88001061889
93049.61501064006
93086.80001067469
93167.81501075014
93193.26501077384
93342.78001091309
93472.0750110335
93514.36001107289
93617.16501116863
93658.31001120695
93740.53501128353
93881.74001141504
94053.97001157544
94124.32001164096
94280.15001178609
94402.73501190025
94439.77501193475
94581.37001206662
94620.03501210263
94703.93501218077
94840.32001230778
94966.175012425
95091.74001254194
95113.57001256227
95230.27001267095
95276.88501271437
95384.75001281482
95507.52001292916
95547.55001296644
95669.21501307975
95817.09501321748
95882.89001327875
95910.52001330449
95932.1100133246
96205.7000135794
96254.79501362512
96339.63501370413
96360.78501372383
96732.11001406965
96759.2150140949
96878.2950142058
96897.01001422323
96996.72501431609
97023.24001434079
97050.8450143665
97131.73001444183
97313.71001461131
97431.30001472082
97489.35501477489
97565.64501484594
97593.67001487204
97721.46501499106
97834.21001509606
97999.30001524981
98120.11001536233
98259.63001549226
98283.0750155141
98359.06001558487
98395.26001561858
98503.53001571941
98530.72001574474
98796.48501599225
98843.27501603583
98915.21001610282
98948.86001613416
99117.44501629117
99175.240016345
99199.7300163678
99234.34501640004
99533.37501667853
99621.94001676101
99762.16501689161
99892.11001701263
99921.62501704012
100061.3000171702
100183.84501728433
100296.08501738886
100323.43001741433
100372.34001745988
100516.20001759386
100596.15001766832
100747.6400178094
100867.06501792063
100995.16501803993
101017.0400180603
101125.3850181612
101161.25001819461
101280.99001830613
101397.97001841507
101427.36501844245
101519.02501852781
101664.85501866363
101752.7600187455
101784.3300187749
101939.67501891957
102087.26001905702
102154.16001911933
102240.94001920015
102639.40001957124
102899.55501981353
102941.87001985294
103032.7800199376
103060.60001996352
103205.98002009891
103320.24002020532
103345.655020229
103465.24002034037
103602.1750204679
103627.01502049103
103736.62002059311
103768.89002062316
103893.07502073882
104154.4000209822
104300.3300211181
104685.19002147653
104741.81002152927
104949.43002172263
104995.77002176578
105099.59502186248
105123.4600218847
105255.2100220074
105402.8400221449
105512.470022247
105556.19002228772
105644.35502236983
105674.42502239783
105948.63502265321
106090.4650227853
106209.10002289579
106252.3850229361
106347.65002302482
106370.62002304621
106481.06002314907
106654.03002331016
106731.18002338201
106752.81002340215
106792.0500234387
106888.78002352879
106917.16002355522
107032.3500236625
107181.57002380147
107298.17502391007
107440.72002404282
107473.86002407369
107557.1950241513
107578.98002417159
107719.15002430213
107851.58002442546
108151.6250247049
108252.36502479872
108411.24002494669
108532.50502505963
108639.43502515921
108693.67002520972
108761.99502527335
108813.38002532121
108950.89002544928
109079.3350255689
109109.55502559704
109209.54502569017
109240.2850257188
109342.20002581371
109486.94002594851
109528.78002598748
109631.50502608315
109692.43002613989
109764.20002620673
110056.08502647857
110087.65502650797
110171.12502658571
110307.88502671308
110448.20002684376
110485.7200268787
110604.5800269894
110720.81502709765
110861.04502722825
111002.46502735995
111251.58502759197
111391.44502772222
111535.58002785646
111568.29502788692
111681.5450279924
111847.85502814729
111944.69002823747
112054.58502833982
112253.49002852506
112396.04502865783
112537.14502878924
112633.01502887852
112720.34502895985
112791.82002902642
113039.98502925754
113068.58502928418
113183.6050293913
113220.37002942554
113264.41002946655
113332.39002952987
113602.17002978112
113737.45502990711
113775.06002994213
113875.78503003594
113987.23503013974
114019.26503016957
114146.6400302882
114565.85503067862
114734.81003083597
114824.30503091932
114853.99003094697
114950.1200310365
115159.46503123146
115271.16003133549
115392.84003144881
115527.94003157463
115662.04003169952
115773.45503180329
115804.78003183246
115910.75003193115
115941.69503195997
116066.40003207611
116214.53503221407
116346.06003233657
116477.90503245936
116528.81503250677
116600.2450325733
116735.49003269925
116758.68003272085
116783.47503274394
116878.31503283227
116901.34003285371
116982.26003292907
117036.33003297943
117171.00503310486
117341.86003326398
117441.43503335671
117482.79503339523
117536.10003344488
117632.14003353432
117705.70003360283
117725.16003362095
117816.9050337064
117862.01503374841
117966.65503384586
117991.30503386882
118023.09003389842
118106.03003397566
118146.78003401362
118229.89003409102
118252.70003411226
118273.60003413173
118309.24503416492
118423.33003427117
118523.59503436455
118582.49503441941
118685.5600345154
118806.78003462829
118926.80003474007
118966.37003477692
119094.86003489658
119224.41003501724
119478.07003525348
119512.59003528563
119777.22003553208
119920.39503566542
119994.08503573405
120116.40503584797
120187.09503591381
120311.78503602993
120413.71503612486
120445.30003615428
120587.63003628684
120630.62503632688
120692.74503638473
120727.94003641751
120995.49003666668
121049.07003671658
121128.18003679026
121260.59003691358
121291.13503694203
121410.33503705304
121437.90503707872
121472.75503711117
121544.17003717768
121681.78003730584
121804.73003742035
121947.01503755286
122113.04003770748
122216.61503780395
122344.29503792286
122528.90003809478
122606.50003816705
122650.3550382079
122768.06503831752
122936.57003847446
123246.66003876325
123312.72003882477
123345.03003885486
123442.80003894592
123468.92503897025
123505.52503900434
123589.10003908217
123747.11003922933
123786.71503926622
123845.09503932059
123872.76503934636
123898.76503937057
124178.85003963142
124248.9500396967
124296.82003974129
124429.27003986464
124562.46503998869
124698.48004011536
124819.76004022831
124851.45004025783
124967.76004036615
125012.97004040825
125095.20504048484
125222.45004060335
125286.54504066304
125519.56504088006
125541.54004090052
125669.48004101968
125794.34504113597
125827.2450411666
126092.2400414134
126217.61504153017
126318.94004162453
126349.67504165316
126380.61504168197
126480.42004177492
126744.73504202109
126763.15004203824
126790.9250420641
126920.92504218518
127020.07004227751
127158.17004240613
127319.28504255618
127427.59504265705
127444.05004267237
127578.76004279783
127628.69004284433
127726.55504293548
127873.85504307266
127973.95004316588
128008.6550431982
128139.8650433204
128256.38004342892
128389.610043553
128658.75504380366
128804.33504393924
128965.53504408937
129062.47004417964
129129.50504424208
129176.4600442858
129215.49004432216
129248.87004435324
129337.98504443624
129376.9150444725
129457.75004454778
129503.52504459041
129639.10004471667
129746.01004481624
129782.49504485022
129942.98504499969
130206.24504524487
130312.07004534343
130567.75004558155
130608.2850456193
130710.92504571489
130858.71004585252
130998.83504598303
131035.5350460172
131139.42004611396
131175.17504614725
131275.7200462409
131397.63004635443
131418.69004637405
131557.19504650304
131593.69504653703
131681.9350466192
131803.2450467322
131829.79504675692
131964.68004688254
132234.08004713344
132333.470047226
132365.21004725556
132513.49504739366
132653.68004752422
132687.53504755575
132915.08004776767
133036.4350478807
133200.8350480338
133331.63504815561
133616.67004842107
133746.55004854203
134018.33504879515
134417.9200491673
134568.4650493075
134711.0400494403
134837.420049558
134962.38004967436
135111.54504981329
135243.56004993623
135286.62004997634
135350.1400500355
135374.4200500581
135395.17505007744
135526.80005020002
135652.410050317
135787.66005044297
135814.67505046813
135850.38005050138
136075.0450507106
136193.54505082098
136237.40505086182
136352.83005096932
136467.4700510761
136502.29005110852
136714.85505130648
136755.6900513445
137016.8050515877
137072.91505163995
137191.57005175046
137321.02005187102
137352.12005189998
137454.50505199534
137609.0900521393
137709.10005223245
137749.1000522697
137827.20505234244
137850.84505236446
137992.68005249655
138109.30005260516
138239.42505272635
138263.8450527491
138651.7850531104
138672.79005312995
138790.89005323994
138824.8800532716
138935.6900533748
138974.4450534109
139069.94005349983
139103.05505353067
139203.8000536245
139492.4200538933
139630.8200540222
139765.53005414765
139796.01005417603
140161.24005451618
140446.89505478222
140483.78505481657
140590.92505491636
140623.26005494647
140719.34005503595
140747.81505506247
140857.22505516437
141124.25505541306
141149.78505543683
141412.5000556815
141527.68505578878
141663.0950559149
141682.70505593315
141792.1700560351
142110.4200563315
142218.59505643224
142255.2850564664
142373.46505657648
142404.58005660545
142514.11005670746
142650.4000568344
142747.74505692505
142816.1950569888
142891.30005705875
143041.75505719887
143076.93005723163
143196.16005734267
143247.2900573903
143346.90505748306
143491.4750576177
143613.2200577311
143747.94005785655
143790.12005789584
143884.3400579836
143915.62505801272
144049.01505813695
144174.9150582542
144539.1150585934
144564.0400586166
144590.73005864146
144620.9350586696
144693.8350587375
144718.89005876082
144826.52505886107
144950.23005897627
145224.44005923165
145266.0550592704
145366.68505936413
145388.90505938482
145430.36505942344
145536.54005952232
145715.03505968855
145797.6500597655
145930.95005988964
146055.92506000603
146094.95506004238
146193.8550601345
146341.65006027214
146538.3250604553
146592.17506050545
146722.60006062692
146906.59506079828
147036.7600609195
147136.25506101217
147176.7800610499
147260.78506112815
147305.11506116943
147424.93506128102
147462.01506131556
147576.87006142252
147666.53506150603
147708.33506154496
147842.86506167025
147862.74506168877
147948.33006176847
147982.10506179993
148025.83506184065
148119.57006192795
148271.48006206943
148408.60506219714
148569.1050623466
148656.41506242793
148817.10006257758
148858.52006261615
148969.2800627193
149032.14006277785
149059.6700628035
149112.2900628525
149209.41006294294
149633.0500633375
149660.37006336293
149685.32506338618
149770.00506346504
149887.55506357452
150155.2250638238
150184.06506385066
150218.52006388275
150317.94506397535
150367.04506402108
150439.62006408867
150468.1000641152
150707.51006433816
150994.94006460585
151155.45006475534
151253.04506484623
151277.23006486875
151415.5850649976
151447.0550650269
151547.92006512085
151693.8000652567
151802.79506535822
151843.29006539594
151912.64006546052
151942.3550654882
151967.5900655117
152084.23506562033
152228.69006575487
152348.36006586632
152388.84006590402
152477.24506598635
152513.10006601975
152626.70506612555
152656.6050661534
152773.5350662623
152804.83006629144
152907.03006638662
153039.78506651026
153188.30506664858
153306.9900667591
153343.78006679338
153501.47006694024
153610.02506704134
153775.27506719524
153887.09506729938
153992.4500673975
154027.52506743016
154161.6700675551
154200.40006759117
154408.69506778516
154856.56006820226
154962.55006830097
155113.67506844172
155238.06506855757
155265.7000685833
155352.31006866397
155394.80506870354
155506.56506880763
155662.4550689528
155788.02506906976
155814.74006909464
155907.84506918135
155933.05506920483
155974.11506924307
156187.54006944183
156231.8400694831
156470.5400697054
156634.64506985823
156658.41006988037
156742.92006995907
157032.67507022893
157060.15007025452
157166.06007035315
157189.7400703752
157300.15507047804
157335.17007051065
157380.4450705528
157412.47007058264
157581.83007074037
157772.43507091788
157861.63007100095
157990.2150711207
158012.92007114185
158109.2850712316
158134.87007125543
158383.81007148727
158429.54507152986
158541.9900716346
158680.44507176353
158802.68007187737
158955.75007201993
158988.62507205055
159213.9450722604
159373.31507240882
159481.07007250917
159573.85007259558
159612.90507263195
159644.3200726612
159909.02507290774
160314.4150732853
160437.51507339993
160482.32007344166
160552.22007350676
160576.6300735295
160645.6800735938
160717.11007366033
160875.31007380766
160911.09007384098
161009.74507393286
161250.60007415718
161415.73507431097
161797.52007466654
161832.22007469885
161966.11507482355
162089.13507493812
162216.36507505662
162363.1350751933
162658.44507546833
162716.21507552214
162923.01507571473
163006.8350757928
163039.77007582347
163068.06007584982
163180.2450759543
163224.2800759953
163315.90507608064
163344.76007610752
163482.4100762357
163618.73007636267
163720.8850764578
164000.40507671813
164028.96507674473
164268.3650769677
164322.36007701798
164430.13007711835
164555.58507723518
164720.25507738855
164821.76007748308
164972.93507762387
165008.6050776571
165058.91507770395
165086.93007773004
165134.86007777468
165241.8150778743
165369.37007799308
165400.0850780217
165508.18507812236
165581.40007819055
165673.6900782765
165821.4450784141
165920.120078506
165952.30007853598
166071.45507864695
166096.80007867055
166221.35007878655
166335.655078893
166484.28507903143
166594.6350791342
166638.38007917494
166766.39007929416
166868.14507938892
166920.99507943814
167030.40007954004
167165.31007966568
167300.91507979197
167324.50007981394
167594.32508006523
167721.2150801834
167868.36508032045
167967.69008041295
168202.30008063145
168233.56008066057
168269.470080694
168438.70508085162
168519.08508092648
168667.36508106458
168821.62508120824
168863.80008124752
168958.2550813355
169091.35508145945
169225.2950815842
169251.73508160881
169351.96508170216
169374.73008172336
169513.19508185232
169628.13008195936
169767.9800820896
169931.48508224188
169993.19508229935
170069.3600823703
170177.8300824713
170300.05008258513
170355.730082637
170462.6900827366
170595.22508286004
170718.39008297474
170750.21508300438
170970.98508321
171142.0300833693
171292.17508350912
171394.83508360473
171424.60508363246
171491.26508369454
171672.6700838635
171844.14008402318
172219.0150843723
172394.47008453571
172548.07508467877
172665.96008478856
172741.3650848588
172772.06508488738
172922.2950850273
173050.9300851471
173158.8500852476
173214.12008529907
173341.65008541784
173469.20008553664
173498.77508556418
173618.39508567558
173735.94508578506
173867.33008590742
173889.8500859284
173911.61508594867
174017.55508604733
174100.35008612444
174127.32008614956
174155.64008617593
174179.6450861983
174293.9000863047
174483.88508648163
174561.41008655383
174626.47008661443
174958.27008692344
175084.8250870413
175107.66008706257
175255.78508720052
175369.28008730622
175509.29508743662
175791.6700876996
175859.22508776252
175920.2000878193
175992.54508788668
176029.385087921
176060.0000879495
176081.97008796997
176340.51008821075
176453.8450883163
176742.32508858497
176881.32008871442
176914.56508874538
177016.98008884076
177176.12508898898
177286.1950890915
177315.16008911846
177439.12508923392
177597.98508938187
177710.90008948703
177739.15508951334
177842.48008960957
177953.26508971275
177986.22008974344
178050.175089803
178100.23008984962
178140.64508988726
178277.32009001455
178395.65509012475
178414.79009014257
178547.58509026625
178676.03009038587
178809.67009051034
178918.63509061182
178955.90509064653
179099.1200907799
179207.60009088094
179337.50509100192
179520.0250911719
179620.5300912655
179642.04509128554
179746.10509138246
179785.8650914195
179923.24009154743
180026.01009164314
180064.0750916786
180162.26509177004
180323.1850919199
180437.88509202673
180512.32009209605
180613.67009219044
180747.44009231502
180863.30009242293
180981.8100925333
181025.80509257427
181073.14509261836
181137.00509267783
181245.3100927787
181309.6250928386
181530.24009304406
181601.77009311068
181665.09009316965
181689.45509319234
181818.55509331258
181922.70509340958
181946.49009343173
182231.66509369732
182359.15009381605
182534.5600939794
182582.59509402415
182642.2600940797
182682.0800941168
182766.17509419512
182798.67009422538
182908.26509432745
182969.66509438463
183043.03009445296
183078.0850944856
183135.04509453865
183197.53009459685
183223.65009462117
183333.11009472312
183449.94509483193
183483.25009486295
183738.39009510056
183892.25009524386
183984.79509533005
184022.07009536476
184125.03509546065
184161.02509549417
184299.8850956235
184451.3950957646
184701.71509599773
184836.37009612314
184962.03509624017
185046.1450963185
185108.98509637703
185148.07509641343
185241.96509650088
185264.92509652226
185411.58009665884
185532.27509677125
185661.84509689192
185821.03509704018
185915.78509712842
185944.8550971555
186047.23509725084
186088.6250972894
186209.98509740242
186244.2100974343
186373.02009755425
186452.23509762803
186481.67009765544
186622.43509778654
186647.67509781005
186761.62009791617
186867.93009801517
186888.9900980348
187057.66509819188
187282.78509840154
187312.62009842932
187422.42009853158
187463.2450985696
187846.42009892646
187989.66509905987
188681.59509970428
188795.2100998101
188817.7500998311
188935.70509994094
188966.91009997
189049.43510004686
189097.890100092
189240.00010022434
189515.78010048118
189596.84010055667
189619.33010057762
189746.0051006956
189777.41510072484
190182.1551011018
190457.53510135825
190732.08010161394
190856.84510173014
191020.20510188228
191097.215101954
191152.60010200558
191253.91510209994
191404.07010223978
191555.57010238088
191705.0501025201
191801.99510261038
191831.9651026383
191949.57010274782
191991.89010278723
192243.83510302188
192348.38510311925
192381.96510315052
192527.9601032865
192920.2051036518
192946.37510367617
193065.6051037872
193207.16010391904
193601.00010428583
193738.79510441417
193868.80510453525
193999.36010465684
194020.42510467645
194052.86510470667
194155.07510480186
194255.8301048957
194294.09510493133
194334.29510496877
194456.64510508272
194583.50510520086
194845.28010544466
194968.20510555914
195019.75510560715
195065.2351056495
195109.50510569074
195240.50510581274
195265.86510583636
195382.15010594466
195462.31510601932
195500.55010605493
195516.43010606972
195643.71010618826
196115.05510662723
196226.5701067311
196300.09010679956
196345.39010684175
196372.75010686723
196508.68010699382
196622.39010709972
196726.49510719668
196745.8451072147
196790.70510725648
196815.8501072799
196882.79010734224
196908.47010736616
197016.07510746637
197055.81510750338
197130.92510757333
197153.59010759444
197326.36010775535
197597.37010800774
197717.96510812006
197757.25510815665
197847.99010824115
197940.62010832742
197977.45510836173
198003.27010838577
198110.885108486
198130.79510850454
198159.37010853115
198413.72510876803
198535.11010888108
198945.15010926296
198967.01010928332
199082.8351093912
199222.16510952095
199365.51010965445
199531.80510980933
199643.130109913
199763.42511002504
199886.47011013963
199915.88511016703
200055.9701102975
200176.5651104098
200430.04011064587
200455.03011066915
200590.63011079544
200719.21011091518
200821.9801110109
200858.43011104484
200902.4101110858
201010.89011118683
201182.41511134658
201270.83011142892
201307.87011146342
201444.19011159037
201539.7701116794
201710.02511183795
201789.25511191174
201961.63511207228
201997.13511210534
202112.45511221275
202363.6651124467
202395.0201124759
202497.06511257094
202704.10011276376
202754.97011281113
202894.3201129409
202920.4101129652
203062.40011309745
203307.01511332527
203346.54511336208
203393.53511340584
203423.53511343378
203464.62511347205
203560.96011356177
203637.14511363272
203742.28511373064
203792.54511377745
203859.0601138394
204029.1351139978
204166.29011412553
204285.6751142367
204418.97511436086
204576.03511450713
204687.41011461086
204815.7801147304
204948.2651148538
204984.90511488792
205057.07011495513
205083.0201149793
205118.39011501224
205259.67511514382
205381.8301152576
205406.60011528066
205494.72011536272
205520.53511538677
205652.05511550925
205688.56511554326
205797.9201156451
205914.5251157537
205956.90511579317
205985.26511581958
206231.2701160487
206344.7751161544
206381.46011618857
206502.91011630167
206602.81511639472
206744.29011652648
206774.22511655436
206855.6551166302
207021.27011678444
207044.0951168057
207161.01511691458
207281.67511702696
207305.84011704946
207331.41011707328
207421.25011715695
207735.64511744975
207855.3151175612
207989.89011768653
208113.29011780146
208151.6751178372
208262.46011794038
208284.1551179606
208321.14011799503
208373.9251180442
208420.60011808766
208533.35511819267
208564.06511822128
208675.69511832524
208807.86011844833
208959.46011858952
208990.28511861822
209081.28011870297
209216.22011882864
209240.70511885145
209344.01011894766
209382.56511898356
209473.16511906794
209625.63511920994
209914.82011947926
210028.01511958468
210339.4051198747
210440.49511996884
210470.97511999722
210567.6901200873
210722.4251202314
211009.95012049918
211114.1201205962
211164.0601206427
211255.7351207281
211280.42512075108
211391.2551208543
211418.49512087967
211480.94012093783
211541.45012099418
211816.9801212508
211915.7851213428
211968.57012139197
212077.4951214934
212217.73012162402
212286.50012168806
212326.30012172513
212373.7251217693
212509.62012189586
212648.89012202556
212776.3751221443
212884.7251222452
212921.26512227923
213046.69512239605
213177.72512251808
213197.5051225365
213296.44012262864
213328.1801226582
213353.8351226821
213525.82512284227
213566.38012288004
213610.54512292118
213652.4551229602
213854.39012314827
213912.86512320273
213977.05512326251
214266.03512353165
214548.95512379514
214584.62512382836
214679.1501239164
214818.05012404575
214838.3801240647
214866.1901240906
214951.07512416964
215241.5901244402
215271.7451244683
215362.0601245524
215542.02512472
215683.41012485168
215786.3901249476
216066.68512520863
216198.42512533133
216338.22012546152
216365.07012548653
216494.38012560696
216592.76012569858
216625.58512572915
216746.41012584168
216881.06512596708
216915.39012599905
217134.01512620266
217278.65012633736
217451.97012649878
217561.89512660116
217685.24512671604
217825.865126847
218002.3801270114
218081.90012708545
218162.4951271605
218263.40012725448
218560.23012753093
218680.9001276433
218803.5201277575
218832.5101277845
218928.22012787365
218981.89512792364
219065.00512800104
219083.73512801848
219206.00012813235
219364.73012828018
219510.11512841558
219769.16012865683
219913.38512879115
220074.32012894104
220178.25512903783
220270.31512912357
220308.39512915903
220345.99512919405
220474.40012931364
220570.28012940293
220624.21512945316
220844.77512965858
220872.2801296842
221015.5301298176
221136.1001299299
221160.85012995295
221261.90013004706
221369.70513014746
221414.79013018945
221688.36013044423
221797.90013054624
221823.7401305703
221866.1551306098
222002.66013073694
222096.140130824
222186.52013090817
222396.2551311035
222500.49013120058
222800.89513148036
222921.93013159308
223051.79013171402
223164.22013181873
223192.23513184482
223316.72513196076
223471.94013210532
223714.7001323314
223742.6201323574
223840.58513244864
223871.72513247764
223992.37013259
224020.8201326165
224075.4801326674
224152.12013273878
224268.99013284763
224309.03013288492
224536.08513309638
224559.11013311782
224583.51013314055
224671.2001332222
224847.2851333862
224973.62513350387
225009.6301335374
225083.285133606
225385.85013388778
225425.89513392508
225522.15513401473
225742.1201342196
225792.04513426608
226046.58013450314
226072.70513452747
226121.84513457323
226265.54013470706
226328.34513476555
226488.25013491447
226558.1651349796
226636.04513505212
226750.30513515853
226893.7201352921
227059.48013544647
227143.6901355249
227345.27013571264
227469.72013582854
227586.69513593748
227694.54013603792
227717.175136059
227919.75513624767
228129.3951364429
228263.76013656805
228376.68513667322
228396.38513669156
228518.3001368051
228549.58013683424
228672.18513694842
228805.98013707303
228946.9301372043
229090.3801373379
229199.96013743995
229385.54013761278
229467.31013768894
229498.55513771804
229624.6901378355
229890.6401380832
230029.78513821278
230055.6801382369
230153.7201383282
230172.69013834588
230232.81513840187
230352.37013851322
230444.01013859856
230465.89513861894
230598.61013874254
230765.82513889828
230895.79513901932
231020.3201391353
231291.52513938787
231315.0801394098
231402.61513949133
231567.0701396445
231657.01013972826
231676.8101397467
231828.7501398882
231863.48513992055
231956.75514000742
232105.94014014635
232144.8551401826
232231.12014026294
232358.99014038203
232482.6501404972
232639.200140643
232953.0501409353
233052.615141028
233353.64014130837
233471.29514141794
233490.40014143573
233599.31514153717
233624.12014156027
233898.83514181612
234296.29514218628
234546.165142419
234841.42014269397
234873.63014272397
234966.1251428101
234997.40014283924
235113.34514294722
235250.2151430747
235371.6701431878
235398.96514321322
235511.22514331777
235774.17014356266
235796.29014358326
235838.40514362248
235927.06014370505
236078.87514384644
236118.4601438833
236182.08014394256
236222.4851439802
236340.8251440904
236479.84014421987
236625.8051443558
236665.0951443924
236746.56514446827
236810.8951445282
236918.41514462832
237035.26514473715
237164.6001448576
237303.0001449865
237427.93014510284
237475.79514514742
237589.74014525354
237698.5851453549
237851.19014549704
237887.7801455311
237970.37014560803
237991.40514562762
238164.2551457886
238247.40014586604
238387.31014599634
238550.6001461484
238655.43014624604
238813.09014639287
239075.89514663763
239110.16514666955
239212.04514676443
239383.47014692408
239488.620147022
239661.76014718326
239885.92514739203
240163.28014765034
240206.59514769068
240321.78014779795
240435.03514790343
240455.33514792233
240599.36514805647
240626.5501480818
240743.40014819062
240863.02014830202
240894.82014833164
240985.0951484157
241056.67514848238
241136.66514855687
241273.43014868425
241297.82514870696
241417.3701488183
241481.18514887773
241527.9551489213
241560.75514895184
241669.2851490529
241714.44514909497
241835.75014920795
241950.54514931486
241980.750149343
242050.51014940796
242101.05514945503
242123.91514947632
242374.58514970978
242484.74514981237
242627.55514994537
242792.7251500992
242843.76015014673
242932.2201502291
243035.20015032502
243085.13015037152
243153.7301504354
243180.7801504606
243209.08015048696
243311.10515058198
243449.91515071125
243553.87015080807
243583.81515083596
243620.97515087057
243887.47515111876
243989.70015121397
244019.82515124202
244058.29015127785
244128.9951513437
244159.44015137205
244177.7401513891
244273.60015147837
244562.7751517477
244707.8501518828
244880.35515204346
244999.51515215443
245110.80015225807
245234.11515237292
245264.18015240092
245361.4301524915
245404.94515253202
245448.6401525727
245517.660152637
245647.40015275782
245779.63515288098
245801.37015290122
245925.9101530172
246057.68015313993
246095.04015317472
246196.9201532696
246356.84515341854
246457.65515351243
246776.68015380955
246910.6201539343
247035.26515405037
247165.03015417123
247276.47515427502
247322.5151543179
247429.7901544178
247483.12015446747
247715.7151546841
247856.86015481554
247956.11515490798
248006.31515495473
248124.20515506453
248260.90015519183
248337.03015526274
248394.74015531648
248557.8601554684
248657.59515556128
248707.58015560784
248791.70515568618
249102.85515597597
249224.3401560891
249324.91515618277
249367.98015622288
249429.50515628018
249493.02515633934
249543.18015638605
249661.18015649595
249706.8651565385
249761.80015658966
249780.19015660678
249882.18015670177
249954.6801567693
250056.62515686423
250164.13015696435
250302.41515709314
250460.77515724063
250558.2401573314
250587.05515735823
250715.40515747777
251011.5801577536
251037.3351577776
251128.00515786203
251195.42515792482
251265.37015798996
251420.91015813482
251565.35515826935
251666.52015836356
251689.9601583854
251821.23015850765
251943.24015862128
251978.2501586539
252087.48515875562
252116.6701587828
252233.13015889126
252505.49515914492
252540.21515917726
252796.16515941563
252930.5551595408
253322.6001599059
253359.4051599402
253467.02516004042
253585.74516015098
253635.9201601977
253891.75516043598
253991.0101605284
254022.5501605578
254157.60516068357
254329.17516084336
254407.4001609162
254431.28516093845
254515.47016101686
255139.2651615978
255252.56516170333
255367.18516181008
255513.97016194678
255683.4401621046
255788.50516220246
255904.21016231022
255943.20016234653
256076.97016247112
256109.12516250106
256184.84516257158
256326.5851627036
256347.19016272278
256469.38516283658
256503.41016286827
256599.17516295746
256626.5001629829
256867.20016320708
256931.90516326734
257030.39016335906
257175.7101634944
257274.5901635865
257309.66016361915
257434.93516373582
257559.41516385175
257742.94016402267
257995.4201642578
258120.8351643746
258417.610164651
258548.2801647727
258653.22516487044
258678.87516489433
258709.05016492243
258794.52016500203
258831.8451650368
258938.29516513593
258975.04516517016
259095.8701652827
259214.19016539288
259358.5101655273
259419.92016558448
259482.6401656429
259517.38516567525
259600.60016575275
259765.61016590643
259800.23516593868
259933.45016606274
260047.08516616857
260228.92516633793
260348.96016644972
260457.0751665504
260578.53516666353
260724.13516679913
260756.56016682932
260859.01516692474
260887.48516695126
261009.45516706485
261125.74016717315
261253.93516729254
261433.91016746016
261556.01516757387
261799.33016780048
261932.67516792467
262065.28016804816
262094.44016807532
262224.030168196
262374.72516833636
262497.5851684508
262558.2851685073
263041.3751689572
263167.36516907456
263186.15516909206
263215.9501691198
263426.7951693162
263454.59516934206
263613.7551694903
263866.55516972573
263920.36516977585
263990.9501698416
264011.19016986043
264142.8801699831
264311.30017013993
264425.7551702465
264579.0351703893
264662.76517046726
264689.6801704923
264804.92517059966
264827.05517062027
264853.45017064485
264986.36517076864
265074.32517085056
265107.07017088105
265378.8551711342
265401.17517115496
265526.7651712719
265639.4801713769
265687.3851714215
265798.67017152515
265941.8301716585
266078.9701717862
266181.88017188205
266224.28017192153
266475.10017215513
266613.8951722844
266662.92017233005
266740.35517240217
266783.6801724425
267015.63517265854
267058.68517269864
267173.8851728059
267335.000172956
267602.24017320486
267711.0701733062
267861.4651734463
267987.05017356324
268012.7501735872
268136.33017370227
268259.535173817
268406.01017395343
268538.6151740769
268791.18517431215
268834.3051743523
268962.1601744714
269056.4401745592
269091.1551745915
269158.255174654
269205.8051746983
269241.17517473124
269338.5101748219
269366.1201748476
269473.99517494807
269695.5501751544
269771.39017522504
269902.7601753474
270043.3501754783
270185.6151756108
270328.80017574417
270624.8551760199
270716.8851761056
270818.9001762006
270857.4351762365
270883.79017626104
271144.48517650383
271266.025176617
271427.09517676703
271527.6451768607
271554.2701768855
271664.6851769883
271713.0901770334
271812.545177126
271948.3801772525
271972.2001772747
272074.6251773701
272101.42517739505
272381.9501776563
272496.5901777631
272522.5151777872
272615.4801778738
272636.88017789373
272765.3401780134
272900.3351781391
272936.8301781731
273198.27017841657
273303.79017851484
273329.05017853837
273468.260178668
273743.5551789244
273787.42017896526
273870.0301790422
273991.3401791552
274141.8201792953
274272.2601794168
274306.77517944894
274446.6101795792
274561.02517968573
274703.11517981807
274827.9451799343
274987.76518008317
275111.4751801984
275255.9001803329
275367.01518043637
275392.0751804597
275514.51018057374
275563.7801806196
275614.4201806668
275649.08518069907
275680.5501807284
275813.290180852
275938.5001809686
276052.2301810745
276196.78018120915
276325.0151813286
276451.37018144625
276479.3101814723
276513.0551815037
276595.1801815802
276614.8401815985
276765.45518173877
277025.08018198056
277140.8801820884
277181.20018212596
277263.4601822026
277312.3151822481
277352.2801822853
277433.4751823609
277484.2651824082
277586.5701825035
277759.5401826646
277829.9801827302
278123.8651830039
278175.2251830517
278402.3801832633
278574.7201834238
278787.08518362156
278811.2701836441
278844.61518367514
278936.98018376116
278963.9751837863
279082.15518389636
279193.93018400046
279237.28518404084
279376.0751841701
279618.38518439577
279660.2051844347
279772.210184539
279881.5851846409
279909.4051846668
280067.5701848141
280187.6051849259
280324.7251850536
280502.80018521944
280711.67018541397
280774.59018547257
280838.66018553224
280877.54018556845
280907.8951855967
281007.9351856899
281125.4101857993
281277.19518594065
281405.9801860606
281454.3951861057
281542.3451861876
281563.90018620767
281656.12518629356
281703.3851863376
281800.0701864276
281980.17518659536
282068.890186678
282102.79518670955
282215.34018681437
282264.5351868602
282489.01518706925
282640.74518721056
282783.13518734317
282901.65518745355
282922.71018747316
283023.455187567
283052.07518759364
283082.4401876219
283193.90518772573
283463.56018797687
283494.56518800574
283634.2201881358
283697.1051881944
283743.2301882373
283885.2851883696
283959.6551884389
284009.45518848527
284034.1751885083
284191.45018865477
284280.0601887373
284398.79018884787
284418.85018886655
284436.15518888267
284465.8051889103
284587.1601890233
284681.72018911137
284950.6351893618
284977.680189387
285078.1851894806
285234.9551896266
285513.485189886
285542.29018991283
285581.9751899498
285823.61019017483
285948.39519029105
286179.38019050617
286203.2451905284
286345.2801906607
286375.6151906889
286496.8101908018
286603.70519090135
286757.2701910444
286889.0301911671
287046.9851913142
287161.3601914207
287228.255191483
287293.38519154367
287433.61519167427
287616.12019184424
287743.7551919631
287842.7301920553
287993.78019219596
288148.3501923399
288399.7801925741
288436.77519260853
288544.1201927085
288576.4451927386
288648.20519280544
288676.5251928318
288818.2101929638
288996.51519312983
289097.37019322376
289209.5201933282
289247.79519336385
289341.62019345124
289370.0101934777
289526.97019362386
289641.86519373086
289788.8151938677
289898.16019396955
290011.02019407466
290316.4451943591
290430.96019446576
290452.1701944855
290483.810194515
290574.1151945991
290842.82019484934
290871.480194876
290974.8801949723
291009.3251950044
291279.6701952562
291304.7951952796
291372.6901953428
291403.9001953719
291428.0551953944
291464.65019542846
291553.0301955108
291677.5251956267
291819.82519575924
291927.3701958594
292089.3101960102
292116.2251960353
292220.21519613214
292252.4951961622
292354.78019625746
292519.7801964111
292648.8351965313
292921.91519678565
293035.8001968917
293179.09519702516
293240.0301970819
293308.55519714573
293374.1451972068
293441.5751972696
293606.00019742275
293746.43519755354
293870.46019766905
293890.4051976876
294013.6701978024
294150.18019792956
294174.97019795264
294492.38019824825
294550.3951983023
294683.4351984262
294702.9851984444
294966.5101986898
295283.6701989852
295372.580199068
295528.74019921344
295625.7451993038
295672.65019934747
295820.5551994852
295918.94019957684
295949.13519960496
296049.8951996988
296077.22019972425
296214.2001998518
296251.06519988616
296329.95519995963
296482.3702001016
296544.8852001598
296612.59520022286
296636.01020024467
296872.0752004645
296900.66020049114
296951.3002005383
296992.57020057674
297325.03020088637
297438.5702009921
297551.7152010975
297584.88020112837
297708.6902012437
297985.2202015012
298139.2052016446
298177.19520168
298234.070201733
298383.71020187234
298411.0652018978
298521.17520200036
298816.88020227576
298939.6302023901
298964.61020241334
298991.67520243855
299069.0552025106
299092.5752025325
299220.845202652
299357.8752027796
299513.83020292484
299635.06020303775
299663.8902030646
299782.90520317544
299829.0352032184
299879.3802032653
299903.38020328764
300048.33020342264
300102.89520347345
300154.33520352136
300178.79520354414
300204.89020356844
300442.2502037895
300584.24020392174
300613.69020394917
300711.5402040403
300740.3452040671
300786.2452041099
300860.1652041787
300887.0802042038
300996.865204306
301024.8602043321
301130.7202044307
301266.5852045572
301426.26520470594
301558.4952048291
301662.9652049264
301814.64520506765
301950.03020519373
301971.7152052139
302083.2552053178
302360.55020557606
302383.2502055972
302491.9202056984
302582.38520578266
302648.42020584416
302786.3352059726
302934.5052061106
303064.18520623137
303186.57020634535
303218.9152063755
303327.77020647685
303358.5052065055
303445.6252065866
303607.47020673734
303744.2952068648
303875.535206987
303925.74020703376
304022.59520712396
304138.10020723153
304257.20520734246
304312.530207394
304426.9202075005
304534.98020760115
304566.2952076303
304869.10520791233
304911.20020795154
304972.07520800823
305247.1602082644
305381.50020838954
305521.65020852006
305648.33020863804
305792.34020877216
305825.3252088029
305933.1452089033
306063.11520902434
306091.77520905103
306202.4652091541
306333.5202092762
306367.42520930775
306606.76020953065
306640.3252095619
306988.6302098863
307020.9752099164
307165.2902100508
307441.18521030777
307513.380210375
307599.9252104556
307727.85521057475
307871.52521070855
308072.54021089576
308112.24521093274
308234.65521104675
308259.66021107003
308287.6702110961
308321.31521112745
308635.38021141995
308721.38021150004
308811.78021158424
308983.28021174396
309068.53521182336
309214.7202119595
309238.62021198176
309365.6552121001
309601.9102123201
309632.8152123489
309729.72521243914
309786.85021249234
309952.3502126465
310086.44521277136
310184.0102128622
310357.1652130235
310389.0752130532
310443.7102131041
310480.7702131386
310580.9452132319
310727.15021336806
310766.56021340477
310875.83521350654
310916.12021354405
310984.795213608
311011.26021363266
311135.6202137485
311264.35021386837
311419.2102140126
311525.89021411195
311670.5602142467
311708.10021428164
311962.38521451846
312088.87521463627
312145.7202146892
312239.7652147768
312318.0652148497
312500.0652150192
312520.51521503826
312552.50021506805
312621.8252151326
312660.890215169
312764.8102152658
312902.0452153936
312939.5252154285
313038.880215521
313069.3452155494
313094.3652155727
313331.93521579396
313485.03521593654
313586.9752160315
313641.2952160821
313709.5302161456
313997.0552164134
314032.01021644595
314164.120216569
314336.1752167292
314440.6402168265
314576.3652169529
314595.4352169707
314656.995217028
314686.55021705554
314716.020217083
314776.9052171397
314830.4852171896
314872.2602172285
314956.580217307
315054.8952173986
315093.91521743493
315238.48521756957
315383.2802177044
315504.74521781754
315685.56521798595
315785.3852180789
315915.80021820037
315950.3202182325
316053.0602183282
316216.7802184807
316368.6452186221
316466.91521871364
316547.3052187885
316588.26521882665
316627.320218863
316748.01521897543
316830.7852190525
316871.6902190906
316892.7402191102
317008.95021921844
317029.6452192377
317174.73021937284
317306.4352194955
317431.0052196115
317595.1652197644
317706.0052198676
317836.8502199895
317940.53522008605
317995.31522013707
318125.43022025825
318246.10522037063
318275.01022039755
318423.5552205359
318465.18022057466
318556.96522066015
319111.13022117625
319214.1302212722
319635.8252216649
319772.9252217926
319921.81022193126
320174.58022216667
320434.5702224088
320567.8352225329
320600.7702225636
320776.08022272686
320831.6202227786
321158.7302230832
321409.79022331705
321511.3152234116
321546.1952234441
321715.740223602
321880.8752237558
321925.30522379716
321964.80022383394
322219.91522407153
322256.1652241053
322501.77522433404
322532.1152243623
322789.66522460215
323081.8952248743
323197.550224982
323323.120225099
323353.71022512746
323459.25022522575
323487.8452252524
323756.97522550303
323892.06022562884
323965.51022569725
324010.70022573933
324140.8302258605
324167.8902258857
324295.8602260049
324396.83522609895
324587.1352262762
324701.0652263823
324730.1002264093
324810.4802264842
324838.0952265099
324866.06522653595
324975.9552266383
325109.4052267626
325229.5502268745
325262.1202269048
325350.6852269873
325532.3952271565
325678.66522729275
325834.4102274378
325947.77022754337
326212.6902277901
326252.5352278272
326342.24022791075
326487.96022804646
326595.5002281466
326736.2302282777
326898.9152284292
326938.38522846595
327092.66522860964
327158.0252286705
327293.25522879645
327315.6302288173
327437.2852289306
327589.28022907214
327721.5952291954
327822.0352292889
327852.2802293171
327967.04522942397
328031.02022948355
328082.2652295313
328141.2302295862
328249.7102296872
328282.3452297176
328418.4052298443
328508.6902299284
328548.1952299652
328690.8802300981
328927.6802303186
329003.5352303893
329083.8952304641
329198.06523057044
329223.19523059385
329339.1952307019
329369.9452307305
329407.89523076586
329487.6102308401
329517.06523086753
329750.2602310847
329782.9052311151
329897.50523122185
329930.15023125225
330028.0402313434
330315.5752316112
330544.3902318243
330578.46523185604
330599.8202318759
330718.2102319862
330864.7052321226
330998.1752322469
331025.6152322725
331254.6702324858
331288.3502325172
331421.2002326409
331538.1552327498
331671.97523287445
331733.0302329313
331797.15523299103
331951.8352331351
331991.31523317186
332101.8602332748
332356.27523351175
332497.6152336434
332521.95023366605
332618.57023375604
332645.0502337807
332763.09523389064
332901.8852340199
333053.78523416136
333224.5502343204
333302.485234393
333335.29023442353
333486.60523456446
333594.4452346649
333747.7752348077
333771.88523483014
333896.55023494625
334024.53023506544
334100.14023513586
334159.7552351914
334559.4152355636
334699.445235694
334728.6752357212
334824.14023581013
334971.02523594693
335097.0552360643
335215.6852361748
335253.6252362101
335392.7402363397
335416.9152363622
335558.04023649363
335585.46023651917
335636.4052365666
335670.6702365985
335800.3702367193
335930.1752368402
335964.1802368719
336209.60523710045
336235.17023712426
336374.495237254
336459.05023733276
336493.685237365
336616.6902374796
336663.8452375235
336741.2952375956
336884.8552377293
336925.79023776745
337000.0302378366
337023.2602378582
337292.7302381092
337375.92023818666
337475.7402382796
337541.9302383413
337573.2952383705
337695.01023848384
337713.6352385012
337739.92023852566
338261.7752390117
338293.21023904096
338411.22023915086
338520.84023925295
338805.16023951775
338827.6652395387
339036.66523973335
339072.40523976664
339217.8402399021
339347.0452400224
339494.83524016006
339632.92524028866
339910.1852405469
340069.6252406954
340320.3602409289
340433.5702410343
340488.36024108535
340573.5902411647
340747.13524132635
340880.28524145036
340983.4002415464
341395.04024192976
341422.2302419551
341548.5052420727
341687.1702422018
341718.1852422307
341928.91024242697
341954.02524245036
342071.81024256005
342109.72024259536
342142.79524262616
342416.90524288145
342640.3152430895
342689.42524313525
342781.6902432212
342906.3602433373
343049.54024347063
343069.74524348945
343180.2052435923
343206.3802436167
343459.1052438521
343758.7202441311
343908.66024427075
344117.7802444655
344152.09524449747
344320.9452446547
344849.47524514695
345179.9252454547
345227.2452454988
345258.45024552784
345361.11024562345
345416.49524567503
345522.1202457734
345562.2602458108
345915.6202461399
346048.18524626334
346078.78024629183
346193.4202463986
346243.3202464451
346320.2502465167
346498.40024668264
346611.3252467878
346653.0052468266
346752.25024691905
346881.3502470393
346917.4152470729
347041.4302471884
347157.6702472966
347293.86524742347
347328.54024745576
347433.65024755365
347601.6202477101
347741.14524784003
347831.8152479245
347856.26524794725
347976.3902480591
348120.8902481937
348274.0202483363
348393.1152484472
348542.8902485867
348747.200248777
348798.720248825
348828.41524885263
348915.96524893417
349099.02024910465
349245.5452492411
349466.595249447
349515.09024949215
349633.4702496024
349678.28524964413
349784.7502497433
349922.14524987125
349986.58024993126
