86.4049999999939
214.5049999998774
592.8449999995333
638.9099999994914
963.1549999991965
1038.0249999994473
1193.0950000028322
1264.7150000043955
1354.760000006361
1429.9150000080015
1621.250000012178
1922.5100000187538
1969.1200000197712
2351.990000028128
2685.7000000354124
2786.510000037613
3222.7300000471346
3385.3250000506837
3500.875000053206
3607.205000055527
3728.4500000581734
3769.3750000590667
3926.895000062505
4126.325000066858
4178.380000067994
4343.480000071598
4536.405000075809
4663.995000078594
4774.945000081016
4939.410000084606
5083.02500008774
5304.805000092581
5393.715000094522
5694.570000101089
5837.945000104219
6306.365000114443
6343.595000115256
6590.980000120656
6633.620000121587
6665.84000012229
6806.180000125353
6843.020000126157
6893.5600001272605
6929.760000128051
7135.970000132552
7187.66000013368
7215.115000134279
7232.405000134657
7336.3400001369255
7370.210000137665
7431.745000139008
7476.315000139981
7701.845000144904
8163.110000154972
8273.48000014256
8304.075000137662
8340.860000131774
8363.640000128127
8459.920000112716
8508.645000104916
8779.675000061532
8986.985000028348
9145.185000003024
9355.67999996933
9414.479999959918
9446.499999954793
9574.634999934282
9661.524999920373
9727.834999909759
9872.559999886593
9921.519999878756
10104.044999849539
10258.294999824848
10355.024999809364
10461.264999792358
10490.754999787638
10597.734999770513
10663.904999759921
10950.794999713999
11011.649999704257
11133.109999684815
11168.884999679089
11197.919999674441
11295.719999658786
11756.854999584972
11877.884999565598
12101.58999952979
12213.709999511842
12394.004999482982
12567.764999455168
13068.264999375053
13105.414999369106
13174.41999935806
13416.784999319265
13563.319999295809
13608.999999288497
13738.04499926784
13797.439999258333
13908.754999240515
14006.719999224833
14048.299999218178
14135.389999204237
14173.654999198112
14497.859999146216
14540.06999913946
14617.329999127092
14692.724999115024
14714.04999911161
14814.479999095534
14843.734999090851
14971.284999070434
15078.464999053278
15251.214999025626
15282.784999020572
15315.929999015267
15350.239999009775
15375.0699990058
15499.754998985842
15554.229998977122
15652.844998961336
15725.41999894972
15794.704998938629
15989.459998907454
16163.03499887967
16317.604998854928
16421.99999885204
16461.71499886013
16783.41999892567
16890.86499894756
17240.369999018763
17281.7899990272
17367.419999044647
17626.94999909752
17697.074999111806
17731.969999118915
18067.48499918727
18231.119999220606
18507.954999277004
18562.499999288117
18583.684999292433
18619.379999299705
18663.804999308755
18714.68499931912
18782.104999332856
18858.8999993485
19022.064999381742
19319.964999442433
19367.869999452192
19406.39999946004
19433.129999465487
19558.89999949111
19592.37999949793
19651.119999509898
19672.569999514268
19817.18999954373
19874.979999555504
19945.584999569888
20059.18499959303
20117.809999604975
20265.37999963504
20327.604999647716
20506.269999684115
21099.179999804906
21141.55499981354
21169.29999981919
21206.114999826692
21327.09999985134
21430.654999872437
21514.689999889557
21876.779999963324
21942.749999976764
22076.270000003966
22343.275000058362
22438.560000077774
22535.63000009755
22891.915000170135
22946.08000018117
23066.115000205624
23102.985000213135
23130.035000218646
23240.615000241174
23343.105000262054
23472.045000288323
23552.750000304764
23637.920000322116
23785.24500035213
23948.955000385482
24190.670000434726
24294.740000455928
24329.760000463062
24363.13500046986
24399.93500047736
24446.72500048689
24692.475000536957
24717.300000542014
25036.940000607134
25096.95500061936
25308.040000662364
25373.320000675663
25489.965000699427
25576.940000717146
25649.56000073194
25848.765000772524
26192.665000842586
26328.45000087025
26365.200000877736
26402.095000885252
26766.45000095948
26929.000000992597
26973.015001001564
27140.51500103569
27487.740001106427
27604.605001130236
27630.460001135503
27696.295001148916
27765.985001163113
28156.00500124257
28180.365001247534
28469.3100013064
28495.695001311775
28573.08500132754
28630.275001339192
28727.860001359073
28959.515001406267
29026.53000141992
29384.400001492828
29456.27000150747
29544.255001525395
29816.26000158081
29909.450001599795
30023.030001622934
30087.930001636156
30109.910001640634
30159.845001650807
30278.270001674933
30354.990001690563
30408.905001701547
30704.36500176174
31145.455001851602
31167.83000185616
31360.10000189533
31502.49500192434
31654.230001955253
31712.590001967143
31802.125001985383
31876.67000200057
31922.060002009817
32147.32500205571
32483.90000212428
32536.71500213504
32633.640002154785
32765.50500218165
32808.24500216107
33186.48500196292
33267.54500192046
33336.84000188416
33513.73500179149
33773.725001655286
33812.10000163518
33960.70500155733
34037.91000151689
34120.740001473496
34183.87500144042
34323.09500136749
34531.97500125806
34577.83500123404
34821.55000110636
35002.105001011776
35053.62000098479
35125.095000947345
35177.02500092014
35494.995000753566
35754.1600006178
35772.865000608
35821.12500058272
35858.53500056312
35934.56000052329
36154.73500040795
36213.49500037717
36251.370000357325
36293.35500033533
36321.235000320725
36398.050000280484
36674.435000135694
36721.050000111274
36749.030000096616
36803.415000068126
37337.16999978851
37403.55499975373
37469.209999719336
37541.234999681605
37645.094999627196
37878.63499950485
38124.759999375914
38294.59499928694
38408.32499922736
38462.459999199
38485.90499918672
38514.36999917181
38616.39499911836
38642.13499910488
38727.179999060325
38811.13499901634
38852.73999899455
38942.384998947586
39116.914998856155
39379.90499871838
39574.61999861638
39645.35999857932
39824.2549984856
39853.85999847009
39929.524998430454
40034.06499837569
40094.469998344044
40198.13499828974
40226.269998275
40311.279998230464
40371.67999819882
40506.66499812811
40931.96499790531
41025.464997856325
41389.16499766579
41458.90999762926
41820.00999744009
42122.11999728182
42245.22499721733
42425.95999712265
42737.80499695928
42830.229996910864
42927.77999685976
43076.184996782016
43266.02999668256
43428.13999659764
43487.05999656677
43533.36999654251
43707.549996451264
43803.64999640092
43944.514996327125
44004.969996295455
44152.259996218294
44259.899996161905
44340.30499611978
44519.82499602574
44569.50999599971
44625.03999597062
44674.294995944816
44804.8899958764
44913.209995819656
45070.54499573723
45108.76499571721
45144.21499569864
45210.61999566385
45329.16499560175
45547.014995487625
45588.169995466065
45633.02499544257
45693.24499541102
46088.36499520403
46115.18499518998
46271.2899951082
46381.6199950504
46414.2699950333
46550.259994962056
46680.39499489388
46755.07499485476
47003.02499472487
47086.179994681304
47204.38499461938
47272.51499458369
47419.57499450665
47445.34499449315
47743.634994336884
47945.47499423115
48249.62499407181
48321.639994034085
48385.04999400087
48502.9549939391
48681.674993845474
48943.60499370826
48970.32999369426
49047.564993653796
49318.00499351212
49355.04499349272
49584.514993372504
49656.4899933348
49678.70999332316
49715.73999330376
49830.71499324353
49915.624993199046
50092.94999310615
50178.33499306142
50227.98999303541
50264.33499301637
50296.46999299953
50423.48999293299
50523.89999288039
51023.879992618466
51127.78499256403
51224.50999251336
51319.62999246353
51440.3349924003
51493.7799923723
51727.70999224975
51786.69499221885
51824.11499219925
52013.594992099985
52241.15499198077
52350.99499192323
52434.29499187959
52525.16499183199
52583.02499180168
52680.84499175043
52725.78499172689
52880.72999164572
53084.02499153922
53158.62499150014
53250.10999145221
53338.47999140592
53524.4449913085
53784.15499117244
54019.72999104903
54224.259990941886
54418.739990840004
54789.96499064553
55172.189990445295
55337.52999035868
55382.32999033521
55502.90999027204
55663.7149901878
55786.60499012342
55822.26999010474
56022.40498999989
56092.69998996307
56512.084989743365
56613.254989690366
56724.829989631915
56911.07498953435
57080.6749894455
57273.04498934472
57508.96498922113
57685.95998912841
57815.95498906031
58050.14998893762
58454.4849887258
58708.97998859248
58854.42998851628
58974.22498845353
59119.18498837759
59149.79998836155
59181.04498834518
59226.23498832151
59295.584988285176
59333.9049882651
59390.90498823524
59559.334988147006
59609.49498812073
59795.43498802332
59831.60998800437
59929.964987952844
59971.29998793119
60256.38998778184
60568.444987618364
60663.009987568825
60840.914987475626
60971.22498740736
61018.37998738266
61446.22498715852
61494.27998713335
61525.00998711725
61864.53498693938
62053.15998684057
62294.944986713905
62353.939986683
62416.46998665024
62650.509986527635
62694.2849865047
63128.51498627722
63164.914986258154
63290.0549861926
63537.78998606282
63661.54998599798
63734.73998595964
63776.37998593783
63916.08498586464
64042.98498579816
64312.034985657214
64410.704985605524
64474.62498557204
64516.48498555011
64633.84498548863
64688.34498546008
64814.45498539401
65100.10498524437
65278.38998515097
65619.55498509383
65678.27498514851
65813.47998527443
66085.27998552757
66226.35498565895
66342.10998576676
66401.81998582237
66458.44998587511
66490.42998590489
66657.27998606028
66724.03498612245
66901.44998628768
66961.1749863433
66985.24498636572
67013.97998639249
67175.53498654295
67480.01498682651
67539.33998688177
67785.53998711106
67857.08498717769
67920.4549872367
68268.90498756123
68486.56998776394
68679.6849879438
68942.30498818838
69107.05498834181
69136.29498836905
69250.47998847539
69288.94498851121
69524.43998873053
69644.42998884228
69669.90498886601
69761.72498895152
69907.86998908763
70105.65498927183
70145.09498930856
70445.0249895879
70477.10998961778
70709.76998983446
70855.07998996979
71025.23999012826
71124.86499022105
71289.03999037395
71471.82499054418
71661.59499072091
71712.44999076828
71739.78499079373
71766.82499081892
71818.61499086715
71847.88999089441
71917.59499095933
71943.23999098322
72072.31499110343
72195.77499121841
72247.06999126618
72351.60499136354
72453.21999145817
72596.77999159187
72642.57999163453
72734.71999172034
72867.72499184421
72960.8099919309
72991.69999195967
73139.07999209693
73208.65499216173
73249.3249921996
73401.64499234146
73430.97999236878
73586.22999251337
73636.25499255996
73686.98999260721
73873.94999278133
73902.03999280749
74031.35499292793
74123.07499301335
74409.0699932797
74436.02999330481
74508.07999337191
74706.33499355655
74920.15999375569
75148.89999396872
75181.2999939989
75224.7899940394
75317.82499412604
75431.07999423152
75467.53499426547
75574.0799943647
75649.0249944345
75790.02999456582
75816.82999459078
75926.62999469304
75962.76499472669
76216.0749949626
76460.8899951906
76516.31499524222
76643.16499536036
76749.25499545917
76802.13499550842
76835.1899955392
76945.48999564192
77242.32999591838
77324.4899959949
77655.49499630317
77692.0399963372
77854.71999648871
78015.29999663826
78110.97999672737
78327.37999692891
78368.90999696759
78617.66999719926
78715.38499729027
78895.03999745758
79117.76999766502
79164.6749977087
79239.48499777837
79401.94499792968
79451.82999797614
79526.70999804587
79670.71999818
79749.03499825293
79798.40999829891
79839.02499833674
79893.32499838731
80012.41499849822
80128.17999860604
80650.06999909208
80678.41999911849
80696.40999913524
80814.72999924544
81024.73499944102
81062.98499947664
81270.12499966956
81306.41499970335
81368.44499976112
81478.11499986326
81572.02499995072
81877.4800002352
82022.0000003698
82172.63000051008
82273.75000060425
82824.32000111701
83625.1050018628
83661.06500189629
83867.89500208892
84005.67500221723
84239.8200024353
84377.50000256352
84418.18500260141
84669.67000283563
84721.58500288398
84803.19000295998
85114.78000325017
85415.29500353005
85499.99000360892
85555.6900036608
85623.70000372414
85672.2950037694
85707.10500380181
86043.53000411513
86298.88500435295
86470.76000451302
86518.11500455713
86691.03000471817
86868.44000488339
86946.01000495563
87014.45500501938
87117.19500511506
87157.56000515266
87456.27000543085
87571.49500553816
87945.05500588607
87978.10500591685
88182.18500610691
88317.55000623298
88395.50500630558
88847.61000672664
88946.15500681842
88991.75000686088
89096.1400069581
89226.11500707915
89441.63000727986
89527.23500735959
89724.37500754319
89757.28000757383
89851.17500766128
89923.11000772828
89970.41000777233
90114.78000790678
90165.56500795408
90425.98500819661
90559.94500832137
90628.22500838496
90651.26500840642
90690.10000844259
90776.09500852268
90817.65000856138
90845.62000858743
90945.64000868058
91307.10500901722
91774.90000945289
92041.78500970145
92357.80000999576
92695.4300103102
92772.44501038193
92820.0950104263
93282.04501085653
93321.55501089332
93348.88001091877
93490.31001105049
93617.6600111691
93671.87501121958
93740.0700112831
93859.16501139401
94166.73501168046
94269.08001177578
94415.69001191232
94586.87501207175
94710.66001218703
94932.97001239407
95303.31501273898
95339.9500127731
95463.18001288787
95518.15501293907
95589.90501300589
95648.78001306072
95745.01001315034
95861.1500132585
96123.23001350259
96268.48501363787
96405.59501376556
96536.14501388714
96935.13001425873
97113.94501442526
97325.70001462247
97476.56501476298
97774.61001504055
97855.11501511553
97966.88001521962
98231.77001546632
98365.91501559125
98429.26001565024
98620.48001582833
98653.58001585916
99001.9400161836
99197.93001636612
99238.88001640426
99287.3400164494
99370.28001652664
99524.34501667012
99600.28501674085
99738.51501686958
99779.73001690797
99918.32501703704
100084.12001719145
100180.34501728107
100396.43001748231
100421.91001750604
100471.91001755261
100773.47501783347
101160.2750181937
101672.11001867038
101899.09001888178
102017.05001899163
102063.46001903486
102095.58501906478
102226.9250191871
102263.89001922152
102328.9400192821
102564.48501950147
102687.70001961623
102876.2200197918
102914.27001982724
102948.72001985932
102992.3000198999
103107.14502000686
103137.8850200355
103168.66002006416
103257.22002014663
103281.04502016882
103605.79502047127
103711.94502057013
103745.03002060094
103803.16502065508
103890.36002073629
104071.10002090462
104137.68002096663
104178.59002100473
104271.62502109137
104443.87502125179
104523.25002132572
104579.08002137771
104708.69002149842
104840.22502162092
105026.40502179431
105195.68502195197
105357.48002210265
105476.66502221365
105520.51002225449
105568.14502229885
105834.77502254717
105990.65502269234
106089.03502278397
106271.25502295367
106469.59002313839
106630.93002328865
106706.25002335879
106959.16502359434
107013.62502364506
107477.87002407742
107653.09502424061
107697.23002428171
107815.02002439142
107847.55002442171
108010.14002457313
108281.87502482621
108398.5850249349
108506.55502503546
108645.2200251646
108724.035025238
108869.88002537383
109063.74502555438
109127.71502561396
109193.87502567557
109740.61502618477
109829.50002626755
109882.54002631694
110333.12002673658
110479.41502687283
110519.98502691061
110852.28002722008
111194.67502753896
111478.17002780299
111525.68502784724
111618.32002793351
111703.15002801252
111862.39502816083
112042.90502832894
112069.07002835331
112161.27002843918
112294.00002856279
112384.2050286468
112456.71002871433
112699.7850289407
112800.11002903414
112931.40502915642
113346.41502954293
113494.29502968065
113611.86502979015
113660.6750298356
113706.57502987835
113968.26003012207
114215.19003035204
114339.76003046805
114448.24503056909
114858.04503095074
114972.82503105764
115072.35503115033
115102.10003117804
115235.33003130212
115304.5650313666
115501.1700315497
115554.16003159905
115588.37003163091
115682.00503171812
115725.98503175908
116101.74503210903
116142.74003214721
116313.06503230584
116472.99003245478
116776.32003273728
116881.44503283518
116935.2550328853
117273.02003319986
117350.57503327209
117393.9600333125
117619.80503352283
117684.54003358312
117717.3800336137
118024.34503389959
118137.29003400478
118235.57503409631
118302.11503415828
118584.4250344212
118629.96003446361
118690.0700345196
118895.45503471087
119229.88503502234
119336.19003512134
119434.88003521325
119466.62003524281
119584.53003535263
119610.09503537643
119684.44003544567
119822.30003557407
120355.7750360709
120469.06503617641
120694.12003638601
120747.45003643568
120810.19503649411
120959.78003663343
121277.86003692966
121436.54003707744
121491.00003712816
121614.53503724321
121647.4900372739
121683.9900373079
121840.62003745377
121995.65003759816
122386.66503796232
122420.26503799361
122566.03503812937
122747.07503829797
122776.49503832537
122917.26003845647
122997.47003853117
123081.63503860956
123366.3350388747
123477.87503897859
123719.60503920371
123774.19003925455
123977.610039444
124035.65003949805
124123.35003957973
124157.80003961182
124227.27003967651
124262.29003970913
124682.11504010012
124711.34504012734
124745.8800401595
124853.49504025973
124948.10504034784
124985.57004038274
125138.40004052507
125237.105040617
125326.8800407006
125512.08004087309
125589.300040945
125650.57004100207
125990.80504131893
126036.63004136161
126062.64504138584
126179.97504149511
126221.11504153343
126417.39504171623
126480.27504177479
126581.02004186861
126718.88504199701
126758.72504203412
126831.9450421023
126961.37004222284
127019.36004227685
127215.33004245936
127324.41004256095
127429.54004265886
127457.45004268485
127618.4550428348
127644.26504285884
127768.95504297497
127834.12004303565
127869.72504306881
127897.70504309487
128146.21504332632
128213.4150433889
128261.91504343407
128487.0100436437
128522.15004367643
128555.02504370705
128632.09004377882
128670.0700438142
128732.26004387211
128764.345043902
128853.85504398536
129008.76004412962
129057.25004417478
129100.25004421483
129319.28504441882
129414.55004450754
129653.92004473048
129726.47004479804
129758.7400448281
130103.91504514957
130364.18004539196
130419.9500454439
130617.03004562744
130788.0300457867
130893.86504588526
131099.755046077
131504.7550464542
131819.4600467473
131917.45504683856
131992.5650469085
132112.79504702048
132146.4150470518
132205.71504710702
132575.53504745144
132702.03504756925
132727.03004759253
132832.46504769073
133357.87504818005
133427.64004824503
133735.4550485317
133774.440048568
133842.89004863176
134113.4250488837
134711.64004944084
135277.83504996815
135527.35505020054
135596.52005026495
135916.1100505626
136043.1300506809
136269.22005089145
136335.6400509533
136509.98505111568
136572.2750511737
136627.9000512255
137039.20005160855
137135.63505169837
137165.9550517266
137526.38505206228
137740.76505226194
137845.06505235907
137915.7500524249
137949.6800524565
138103.6400525999
138195.020052685
138309.86005279195
138647.80505310668
138812.78005326033
138959.2050533967
139386.6650537948
139683.38505407114
139936.48005430686
140137.13505449373
140279.21505462605
140370.7600547113
140415.9600547534
140444.99005478044
140536.9500548661
140621.690054945
140801.26005511225
140841.4800551497
140912.08005521545
140972.92505527212
141028.29005532368
141331.27505560586
141382.60505565366
141440.7250557078
141659.96005591197
141725.19005597272
141898.365056134
142956.005057119
142997.46505715762
143180.49505732808
143414.8050575463
143438.80505756865
143489.07505761547
143706.73005781817
143838.76005794114
143946.9450580419
144160.9600582412
144350.51505841775
144578.39005862997
144619.5550586683
144664.9600587106
144696.4200587399
145003.47505902586
145104.9900591204
145178.7550591891
145363.47505936114
145444.8150594369
145491.9750594808
145527.70005951409
145960.89505991753
146145.08006008907
146180.2250601218
146242.15506017947
146306.98006023985
146425.45006035018
146747.0600606497
146806.2150607048
146972.0050608592
147104.950060983
147185.55006105808
147241.37006111006
147379.85006123903
147641.1500614824
147674.3450615133
147878.015061703
147943.8500617643
148022.14506183722
148073.96006188547
148113.67006192246
148193.8200619971
148255.05506205413
148525.03006230557
148566.290062344
148618.23506239237
148714.96006248245
148814.9850625756
148870.22506262705
149066.95006281027
149113.910062854
149274.40006300347
149412.3100631319
149649.10006335244
149887.49006357446
150049.7950637256
150108.26506378007
150158.7650638271
150261.02006392233
150387.88006404048
150493.50006413885
150615.68006425264
150650.9700642855
150719.23006434907
151096.7950647007
151220.00506481546
151615.1750651835
151755.37506531406
151910.75006545876
152196.02006572444
152402.61506591685
152446.4700659577
152490.65006599884
152555.19506605895
152581.41006608336
152698.95006619283
152826.920066312
153012.58006648492
153176.5300666376
153225.82506668352
153262.36006671755
153303.4400667558
153381.0550668281
153455.65506689757
153647.27006707602
153769.5450671899
153852.42006726708
153965.80006737268
154001.3500674058
154083.64006748243
154164.83506755804
154224.6950676138
154258.0950676449
154304.51006768813
154851.8850681979
155042.74506837566
155172.03006849607
155249.28506856802
155539.23006883805
155573.6300688701
155678.09506896738
155713.5550690004
155804.78006908536
155944.3950692154
155983.88506925217
156075.9300693379
156163.10006941907
156198.84006945236
156259.70006950904
156392.2700696325
156556.83006978576
156709.70506992814
156824.2250700348
156912.44507011696
156948.63007015066
157042.0900702377
157114.71007030533
157246.93007042847
157307.7500704851
157373.75007054658
157591.80507074966
157725.5200708742
157764.57007091056
157996.47007112653
158065.21507119056
158115.26507123717
158165.58007128403
158199.1450713153
158273.63007138466
158418.91007151996
158447.23507154634
158659.45507174399
158839.7400719119
158883.0350719522
158922.4400719889
158949.7000720143
158980.02007204253
159523.99007254915
159613.9300726329
159673.23007268814
159729.8700727409
159781.60007278906
159931.37007292855
159968.38007296302
160074.5700730619
160218.90507319634
160349.7450733182
160493.57507345214
160708.46507365227
160771.97507371142
160823.89007375977
161066.93007398612
161132.7350740474
161173.70507408556
161211.3300741206
161290.15507419402
161418.20007431327
161690.47507456684
161761.33007463283
161904.76507476642
162137.34007498302
162329.47507516196
162560.31507537694
162788.2300755892
162870.695075666
163044.14007582754
163200.8750759735
163239.4100760094
163338.14507610135
163357.44507611933
163617.71007636172
163769.92007650348
164076.45507678896
164184.14007688925
164240.61007694184
164349.17007704295
164492.97007717687
164668.59507734043
164933.07507758675
165376.95007800014
165448.65007806692
165519.66007813305
165656.37007826037
165741.07507833926
165773.53007836948
165863.80007845355
165914.79007850104
166068.15007864387
166167.95507873682
166286.27507884701
166491.50507903815
166717.85007924895
166872.17007939267
166980.92007949395
167014.55507952528
167365.33007985196
167697.5900801614
167754.89008021477
167788.67508024623
167818.5850802741
167887.0000803378
168218.47508064652
168381.74008079857
168429.63008084317
168583.2150809862
168833.42008121923
168902.6500812837
168927.60008130694
169059.79508143006
169305.3100816587
169359.43508170912
169421.28008176672
169474.79508181656
169564.25008189987
169640.82008197118
169886.54508220003
169980.33508228738
170049.38508235168
170868.975083115
170918.9200831615
170942.8500831838
171189.22008341324
171246.88008346694
171387.7200835981
171414.9850836235
171509.49508371152
171631.04508382472
171713.0500839011
171806.10508398776
171878.13508405484
171907.28008408198
171993.5250841623
172057.625084222
172081.26508424402
172135.4650842945
172257.0300844077
172283.78508443263
172352.21508449636
172463.95008460042
172501.1850846351
172608.58008473512
172657.7400847809
172775.49508489057
172918.14508502343
173178.7300852661
173479.38508554612
173912.9500859499
174058.57008608553
174106.49008613016
174711.97008669405
174800.62508677662
174842.89008681598
174909.21008687775
175019.71508698066
175114.07008706854
175324.50008726452
175357.81008729554
175427.53008736047
175954.04508785083
176047.88008793822
176100.33508798707
176230.25008810806
176784.47508862423
176812.7800886506
176925.39508875547
177071.93008889194
177242.6250890509
177275.7900890818
177312.92008911638
177401.4300891988
177537.64008932567
177651.7100894319
177768.08508954028
177974.5950897326
178168.11008991284
178347.3950900798
178371.20509010198
178641.86509035405
178681.36009039084
179079.60509076173
179539.40509118995
179657.69009130012
179818.28509144968
179907.57009153283
180037.53509165387
180116.35509172728
180164.42509177205
180197.08509180247
180243.23009184544
180276.49509187642
180384.62009197712
180422.20509201213
181007.96009255765
181061.3750926074
181121.8400926637
181164.48009270342
181194.22509273113
181338.6200928656
181371.61509289633
181456.6350929755
181856.55009334796
181920.19009340723
182089.32509356475
182152.64009362372
182408.42509386194
182524.22509396978
182614.4300940538
182683.73009411833
182778.930094207
182941.62509435852
183116.71009452158
183183.8350945841
183282.56509467604
183334.8200947247
183460.770094842
183717.00509508065
183756.5600951175
183784.2650951433
183822.20509517862
183930.33009527932
183964.71009531134
184110.14009544678
184189.6200955208
184225.29009555402
184251.4750955784
184334.9050956561
184395.0300957121
184439.1600957532
184581.5250958858
184819.75509610766
184887.57509617083
185064.54509633564
185194.1050964563
185321.9950965754
185422.46509666898
185536.7400967754
185601.4650968357
185711.59009693825
185772.45509699493
185838.47009705642
185869.20509708504
186067.24009726947
186126.7400973249
186180.0150973745
186308.07009749376
186353.80009753635
186466.93509764172
186613.19009777793
186638.44509780145
186720.68009787804
187129.26509825856
187258.61509837903
187323.7500984397
187427.03009853588
187461.43509856792
187757.51509884367
187849.59509892942
188014.495099083
188097.96009916073
188258.22509931
188410.41509945173
188446.74509948556
188514.58009954874
188601.58009962976
188682.4700997051
188816.09509982954
189045.25510004297
189397.66010037117
189702.36510065495
189801.76510074752
189917.62010085542
189977.05010091077
190270.18010118377
190367.79510127468
190496.29010139435
190770.87010165007
190873.26510174543
190902.07510177227
191039.62510190037
191077.18010193534
191570.99010239524
191612.2801024337
191785.3801025949
191851.13010265614
191898.83010270057
192601.8551033553
192631.39510338282
192812.6251035516
192897.47010363062
192962.13510369085
193179.97010389372
193332.14510403544
193554.51010424254
193576.63510426314
193601.57010428637
193771.8051044449
193809.2551044798
193862.3051045292
193935.14010459703
194004.62010466174
194043.1301046976
194113.74510476337
194151.71510479873
194191.44510483573
194243.5851048843
194322.48010495777
194458.36510508432
194514.69510513678
194601.21510521736
194723.53510533128
194784.79510538833
195007.59510559583
195134.0401057136
195626.59510617232
195737.78010627587
195851.78510638204
195920.65010644618
195965.81510648824
196102.80010661582
196150.38510666013
196227.82010673225
196261.2501067634
196415.40010690695
196449.66010693886
196488.81510697532
196546.49010702904
196572.91510705365
196633.25510710984
196870.88510733115
196990.48010744253
197164.63510760473
197299.8001077306
197664.98510807072
197756.05510815553
197808.12010820402
197834.945108229
197991.53510837484
198079.48510845675
198160.64510853234
198271.0851086352
198341.760108701
198472.26010882255
198611.75010895246
198864.62510918797
199067.4801093769
199115.97010942205
199444.53510972805
199669.3251099374
199777.2201100379
199840.94511009724
199870.16511012445
200067.93011030863
200144.8801103803
200216.95011044742
200262.75511049008
200405.73011062323
200496.40511070768
200526.9301107361
200569.5551107758
200902.35511108575
200960.69011114008
201108.73011127795
201288.70511144557
201503.65011164575
201667.04011179792
201735.16511186137
201783.96511190681
202204.91511229886
202243.57511233486
202346.93011243112
202437.92511251586
202495.46511256945
202521.46011259366
202684.7001127457
202929.56011297373
203086.96011312032
203294.34011331346
203383.44511339645
203433.93011344346
203544.3401135463
203775.44511376153
203835.7651138177
203877.98511385702
204016.465113986
204168.8251141279
204227.05511418212
204289.3051142401
204502.18511443835
204558.88511449116
205314.8351151952
205355.39011523296
205770.70011561975
205806.31511565292
205883.52011572482
205961.86011579778
206053.71011588332
206100.85511592723
206296.4701161094
206406.05511621147
206599.1501163913
206962.20511672943
207098.71011685656
207190.18511694175
207416.3801171524
207570.62511729606
207649.51511736953
207690.20511740743
207767.51011747943
207864.03511756932
208183.2351178666
208213.1901178945
208320.49511799443
208406.19011807424
208464.3451181284
208520.87511818105
208609.88011826394
209084.2051187057
209204.92011881812
209245.3851188558
209293.43511890055
209345.11011894868
209519.27011911088
209639.9851192233
209736.44011931313
209838.07011940778
209890.64511945675
209933.9751194971
209984.40511954407
210075.23511962866
210177.8151197242
210372.54011990555
210415.99511994602
210457.58011998475
210556.87012007722
210815.33512031793
211196.8051206732
211323.30512079102
211366.70012083143
211474.22012093157
211571.34012102202
211871.3101213014
211930.8001213568
212083.6101214991
212257.36012166092
212288.9001216903
212449.61012183997
212490.15512187773
212573.04512195493
212603.3051219831
212742.5701221128
212776.9151221448
212932.69512228988
212979.68012233364
213006.42012235854
213044.03512239357
213085.44012243213
213372.5101226995
213470.27512279054
213527.39512284374
213613.60512292403
213850.21012314438
214027.46012330946
214178.7001234503
214237.44512350502
214509.95512375882
214700.9451239367
214973.66512419068
215017.98512423196
215131.81512433797
215163.4251243674
215283.75012447947
215314.51512450812
215433.11012461857
215601.065124775
215706.43512487313
215727.30012489256
215890.86012504488
216052.40012519533
216113.96512525267
216316.88512544165
216365.575125487
216418.16512553598
216452.4501255679
216509.00512562058
216537.41512564704
216587.89512569405
216733.53012582968
216798.06512588979
217021.99012609833
217198.19512626244
217293.6051263513
217454.86012650147
217495.94012653973
217542.43012658303
217737.00012676424
217846.9001268666
218233.6801272268
218465.1851274424
218491.8151274672
218637.66512760305
218677.92512764054
218854.78012780525
219060.2301279966
219112.92512804567
219159.2401280888
219186.4201281141
219324.07512824232
219369.00012828415
219475.74512838357
219612.560128511
219717.74512860895
219770.5301286581
220331.49512918055
220477.40012931643
220574.69012940704
220639.33512946725
220717.29512953985
220739.75012956077
220862.7251296753
221322.65013010363
221445.48013021803
221740.0951304924
221806.85013055458
221840.08013058553
221990.2701307254
222458.05013116106
222631.25513132237
222658.07013134734
222741.50013142504
222853.46513152932
222992.86013165914
223036.38013169967
223073.63013173436
223115.18513177306
223178.9001318324
223342.9801319852
223599.02013222367
223695.61513231363
223922.08013252454
224084.23513267556
224325.04013289983
224360.48513293284
224555.46013311442
224582.41013313952
224696.01513324532
224983.25513351284
225218.56013373198
225468.10013396438
225507.2151340008
225727.24013420573
225810.5251342833
225883.63513435138
226068.2301345233
226198.75013464486
226285.05013472523
226357.98513479315
226480.71013490745
226626.45013504318
226754.62513516255
227035.49513542413
227123.81013550638
227238.15513561288
227292.2951356633
227678.50513602298
227775.76013611356
227861.8151361937
228013.33513633482
228221.98013652914
228273.50013657712
228333.48013663298
228512.9351368001
228680.27013695595
228743.62513701495
228764.11513703404
228937.43513719545
229064.12013731344
229147.5101373911
229195.5001374358
229267.20513750258
229362.19513759104
229448.72013767163
229538.86513775558
229578.86013779283
229604.95513781713
229646.8051378561
229703.9201379093
229777.50513797783
229818.76513801626
229947.41013813607
230264.68013843155
230415.03513857158
230522.6601386718
230584.74013872963
230719.38513885502
231151.05013925704
231241.6151393414
231414.45013950235
231448.19513953378
231820.53513988055
231988.57514003705
232114.8001401546
232255.4551402856
232322.7801403483
232533.64014054468
232595.75514060253
232804.52014079696
232882.32514086942
233090.10014106293
233163.6201411314
233372.2451413257
233462.60514140985
233580.64014151978
233628.74514156458
233677.12514160963
233740.24514166842
233879.09014179773
233948.17514186207
234103.87514200708
234256.64014214935
234332.84014222032
234405.0701422876
234729.4651425897
234790.2401426463
234836.48514268937
234913.1851427608
235042.5501428813
235270.7401430938
235348.74014316645
235407.33514322102
235479.7001432884
235529.720143335
235580.86014338263
235700.08514349366
235761.07014355046
235807.46014359366
236015.66514378757
236042.8551438129
236074.9601438428
236260.59014401567
236424.73014416854
236475.52514421585
236575.0201443085
236623.3251443535
236708.00014443236
236898.33014460962
236924.35014463385
237060.58014476072
237584.0201452482
237631.6701452926
237728.17514538247
237821.92014546978
237883.92014552752
237957.58514559612
238123.75514575088
238317.13014593098
238403.64514601155
238476.64514607954
238545.88514614402
238577.48014617345
238707.62014629465
238866.4901464426
238913.14514648606
238940.94514651195
239259.66014680878
239336.51014688035
239447.2801469835
239821.3601473319
239885.18514739134
240005.14514750306
240096.47514758812
240167.1201476539
240350.47014782467
240421.10514789046
240519.54514798213
240569.77514802892
240874.99014831317
241149.5851485689
241272.43514868332
241354.49514875974
241455.31514885364
241521.87514891563
241567.18514895783
241679.22514906217
241841.77514921356
242078.9101494344
242127.86514948
242313.34014965274
242365.53014970134
242431.69014976296
242535.4701498596
242581.06514990208
242716.14515002788
242957.1101502523
243314.08515058475
243450.23015071155
243640.61515088886
243821.7951510576
244103.9901513204
244255.63515146164
244436.15515162976
244576.8701517608
244659.16515183746
244810.32515197824
245015.44015216926
245274.19015241024
245347.74015247874
245379.150152508
245445.73515257
245559.72515267617
245704.7001528112
245820.94015291944
246083.6301531641
246118.2101531963
246313.13515337784
246346.7151534091
246474.6801535283
246762.40015379625
246808.36515383905
246919.6451539427
247040.5701540553
247107.4551541176
247130.81015413936
247402.12515439204
247502.76015448576
247556.65015453595
247634.21015460818
247657.55515462992
247773.96015473834
247876.65015483397
247922.58515487675
247999.35515494825
248068.79515501292
248125.1551550654
248167.0301551044
248231.74015516468
248511.250155425
248724.35515562346
248788.54515568324
249053.58515593008
249185.580156053
249383.9001562377
249474.45015632204
249535.3801563788
249562.445156404
249798.3501566237
250006.3501568174
250164.59015696478
250241.11515703605
250344.145157132
250565.15515733784
250608.1651573779
250804.48515756073
251090.23515782686
251123.51515785785
251807.94015849527
251869.6051585527
251898.63515857974
251982.21015865757
252096.0551587636
252155.26515881874
252412.84515905863
252584.63515921863
252603.80515923648
252644.66515927453
252904.4601595165
252952.60015956132
253354.99015993607
253647.0901602081
254027.36516056227
254069.11516060116
254102.36016063212
254234.9551607556
254277.17516079493
254346.5251608595
254413.70016092208
254694.48516118358
254850.28016132867
254880.33516135666
255003.04516147095
255137.325161596
255379.11016182118
255491.84016192617
255660.9801620837
255699.1051621192
255892.82516229962
255934.71516233863
255959.42016236164
255988.30516238854
256365.84516274015
256705.98016305693
256745.6851630939
256836.77016317873
256897.87016323564
257054.42016338144
257135.38016345684
257336.09516364377
257526.390163821
257647.54516393383
257854.61016412667
257915.07516418298
257992.13016425475
258127.52516438084
258194.3801644431
258578.48516480083
258641.77516485978
258717.34016493015
258865.51016506815
259001.11516519444
259135.10016531922
259366.76016553497
259440.4351656036
259557.44016571256
259617.4151657684
259710.395165855
259864.00516599807
260269.44016637566
260506.32016659627
260575.14016666036
260699.6151667763
260798.03016686795
260906.39516696887
261038.66016709205
261146.22016719222
261256.43016729486
261289.84016732598
261709.33016771666
261757.74516776175
261973.65016796283
262059.65516804293
262096.6651680774
262151.68516812864
262200.0851681737
262268.6851682376
262681.440168622
262760.63016869576
262815.39016874676
262893.23516881926
263133.2501690428
263280.7951691802
263349.305169244
263498.26016938273
263680.40516955237
263743.62516961124
263929.3451697842
264181.59017001913
264232.8551700669
264916.71517070377
264964.6051707484
265010.43017079105
265057.5401708349
265117.90017089114
265530.56017127546
265654.9601713913
265695.7601714293
265757.0801714864
265804.5001715306
265897.46017161716
266023.3701717344
266059.91517176846
266159.8001718615
266191.2751718908
266226.44017192355
266309.13017200056
266805.9101724632
266842.90017249767
267146.23017278017
267276.56517290155
267557.58017316327
267610.8751732129
267688.87017328554
268439.4901739846
268895.14017440897
269029.75517453434
269237.4901747278
269400.11017487926
269747.24017520255
269929.9101753727
270022.4801754589
270101.02017553203
270431.5751758399
270665.30017605756
270741.55017612857
270800.5601761835
270941.5251763148
271129.24017648963
271201.1551765566
271323.04517667013
271757.3701770746
271812.06017712556
271839.7951771514
272045.92517734336
272179.49517746776
272303.5401775833
272414.7001776868
272529.2351777935
272575.7651778368
272678.6251779326
272721.7501779728
272931.9301781685
272993.17017822555
273194.2051784128
273229.4651784456
273294.47517850617
273446.4751786477
273501.28017869877
273574.6451787671
273610.56017880054
273648.7251788361
273742.42017892335
273788.17517896596
273881.79517905315
273986.36517915054
274132.5601792867
274256.2901794019
274318.05017945945
274510.845179639
274730.1001798432
274780.1351798898
274832.940179939
274914.96518001537
274960.4251800577
275027.57518012024
275179.0551802613
275219.67018029914
275267.89018034405
275308.7351803821
275407.49518047407
275462.205180525
275523.7351805823
275600.9251806542
275625.56518067716
275728.0451807726
275854.6051808905
275925.6051809566
275972.3951810002
276060.9851810827
276191.1701812039
276453.96018144867
276575.91518156225
276805.06518177566
276834.6301818032
276971.0851819303
277160.820182107
277199.22018214274
277543.7051824636
277792.9401826957
277839.0451827386
278198.25018307316
278260.5551831312
278319.420183186
278698.3601835389
278939.87018376385
279044.22018386103
279282.08018408256
279519.835184304
279580.7451843607
279603.0751843815
279895.80018465413
279949.31518470397
279997.28018474864
280114.42518485774
280176.09018491517
280360.8951850873
280440.33518516127
280478.97018519725
280516.0601852318
280592.3101853028
280645.2501853521
280696.71518540004
280760.41018545936
280830.0101855242
280946.27018563246
281110.3801857853
281151.2701858234
281182.71518585266
281539.0001861845
281924.4051865434
281969.09518658504
282000.0801866139
282122.14018672757
282169.0051867712
282451.87518703466
282654.7751872236
282710.33518727537
282791.80518735124
282953.3801875017
283098.3301876367
283152.39518768707
283230.95018776023
283590.3001880949
283699.4151881965
283947.6551884277
284007.07018848305
284056.7051885293
284319.75518877426
284388.0901888379
284436.6051888831
284599.66018903494
284648.61018908053
284787.3001892097
284882.16018929804
284929.0501893417
285130.95518952975
285211.80518960505
285314.6201897008
285354.8851897383
285412.59018979204
285550.6051899206
285839.3351901895
285913.27019025834
286032.3251903692
286068.6901904031
286105.0251904369
286131.955190462
286211.80519053637
286531.11519083375
286582.4651908816
286803.96519108786
286829.0351911112
287008.51519127836
287050.1251913171
287152.5251914125
287195.7851914528
287287.4101915381
287334.1401915816
287444.7351916846
287714.4351919358
287760.0751919783
288203.6501923914
288322.67019250226
288427.54019259993
288497.2101926648
288673.8401928293
288749.5301928998
288848.3051929918
289088.14519321517
289138.46519326203
289479.40519357956
289515.60019361327
289786.70019386575
289820.53519389726
289886.04519395827
289993.3251940582
290036.7251940986
290170.45519422315
290283.86019432876
290353.72519439383
290424.0001944593
290467.44519449974
290503.11519453296
290580.54019460507
290722.9351947377
290807.1151948161
290840.8251948475
290868.245194873
291282.9251952592
291675.9001956252
291738.54019568354
291833.80519577226
291875.25019581086
291964.6251958941
292068.8851959912
292496.19519638916
292987.19019684644
293082.02019693475
293115.53019696596
293198.94519704365
293291.66019713
293394.99519722624
293458.4051972853
293490.98519731563
293555.32019737555
293639.0401974535
293899.3201976959
294121.49519790284
294153.70519793284
294196.55519797275
294339.7651981061
294666.9251984108
294766.62019850366
294910.895198638
294976.1551986988
295307.7401990076
295334.1051990322
295369.2251990649
295411.17019910394
295762.8801994315
296150.9001997929
296273.49019990704
296319.9201999503
296803.3252004005
297128.5952007034
297163.18520073564
297376.4152009342
297458.5602010107
297680.4852012174
297821.4352013487
297887.87520141056
298033.1202015458
298289.97020178504
298402.8702018902
298490.97520197224
298553.24520203023
298749.7902022133
298805.5152022652
299063.73520250566
299241.63020267134
299264.3402026925
299353.5802027756
299494.2252029066
299554.10020296235
299579.31520298583
299639.48520304187
299697.10520309553
299743.6602031389
299886.6802032721
299917.24020330055
300024.5552034005
300262.02020362165
300601.31520393764
300634.05520396814
300677.4052040085
300767.080204092
300849.5152041688
300977.4052042879
301160.070204458
301197.57520449295
301510.98520478484
301664.5102049278
301729.7802049886
301791.8052050464
301925.7452051711
301980.21020522184
302122.8602053547
302292.68020551285
302335.795205553
302786.15020597243
303050.40020621853
303136.31020629854
303194.50520635274
303368.13520651445
303477.33520661615
303672.0452067975
303886.4802069972
303947.73020705424
304014.12520711607
304135.5952072292
304198.0002072873
304254.1202073396
304363.70520744164
304411.5602074862
305121.100208147
305368.4602083774
305473.98020847567
305858.57520883385
305898.93520887144
305957.7252089262
305991.31020895747
306019.73020898394
306146.8202091023
306591.3452095163
306707.4502096244
306937.2202098384
306994.6602098919
307068.1802099604
307100.02520999004
307203.1552100861
307240.620210121
307273.13521015126
307365.78021023754
307622.9802104771
307671.61021052237
307823.8152106641
307879.15521071566
307918.9052107527
307978.88521080854
308009.455210837
308301.53521110903
308343.65521114826
308634.1602114188
308696.15521147655
308725.70021150407
308902.40521166864
309106.1352118584
309260.5502120022
309471.19021219836
309552.390212274
309606.06021232397
309650.7402123656
309805.2602125095
309853.41521255433
309899.82521259756
310413.38021307584
310681.0252133251
310851.05021348345
310873.47521350434
310905.0052135337
311262.06521386624
311354.0302139519
311398.66021399345
311645.0102142229
311964.10521452007
312075.64021462394
312178.74021471996
312202.8402147424
312651.40521516016
312695.53521520126
312739.9052152426
312849.850215345
312867.74521536165
313017.12021550076
313062.2852155428
313288.46021575347
313358.2602158185
313505.68021595577
313912.5302163347
313970.1902163884
314112.4602165209
314194.24521659705
314258.78021665715
314398.4452167872
314420.05021680734
314450.32021683553
314496.9002168789
314714.25021708134
314809.1002171697
314914.7652172681
315122.93021746195
315214.0402175468
315297.3752176244
315364.4502176869
315458.2852177743
315607.5552179133
315839.02021812886
315904.06021818944
315949.9602182322
316104.8052183764
316169.0202184362
316255.1052185164
316286.22521854535
316552.71521879354
316599.8202188374
316741.58021896944
317021.41521923005
317089.4352192934
317158.54021935776
317371.76021955634
317448.5752196279
317808.430219963
318215.10022034176
318244.320220369
318277.8602204002
318375.0502204907
318555.0802206584
318605.49522070534
318645.7402207428
318705.2202207982
318810.99522089673
318847.51022093074
318961.615221037
319098.76522116474
319129.5152211934
319185.6102212456
319511.7102215493
319547.70522158284
319645.98022167437
319668.0052216949
319726.6402217495
320061.7902220616
320113.57022210985
320179.08022217086
320475.9902224474
320614.92022257677
320934.32022287423
321155.19522307994
321187.65522311017
321362.0702232726
321425.25022333144
321598.1752234925
321640.23022353166
321727.8952236133
321768.33522365097
322149.39522400586
322211.3652240636
322300.1752241463
322519.4552243505
322662.64022448385
322831.0802246407
322864.3152246717
322887.0052246928
322925.27522472845
322968.2802247685
323005.39022480306
323074.62022486754
323140.5252249289
323171.9752249582
323252.9102250336
323449.4352252166
323534.680225296
323825.640225567
323925.14522565965
324122.15522584313
324414.75022611563
324489.6602261854
324825.27022649796
325111.29022676434
325164.97522681433
325211.3302268575
325328.7902269669
325538.6852271624
325645.19022726157
325727.62522733834
325805.4352274108
325854.33022745635
326082.1102276685
326151.4952277331
326301.12022787245
326325.9552278956
326380.7352279466
326411.93022797565
326611.990228162
326705.415228249
326742.7152282837
326923.89522845246
327048.97522856895
327092.2252286092
327263.17522876844
327614.0052290952
327695.8752291714
327859.5952293239
328004.685229459
328087.6602295363
328199.7452296407
328308.1102297416
328526.8502299453
328558.2802299746
328678.26023008634
328884.87023027876
328921.625230313
329001.2952303872
329068.9652304502
329200.43023057265
329306.75023067166
329634.31523097673
329682.23523102136
329715.73023105256
329765.99023109936
329856.91023118404
330087.46523139876
330271.0902315698
330320.65023161593
330727.7902319951
330822.5852320834
331024.6502322716
331217.35523245105
331263.8102324943
331312.18023253937
331458.3252326755
331498.595232713
331579.5902327884
331730.1452329286
331812.9152330057
331877.8502330662
331941.92023312586
332047.68023322435
332094.9702332684
332284.09523344453
332376.7252335308
332509.27523365425
332545.3252336878
332588.09023372765
333028.32023413765
333125.5302342282
333472.160234551
333692.1352347559
333766.5502348252
333811.41523486696
333967.6802350125
334169.60023520055
334219.6752352472
334250.47523527587
334287.5302353104
334434.08023544686
334548.2352355532
334605.00523560605
334651.3302356492
334740.8702357326
334770.5252357602
334891.5052358729
334927.25523590617
334957.6502359345
335068.77023603796
335191.1302361519
335237.5952361952
335296.26023624983
335333.53023628454
335366.0502363148
335443.7602363872
335476.26023641747
335556.4102364921
335742.4652366654
335927.51523683773
336036.3902369391
336069.69523697015
336149.14523704414
336394.9952372731
336484.6752373566
336531.74023740046
336695.0102375525
336734.25523758907
336805.6052376555
336941.2802377819
337087.9802379185
337235.65523805603
337405.52523821424
337723.9402385108
337780.3252385633
337915.6152386893
338163.1302389198
338324.8502390704
338349.55523909343
338564.41023929353
338653.67523937667
338940.1602396435
338973.94023967494
339228.62523991213
339463.03024013044
339521.635240185
339697.9302403492
339745.00524039305
339860.1452405003
339914.615240551
339936.5002405714
339959.85524059314
340037.30024066527
340194.9452408121
340653.350241239
340728.90024130937
340838.17024141114
340920.5702414879
340959.7902415244
341134.2652416869
341410.37024194404
341458.39024198876
341583.210242105
341658.10024217475
341696.9402422109
341735.3552422467
341754.6502422647
342077.2302425651
342237.27524271415
342273.4152427478
342328.34024279896
342626.910243077
342819.4152432563
342976.4852434026
343035.2202434573
343075.3002434946
343222.23524363147
343288.70024369337
343385.21524378326
343512.99524390226
343560.5752439466
343930.400244291
343993.4402443497
344064.1852444156
344172.60024451656
344255.92524459417
344285.800244622
344402.1152447303
344592.0452449072
344713.00524501986
344810.0402451102
344851.83524514915
344920.0402452127
345003.5302452904
345085.15524536645
345168.8652454444
345310.10024557594
345445.6452457022
345554.06024580315
345824.2602460548
345949.9902461719
346162.1802463695
346198.52524640335
346256.5452464574
346311.990246509
346539.73524672113
347067.1102472123
347133.9902472746
347367.7502474923
347463.07524758106
347536.5452476495
347613.83024772146
347779.94024787616
347878.6852479681
348527.5302485724
348595.2452486355
348621.7002486601
348739.65024876996
348862.3952488843
348886.3652489066
348936.2952489531
349226.7202492236
349367.4202493546
349508.11524948565
349633.20524960215
349672.06024963834
349725.02524968766
349791.1852497493
349821.20024977723
349849.4802498036
349894.1002498451
350069.7602500087
350324.9552502464
350368.6752502871
350415.42025033064
350585.84025048936
350718.00025061244
350760.8952506524
350885.92525076884
351270.0502511266
351304.15025115834
351386.31025123486
351684.7802515128
351765.99525158847
351906.96025171975
352307.48525209277
352698.20025245665
352827.17525257677
352860.1802526075
352918.0252526614
353025.7452527617
353227.4052529495
353414.9952531242
353453.02525315963
353558.0852532575
353704.50025339384
353858.8752535376
354020.350253688
354083.97525374725
354450.3952540885
354536.2652541685
354654.5252542786
354721.13525434065
354772.6102543886
355133.5802547248
355332.6002549101
355566.04025512753
355620.93025517865
355681.7452552353
355780.6502553274
355852.5102553943
356096.5602556216
356506.24525600317
356848.1302563216
356949.89025641634
357099.69025655586
357122.98025657755
357197.0352566465
357240.8052566873
357271.07525671547
357313.27025675477
357389.5702568258
357787.3852571963
357911.95025731233
358043.9952574353
358389.9402577575
358431.6902577964
358590.4252579442
358656.5552580058
358818.30025815644
358985.4552583121
359403.4602587014
359493.0202587848
359637.37025891925
359660.1602589405
359710.26525898714
359792.2702590635
359883.3052591483
360021.34025927685
360054.5652593078
360080.4452593319
360245.3502594855
360442.7552596693
360677.7952598882
360855.1252600534
361660.4352608034
361759.83026089595
361912.82026103843
362071.23526118597
362214.090261319
362429.95526152005
362503.17026158824
362620.1952616972
362650.37526172533
362931.1152619868
363094.7702621392
363274.3702623065
363658.8002626645
363759.48026275827
363840.2802628335
364012.12026299356
364212.9552631806
364302.14526326366
364616.4852635564
364726.1102636585
364779.50526370824
364970.9002638865
365182.945264084
365243.7702641406
365322.7702642142
365412.59526429785
365438.7402643222
365568.39526444295
365807.0152646652
365957.150264805
366059.94026490074
366098.9652649371
366133.51526496926
366214.2852650445
366260.6852650877
366337.42026515916
366533.2252653415
366610.4352654134
366687.7952654855
367053.70026582625
367086.86026585713
367112.6052658811
367182.89026594657
367210.4202659722
367307.2602660624
367339.63526609255
367402.8202661514
367433.2102661797
367472.55026621633
367569.4852663066
367868.35526658496
367935.46526664746
368178.6352668739
368223.34526691557
368312.43526699854
368679.3852673403
368943.7752675865
368970.54026761145
369006.73526764516
369102.07026773394
369190.12026781595
369250.05526787176
369362.79526797676
369442.22026805073
369940.56526851485
369976.9302685487
370134.60526869557
370261.71026881394
370321.0652688692
370429.0352689698
370633.65026916034
371098.9652695937
371257.6402697415
371397.18526987144
371458.74526992877
371507.46526997414
371618.92027007794
371650.090270107
371674.1802701294
371770.12527021876
371797.5752702443
371881.6202703226
372005.6602704381
372060.01027048874
372211.20527062955
372254.46527066984
372282.0152706955
372604.94027099625
372717.1802711008
372898.6702712698
373300.61527164414
373413.89527174964
373555.87027188187
373585.3452719093
373639.8702719601
373672.1802719902
373800.5252721097
373856.18027216155
374010.1202723049
374062.5202723537
374402.4702726703
374456.4452727206
374541.1752727995
374736.76527298166
375205.20527341793
375667.91527384886
376012.16527416947
376094.0252742457
376128.720274278
376224.40027436713
376256.64027439716
376323.95527445985
376572.20027469104
376749.340274856
376847.030274947
376895.365274992
376927.4702750219
377118.86527520017
377236.23027530947
377270.15527534107
377361.30527542596
377501.3502755564
377683.19027572573
377813.8402758474
377876.4352759057
378119.0102761316
378314.89027631405
378466.62027645536
378892.500276852
379009.2252769607
379116.5202770606
379149.4552770913
379209.83527714753
379234.24527717027
379342.2752772709
379382.0452773079
379468.96527738887
379576.0802774886
379676.6752775823
379699.1252776032
379723.64027762605
379761.3752776612
379833.91027772875
379929.3202778176
379982.8152778674
380053.91027793364
380086.8452779643
380245.69527811225
380543.3702783895
380691.50027852744
380960.04027877754
381059.6602788703
381400.9702791882
381615.87527938833
382104.12527984305
382228.5152799589
382320.4302800445
382468.4952801824
382499.9802802117
382538.1552802473
382588.48028029414
382696.9952803952
383026.47528070206
383181.73028084665
383256.4002809162
383342.2302809961
383383.48528103455
383463.0852811087
383692.165281322
383889.53028150584
383972.54528158315
384041.25028164714
384067.5352816716
384087.6002816903
384122.0302817224
384521.2552820942
384740.5202822984
384797.70528235164
385296.6002828163
385482.76528298965
385748.2152832369
385790.9552832767
386116.3302835797
386173.3102836328
386832.815284247
386883.295284294
387186.5352845764
387312.40528469364
387344.0152847231
387378.87528475554
387445.67028481775
387536.3702849022
387586.2952849487
387633.1152849923
387666.2502850232
387710.76528506464
387906.550285247
387973.140285309
388135.7852854605
388212.2602855317
388278.5402855934
388352.4802856623
388568.91528586386
388885.0452861583
389254.37028650224
389528.2552867573
389593.1852868178
389684.41028690274
389784.8502869963
389861.9852870681
389920.0502871222
390054.3702872473
390175.2702873599
390344.97028751794
390540.9852877005
390613.480287768
390674.51528782485
390708.6102878566
390785.31028792803
390820.6002879609
390881.9952880181
390933.0452880656
391085.43528820755
391174.22528829024
391427.0502885257
391494.31528858835
391587.31528867496
391743.21028882015
391769.5852888447
391870.25528893847
391956.0602890184
391989.3552890494
392078.86028913275
392104.52028915664
392387.36028942006
392614.3702896315
392668.55528968194
392881.20528988
393007.85528999794
393203.6602901803
393249.8152902233
393711.230290653
393812.42529074725
393899.3152908282
393955.0952908801
394268.8002911723
394595.8602914769
394659.9602915366
394730.5352916023
394767.10529163637
394853.4702917168
394979.46529183415
395039.5352918901
395211.40029205015
395328.7052921594
395454.06029227615
395491.9002923114
395561.1652923759
395613.0502924242
395702.00529250706
395742.4252925447
396026.35029280913
396057.6902928383
396147.70029292215
396370.20029312937
396454.67029320804
396589.2002933333
396660.8052934
396720.7252934558
396782.4252935133
396861.82529358723
397066.5252937779
397117.2452938251
397425.8052941125
397505.01029418624
397590.81029426615
398157.94529479434
398258.56529488805
398335.33029495954
398463.1652950786
398554.81029516394
398621.9752952265
398740.4102953368
398822.4402954132
398966.3552955472
399099.7802956715
399417.23029596714
399487.89529603295
399621.1902961571
399651.0302961849
399754.61029628135
