39.400000000001704
62.69500000001362
114.76499999996811
142.9399999999425
167.9149999999198
334.25499999976853
356.0799999997487
397.0799999997114
428.7649999996826
505.3899999996129
545.4099999995765
574.4549999995501
651.52499999948
670.0699999994631
713.7299999994234
751.534999999389
777.979999999365
800.1999999993448
825.5949999993217
877.2299999992747
909.3549999992455
942.7899999992151
1021.3799999991436
1059.7149999999208
1084.3600000004587
1159.1900000020921
1272.0150000045548
1305.145000005278
1454.2600000085329
1487.9100000092674
1528.8850000101618
1560.0750000108426
1606.7700000118618
1649.7200000127993
1695.7400000138039
1725.9700000144637
1832.7400000167943
1858.0500000173467
1894.1450000181346
1924.0900000187883
1965.1350000196842
1998.6300000204153
2032.7850000211608
2069.0150000219514
2184.8700000244803
2238.8550000256587
2284.8500000266627
2331.325000027677
2364.985000028412
2389.9450000289567
2424.4350000297095
2489.830000031137
2516.0250000317087
2650.5700000346455
2776.715000037399
2851.4500000390303
2880.900000039673
2901.105000040114
2949.4400000411692
2981.9300000418784
3003.910000042358
3086.4850000441606
3141.745000045367
3228.9600000472706
3433.5550000517364
3458.035000052271
3503.3300000532595
3540.555000054072
3565.1400000546087
3605.8550000554974
3686.6350000572606
3724.225000058081
3770.265000059086
3813.9950000600406
3835.4250000605084
3889.8650000616967
3947.9450000629645
3997.3900000640438
4021.095000064561
4065.4450000655293
4100.33000006629
4124.745000066823
4193.690000068328
4235.165000069233
4391.185000072639
4453.470000073999
4586.680000076906
4639.495000078059
4740.020000080253
4797.405000081506
4880.175000083313
4931.615000084435
5016.620000086291
5073.075000087523
5140.305000088991
5267.595000091769
5314.8050000928
5339.510000093339
5371.2400000940315
5419.870000095093
5449.695000095744
5493.705000096705
5521.970000097322
5628.19500009964
5677.525000100717
5739.0250001020595
5762.785000102578
5806.105000103524
5839.645000104256
5864.235000104793
5951.1400001066895
5989.100000107518
6027.615000108359
6079.665000109495
6308.635000114493
6375.335000115949
6478.8600001182085
6535.75000011945
6592.055000120679
6635.645000121631
6665.810000122289
6694.890000122924
6733.575000123768
6828.210000125834
6914.880000127726
7019.795000130016
7052.400000130728
7090.135000131551
7141.805000132679
7178.855000133488
7217.810000134338
7241.360000134852
7262.945000135323
7345.600000137128
7399.795000138311
7445.050000139298
7480.700000140077
7514.000000140803
7547.700000141539
7662.525000144045
7722.175000145347
7744.175000145828
7870.020000148575
7906.060000149361
7998.98500015139
8027.87500015202
8049.000000152481
8065.335000152838
8091.900000153418
8135.590000154371
8165.885000155033
8204.970000153526
8235.140000148696
8319.425000135205
8347.765000130668
8377.420000125921
8438.745000116105
8475.710000110188
8522.445000102707
8591.245000091694
8624.900000086307
8683.145000076984
8768.555000063312
8864.425000047966
8897.705000042639
8943.450000035316
8971.745000030787
9004.105000025607
9041.865000019563
9092.575000011446
9174.864999998274
9265.109999983828
9294.83499997907
9334.549999972713
9397.739999962598
9438.199999956121
9489.5599999479
9523.159999942522
9554.204999937552
9597.689999930592
9649.54999992229
9698.849999914399
9789.724999899852
9813.969999895971
9836.244999892406
9866.82999988751
9948.279999874472
9988.729999867997
10020.904999862847
10072.754999854547
10105.114999849367
10159.56999984065
10212.124999832238
10262.574999824163
10328.87499981355
10363.159999808062
10431.689999797092
10488.699999787967
10513.649999783973
10543.229999779238
10580.064999773342
10730.024999749337
10798.759999738335
10831.354999733117
10962.629999712104
10998.669999706335
11028.709999701527
11105.984999689157
11190.36499967565
11254.424999665396
11353.264999649575
11391.534999643449
11437.789999636045
11484.814999628517
11551.304999617874
11662.494999600076
11683.804999596665
11706.399999593048
11742.9299995872
11782.654999580842
11816.504999575423
11853.309999569532
11878.024999565576
11910.399999560394
11945.27999955481
12025.084999542036
12066.344999535431
12104.189999529373
12146.984999522523
12214.429999511727
12241.049999507466
12330.134999493206
12422.539999478415
12494.66499946687
12517.349999463238
12552.249999457652
12637.814999443955
12699.174999434133
12723.804999430191
12773.404999422251
12806.71499941692
12832.404999412807
12954.014999393341
13041.499999379337
13060.84499937624
13178.22999935745
13257.344999344787
13298.749999338159
13319.399999334853
13344.559999330826
13373.064999326263
13412.964999319876
13446.204999314556
13498.739999306146
13526.839999301648
13546.94499929843
13569.019999294896
13627.40499928555
13657.20499928078
13688.44499927578
13741.694999267256
13774.439999262015
13807.904999256658
13831.329999252908
13977.984999229433
14028.269999221384
14081.819999212812
14104.829999209129
14154.019999201255
14175.174999197869
14207.729999192657
14239.274999187608
14310.994999176128
14343.409999170939
14404.139999161218
14431.454999156846
14463.334999151743
14503.574999145301
14595.059999130657
14627.044999125537
14693.62499911488
14761.289999104049
14789.924999099465
14834.514999092327
14876.369999085628
14919.674999078696
14978.529999069275
15011.974999063921
15135.1799990442
15220.339999030568
15249.774999025856
15288.599999019641
15374.849999005835
15460.039998992199
15544.3749989787
15572.599998974181
15631.76999896471
15659.794998960224
15756.434998944755
15790.159998939356
15826.469998933544
15862.489998927778
15900.444998921703
15928.999998917132
16010.429998904097
16115.194998887328
16148.709998881963
16202.88999887329
16225.964998869596
16265.98499886319
16359.559998848212
16397.384998847025
16426.529998852962
16448.324998857403
16479.619998863778
16565.48499888127
16647.414998897963
16683.199998905253
16710.389998910792
16739.92499891681
16818.199998932756
16871.76999894367
16903.659998950166
16934.824998956516
16974.74499896465
17010.63999897196
17036.8499989773
17129.734998996224
17176.229999005696
17236.584999017992
17337.854999038624
17376.159999046427
17405.294999052363
17453.864999062258
17523.564999076458
17592.93999909059
17619.514999096005
17661.424999104544
17689.759999110316
17730.434999118603
17781.724999129052
17842.794999141493
17869.754999146986
17903.6999991539
18012.639999176095
18079.159999189647
18112.029999196344
18147.784999203628
18234.564999221308
18262.929999227086
18355.364999245918
18409.874999257023
18499.98499927538
18616.95999929921
18657.914999307555
18687.374999313557
18717.634999319722
18772.964999330994
18799.84499933647
18877.534999352298
18917.764999360494
19003.424999377945
19029.61499938328
19104.21999939848
19162.2449994103
19189.274999415808
19210.464999420125
19237.08999942555
19311.65999944074
19343.94999944732
19408.324999460434
19443.509999467602
19493.12499947771
19570.91999949356
19615.759999502694
19731.354999526244
19767.824999533674
19839.784999548334
19887.099999557973
19939.979999568746
19981.67499957724
20009.59999958293
20059.164999593027
20104.27999960222
20176.314999616894
20229.684999627767
20322.289999646633
20403.984999663277
20457.959999674273
20505.079999683872
20572.11499969753
20651.264999713654
20771.979999738247
20893.609999763026
20950.114999774538
21008.96999978653
21104.229999805935
21157.634999816815
21259.99499983767
21413.769999868997
21449.41499987626
21513.72999988936
21639.63499991501
21735.954999934635
21778.4949999433
21832.259999954254
21858.364999959573
21925.84999997332
21947.759999977785
22035.44499999565
22065.855000001844
22137.88500001652
22170.72500002321
22245.900000038524
22309.920000051567
22372.940000064405
22390.73000006803
22433.700000076784
22482.71000008677
22513.05500009295
22580.900000106772
22621.815000115108
22678.105000126576
22726.545000136444
22784.2550001482
22828.67500015725
22908.840000173583
22954.97500018298
22986.77000018946
23021.515000196538
23058.795000204133
23214.450000235844
23252.895000243676
23283.115000249833
23338.77000026117
23402.890000274234
23516.80500029744
23544.020000302986
23585.71000031148
23633.995000321316
23657.110000326025
23702.330000335238
23729.04000034068
23759.67500034692
23803.41000035583
23831.365000361526
23896.86000037487
23971.500000390075
24025.440000401064
24074.920000411144
24129.700000422305
24233.470000443445
24333.060000463734
24377.85000047286
24419.955000481437
24451.765000487918
24475.985000492852
24532.91000050445
24617.720000521727
24666.170000531598
24716.040000541758
24742.51500054715
24781.615000555117
24832.62500056551
24878.28500057481
24903.11000057987
24982.915000596127
25013.055000602268
25062.09500061226
25112.200000622466
25164.995000633222
25213.13500064303
25251.265000650797
25299.73000066067
25366.275000674228
25395.625000680207
25477.770000696943
25518.01000070514
25558.11500071331
25585.20000071883
25635.185000729012
25672.72000073666
25774.545000757404
25823.010000767277
25845.16500077179
25899.090000782777
25998.725000803075
26034.795000810424
26101.460000824005
26143.135000832495
26196.305000843327
26245.365000853322
26276.76500085972
26327.395000870034
26361.520000876986
26381.850000881128
26447.550000894513
26475.85000090028
26500.980000905398
26575.00500092048
26629.230000931526
26676.62500094118
26704.675000946896
26746.875000955493
26776.65500096156
26899.61000098661
26950.330000996943
27010.84500100927
27039.875001015185
27110.520001029578
27199.460001047697
27241.960001056355
27310.735001070367
27357.210001079835
27383.025001085094
27433.295001095335
27500.060001108937
27527.99500111463
27603.140001129937
27740.015001157823
27849.725001180173
27905.36500119151
28032.390001217387
28080.16000122712
28108.060001232803
28155.1700012424
28245.915001260888
28287.2050012693
28316.970001275364
28413.02000129493
28451.160001302702
28584.86500132994
28625.870001338295
28673.46500134799
28697.670001352923
28741.2500013618
28776.185001368918
28816.605001377153
28894.53500139303
28937.425001401767
28977.45000140992
29024.405001419487
29063.565001427465
29114.960001437936
29177.1200014506
29206.72000145663
29231.335001461644
29344.89500148478
29372.255001490354
29409.090001497858
29451.730001506545
29516.925001519827
29623.720001541584
29661.84500154935
29688.135001554707
29743.96500156608
29769.760001571336
29795.720001576625
29832.395001584096
29912.4200016004
29988.885001615978
30021.83500162269
30063.370001631152
30178.685001654645
30210.42000166111
30246.460001668453
30306.47000168068
30380.26000169571
30450.525001710026
30506.93500172152
30594.51000173936
30620.57500174467
30671.210001754986
30705.210001761912
30730.305001767025
30774.26000177598
30833.99500178815
30864.395001794343
30918.1800018053
30978.70500181763
31003.520001822686
31045.125001831162
31075.925001837437
31103.120001842977
31133.725001849212
31157.52500185406
31208.43000186443
31242.43500187136
31299.695001883025
31334.975001890212
31373.630001898087
31444.875001912602
31469.94500191771
31554.645001934965
31584.55500194106
31614.740001947208
31650.150001954422
31691.730001962893
31752.34500197524
31788.4650019826
31809.42000198687
31843.14000199374
31884.82000200223
31922.03000200981
31984.70500202258
32035.470002032922
32077.87000204156
32151.335002056527
32284.62000208368
32317.620002090403
32342.360002095444
32370.090002101093
32415.070002110257
32441.230002115586
32507.065002129
32639.21500215592
32695.17500216732
32729.77500217437
32767.200002181995
32812.88000215864
32843.420002142644
32880.47500212323
32919.24500210292
32958.17500208253
33004.79000205811
33048.99000203495
33125.42500199491
33153.81000198004
33231.83000193917
33268.63500191989
33306.42500190009
33377.17500186303
33435.225001832616
33520.460001787964
33546.06000177455
33566.62000176378
33593.27000174982
33618.16000173678
33640.78500172493
33682.43500170311
33717.360001684814
33756.28500166442
33897.04500159068
34026.22500152301
34077.52000149614
34134.350001466366
34171.97000144666
34203.46500143016
34245.81500140797
34283.070001388456
34324.25000136688
34384.08500133554
34425.65500131376
34516.51500126616
34557.340001244775
34586.29000122961
34614.33000121492
34662.06500118991
34709.420001165105
34740.33500114891
34782.035001127064
34810.48000111216
34909.355001060365
34949.345001039415
35005.63500100993
35040.170000991835
35095.090000963064
35204.51000090574
35235.09000088972
35293.32000085922
35335.090000837336
35382.8800008123
35466.91500076828
35499.560000751175
35531.800000734285
35565.280000716746
35616.9100006897
35643.065000676
35684.4850006543
35725.7100006327
35777.110000605775
35895.59000054371
35965.56000050705
36029.310000473655
36127.655000422135
36174.03000039784
36276.25500034429
36331.57000031531
36418.685000269674
36487.18000023379
36538.62500020684
36584.02000018306
36630.10000015892
36676.170000134785
36740.155000101266
36848.885000044305
36919.915000007095
36963.999999984
36996.42999996701
37032.47499994813
37170.93999987559
37221.10999984931
37247.2799998356
37327.534999793555
37362.259999775364
37403.53999975374
37432.56999973853
37486.6499997102
37527.32999968889
37562.41499967051
37587.07499965759
37653.90999962258
37712.019999592136
37750.20999957213
37802.52999954472
37831.094999529756
37962.579999460875
38010.88999943557
38068.77999940524
38126.1249993752
38203.09499933488
38229.66499932096
38256.45999930692
38279.92499929463
38308.20999927981
38352.75999925647
38405.324999228935
38440.43499921054
38529.689999163784
38576.86499913907
38615.30499911893
38735.73499905584
38792.29999902621
38848.6299989967
38936.76499895053
38982.09499892678
39014.73999890968
39045.45499889359
39091.55999886944
39187.4549988192
39211.649998806526
39257.159998782685
39296.75999876194
39325.23999874702
39369.134998724025
39408.35499870348
39489.66999866088
39543.55999863265
39575.13499861611
39638.55999858288
39685.359998558364
39733.3899985332
39774.93499851144
39830.5549984823
39858.93999846743
39892.09499845006
39911.24999844003
39998.069998394545
40031.399998377085
40057.74999836328
40107.87999833702
40138.03499832122
40179.08499829972
40210.51499828325
40244.294998265555
40291.96499824058
40333.934998218596
40378.4099981953
40424.76499817101
40465.71499814956
40499.43999813189
40535.854998112816
40570.57499809463
40614.1499980718
40820.20999796385
40857.89999794411
40989.73999787504
41010.52999786415
41145.16499779362
41177.984997776424
41260.064997733425
41319.34499770237
41341.67999769067
41365.05999767842
41398.914997660686
41530.19499759191
41602.404997554084
41650.0999975291
41703.48999750113
41815.14999744263
41946.684997373726
41977.59499735753
42011.53499733975
42165.22499725924
42202.46499723973
42252.164997213695
42275.09499720168
42301.774997187706
42330.89999717245
42371.99999715092
42416.269997127725
42441.07999711473
42496.404997085745
42586.07999703877
42618.784997021634
42689.96999698434
42751.36999695218
42795.51999692905
42828.069996911996
42864.88499689271
42909.29999686944
42934.61499685618
42971.7949968367
43035.62999680326
43070.34999678507
43142.37999674734
43183.22999672594
43218.27999670758
43283.549996673384
43324.66999665184
43411.10499660656
43451.63999658533
43644.33999648438
43694.40499645815
43731.864996438526
43752.289996427826
43781.70999641241
43824.734996389874
43865.28999636863
43907.27999634663
43961.72999631811
44051.24499627121
44077.67499625737
44106.63999624219
44140.08499622467
44243.864996170305
44287.2049961476
44386.10499609579
44415.64999608031
44464.09999605493
44515.65499602792
44551.98999600889
44594.58499598657
44671.604995946225
44701.209995930716
44802.174995877824
44841.554995857194
44929.83499581095
44951.31999579969
45033.12999575683
45085.18999572956
45122.52499571
45162.264995689184
45186.4749956765
45227.06499565524
45275.534995629845
45314.474995609446
45363.35499558384
45404.86499556209
45448.33499553932
45499.39999551257
45573.53999547373
45614.609995452214
45647.76999543484
45668.14499542417
45750.9249953808
45788.94999536088
45815.81999534681
45851.69499532801
46001.88999524933
46044.1349952272
46118.22999518838
46154.19999516954
46229.30999513019
46248.10999512034
46269.04999510937
46327.23999507889
46358.86999506232
46386.88999504764
46428.094995026055
46457.374995010716
46480.399994998654
46505.214994985654
46540.409994967216
46563.59499495507
46610.12999493069
46697.529994884906
46763.464994850365
46853.54999480317
46891.56499478326
46911.499994772814
46954.07999475051
47024.47499471363
47055.959994697136
47116.02999466567
47167.83499463853
47218.79999461183
47261.09499458967
47282.38499457852
47310.794994563636
47396.7599945186
47425.24499450368
47453.159994489055
47476.789994476676
47515.04999445663
47571.26999442718
47639.91499439122
47749.18499433398
47822.90499429536
47857.15999427741
47899.21999425538
47996.709994204306
48029.02499418738
48062.89999416963
48104.599994147786
48164.95499411617
48256.17499406838
48341.34999402376
48371.459994007986
48434.2299939751
48508.349993936274
48542.56499391835
48572.01999390292
48599.66499388844
48632.289993871345
48747.164993811166
48774.54499379682
48806.59499378003
48834.81499376525
48856.51499375388
48887.32999373774
48984.249993686964
49015.18499367076
49074.6599936396
49107.104993622605
49242.8399935515
49393.86499347238
49472.76499343105
49561.894993384354
49633.229993346984
49657.45499333429
49706.889993308396
49758.51999328135
49867.33499322434
49919.97499319677
49972.86499316906
50006.91499315122
50056.02999312549
50091.91999310669
50140.13499308143
50172.23999306461
50211.60999304399
50234.849993031814
50255.33999302108
50286.42999300479
50314.64499299001
50349.664992971666
50386.30999295247
50472.48999290732
50508.63499288839
50537.32499287336
50595.31499284298
50644.85999281702
50836.89499271642
50886.92499269021
50943.99999266031
50989.389992636534
51043.88999260798
51083.27499258735
51121.614992567265
51153.34499255064
51228.60499251122
51255.62999249706
51296.14999247583
51322.409992462075
51361.79999244144
51577.32999232853
51638.06499229671
51673.55999227812
51695.08499226684
51733.18999224688
51765.039992230195
51817.41499220276
51863.86999217842
51883.15499216832
51912.74499215282
51965.11499212538
51999.70999210726
52031.21999209075
52127.534992040295
52177.01999201437
52257.569991972174
52308.84999194531
52349.439991924046
52389.334991903146
52513.4949918381
52562.79999181227
52584.8849918007
52604.20999179058
52646.34499176851
52730.42999172446
52775.3949917009
52804.49499168566
52896.89999163725
52958.24499160511
53005.34499158044
53047.669991558265
53068.324991547444
53101.879991529866
53139.85499150997
53210.134991473155
53236.304991459445
53308.91499142141
53399.704991373845
53448.399991348335
53539.779991300464
53604.849991266376
53728.93499120137
53877.71499112343
53909.66499110669
53941.47499109003
53967.66499107631
53988.954991065155
54021.85999104792
54057.729991029126
54093.41499101043
54185.60999096213
54212.57499094801
54279.334990913034
54307.40499089833
54330.82999088606
54360.35499087059
54421.01499083881
54453.54499082177
54487.15999080416
54540.22999077636
54594.564990747895
54639.744990724226
54706.18999068942
54732.61999067557
54763.079990659615
54795.34499064271
54842.09499061822
54880.54499059808
54933.63499057027
54967.64499055245
55003.02999053391
55042.459990513256
55087.609990489604
55127.599990468654
55158.98499045221
55179.83499044129
55224.88499041769
55315.984990369965
55370.03499034165
55477.149990285536
55530.13499025778
55567.419990238246
55611.56999021512
55671.27999018384
55710.65999016321
55866.27999008168
55901.46499006325
55923.29999005181
55974.15999002517
56025.434989998306
56048.10498998643
56093.95498996241
56119.22498994917
56148.06998993406
56175.36998991976
56199.80498990696
56219.67998989655
56270.65998986984
56335.264989835996
56453.194989774216
56486.619989756706
56573.739989711066
56611.10998969149
56647.464989672444
56744.149989621794
56842.379989570334
56866.984989557444
56897.68998954136
56918.979989530206
56966.1449895055
57062.07498945524
57087.349989442
57146.78998941086
57172.554989397366
57228.81998936789
57279.70998934123
57306.874989327
57342.314989308434
57402.71498927679
57425.28498926497
57441.54498925645
57472.82998924006
57595.07498917602
57725.39498910775
57805.59998906573
57875.939989028884
57913.30998900931
57993.60498896724
58027.539988949466
58062.63998893108
58110.24498890614
58147.22498888677
58198.45498885993
58241.084988837596
58264.43998882536
58335.14498878832
58373.999988767966
58420.48998874361
58438.254988734305
58467.099988719194
58497.544988703245
58551.59498867493
58656.169988620146
58729.549988581704
58777.88998855638
58812.98998853799
58915.95998848405
58961.51998846018
59000.53998843974
59032.77998842285
59057.44498840993
59108.4749883832
59165.5399883533
59217.97998832583
59243.91998831224
59295.09998828543
59334.11498826499
59395.7549882327
59478.134988189544
59542.37498815589
59570.294988141264
59599.97998812571
59689.87998807862
59751.27998804645
59939.34498794793
59981.099987926056
60021.77498790475
60132.23498784688
60156.774987834026
60296.38498776089
60333.63998774137
60431.54498769008
60467.05998767148
60549.60998762823
60600.94498760134
60729.764987533854
60773.60498751089
60812.69498749041
60887.90998745101
60932.03998742789
60960.524987412966
61023.12498738017
61119.859987329495
61150.67998731335
61225.574987274114
61315.1249872272
61350.679987208576
61383.54498719136
61463.23498714961
61491.68498713471
61605.189987075246
61661.23998704588
61705.43498702273
61762.60998699278
61805.57998697027
61843.21998695055
61948.54998689537
61975.854986881066
62019.19498685836
62136.719986796794
62194.41998676657
62222.16998675203
62384.699986666885
62436.32998663984
62507.61998660249
62562.05998657397
62600.514986553826
62649.51498652816
62688.364986507804
62728.8349864866
62753.76998647354
62794.65998645212
62887.34998640356
62912.8599863902
63032.70998632741
63057.62498631436
63080.39498630243
63118.84498628229
63184.52998624788
63276.47998619971
63357.27998615738
63379.20998614589
63495.604986084916
63516.15998607415
63568.40498604678
63607.564986026264
63682.01498598726
63718.31998596824
63857.98498589508
63934.14498585518
63988.23498582684
64072.1199857829
64108.144985764025
64153.03498574051
64187.2199857226
64425.059985598
64448.68498558563
64473.48998557263
64529.27498554341
64581.374985516115
64619.02498549639
64653.62998547826
64710.95998544823
64735.42498543541
64776.14998541408
64796.944985403185
64897.294985350614
64923.29998533699
64970.729985312144
65030.68998528073
65055.68498526764
65120.154985233865
65153.404985216446
65189.34498519762
65262.32498515939
65315.964985131286
65361.95498510719
65410.36498508183
65451.40498506033
65481.97498504432
65511.43998502888
65563.39998504153
65594.14498507016
65635.92498510907
65663.07998513436
65726.92998519383
65773.3949852371
65803.98498526559
65831.84498529154
65886.07498534204
65955.819985407
66014.85998546198
66050.91498549556
66081.62998552417
66117.98998555803
66172.87998560915
66203.56498563773
66231.35998566361
66266.31998569617
66374.02498579648
66454.15498587111
66480.94498589606
66512.07998592505
66547.32998595788
66697.26498609752
66733.07498613087
66781.69998617616
66823.78498621535
66906.60998629249
66952.39498633513
66999.08998637862
67033.35998641053
67100.70498647325
67167.84498653578
67214.27498657902
67238.23998660134
67260.18998662179
67381.88498673512
67413.46998676454
67439.24998678855
67464.26998681185
67515.5399868596
67552.96998689446
67588.31498692738
67626.0249869625
67754.1299870818
67798.74998712336
67869.29998718906
67924.7499872407
67995.27498730639
68055.69498736266
68076.0299873816
68116.50498741929
68164.509987464
68215.22498751123
68351.6649876383
68426.54998770804
68451.57498773135
68477.89998775587
68531.9399878062
68566.3099878382
68631.87998789927
68722.66998798383
68820.9999880754
68884.4549881345
68913.29998816137
68994.88998823735
69020.41998826113
69077.10998831392
69104.42498833936
69218.80498844589
69279.23498850217
69348.85998856701
69377.95498859411
69441.2899886531
69471.05998868082
69573.0449887758
69602.20498880296
69664.21998886071
69684.23998887936
69713.57498890668
69761.27998895111
69791.19998897897
69841.07498902542
69892.20998907305
69939.22998911684
69970.26998914575
70003.25998917647
70030.4549892018
70088.80498925614
70168.93998933077
70226.67498938454
70256.24998941208
70302.48998945515
70342.63498949254
70365.47498951381
70417.97998956271
70464.04498960561
70501.79498964077
70524.8149896622
70567.39498970186
70603.74498973571
70680.05498980678
70714.40998983878
70761.72498988284
70833.91998995008
70856.00998997065
70920.22499003046
70976.40999008279
71034.23499013664
71081.84499018098
71114.64499021153
71201.79499029269
71270.72499035689
71296.98499038134
71336.93999041856
71476.50499054854
71506.03999057604
71552.97999061976
71624.30999068619
71650.5199907106
71703.97499076038
71748.96499080228
71769.1749908211
71798.77499084867
71861.70499090728
71896.7249909399
71919.47999096109
71952.26499099162
71979.02999101655
72006.30999104196
72055.94999108819
72083.19999111356
72104.89499113377
72145.57499117166
72231.31499125151
72341.11999135377
72370.84999138146
72430.6999914372
72501.22999150289
72540.24999153923
72629.4499916223
72698.2749916864
72721.9999917085
72775.52499175834
72803.9299917848
72906.49999188032
72939.15999191074
72973.78499194299
73021.62499198754
73079.52499204146
73132.51499209082
73181.61999213655
73207.34999216051
73326.10999227111
73354.49999229755
73385.86499232677
73430.09999236796
73459.8749923957
73484.38999241852
73522.23999245377
73586.42999251356
73630.02999255416
73729.26499264658
73759.57999267482
73824.7399927355
73948.9649928512
73987.45499288704
74025.99499292293
74051.86499294703
74091.26999298373
74130.05499301985
74164.70499305212
74193.6799930791
74260.96499314177
74316.16999319318
74353.85999322828
74401.73499327287
74437.39999330608
74468.0149933346
74497.7599933623
74553.07499341381
74590.50499344867
74638.13499349303
74670.62499352329
74695.5449935465
74756.08999360289
74840.67999368167
74899.37999373634
74938.82499377307
75046.47999387333
75113.38499393564
75183.04999400052
75258.86499407113
75290.1799941003
75364.72499416972
75396.9049941997
75421.11999422224
75493.24999428942
75581.50999437162
75615.35999440314
75676.36499445996
75703.79999448551
75778.05499455467
75815.51999458956
75844.2349946163
75889.30499465828
75919.84499468672
75953.20999471779
75976.75499473972
76101.13999485556
76129.01499488152
76216.58499496308
76249.40499499365
76321.49499506078
76343.80499508156
76374.32999510999
76465.2849951947
76516.73999524262
76574.3849952963
76691.9449954058
76790.81499549787
76847.1149955503
76929.7849956273
76969.66499566444
77038.24499572831
77082.63999576966
77131.41499581508
77160.46999584214
77190.04499586968
77234.38499591098
77264.90999593941
77290.05999596283
77340.95499601023
77422.01999608573
77454.78499611624
77484.54499614396
77565.45999621932
77603.1299962544
77625.80499627552
77791.1499964295
77835.99999647128
77918.32999654795
77948.1299965757
78010.63999663392
78035.38999665697
78093.76499671134
78148.00999676186
78201.31999681151
78328.72499693016
78359.1499969585
78382.63499698037
78423.64499701856
78496.72499708663
78561.05999714654
78608.99499719118
78735.58499730908
78834.10499740083
78872.95499743702
78937.29999749694
78977.13499753404
79005.66499756061
79055.0499976066
79182.03999772487
79251.45499778952
79284.79499782057
79339.39999787143
79437.81999796309
79471.91499799484
79512.80999803293
79552.43499806983
79670.60999817989
79706.19499821303
79736.5499982413
79765.62999826838
79822.75499832159
79854.40499835106
80036.38499852055
80067.41999854945
80110.91999858996
80149.84999862622
80180.05499865435
80210.52499868273
80294.44499876088
80351.86999881436
80431.93499888893
80478.85999893263
80502.00999895419
80529.0799989794
80565.92999901372
80682.55499912234
80728.47999916511
80781.77999921475
80847.52999927598
80919.83499934332
80954.83999937592
80989.45499940816
81022.14999943861
81065.13999947865
81137.42999954597
81211.56499961502
81258.97999965918
81312.07499970862
81356.72499975021
81426.90999981557
81458.15499984467
81483.72499986849
81510.94999989384
81571.11499994987
81596.04499997309
81617.26999999286
81681.39000005258
81847.91500020766
81876.55500023434
81942.20000029547
81964.10000031587
82021.67500036949
82078.20500042214
82119.30500046042
82149.70500048873
82170.5000005081
82197.25000053301
82312.16000064003
82351.58500067674
82378.1650007015
82466.34500078362
82501.7550008166
82527.3150008404
82565.47000087594
82639.85500094522
82663.92000096763
82693.69000099535
82731.90500103094
82759.14000105631
82856.27000114677
82936.96500122192
82978.01000126015
83055.43500133225
83125.31500139734
83163.45500143286
83189.10000145674
83213.25500147924
83235.30500149977
83348.23500160495
83493.29500174004
83529.2150017735
83558.72500180098
83675.58500190981
83755.95500198466
83792.58000201877
83846.46500206896
83880.78000210092
83919.19000213669
83953.48500216863
83995.8650022081
84045.00000225386
84075.69000228244
84180.35500237992
84206.38500240416
84236.6050024323
84285.33500247769
84362.24000254931
84397.46000258211
84483.43000266218
84516.58500269306
84552.3850027264
84577.53000274982
84621.35500279063
84696.22000286035
84760.27500292001
84828.82500298385
84917.05500306602
84975.59000312054
84998.3200031417
85023.27000316494
85061.64000320068
85091.35500322835
85171.34500330285
85201.51000333094
85226.51000335423
85252.50000337843
85302.13500342466
85338.28500345832
85407.50000352279
85449.32500356174
85480.08000359038
85517.0400036248
85593.87500369636
85670.08000376733
85723.49500381708
85771.1850038615
85809.22500389692
85837.6500039234
85900.10000398156
85927.83500400739
85958.0300040355
86000.80500407534
86079.50000414863
86111.025004178
86148.91500421328
86223.8800042831
86278.78500433423
86303.59500435734
86503.34500454337
86532.45000457048
86563.57000459946
86612.59500464512
86646.55500467675
86671.23500469973
86786.65500480722
86814.71000483335
86861.28000487672
86900.83500491356
86922.08500493335
86996.21000500239
87036.84000504023
87062.11500506377
87097.2600050965
87123.4600051209
87181.86500517529
87213.83500520507
87270.21000525757
87352.5950053343
87376.96000535699
87404.3500053825
87458.64000543306
87507.4250054785
87564.38500553154
87590.63500555599
87656.72500561754
87685.19500564405
87731.69000568736
87855.44500580261
87917.37000586028
87957.9700058981
87995.60000593314
88064.4850059973
88165.99000609183
88194.68500611855
88269.52500618825
88296.30000621319
88314.82500623044
88354.13000626705
88404.38500631385
88449.77000635612
88482.24500638637
88577.49500647507
88651.17000654369
88716.12000660418
88780.15500666382
88835.61000671546
88871.8300067492
89009.62000687752
89053.99500691885
89077.76000694098
89108.50500696962
89149.85500700813
89203.37000705797
89298.5350071466
89334.55500718014
89428.15500726731
89452.87000729033
89481.08500731661
89513.99000734725
89561.09500739112
89657.04000748048
89691.99000751303
89724.54000754334
89756.1750075728
89800.43500761403
89888.42000769597
89919.46500772488
89963.20000776561
89986.25500778708
90116.71000790858
90146.44000793627
90183.05500797037
90255.39500803774
90407.96000817983
90438.56500820833
90463.36000823142
90548.76000831096
90616.51000837405
90661.21500841569
90681.58500843466
90727.89500847779
90756.5800085045
90807.2600085517
90846.19500858797
90877.07500861672
90902.05500863999
90923.20000865968
90946.35000868124
91016.61000874668
91038.435008767
91065.41000879213
91125.88500884845
91152.53500887327
91189.60000890779
91293.82500900485
91325.37000903423
91361.87500906823
91391.19000909553
91436.61500913784
91495.76000919292
91583.86500927497
91626.54500931472
91663.68500934931
91707.01500938967
91794.26500947092
91834.75000950863
91884.46000955492
91907.37500957627
92073.99500973144
92141.53000979434
92188.23500983784
92255.76000990072
92313.84500995482
92342.93000998191
92406.25001004088
92437.05001006956
92466.59001009708
92497.33501012571
92522.62501014926
92548.110010173
92649.84501026775
92721.18501033419
92758.36001036881
92781.4400103903
92822.29001042835
92851.24501045531
92890.47501049185
93016.19001060893
93041.84001063282
93159.16501074209
93208.34501078789
93283.92501085828
93321.28001089307
93374.08501094225
93437.58501100139
93480.67001104151
93518.72001107695
93538.95001109579
93580.9400111349
93651.24501120037
93690.30501123675
93717.02501126163
93739.28501128237
93764.73001130606
93798.22001133725
93893.28001142578
93920.4600114511
94073.12001159327
94094.92001161358
94124.13001164078
94177.92501169088
94215.73001172609
94281.10501178697
94304.82501180907
94355.71501185646
94386.11501188477
94427.26001192309
94468.09001196112
94494.77501198597
94547.77001203533
94573.0900120589
94593.57501207798
94627.16501210927
94657.30001213733
94754.38001222775
94828.92501229717
94858.14501232438
94927.12501238863
95057.16001250973
95142.13001258887
95174.8050126193
95258.57501269731
95301.64501273743
95342.37001277535
95383.7600128139
95439.22001286555
95491.73501291446
95534.63501295442
95563.10501298093
95597.37501301285
95631.45001304458
95658.97001307021
95710.59001311829
95761.6100131658
95849.29001324746
95894.06501328916
95924.14501331717
95958.68001334934
96047.93001343246
96068.61501345172
96196.0400135704
96250.02001362067
96289.70001365762
96324.84001369035
96384.9150137463
96428.95001378731
96453.77501381043
96494.110013848
96590.45001393772
96619.3100139646
96656.76501399948
96754.65501409065
96782.5200141166
96800.43001413328
96838.1350141684
96886.61501421354
96949.15501427179
96983.78501430404
97025.04001434246
97069.13001438353
97096.54501440906
97137.91001444758
97163.060014471
97187.02001449332
97274.15501457447
97386.59501467919
97490.80001477624
97517.44001480105
97577.42501485691
97610.68001488788
97652.72501492704
97723.00001499249
97788.77501505375
97915.68001517194
97952.0350152058
98031.04501527938
98126.99501536874
98184.13501542195
98241.64501547551
98292.4100155228
98315.25501554407
98338.89501556609
98395.26001561858
98436.44501565694
98461.89001568063
98489.8800157067
98533.06501574692
98643.55501584982
98705.28501590731
98748.03501594713
98779.48501597642
98819.80501601397
98864.34501605545
98942.7800161285
99003.05001618463
99066.42501624365
99123.88001629716
99197.64501636586
99233.59001639934
99279.9450164425
99312.02001647238
99416.57001656975
99466.17501661595
99501.37001664873
99571.45001671399
99614.28501675389
99639.15501677705
99712.70501684555
99779.68501690793
99968.43001708371
99999.17001711234
100071.16501717939
100128.86501723313
100169.2100172707
100219.84001731785
100286.58501738001
100335.71501742577
100373.79001746123
100401.69501748722
100429.84001751343
100516.96001759457
100561.78501763631
100578.72501765209
100602.56001767429
100624.43001769466
100657.82501772576
100692.07501775766
100719.40501778311
100792.39501785109
100869.85001792322
100919.80001796974
101002.26001804654
101042.1550180837
101071.62501811114
101098.86501813651
101162.60501819587
101201.00001823163
101229.88501825853
101258.58001828525
101291.99001831637
101325.50001834758
101407.2400184237
101429.64001844457
101455.22001846839
101490.10001850087
101515.33001852437
101693.65501869045
101773.12001876446
101876.94501886115
101932.615018913
101975.22001895268
102026.88001900079
102049.9800190223
102077.90501904831
102155.83001912088
102184.2950191474
102213.5050191746
102259.31001921726
102291.51001924725
102313.09501926735
102348.0400192999
102386.21501933545
102412.37501935981
102457.07501940144
102532.99001947214
102555.99001949356
102588.53501952387
102642.82501957443
102766.41001968953
102822.72001974197
102865.2750197816
102930.47001984232
103007.58001991414
103077.60001997935
103147.9800200449
103190.22502008424
103241.98002013244
103279.70502016757
103310.68502019643
103342.57002022612
103384.39502026507
103417.66002029605
103449.44002032565
103502.34002037492
103538.38502040849
103584.37502045132
103607.29502047267
103653.14502051537
103692.81002055231
103723.37502058077
103758.92502061388
103786.36002063943
103831.61502068158
103872.78002071992
103993.86002083268
104023.79502086056
104058.31502089271
104113.73502094432
104181.6750210076
104248.1350210695
104312.11002112908
104385.11502119707
104431.26502124005
104462.19002126885
104587.985021386
104623.5200214191
104654.38002144784
104699.92002149025
104743.65002153098
104773.75502155902
104803.76002158696
104823.15002160502
104889.39502166671
104921.83502169693
104953.67002172658
104990.8500217612
105021.3450217896
105042.86002180964
105069.79502183473
105120.10002188158
105156.07502191508
105197.56502195372
105254.43502200668
105289.135022039
105348.68002209446
105461.27502219932
105486.9150222232
105570.83502230135
105615.42002234288
105655.28502238
105700.11502242176
105736.95002245606
105767.84502248483
105824.41002253752
105916.99502262374
105990.91002269258
106088.6400227836
106182.36502287089
106245.54002292972
106276.980022959
106311.31002299098
106366.8450230427
106416.79502308922
106450.47502312058
106550.61002321384
106622.11502328044
106652.6750233089
106688.79502334254
106729.48002338043
106788.26502343517
106844.19502348726
106890.55002353044
106921.81002355955
106958.63002359384
106982.39502361597
107004.96502363699
107030.57502366084
107061.3450236895
107116.12502374052
107221.2250238384
107263.83002387808
107289.70002390217
107331.77002394135
107381.9650239881
107403.75002400839
107442.49502404447
107483.61502408277
107545.29502414021
107578.4600241711
107625.26002421469
107675.03002426104
107738.59002432023
107793.02502437093
107829.21502440464
107860.92002443416
107905.99502447614
107931.34002449975
107960.02002452646
107991.71002455597
108282.32502482663
108344.3550248844
108433.11502496706
108521.44502504932
108587.71002511104
108628.24502514879
108689.59002520592
108787.8200252974
108880.94002538413
108918.93002541951
108948.18502544676
108977.99002547452
109127.62002561387
109160.34002564434
109201.70502568287
109227.57002570695
109291.68502576667
109322.79502579564
109349.61002582061
109387.1750258556
109415.82002588228
109455.04502591881
109540.78502599866
109605.80502605921
109669.41002611845
109807.49502624705
109862.76502629853
109892.90002632659
109930.50502636161
110015.12002644042
110062.32002648438
110106.11002652516
110130.80502654816
110176.96502659115
110209.7650266217
110290.96002669731
110342.97002674575
110385.28502678516
110411.75002680981
110464.20502685866
110520.1850269108
110573.82002696075
110608.455026993
110646.94002702885
110678.84002705856
110735.03002711089
110830.83502720011
110885.14502725069
110926.18002728891
110950.93502731196
110971.54502733116
111008.28002736537
111037.35502739245
111088.59502744017
111137.47502748569
111173.3450275191
111215.84002755868
111258.68502759858
111309.16002764559
111341.05502767529
111401.97002773202
111447.00502777396
111490.05002781405
111532.66502785374
111572.73502789106
111620.98002793599
111668.17502797995
111743.16002804978
111795.2550280983
111835.56002813583
111884.07002818101
111948.77502824127
112006.23002829478
112052.69502833806
112080.37002836383
112118.9950283998
112155.79502843408
112226.66502850008
112292.98502856184
112324.57002859126
112348.46002861351
112381.44502864423
112436.23502869526
112481.77002873766
112512.0900287659
112570.16502881999
112600.73002884845
112629.43002887518
112652.77002889692
112676.68002891919
112723.6200289629
112786.93502902187
112876.50502910529
112908.81502913538
112953.24002917676
112999.52002921986
113125.83002933749
113162.1350293713
113233.6450294379
113282.30002948322
113316.8500295154
113339.99502953695
113394.86002958805
113425.55502961663
113482.24502966943
113542.49502972554
113573.79502975469
113607.14002978575
113636.7250298133
113715.37002988654
113772.26002993953
113795.92002996156
113855.22003001679
113897.26003005594
113922.14503007912
114110.8850302549
114163.0700303035
114218.03503035469
114275.0650304078
114298.43503042957
114372.52503049857
114395.65503052011
114442.48503056372
114525.75503064127
114553.98503066757
114614.93003072432
114658.94503076532
114684.34503078897
114742.90503084351
114862.14003095456
114943.05503102991
114979.26503106364
115033.86503111449
115076.84003115451
115176.64503124746
115203.9650312729
115237.72003130434
115292.16003135504
115347.50003140658
115372.84003143018
115405.66003146075
115501.99503155047
115535.62003158178
115599.205031641
115740.56003177265
115798.12003182626
115868.79503189208
115988.93003200396
116039.89503205143
116085.98003209435
116116.61003212287
116157.45003216091
116299.19503229292
116354.94003234484
116397.03003238403
116438.29503242247
116546.60503252334
116571.2600325463
116617.87003258971
116661.7700326306
116685.74003265292
116721.73003268644
116769.66003273107
116853.08003280876
116940.99003289064
116985.77003293234
117015.78003296029
117044.3550329869
117096.08503303508
117163.79503309814
117185.13003311801
117230.6450331604
117292.83003321831
117329.83503325278
117359.5950332805
117408.44503332599
117469.8700333832
117494.5750334062
117576.90503348288
117628.08503353054
117653.75003355445
117675.88503357506
117731.63503362698
117781.8000336737
117803.02003369346
117827.9750337167
117866.28503375239
117899.83003378363
117962.42003384192
118034.40003390895
118101.33503397129
118136.44503400399
118172.65003403771
118248.39503410825
118281.50503413909
118361.41503421351
118401.07503425045
118428.61003427609
118467.51503431232
118501.25003434374
118550.58003438968
118625.28003445925
118685.3550345152
118738.30003456451
118769.81003459386
118829.97003464989
118863.43503468105
118928.20503474138
118959.1500347702
118997.34503480577
119046.21503485128
119082.82503488538
119138.61503493733
119161.06503495824
119182.40003497811
119232.30003502459
119294.84003508283
119331.02503511653
119353.74503513769
119401.19503518188
119427.29503520619
119454.89003523189
119477.26003525272
119516.82003528957
119555.05003532517
119577.07503534568
119603.44003537024
119642.2650354064
119664.69503542728
119718.24503547716
119760.0650355161
119793.28503554704
119886.42503563379
119978.00003571907
120032.74503577006
120074.33503580879
120101.5050358341
120123.02503585414
120185.42503591225
120254.42003597651
120440.22503614955
120464.7500361724
120499.07503620436
120618.8400363159
120644.87003634014
120677.94503637095
120798.09503648285
120823.0700365061
120911.10003658809
121016.68503668642
121069.31003673543
121135.88503679744
121159.00503681897
121266.3100369189
121355.35503700183
121383.72003702825
121420.21503706224
121463.17003710225
121498.2300371349
121537.12503717112
121585.24503721594
121611.87503724074
121641.01503726788
121667.8850372929
121702.12503732479
121835.00503744854
121856.02503746812
121923.68003753113
121949.72003755538
121981.6300375851
122175.30503776547
122196.94003778562
122227.37503781397
122321.72503790184
122346.82503792521
122383.13003795902
122461.74003803224
122542.27003810724
122653.7950382111
122681.32003823674
122759.65003830969
122818.65003836463
122860.20003840333
122901.715038442
122976.08003851125
123048.10503857833
123154.35503867728
123197.68003871763
123224.24503874237
123283.95003879798
123326.0650388372
123360.3200388691
123417.84503892268
123443.05003894615
123467.48503896891
123546.92003904289
123568.63003906311
123620.2750391112
123646.53503913566
123677.86503916484
123721.0900392051
123743.2050392257
123905.71003937704
123947.83503941627
124010.77503947489
124053.39003951458
124072.72503953258
124120.7450395773
124185.915039638
124252.58503970009
124280.01003972563
124313.695039757
124337.35503977904
124361.64503980166
124469.80503990239
124512.79003994243
124542.7200399703
124569.79003999551
124606.85004003003
124650.33504007052
124684.135040102
124729.7700401445
124810.47504021967
124851.47504025785
124888.4700402923
124971.54504036967
124999.9150403961
125036.51004043018
125082.72004047321
125115.54004050378
125153.21504053887
125198.85004058137
125249.47004062851
125274.59504065191
125298.310040674
125343.8350407164
125372.06504074269
125420.09004078741
125493.24504085555
125522.15504088247
125555.98004091397
125600.39504095534
125630.76004098362
125655.83004100696
125679.08504102862
125702.76504105068
125737.93004108343
125775.49504111841
125800.01504114125
125834.82004117366
125899.64004123403
125951.28504128213
125992.11504132015
126027.77504135336
126093.37504141446
126186.13504150085
126272.59504158137
126305.30004161183
126367.8650416701
126395.07504169544
126421.99504172051
126455.19504175143
126498.95004179218
126597.55004188401
126713.58504199208
126743.66504202009
126783.63004205731
126837.4150421074
126918.6950421831
126961.8650422233
127056.73004231165
127120.25504237082
127165.18504241266
127184.875042431
127233.26004247606
127267.4400425079
127314.96004255215
127364.98504259874
127388.50504262064
127419.90004264988
127462.5500426896
127508.90004273277
127580.90004279983
127608.46004282549
127641.87004285661
127675.3650428878
127783.8050429888
127932.6250431274
128001.26504319132
128052.96004323947
128119.16004330112
128171.09504334949
128232.4150434066
128332.26504349959
128428.72504358942
128450.6050436098
128474.17504363175
128514.73504366953
128560.71004371234
128595.8800437451
128637.61004378396
128671.57004381559
128695.33504383772
128722.56004386308
128747.55504388636
128801.04504393617
128828.90004396212
128862.29504399322
128927.70504405414
128973.68004409695
129011.67504413234
129075.79504419205
129194.54504430265
129302.59504440328
129325.42504442454
129402.08504449594
129424.98004451726
129495.29504458274
129518.77504460461
129590.30504467123
129629.28504470753
129684.48504475894
129799.93004486646
129881.93504494283
129905.83504496509
129976.23004503065
130033.80504508427
130070.15504511812
130120.52504516504
130224.60004526196
130267.53504530195
130310.41004534188
130353.8150453823
130437.9950454607
130532.51004554873
130568.52504558227
130595.81004560768
130632.2400456416
130654.21004566207
130689.05504569452
130717.22004572075
130814.18004581105
130883.32504587545
130970.99004595709
131036.48004601808
131070.81504605006
131092.30004607007
131210.69004618033
131246.4100462136
131278.86504624382
131375.60504633392
131407.53504636366
131478.63004642987
131567.71504651284
131616.6500465584
131754.77504668705
131799.3750467286
131843.4150467696
131882.2750468058
131917.16004683828
131999.88004691532
132055.23504696687
132291.01504718646
132312.93004720687
132364.52504725492
132443.27504732826
132504.8400473856
132556.11004743335
132612.34004748572
132708.5200475753
132757.2650476207
132777.5650476396
132817.66004767694
132845.78004770313
132881.64504773653
132907.925047761
132954.46504780435
133005.8550478522
133039.52504788357
133092.58004793298
133127.3900479654
133156.32504799234
133190.89004802454
133222.7400480542
133245.9250480758
133276.88004810462
133334.93004815868
133411.0700482296
133445.71004826186
133484.70004829817
133524.53004833526
133569.6600483773
133593.0750483991
133622.55504842656
133752.80004854786
133791.53504858393
133815.0150486058
133843.39504863223
133878.55004866497
133921.4300487049
133956.68504873774
134031.4750488074
134052.83504882728
134120.5050488903
134159.6750489268
134187.0700489523
134239.0400490007
134346.90504910116
134382.21004913404
134429.00504917762
134503.14004924666
134568.3400493074
134632.93504936754
134682.73004941392
134748.91504947556
134812.90504953515
134847.6450495675
134895.82504961238
135083.03504978673
135109.47504981136
135182.9700498798
135224.46504991845
135281.40004997147
135318.39505000593
135409.07505009038
135433.11505011277
135463.6300501412
135498.79005017394
135518.00005019183
135592.1750502609
135615.00505028217
135657.48505032173
135690.22505035222
135716.14005037636
135787.07005044242
135817.81005047105
135880.2550505292
135913.73005056038
135940.5050505853
135981.09505062312
136038.0900506762
136127.47505075944
136145.3600507761
136180.53005080885
136202.73005082953
136243.6050508676
136280.94005090237
136351.5150509681
136402.17505101528
136560.63505116286
136595.39505119523
136641.51505123818
136684.87505127856
136847.1500514297
136926.11005150323
136984.14505155728
137019.31505159003
137112.5800516769
137285.580051838
137330.61505187995
137383.265051929
137444.67005198618
137494.87005203293
137537.3650520725
137565.45005209866
137630.59505215933
137673.25505219906
137742.50505226356
137777.4450522961
137805.27505232202
137840.0350523544
137871.02505238325
137923.09505243174
137958.815052465
137987.31505249155
138024.47005252616
138082.24505257996
138150.85005264386
138181.4850526724
138210.23005269916
138281.33005276538
138312.2850527942
138346.17005282576
138416.91005289165
138451.9650529243
138519.32505298703
138589.67005305254
138616.5900530776
138658.5700531167
138691.89505314775
138727.56005318096
138777.44005322742
138808.125053256
138839.42505328514
138863.8700533079
138916.3550533568
138985.8400534215
139042.3050534741
139060.93005349144
139100.21005352802
139144.05005356885
139206.31005362683
139271.10505368718
139309.1300537226
139358.8450537689
139393.38505380106
139435.25505384005
139467.69005387026
139496.46005389706
139528.8200539272
139550.075053947
139582.92005397758
139610.92005400365
139669.42005405814
139694.67505408166
139739.8150541237
139857.09505423292
139911.3100542834
139969.26005433738
140025.27005438955
140052.58005441498
140080.54505444103
140110.19505446864
140144.45005450054
140182.2150545357
140222.9900545737
140245.2150545944
140277.30505462427
140344.2400546866
140375.12005471537
140443.16505477874
140518.0800548485
140550.43005487864
140601.03005492577
140710.21505502745
140757.42505507142
140791.9850551036
140829.20005513827
140905.87505520968
140939.43505524093
141011.455055308
141038.77005533344
141074.66505536687
141106.82005539682
141237.73005551874
141271.0950555498
141338.66005561274
141380.7050556519
141404.80005567434
141428.30005569622
141496.93505576014
141539.05505579937
141625.65005588002
141690.08005594002
141729.55005597678
141862.73505610082
141897.285056133
142016.75005624426
142043.49505626917
142122.17505634244
142158.54505637632
142189.5750564052
142220.29005643382
142249.98505646148
142325.90505653218
142400.6700566018
142498.580056693
142676.24505685846
142723.5450569025
142754.2400569311
142845.6300570162
142876.78505704523
142912.01505707804
142940.3200571044
142970.34505713236
143003.33005716308
143054.0400572103
143103.18505725608
143151.34505730093
143171.67005731986
143207.63505735336
143254.04005739657
143284.1250574246
143321.3850574593
143357.45005749288
143397.34005753003
143442.21005757182
143472.1400575997
143508.3150576334
143526.75005765056
143577.5850576979
143622.4700577397
143695.24505780748
143718.65005782928
143736.55505784595
143763.58005787112
143791.66505789728
143840.765057943
143868.16505796852
143913.08005801035
144120.7000582037
144178.09005825716
144208.8450582858
144247.21505832154
144279.47005835158
144345.13505841274
144407.99005847127
144454.77505851485
144501.79505855864
144549.35005860293
144589.73505864054
144811.78005884733
144861.28005889343
144947.01005897328
144978.09005900222
145006.79005902895
145033.43005905376
145084.71505910152
145153.26505916537
145184.35005919432
145250.31005925575
145278.5950592821
145338.80005933816
145368.12005936546
145496.94505948544
145548.7700595337
145591.26005957328
145652.63505963044
145685.48005966103
145735.32005970745
145773.36505974288
145821.43005978764
145848.72005981306
145903.70505986427
145935.2050598936
145975.74505993136
146003.63005995733
146062.1250600118
146092.45506004005
146199.30506013957
146243.85006018105
146277.46506021236
146306.37006023928
146437.53506036144
146469.57506039127
146494.5100604145
146527.43006044516
146614.47006052622
146660.17506056878
146717.07506062178
146744.03006064688
146870.04506076424
146927.1150608174
146976.6100608635
147067.87506094849
147141.6500610172
147177.04006105015
147227.27006109693
147290.08506115543
147332.50006119494
147360.86006122135
147409.73506126687
147519.1700613688
147627.70006146986
147651.54006149207
147705.5900615424
147761.78006159473
147799.88506163022
147874.42506169964
147916.0450617384
147947.64506176783
148016.09506183158
148078.66006188985
148123.24006193137
148191.33006199478
148207.07506200945
148231.1800620319
148298.6200620947
148332.52006212628
148406.295062195
148440.17006222653
148599.45506237488
148627.52506240102
148665.85506243672
148777.26506254048
148799.11006256082
148818.38506257877
148844.43506260304
148901.8550626565
148938.72006269085
148972.4800627223
148997.2900627454
149028.03006277402
149057.03506280103
149084.14506282628
149181.69506291713
149227.12506295944
149249.45506298024
149277.5400630064
149400.3950631208
149456.28006317286
149475.9700631912
149501.0050632145
149528.76006324036
149552.97506326291
149605.17506331153
149644.94506334857
149672.5700633743
149748.8000634453
149784.38506347843
149853.85506354313
149981.99506366247
150018.04506369604
150053.51506372908
150105.44506377744
150138.9100638086
150177.27506384434
150206.67506387172
150270.49506393116
150327.75006398448
150389.2950640418
150431.375064081
150508.63006415294
150541.4350641835
150563.74506420427
150594.41506423283
150634.16006426985
150668.38506430172
150703.50006433442
150749.6600643774
150807.23506443104
150842.1000644635
150879.86006449867
150922.11506453803
150977.0500645892
151013.00006462267
151044.54506465205
151073.1700646787
151134.76506473607
151174.1900647728
151250.4250648438
151277.84006486932
151310.75506489997
151370.7900649559
151446.23506502615
151480.84506505838
151527.51006510184
151568.99006514048
151599.26006516867
151643.2150652096
151664.3500652293
151715.75006527716
151748.45506530761
151788.25506534468
151825.40006537928
151872.09006542276
151914.8650654626
151965.78506551002
152047.30506558594
152071.98506560893
152095.56006563088
152137.08506566955
152189.36506571824
152249.31506577408
152289.02006581106
152309.49006583012
152351.65006586938
152435.6250659476
152536.76006604178
152570.88006607356
152607.27006610745
152664.5700661608
152687.66506618232
152720.35006621276
152748.0800662386
152858.5700663415
152903.50506638334
152941.83006641903
153016.77506648883
153075.3600665434
153101.51006656775
153157.5050666199
153180.20506664104
153235.54506669258
153285.1800667388
153319.0100667703
153417.49006686202
153436.2500668795
153458.3650669001
153482.37506692245
153512.30006695032
153559.64506699442
153587.9800670208
153643.9250670729
153669.55506709678
153691.29506711703
153717.9950671419
153777.0550671969
153804.84506722278
153858.09506727237
153950.035067358
153981.8200673876
154032.03506743436
154084.85506748356
154199.7800675906
154230.74506761943
154288.65506767336
154334.36506771593
154381.98006776028
154409.21506778564
154483.60506785492
154535.39006790315
154615.28006797755
154642.99506800337
154672.680068031
154720.1350680752
154744.77006809815
154807.59006815666
154847.0450681934
154875.59006822
154900.90506824356
154922.845068264
154972.5700683103
154989.12506832572
155020.0350683545
155040.27006837336
155140.25006846647
155170.83506849495
155211.21006853256
155241.14506856044
155321.98506863572
155468.01006877172
155500.6450688021
155531.4500688308
155551.67506884964
155587.6150688831
155623.94006891694
155673.01506896265
155740.24006902525
155834.5700691131
155857.03006913402
155940.19006921147
156015.79506928188
156045.25006930932
156086.70006934792
156139.9500693975
156190.98006944504
156277.7050695258
156305.77506955195
156336.41006958048
156360.7950696032
156406.20506964548
156443.02506967977
156491.0350697245
156548.26006977778
156604.68006983033
156638.17506986152
156700.80506991985
156729.16506994626
156752.3850699679
156860.6350700687
156903.895070109
156930.4250701337
156993.9900701929
157059.42007025384
157095.1300702871
157173.3000703599
157207.83007039205
157252.1200704333
157309.18007048644
157408.38507057884
157441.82507060998
157459.1300706261
157495.03507065953
157557.0550707173
157621.8150707776
157750.62507089757
157789.5300709338
157858.6600709982
157914.52507105022
157963.9950710963
158024.7750711529
158067.845071193
158109.700071232
158158.8850712778
158195.54507131194
158228.66007134278
158269.13007138047
158351.59507145727
158409.97007151163
158461.62007155974
158481.4600715782
158506.42007160146
158551.08007164305
158675.19007175864
158770.22007184714
158857.035071928
158889.27007195802
158924.77507199108
158974.1850720371
159010.03007207048
159047.22007210512
159079.01507213473
159129.18007218145
159158.46007220872
159179.88007222867
159218.60007226473
159284.40507232602
159369.47007240524
159406.5700724398
159470.5600724994
159569.3450725914
159622.1950726406
159674.60507268942
159714.7550727268
159780.8900727884
159817.69007282268
159843.46007284668
160034.03007302416
160052.56007304142
160073.75507306115
160109.59507309453
160133.89007311716
160196.37007317535
160251.1950732264
160300.99007327278
160337.740073307
160368.2200733354
160410.0900733744
160442.37007340445
160471.50007343158
160532.86007348873
160587.88007353997
160681.09507362678
160748.37007368944
160804.0650737413
160874.46507380687
160931.0800738596
160991.8650739162
161024.30007394642
161046.43507396703
161112.1000740282
161131.84007404657
161168.25007408048
161222.45507413096
161254.19507416053
161322.20507422386
161357.6650742569
161416.39007431158
161450.0050743429
161475.93507436704
161511.6500744003
161540.48507442715
161602.67507448507
161632.62007451296
161660.75507453916
161700.86507457652
161746.23507461877
161772.81007464352
161833.60007470014
161894.19507475657
161924.2950747846
161970.80007482792
162046.43507489836
162107.5650749553
162132.14507497818
162160.91007500497
162207.77507504862
162232.49507507164
162268.89007510553
162309.0250751429
162341.26507517294
162400.86007522844
162432.98507525836
162475.2250752977
162529.30007534806
162572.9500753887
162596.875075411
162648.62007545918
162697.5050755047
162854.02007565048
162892.88007568667
163015.8450758012
163049.18007583224
163149.6400759258
163180.65007595468
163201.13007597375
163233.89007600426
163269.83007603773
163298.025076064
163331.2200760949
163368.66507612978
163438.0450761944
163466.3050762207
163495.9150762483
163522.19007627276
163602.31007634738
163659.05507640023
163709.3850764471
163736.8800764727
163766.9300765007
163786.4850765189
163822.19007655216
163883.6550766094
163969.79507668962
164016.6950767333
164046.27007676085
164079.53507679183
164108.26507681858
164149.75507685723
164200.90007690486
164230.92007693282
164302.55007699953
164347.49507704139
164376.13007706805
164491.54007717554
164526.0650772077
164595.72507727257
164639.63507731346
164671.97507734358
164706.59507737582
164784.5150774484
164825.78507748683
164858.14007751696
164896.56507755275
165087.955077731
165153.6850777922
165236.145077869
165265.75007789658
165340.69007796637
165393.49007801554
165433.72507805302
165478.74507809494
165519.13007813256
165619.50507822604
165670.6800782737
165807.0450784007
165829.99007842207
165978.24507856014
166009.40507858916
166120.11507869227
166164.53507873364
166194.3600787614
166294.60507885477
166339.0900788962
166368.2000789233
166443.40007899335
166505.12007905083
166555.40507909766
166608.66507914726
166649.85007918562
166685.31007921865
166731.92007926205
166801.73007932707
166837.7400793606
166880.1550794001
166928.33507944498
166971.26007948496
167013.84507952462
167047.0200795555
167114.79507961863
167206.9900797045
167242.960079738
167295.45007978688
167333.9200798227
167390.75007987564
167411.4400798949
167465.04507994483
167490.37007996842
167531.31508000655
167580.63008005248
167613.87508008344
167684.04008014878
167722.47508018458
167785.4250802432
167803.7700802603
167834.09008028853
167894.86008034513
167922.7350803711
167981.29008042562
168050.40008048998
168138.0250805716
168172.79508060397
168255.99008068145
168277.2900807013
168296.60508071928
168347.03008076624
168427.4050808411
168480.93508089095
168501.63508091023
168549.6050809549
168577.11508098053
168701.36008109624
168821.0550812077
168852.9350812374
168929.10008130834
169006.7950813807
169058.4500814288
169087.26008145564
169142.8550815074
169172.39508153492
169200.78008156136
169255.85508161265
169289.88508164434
169324.03508167615
169385.26008173317
169409.94508175616
169465.1800818076
169501.97508184187
169539.72508187703
169603.50508193643
169623.1400819547
169658.27508198743
169705.29008203122
169736.88508206065
169777.2200820982
169817.00508213526
169890.44508220366
169962.77008227102
170008.0500823132
170042.66008234542
170097.3950823964
170126.33508242335
170196.34008248855
170252.4550825408
170294.16508257965
170322.40508260595
170346.3900826283
170390.15008266905
170455.47008272988
170488.93008276104
170543.82008281216
170634.83508289693
170671.430082931
170714.93508297153
170778.74508303095
170855.92508310283
170968.03008320724
171010.74008324702
171049.86508328345
171079.5500833111
171145.41508337244
171192.57008341636
171230.1900834514
171347.04508356022
171410.7050836195
171443.20008364978
171543.05008374277
171612.16508380714
171666.22008385748
171689.8500838795
171715.65508390352
171763.58008394815
171812.14008399338
171859.5050840375
171890.20508406608
171938.6600841112
172098.5250842601
172153.92008431169
172190.47008434572
172234.06008438632
172264.28008441447
172350.62508449488
172395.7550845369
172466.05008460238
172495.15508462948
172571.5250847006
172592.4600847201
172613.02008473926
172655.9150847792
172734.32008485222
172840.40008495102
172866.7900849756
172920.24508502538
172983.24508508405
173032.32508512976
173077.76008517208
173163.51008525194
173196.41508528258
173236.44008531986
173278.50508535904
173316.73008539464
173352.69008542813
173481.44008554803
173538.69508560136
173581.60508564132
173616.2800856736
173701.91508575337
173742.89008579153
173809.8750858539
173869.97008590988
173948.95008598344
173985.58008601755
174024.69508605398
174065.04508609156
174157.7550861779
174189.46008620743
174284.0350862955
174316.1350863254
174343.27008635068
174407.33508641034
174428.62008643016
174496.3100864932
174560.66008655314
174584.3400865752
174616.61508660525
174663.72008664912
174702.06008668483
174730.94008671172
174754.99508673412
174797.42508677364
174825.5150867998
174868.5700868399
174906.97508687567
175011.86008697335
175094.5950870504
175203.52008715185
175240.46008718625
175277.780087221
175387.23008732294
175455.12008738617
175476.5350874061
175514.37008744135
175545.26008747012
175623.67008754314
175748.1700876591
175814.45508772082
175889.0500877903
175930.9150878293
175999.89008789352
176088.2250879758
176139.6650880237
176166.7100880489
176186.9150880677
176235.47508811293
176265.0650881405
176314.21008818626
176355.99008822517
176384.73008825193
176409.75508827524
176431.99508829595
176459.6300883217
176514.47008837276
176594.59008844738
176628.30008847878
176734.840088578
176777.20008861745
176818.3700886558
176910.65508874174
176957.13508878503
176980.9550888072
177026.1450888493
177052.19508887356
177078.19008889777
177122.83008893934
177149.24008896394
177186.82008899894
177206.70008901745
177356.69008915714
177374.42508917366
177407.24008920422
177430.26008922566
177478.78508927085
177578.0350893633
177619.10008940153
177640.48008942144
177678.4600894568
177723.95008949918
177753.10008952633
177786.82008955773
177821.5700895901
177852.0750896185
177909.8450896723
177965.70008972433
178006.41008976224
178084.6400898351
178113.4200898619
178137.160089884
178170.1250899147
178288.07009002456
178320.25509005453
178382.8150901128
178474.25509019796
178513.64009023464
178568.63509028585
178598.12509031332
178643.79509035585
178699.59509040782
178727.705090434
178828.5450905279
178864.1900905611
178926.00009061868
179022.62509070867
179085.255090767
179158.14009083487
179233.0150909046
179344.07009100803
179388.20009104913
179464.16009111988
179507.74009116046
179594.24509124103
179677.35509131843
179717.52009135584
179743.76509138028
179776.35009141063
179822.24009145336
179846.93009147636
179878.9600915062
179920.55009154492
179979.41009159974
180076.17009168986
180106.35009171796
180188.59009179455
180217.69509182166
180245.37009184744
180319.18509191618
180367.33509196102
180501.80509208626
180572.22009215184
180599.8950921776
180679.95009225217
180753.7500923209
180814.57009237754
180872.26509243128
180932.58009248745
181004.3700925543
181033.63009258156
181063.05509260896
181101.1100926444
181132.01009267318
181178.9550927169
181252.7050927856
181291.18509282143
181363.58509288885
181472.20009299
181518.16509303282
181564.8650930763
181597.87009310705
181638.43009314482
181674.96009317884
181694.9900931975
181732.39009323233
181757.39509325562
181885.1550933746
181917.28509340453
181941.24509342684
181975.0350934583
182001.59509348305
182029.97509350948
182066.20009354322
182137.82509360992
182188.30009365693
182230.5600936963
182290.42509375204
182323.43509378278
182351.18009380862
182574.57509401668
182699.13009413268
182734.30009416543
182821.69009424682
182864.835094287
182893.31009431352
182926.10009434406
182960.05009437568
182989.95509440353
183020.06509443157
183056.53009446553
183085.51009449252
183122.25009452674
183144.79009454773
183242.8850946391
183278.18509467196
183330.1900947204
183398.52009478403
183418.5600948027
183478.11009485816
183552.1450949271
183585.61009495828
183677.2150950436
183711.3850950754
183758.2800951191
183780.5250951398
183815.61009517248
183889.66009524144
183974.81509532075
184081.15009541978
184117.51509545365
184194.40009552526
184290.04509561433
184337.02009565808
184394.25509571139
184432.8100957473
184484.77009579568
184553.33509585954
184583.71009588783
184658.01009595703
184752.02009604458
184782.30009607278
184848.6800961346
184887.95009617117
184907.67509618955
184927.41509620793
185023.54009629745
185066.9550963379
185090.65509635996
185125.54009639245
185176.34009643976
185199.94509646174
185234.12009649357
185266.2650965235
185290.87509654643
185335.33009658783
185364.15509661468
185403.96509665175
185440.65509668592
185468.46009671182
185517.34509675734
185558.0900967953
185596.47509683104
185639.11509687075
185716.49509694282
185741.62509696622
185803.0150970234
185880.8700970959
185908.5700971217
185937.63009714877
185994.42009720166
186024.81009722996
186098.935097299
186146.31509734312
186191.37009738508
186239.63509743003
186298.80509748514
186333.03509751701
186450.84009762673
186502.2500976746
186531.51009770186
186553.48509772233
186683.87509784376
186765.27509791957
186942.915098085
187022.92509815953
187052.60009818716
187257.35009837785
187324.48009844037
187378.01509849023
187423.81009853288
187457.73509856447
187724.10509881255
187755.10509884142
187825.56009890704
187851.42009893112
187892.58009896945
187919.97009899496
187966.6100990384
188011.5900990803
188034.38009910152
188078.1800991423
188142.8000992025
188219.4700992739
188247.55509930005
188360.69509940542
188459.39509949734
188492.68509952835
188549.90009958163
188619.4400996464
188651.52509967628
188690.04009971215
188722.2000997421
188745.3800997637
188765.9050997828
188794.53509980947
188827.6400998403
188871.10009988077
188899.65509990737
188933.04509993846
188977.61009997997
189004.87010000536
189034.69510003313
189108.94510010228
189189.23010017705
189217.77010020363
189259.5001002425
189323.52510030213
189360.5501003366
189443.660100414
189489.78510045697
189543.4001005069
189589.55010054988
189714.64010066638
189836.8401007802
189890.25510082993
189932.88010086963
190011.38510094275
190056.9651009852
190101.88010102703
190180.74510110047
190239.9251011556
190296.6351012084
190371.09510127775
190394.9851013
190445.5701013471
190553.4701014476
190582.22010147438
190623.75010151305
190669.78510155593
190696.51510158082
190740.16510162147
190765.05010164465
190834.82010170963
190859.910101733
190899.26010176964
190933.8801018019
191015.11510187754
191048.42510190856
191086.475101944
191229.0701020768
191281.5851021257
191469.63010230084
191543.4451023696
191575.69510239962
191620.0201024409
191656.44510247483
191713.04510252754
191745.34010255762
191771.47010258195
191834.93010264105
191865.2501026693
191966.76010276383
192011.30510280532
192132.01010291773
192185.3351029674
192218.66510299844
192252.18010302965
192271.51510304766
192304.59010307846
192344.1551031153
192367.41010313696
192408.50510317524
192448.78010321275
192473.27510323556
192575.48510333075
192616.52010336897
192639.45010339032
192671.2251034199
192742.2851034861
192770.8401035127
192834.15510357165
192917.07510364888
192960.3601036892
192985.46010371257
193017.90010374278
193047.6601037705
193082.41510380286
193187.3451039006
193225.1651039358
193246.69010395586
193312.62510401726
193368.54510406934
193400.390104099
193441.06510413688
193480.25010417338
193512.42010420334
193557.51510424534
193589.73510427534
193632.15510431485
193684.00510436314
193755.61010442983
193779.0851044517
193816.2401044863
193861.83510452876
193891.35510455625
193921.42010458425
193993.7251046516
194046.74010470096
194105.48510475567
194130.72010477918
194172.49510481808
194203.13510484662
194255.11510489503
194311.27010494733
194343.27510497713
194394.26510502462
194431.65510505944
194479.99510510446
194523.93010514538
194551.2101051708
194648.69010526157
194682.440105293
194769.7301053743
194793.3501053963
194812.44510541408
194871.45510546904
195025.11510561215
195128.8001057087
195161.5501057392
195232.185105805
195297.19010586553
195346.70010591164
195472.4951060288
195530.31510608265
195567.185106117
195610.13010615698
195647.5101061918
195676.45510621875
195708.945106249
195742.19010627997
195811.61010634463
195838.5301063697
195873.38510640216
195966.03510648845
196015.0601065341
196042.18010655936
196099.92010661314
196127.11510663846
196170.19010667858
196204.42010671046
196248.13510675117
196303.96010680316
196338.16510683502
196437.61010692763
196467.35010695533
196493.50010697969
196521.2151070055
196544.6151070273
196582.89010706294
196608.3951070867
196674.18510714796
196702.38010717422
196744.26010721322
196771.85010723892
196803.57510726847
196865.54510732618
196909.88510736747
196954.29510740883
196989.0601074412
197020.96010747092
197051.66510749952
197085.17510753073
197142.86510758445
197216.29510765284
197239.38010767434
197280.38510771253
197394.25510781858
197500.6851079177
197581.52010799298
197610.38510801987
197650.10010805685
197693.9651080977
197733.97010813496
197852.07010824495
197927.9301083156
198065.29510844353
198093.37510846969
198123.48510849773
198149.3201085218
198182.49010855268
198262.77010862745
198283.0151086463
198331.19010869117
198378.86510873557
198410.38010876492
198523.4101088702
198693.6251090287
198830.78010915645
198855.70010917966
198895.42010921665
198993.9501093084
199021.93510933447
199046.28010935715
199116.6551094227
199149.18510945298
199171.735109474
199213.07010951248
199245.14510954235
199277.28010957228
199317.54510960978
199359.16510964854
199414.46510970005
199438.030109722
199465.39010974747
199497.5101097774
199541.3301098182
199624.96010989608
199667.76510993595
199767.9951100293
199806.345110065
199895.83511014836
199959.51011020766
