26.829999999998947
86.10999999999417
111.01999999997152
144.8099999999408
189.40999999990024
218.97499999987335
266.04999999983056
290.9899999998079
324.7449999997772
356.63999999974817
404.0249999997051
433.84499999967795
468.35499999964657
519.6699999995999
564.3149999995593
607.6249999995199
657.3549999994747
719.4399999994182
807.614999999338
858.4699999992918
893.0049999992603
920.7849999992351
942.1749999992156
976.3799999991845
1014.28999999915
1066.3000000000645
1127.1000000013917
1169.490000002317
1206.100000003116
1255.7000000041987
1294.4100000050437
1321.9500000056448
1365.3500000065922
1431.410000008034
1462.6250000087155
1491.0300000093355
1515.9150000098787
1556.2350000107588
1582.9200000113412
1627.7250000123192
1719.345000014319
1785.9650000157733
1812.0350000163423
1856.0600000173033
1913.2800000185523
1967.7500000197413
2012.13000002071
2034.0150000211877
2083.920000022277
2136.930000023434
2187.880000024546
2234.2250000255576
2268.780000026312
2291.885000026816
2325.8350000275573
2410.3600000294023
2432.8300000298927
2467.165000030642
2522.685000031854
2575.600000033009
2615.03500003387
2653.165000034702
2683.8700000353724
2775.0450000373626
2847.6900000389483
2886.1800000397884
2948.1800000411417
2982.4450000418897
3012.2500000425403
3067.7300000437513
3114.725000044777
3167.4700000459284
3198.095000046597
3221.8600000471156
3249.050000047709
3299.2700000488053
3369.2000000503317
3436.840000051808
3491.540000053002
3542.8250000541216
3568.080000054673
3600.390000055378
3654.130000056551
3689.8250000573303
3750.880000058663
3775.5400000592012
3813.3850000600273
3838.205000060569
3976.015000063577
4001.700000064138
4112.925000066565
4142.130000067203
4212.870000068747
4234.155000069211
4294.2650000705235
4371.51000007221
4411.075000073073
4443.740000073786
4480.520000074589
4501.360000075044
4648.9050000782645
4684.065000079032
4709.100000079578
4730.5000000800455
4782.810000081187
4849.575000082645
4879.825000083305
4918.3300000841455
4991.38500008574
5089.040000087872
5131.495000088798
5158.0250000893775
5193.230000090146
5257.54500009155
5293.7700000923405
5342.045000093394
5402.670000094718
5435.500000095434
5477.195000096344
5593.265000098878
5615.875000099371
5675.760000100679
5716.810000101575
5747.680000102248
5786.045000103086
5966.125000107017
6035.605000108533
6098.2300001099
6184.900000111792
6242.165000113042
6277.675000113817
6315.8550001146505
6385.415000116169
6537.885000119497
6577.250000120356
6608.255000121033
6643.440000121801
6705.605000123158
6731.505000123723
6768.200000124524
6798.290000125181
6842.330000126142
6874.450000126843
6948.255000128454
6998.90500012956
7031.050000130262
7063.000000130959
7288.570000135883
7367.2550001376
7431.195000138996
7522.735000140994
7572.9200001420895
7650.280000143778
7684.480000144525
7716.445000145222
7737.2950001456775
7853.095000148205
7962.7900001506
7992.905000151257
8081.180000153184
8128.9050001542255
8176.670000155268
8219.535000151194
8310.450000136641
8366.080000127737
8476.870000110002
8569.925000095107
8606.45500008926
8639.150000084026
8686.885000076385
8765.145000063858
8814.955000055885
8852.425000049887
8888.52000004411
8918.960000039237
8957.320000033096
8973.545000030499
9111.530000008412
9166.869999999553
9239.48499998793
9289.139999979981
9330.599999973345
9386.384999964415
9442.049999955505
9471.484999950793
9524.17499994236
9567.864999935366
9607.594999929006
9665.699999919705
9687.924999916147
9710.119999912595
9795.209999898974
9843.879999891184
9916.459999879566
9941.399999875573
10025.894999862048
10063.504999856028
10129.504999845463
10292.119999819433
10326.099999813994
10381.864999805068
10403.759999801563
10433.5199997968
10468.009999791278
10502.079999785825
10527.954999781683
10549.819999778183
10630.684999765239
10703.049999753655
10755.569999745248
10792.704999739304
10850.739999730014
10905.644999721226
10965.509999711643
11019.244999703042
11082.97999969284
11139.999999683712
11173.044999678423
11281.724999661026
11305.304999657252
11358.264999648774
11484.874999628508
11536.639999620222
11592.549999611272
11637.799999604029
11674.204999598202
11715.544999591584
11737.489999588071
11761.319999584257
11806.419999577038
11842.024999571338
11865.204999567628
11953.544999553487
12063.72999953585
12090.889999531502
12122.224999526486
12162.214999520085
12194.344999514942
12214.654999511691
12253.529999505468
12289.674999499683
12363.544999487858
12394.559999482894
12452.55499947361
12490.434999467547
12514.394999463711
12552.629999457591
12641.634999443344
12681.904999436898
12758.009999424716
12788.90499941977
12839.159999411726
12875.009999405987
12909.639999400444
12964.234999391705
12994.68499938683
13039.149999379713
13146.769999362486
13235.699999348251
13421.459999318517
13511.379999304123
13547.404999298356
13598.23499929022
13643.45999928298
13670.364999278674
13718.894999270906
13748.069999266236
13800.699999257811
13847.974999250244
13874.369999246019
13897.004999242396
13938.114999235815
13980.734999228993
14005.599999225013
14057.999999216625
14118.014999207018
14174.534999197971
14286.784999180003
14425.599999157783
14471.634999150414
14525.284999141826
14551.629999137609
14587.374999131887
14658.534999120497
14713.98999911162
14803.314999097322
14903.764999081242
14927.83499907739
14975.274999069796
15008.879999064417
15068.109999054936
15105.74999904891
15199.489999033905
15254.709999025066
15312.389999015833
15328.504999013254
15351.219999009618
15379.69499900506
15547.774998978155
15576.629998973536
15619.739998966636
15671.169998958403
15715.304998951338
15797.684998938152
15855.73499892886
15908.879998920353
15944.904998914586
15971.99499891025
16040.114998899346
16171.514998878312
16202.909998873287
16340.604998851246
16519.04499887181
16560.439998880243
16605.03999888933
16648.91999889827
16718.91999891253
16765.069998921932
16788.4749989267
16862.669998941816
16909.254998951306
16933.114998956167
16985.35999896681
17016.464998973148
17058.894998981792
17085.87999898729
17104.494998991082
17127.474998995764
17210.84999901275
17271.209999025046
17317.70499903452
17340.134999039088
17377.959999046794
17447.314999060924
17478.46999906727
17580.449999088047
17615.039999095094
17654.769999103188
17696.294999111647
17735.989999119734
17822.01499913726
17860.874999145177
17913.69999915594
17956.494999164657
17982.72499917
18040.869999181847
18066.6599991871
18090.729999192004
18135.47999920112
18177.44499920967
18282.064999230985
18313.619999237413
18345.449999243898
18397.9849992546
18464.14499926808
18521.1799992797
18556.354999286865
18709.754999318116
18773.03999933101
18806.46999933782
18867.309999350215
18912.314999359383
18960.924999369287
19035.44999938447
19123.894999402488
19176.86999941328
19202.764999418556
19268.099999431866
19313.699999441156
19390.059999456713
19429.01999946465
19457.77499947051
19561.679999491676
19582.924999496005
19605.809999500667
19681.689999516126
19710.13499952192
19749.19999952988
19792.579999538717
19821.189999544546
19853.184999551064
19876.47999955581
19968.07999957447
20022.874999585634
20113.404999604078
20294.429999640957
20359.659999654246
20383.109999659024
20426.63499966789
20455.459999673763
20490.609999680924
20510.65999968501
20540.229999691033
20610.88999970543
20642.529999711875
20675.79499971865
20754.244999734634
20794.23499974278
20823.62999974877
20922.029999768816
20987.799999782215
21090.90999980322
21233.35499983224
21277.099999841153
21358.749999857788
21449.054999876185
21489.169999884358
21542.029999895127
21578.334999902523
21614.29499990985
21645.76499991626
21668.449999920882
21709.644999929274
21754.694999938452
21834.484999954708
21863.484999960616
21895.424999967123
21952.39999997873
21970.634999982445
22016.429999991775
22084.54000000565
22156.15000002024
22189.91500002712
22227.345000034744
22273.345000044115
22323.465000054326
22352.605000060263
22387.715000067416
22446.34000007936
22487.510000087746
22539.71000009838
22577.41000010606
22630.185000116813
22650.510000120954
22684.000000127777
22701.945000131433
22736.1400001384
22830.280000157578
22865.2350001647
22899.385000171656
22948.860000181736
22976.96500018746
23037.33000019976
23066.33500020567
23088.845000210255
23111.05000021478
23157.2950002242
23207.41500023441
23230.600000239134
23272.975000247767
23305.955000254486
23391.845000271984
23424.505000278637
23480.945000290136
23522.805000298664
23579.395000310193
23629.19500032034
23655.12000032562
23715.820000337986
23746.990000344336
23797.3700003546
23818.835000358973
23847.865000364887
23871.265000369654
23896.485000374792
23921.10500037981
24018.665000399684
24085.88500041338
24106.250000417527
24131.210000422612
24160.94000042867
24193.78500043536
24252.945000447413
24294.300000455838
24333.845000463894
24364.20000047008
24425.820000482632
24573.665000512752
24622.575000522716
24644.080000527098
24669.490000532274
24703.840000539272
24726.51000054389
24805.54000055999
24848.49000056874
24878.405000574836
24925.230000584375
24963.910000592256
24984.79500059651
25042.785000608324
25072.50500061438
25100.04500061999
25120.205000624097
25148.710000629904
25220.735000644578
25255.49000065166
25276.880000656016
25348.770000670662
25422.560000685695
25464.570000694253
25505.24000070254
25536.99500070901
25590.740000719958
25640.945000730186
25664.025000734888
25725.620000747436
25765.040000755467
25789.430000760436
25815.735000765795
25849.53500077268
25898.190000782593
25929.770000789027
25989.160000801126
26010.08000080539
26066.450000816872
26119.685000827718
26185.8550008412
26257.455000855785
26326.475000869847
26373.305000879387
26437.77000089252
26473.195000899737
26503.455000905902
26665.57000093893
26686.110000943114
26715.320000949065
26745.795000955273
26788.54000096398
26855.255000977573
26891.480000984953
26938.365000994505
26963.635000999653
27077.360001022822
27194.100001046605
27245.725001057122
27332.89500107488
27472.410001103304
27501.120001109153
27530.050001115047
27616.64500113269
27648.815001139243
27693.335001148313
27711.765001152067
27767.065001163333
27795.535001169133
27824.67500117507
27877.615001185855
27918.320001194148
28038.68500121867
28098.96500123095
28145.320001240394
28191.34500124977
28260.535001263866
28339.600001279974
28404.160001293127
28459.855001304473
28531.395001319048
28602.985001333633
28681.90500134971
28724.99000135849
28776.330001368948
28813.165001376452
28844.530001382842
28901.02000139435
28967.215001407836
29003.525001415233
29101.19500143513
29142.41500144353
29200.500001455363
29242.12000146384
29288.220001473233
29369.425001489777
29402.18500149645
29439.09500150397
29532.375001522974
29565.375001529697
29628.47000154255
29660.055001548986
29691.380001555368
29740.37500156535
29783.300001574094
29825.230001582637
29853.27000158835
29906.210001599135
29932.185001604426
29954.990001609072
29989.505001616104
30028.80000162411
30062.055001630884
30107.855001640215
30156.710001650168
30247.700001668705
30290.585001677442
30415.715001702934
30452.81000171049
30569.665001734298
30626.980001745975
30659.540001752608
30701.095001761074
30739.520001768902
30774.99500177613
30800.245001781273
30864.605001794385
30905.17500180265
30927.80500180726
30973.335001816537
31014.750001824974
31050.250001832206
31095.265001841377
31155.12000185357
31189.32500186054
31211.26500186501
31250.175001872936
31289.85500188102
31325.19000188822
31351.325001893543
31379.0950018992
31404.52500190438
31440.59500191173
31489.83000192176
31539.710001931922
31592.41500194266
31662.865001957012
31722.325001969126
31790.37000198299
31904.145002006167
31938.545002013176
31981.310002021888
32049.190002035717
32112.220002048558
32138.610002053934
32241.505002074897
32278.015002082335
32316.72500209022
32349.245002096846
32382.93500210371
32414.50000211014
32438.240002114977
32468.34000212111
32524.21000213249
32561.80000214015
32601.055002148147
32642.915002156675
32685.40500216533
32719.71500217232
32749.585002178406
32786.09000217268
32828.375002150526
32858.02500213499
32950.410002086595
33020.445002049906
33038.2150020406
33059.4000020295
33153.08000198042
33178.675001967014
33244.760001932395
33293.51500190685
33368.265001867694
33407.90500184693
33471.035001813856
33497.94000179976
33520.87500178775
33567.40000176337
33641.30000172466
33689.720001699294
33798.05000164254
33840.46500162032
33878.74500160027
33910.67500158354
33943.425001566386
33976.11000154926
34048.40000151139
34145.9300014603
34181.83500144149
34234.85000141372
34295.89000138174
34322.82500136763
34352.97000135184
34384.320001335414
34514.120001267416
34567.10000123966
34604.47500122008
34687.660001176504
34778.11000112912
34799.66000111783
34849.44000109175
34930.8650010491
35030.570000996864
35183.44000091678
35211.490000902086
35277.770000867364
35324.25500084301
35380.255000813675
35411.7100007972
35432.72500078619
35486.02000075827
35543.54500072813
35571.91500071327
35592.0950007027
35626.94500068444
35692.4950006501
35745.77000062219
35768.995000610026
35793.105000597396
35835.290000575296
35868.86500055771
35908.0150005372
35941.68000051956
35986.07000049631
36023.97000047645
36099.36000043696
36133.745000418945
36227.510000369824
36252.1850003569
36296.210000333835
36321.905000320374
36371.85000029421
36432.195000262596
36459.94500024806
36576.795000186845
36620.375000164015
36698.57000012305
36802.60000006855
36904.835000014995
36961.68499998521
37020.18499995457
37054.339999936674
37118.629999902994
37180.48499987059
37237.90499984051
37276.80499982013
37314.479999800395
37346.67499978353
37430.729999739495
37586.51999965788
37611.02999964504
37642.039999628796
37689.10999960414
37803.63499954414
37843.08999952347
37873.53999950752
37894.09999949675
37937.499999474014
38000.38499944107
38023.684999428864
38050.9149994146
38122.01499937735
38141.994999366885
38167.23499935366
38246.199999312295
38585.75999913441
38615.43999911886
38673.30499908855
38736.08999905566
38795.35999902461
38826.92999900807
38871.50499898472
38954.144998941425
39010.39499891196
39028.454998902496
39050.47499889096
39089.26499887064
39118.52499885531
39139.10499884453
39176.49999882494
39247.54499878772
39289.10499876595
39385.15499871563
39442.99499868533
39486.569998662504
39516.879998646626
39566.7549986205
39589.799998608425
39703.184998549026
39759.71999851941
39827.054998484135
39856.049998468945
39898.104998446914
40040.65999837223
40066.024998358946
40098.82499834176
40164.979998307106
40251.8449982616
40391.48499818845
40478.234998143
40554.98999810279
40659.1999980482
40694.179998029875
40747.45999800196
40833.34999795697
40945.914997898
41049.534997843715
41086.834997824175
41116.89499780843
41210.584997759346
41259.5449977337
41303.2599977108
41322.22499770086
41350.604997685994
41397.15499766161
41455.54999763102
41494.759997610476
41540.40999758656
41583.56499756395
41614.67999754765
41650.36499752896
41709.679997497886
41751.14499747616
41826.25999743681
41862.159997418006
41977.62499735752
42052.0999973185
42156.15499726399
42215.799997232745
42267.2299972058
42405.20999713352
42446.02499711214
42488.52999708987
42525.6899970704
42545.14499706021
42632.56999701441
42663.62999699814
42723.104996966984
42782.544996935845
42809.5499969217
42846.25999690247
42891.064996878995
42917.05499686538
43013.34999681493
43049.51499679599
43092.31999677356
43121.20499675843
43147.04999674489
43262.04999668465
43296.42999666664
43407.07999660867
43430.65499659632
43459.36499658128
43526.23499654625
43551.304996533116
43627.929996492974
43689.96999646047
43718.159996445705
43792.644996406685
43820.77499639195
43879.534996361166
43902.499996349135
43930.20499633462
44045.26999627434
44168.58499620974
44280.72999615099
44306.87999613729
44359.72499610961
44382.43499609771
44408.159996084236
44431.43499607204
44470.60999605152
44517.73499602683
44536.36499601707
44618.3999959741
44696.25999593331
44725.75499591786
44779.52499588969
44818.76999586913
44848.15999585373
44916.96499581769
44955.23999579764
44977.29999578608
45065.69999573977
45113.109995714934
45152.57499569426
45174.37999568284
45202.25999566823
45234.94499565111
45272.52499563142
45345.4799955932
45449.46499553873
45522.4399955005
45690.32999541255
45770.789995370396
45844.324995331874
45873.23499531673
45917.98999529328
45948.37999527736
46052.70999522271
46079.42499520871
46142.60999517561
46174.194995159065
46201.16999514493
46287.599995099656
46333.26999507573
46434.15999502288
46470.61999500378
46503.73999498643
46550.95499496169
46587.064994942775
46613.99499492867
46644.87999491249
46704.18499488142
46730.33499486772
46759.40499485249
46790.51999483619
46826.49999481734
46894.51999478171
46964.35999474512
47002.86999472495
47024.35999471369
47051.51999469946
47121.799994662644
47148.314994648754
47181.18999463153
47207.32999461784
47316.64499456057
47348.17999454405
47381.69999452649
47405.66999451393
47435.26999449843
47460.63499448514
47491.04499446921
47543.91499444151
47618.05499440267
47639.72499439132
47674.399994373154
47712.58499435315
47819.54499429712
47896.569994256766
47946.72499423049
47999.50999420284
48041.32999418093
48090.649994155094
48123.004994138144
48148.64499412471
48245.46499407399
48313.33999403843
48351.954994018204
48385.15499400081
48442.35499397085
48516.17999393217
48563.25499390751
48599.02999388877
48685.00499384373
48776.22499379594
48806.48499378009
48831.69499376688
48871.38499374609
48918.30999372151
48956.45999370152
49002.6999936773
49040.044993657735
49086.36999363347
49118.689993616536
49157.25499359633
49208.8599935693
49267.6549935385
49347.089993496884
49418.37499345954
49457.364993439114
49515.15499340884
49648.04499333922
49709.274993307146
49732.22499329512
49775.839993272275
49853.16499323177
49908.16999320295
49939.11999318674
49970.09499317051
50009.45499314989
50058.429993124235
50133.39999308496
50215.70999304184
50260.54999301835
50284.80999300564
50349.034992971996
50379.1849929562
50449.89499291916
50475.40999290579
50502.204992891755
50549.699992866874
50587.45999284709
50623.91999282799
50697.64999278937
50752.50999276063
50833.58999271815
50863.79999270233
50900.51999268309
51006.434992627605
51060.15999259946
51155.46999254953
51188.929992532
51263.43499249297
51373.64999243523
51438.18999240142
51471.90999238376
51527.12999235483
51600.24999231652
51682.784992273286
51714.67999225658
51791.629992216265
51832.344992194936
51887.33499216613
51914.429992151934
51953.6299921314
51976.87999211922
52034.06499208926
52059.74499207581
52089.739992060095
52133.759992037034
52178.70499201349
52208.42999199792
52242.18999198023
52271.73499196475
52333.31999193249
52362.08999191742
52415.354991889515
52474.97999185828
52503.24999184347
52526.429991831326
52561.7949918128
52623.38999178053
52671.96999175508
52699.01999174091
52727.094991726204
52764.504991706606
52802.624991686636
52837.09499166858
52984.45499159138
53015.79999157496
53049.729991557186
53085.9649915382
53157.53999150071
53202.86499147696
53260.659991446686
53327.97499141142
53371.19999138878
53396.419991375566
53444.60499135032
53487.304991327954
53539.57499130057
53579.76499127952
53608.589991264416
53737.64499119681
53870.894991127
53947.98499108662
54023.0399910473
54050.69499103281
54090.429991011995
54137.24499098747
54160.60999097523
54279.93499091272
54319.44499089202
54339.89499088131
54371.029990865
54407.38999084595
54433.97999083202
54471.16999081254
54532.21499078056
54555.83999076818
54604.52499074268
54632.00499072828
54679.45999070342
54740.249990671575
54773.26499065428
54827.979990625616
54886.584990594914
54926.83499057383
54950.834990561256
54995.96999053761
55062.39999050281
55209.28499042586
55241.07499040921
55337.764990358555
55360.539990346624
55388.424990332016
55430.08499031019
55571.794990235954
55620.564990210405
55656.62999019151
55722.62999015694
55751.17999014198
55790.63999012131
55830.61499010037
55874.37999007744
55993.08999001525
56024.32498999889
56053.67998998351
56093.22498996279
56184.00498991524
56234.059989889014
56292.09498985861
56346.509989830105
56380.28998981241
56458.90998977122
56488.699989755616
56556.54998972007
56621.81498968588
56649.2649896715
56694.859989647615
56812.53498958597
56880.729989550244
56909.949989534936
57035.019989469416
57092.86498943911
57129.97498941967
57211.879989376765
57247.94998935787
57274.2299893441
57300.53498933032
57333.63498931298
57372.394989292676
57490.48498923081
57541.959989203846
57562.574989193046
57580.94498918342
57628.23498915865
57744.78998909759
57787.20498907537
57849.84998904255
57918.0949890068
57962.16998898371
58093.319988915006
58163.59998887819
58232.154988842274
58344.32998878351
58386.96998876117
58447.89998872925
58494.644988704764
58570.044988665264
58600.1349886495
58640.669988628266
58772.37998855927
58814.19998853736
58869.59998850834
58926.38498847859
58986.83498844692
59079.179988398544
59125.36998837435
59161.334988355506
59220.88498832431
59268.35498829944
59290.24998828797
59326.13498826917
59376.89498824258
59443.849988207505
59478.669988189264
59553.189988150225
59616.84498811688
59656.364988096175
59690.40998807834
59727.8949880587
59902.99998796697
59934.39498795052
59992.2849879202
60043.4299878934
60168.134987828074
60276.62998777124
60300.08498775895
60338.289987738935
60366.71998772404
60405.579987703684
60476.86998766634
60559.129987623244
60592.744987605634
60622.84998758986
60676.68998756166
60696.73498755116
60755.6349875203
60814.20498748962
60873.70498745845
60901.58498744384
60957.67498741446
61023.32498738007
61057.819987361996
61136.02498732103
61224.68498727458
61332.19498721826
61399.57998718296
61438.219987162716
61518.28498712077
61553.9299871021
61602.329987076744
61781.78998698273
61825.13998696002
61888.64498692675
62031.7249868518
62067.75998683292
62287.08998671802
62365.839986676765
62524.219986593795
62557.089986576575
62590.0599865593
62649.00498652842
62684.97998650958
62714.9049864939
62743.989986478664
62771.34998646433
62799.289986449694
62841.91998642736
62896.144986398955
62933.404986379435
62967.76998636143
63025.224986331334
63046.89998631998
63075.08998630521
63198.679986240466
63226.529986225876
63291.51498619183
63513.34498607562
63539.97498606167
63612.18998602384
63644.55998600688
63708.2899859735
63736.82498595855
63758.49998594719
63788.8399859313
63828.61998591046
63863.70998589208
63919.45998586287
64018.409985811035
64064.089985787105
64201.24998571525
64256.3249856864
64289.20998566917
64336.024985644646
64373.23998562515
64419.50998560091
64493.95498556191
64555.414985529715
64581.14998551623
64603.839985504346
64655.92498547706
64696.94498545557
64719.029985444
64745.99998542987
64807.75998539752
64885.744985356665
64949.63998532319
64977.52998530858
65024.71998528386
65072.964985258586
65138.62998522419
65160.834985212554
65182.64498520113
65224.82998517903
65272.729985153936
65303.86998513762
65370.05998510295
65433.55998506968
65483.1499850437
65564.98998504301
65621.1449850953
65805.08498526661
65923.03498537646
65950.00998540159
65977.54998542723
66023.81998547033
66050.27498549497
66117.26498555735
66151.33498558908
66185.88998562127
66217.01498565025
66239.46998567117
66341.00498576573
66410.46498583042
66455.68498587253
66477.43498589279
66523.51998593571
66586.6399859945
66624.6549860299
66672.49998607446
66700.00998610008
66782.599986177
66804.32498619723
66830.97998622205
66855.8349862452
66916.69498630188
67024.69498640246
67120.31998649152
67168.86498653673
67230.0249865937
67262.42998662387
67300.61498665944
67321.89998667926
67363.9349867184
67429.55498677952
67478.34998682496
67530.27498687332
67595.40498693398
67629.28498696553
67666.7199870004
67699.3649870308
67727.66498705716
67769.28498709592
67792.10498711717
67856.27998717694
67905.25998722255
67932.75998724817
67964.83498727804
68017.75998732733
68053.86998736096
68076.0349873816
68152.71498745302
68248.09998754185
68315.29998760443
68437.1349877179
68505.69498778175
68531.87998780614
68553.00998782582
68590.20998786046
68643.20498790982
68699.71498796245
68828.33498808224
68875.23498812591
68987.35498823033
69039.47998827888
69101.91498833703
69122.7099883564
69143.58498837583
69187.01998841629
69220.20498844719
69248.13998847321
69273.59498849692
69354.9749885727
69434.90998864715
69500.92498870863
69540.42498874542
69574.95498877758
69731.27998892317
69758.34998894838
69807.4449889941
69843.0949890273
69917.50998909661
69962.92998913891
70007.89998918079
70049.50998921954
70067.83498923661
70091.74998925888
70142.10998930578
70265.829989421
70298.2499894512
70328.16498947906
70395.92498954217
70483.21998962347
70569.64498970396
70590.79498972365
70642.08998977143
70682.48498980905
70767.26998988801
70815.37498993281
70897.11499000894
70919.02999002935
70961.05999006849
70985.06999009085
71025.34999012836
71073.76999017346
71104.64499020221
71134.84999023034
71165.89499025926
71209.3199902997
71284.79999037
71342.15499042341
71386.62999046483
71412.82999048923
71487.13999055844
71517.2699905865
71566.75499063259
71616.07999067853
71681.02999073901
71710.92499076686
71735.48999078973
71752.46999080555
71776.1549908276
71801.83999085153
71891.3549909349
71932.65499097336
71997.51999103377
72077.19499110797
72110.13999113865
72130.22999115736
72171.714991196
72228.04999124847
72278.09499129507
72317.05999133136
72352.93499136477
72407.28499141539
72474.8299914783
72524.29499152437
72563.50999156089
72595.42499159061
72628.86499162175
72682.35499167157
72719.25999170594
72752.43499173684
72772.11499175517
72834.07499181287
72907.93999188166
73029.24999199464
73061.57499202475
73097.8199920585
73159.31499211577
73200.58999215421
73247.88999219827
73281.81999222987
73306.8799922532
73367.3199923095
73408.68499234802
73433.76999237138
73466.4399924018
73499.13999243226
73527.71499245887
73548.90999247861
73573.41499250144
73614.45999253966
73656.71499257901
73699.83999261918
73778.79999269272
73807.05499271903
73867.71999277553
73900.1099928057
73990.3099928897
74016.43999291403
74061.22999295575
74091.7849929842
74211.6099930958
74235.62999311817
74275.58499315538
74302.8749931808
74376.08999324898
74406.25499327708
74465.80499333254
74497.17999336176
74535.36999339733
74593.73999345169
74631.13999348652
74717.86999356729
74779.39499362459
74810.68499365373
74843.31499368412
74868.66999370774
74909.759993746
74946.26999378
74993.7149938242
75014.89999384392
75045.86499387276
75164.27999398304
75216.4149940316
75315.66999412404
75340.04499414674
75400.53999420308
75443.09999424272
75466.98999426496
75510.66499430564
75536.37499432958
75574.74499436532
75632.11999441875
75657.48999444238
75700.97999448288
75733.44499451312
75775.13499455195
75806.01999458071
75869.16499463952
75887.56999465666
75920.49499468732
75958.42499472265
76054.94499481254
76110.07499486388
76186.6449949352
76228.93499497458
76268.19499501114
76303.5749950441
76352.80499508994
76427.11499515915
76481.72499521001
76505.86499523249
76546.98499527079
76589.41999531031
76656.27999537258
76706.79499541962
76741.81999545224
76773.59999548184
76800.76999550714
76837.70999554155
76883.16999558388
76939.28499563615
76962.38999565766
77001.95499569451
77100.81499578658
77137.53999582079
77183.88999586395
77206.98999588547
77237.11999591353
77314.74999598583
77526.28499618283
77544.64499619993
77565.83999621967
77635.96999628498
77743.13499638479
77841.42499647633
77879.54499651183
77932.8699965615
77965.88499659224
78022.40999664488
78069.49999668874
78102.61999671959
78145.50499675953
78167.44499677996
78211.28499682079
78268.93999687448
78297.06499690068
78382.22499697999
78459.08499705157
78493.84499708394
78532.75499712018
78589.32999717287
78628.92999720975
78649.11499722855
78674.25999725197
78724.14999729843
78759.60999733146
78825.3649973927
78859.97499742493
78886.83499744994
78938.44999749801
78969.4649975269
78990.59999754658
79149.66499769472
79202.06999774353
79221.43999776157
79252.9349977909
79331.66499786422
79354.62999788561
79376.79999790626
79475.04499799776
79517.31999803713
79605.3299981191
79651.98999816255
79735.96999824076
79762.6349982656
79807.58499830746
79872.584998368
79902.9799983963
79955.42499844515
80017.1149985026
80073.68999855529
80152.99999862915
80217.49499868922
80346.81999880966
80384.36499884463
80435.07499889185
80523.8149989745
80583.55999903014
80607.90499905281
80648.09999909025
80692.76499913185
80739.07999917498
80776.77499921009
80869.52499929647
80903.30499932793
80994.24999941263
81027.76499944384
81086.57499949861
81112.13499952242
81207.0299996108
81264.44499966427
81300.73499969806
81334.88999972987
81380.80999977264
81501.65999988519
81541.48999992228
81574.98999995348
81655.06500002806
81724.05500009231
81752.35500011867
81784.83500014892
81827.96000018908
81879.46000023704
81952.66000030522
81997.35000034684
82052.97500039864
82086.88000043022
82112.29500045389
82218.15500055248
82295.9200006249
82385.09000070795
82435.5100007549
82476.96500079351
82510.91000082513
82550.67500086216
82581.16500089056
82622.30500092887
82677.61500098038
82731.80000103085
82761.48500105849
82803.06500109722
82840.26500113186
82863.7200011537
82966.00500124897
83001.73000128224
83020.25000129949
83043.40000132105
83105.45000137883
83260.27000152302
83283.3250015445
83336.66000159417
83478.23500172602
83547.48500179051
83631.41500186868
83712.17000194389
83748.54500197776
83853.39500207541
83891.90000211127
83977.35000219085
84122.59500232612
84154.76500235609
84188.88500238786
84210.32500240783
84283.24500247574
84337.88000252662
84376.38500256249
84421.27500260429
84459.95500264032
84488.26500266668
84529.98500270554
84556.51000273024
84637.19500280538
84711.45000287454
84761.42000292108
84783.26500294142
84809.56000296591
84838.59500299295
84898.53500304878
84932.80000308069
84974.1600031192
84992.80500313657
85019.65000316157
85053.95000319352
85080.27000321803
85136.49000327039
85275.74000340007
85310.18500343215
85390.74500350718
85450.2450035626
85493.04500360246
85605.69000370736
85639.08500373847
85670.6900037679
85700.05000379524
85746.08500383812
85780.2050038699
85845.04000393028
85872.80000395613
85899.06500398059
86054.79500412563
86128.48500419426
86183.26000424527
86272.14000432804
86300.29000435426
86328.15000438021
86383.90500443213
86437.40500448196
86493.62500453432
86542.97500458028
86575.80500461085
86643.16500467359
86679.07000470703
86785.75500480639
86849.27000486554
86879.84000489401
86905.1700049176
86957.19500496605
87005.11000501068
87051.45000505383
87110.65000510897
87138.52500513493
87176.01500516984
87226.26500521664
87257.74500524596
87311.66000529617
87342.80500532518
87368.36000534898
87389.04500536824
87412.37000538997
87446.69500542193
87483.26500545599
87547.14500551549
87575.7250055421
87688.60000564723
87733.19500568876
87794.41000574577
87835.55000578408
87885.51500583062
87957.30000589747
88005.38000594225
88029.23000596446
88110.40000604006
88142.78500607022
88192.41500611644
88228.51000615006
88308.27000622434
88330.63000624516
88358.89000627148
88399.86000630964
88427.88500633574
88465.0950063704
88493.86500639719
88540.915006441
88586.61500648357
88683.53000657383
88751.81500663742
88775.9500066599
88814.46500669577
88866.60000674432
88902.05500677734
88930.1350068035
88968.7900068395
89002.98500687134
89030.29500689678
89057.49500692211
89095.2750069573
89115.72000697633
89138.1250069972
89225.29000707838
89319.63000716624
89412.0300072523
89441.36500727962
89463.97500730067
89479.40000731504
89511.95500734536
89586.6300074149
89619.72500744573
89644.65500746894
89709.26000752911
89730.88000754925
89749.3000075664
89795.30500760925
89835.9500076471
89868.10500767705
89957.37500776019
89996.08500779624
90026.93000782497
90065.98500786134
90091.94000788551
90153.89500794321
90182.68000797002
90306.92000808573
90358.4250081337
90383.61500815715
90500.13000826567
90538.19000830111
90590.98000835028
90641.58500839741
90679.55000843277
90730.92500848061
90815.86000855971
90848.36000858998
90930.68000866665
90985.68500871788
91015.01500874519
91108.4450088322
91168.70500888833
91226.32000894198
91380.72000908578
91452.06000915222
91486.01500918384
91530.9500092257
91611.80000930099
91648.63000933529
91709.43500939192
91735.42000941612
91877.43000954838
91909.1300095779
91931.4700095987
91984.52500964812
92027.73000968836
92103.22500975867
92170.41000982124
92277.91000992135
92402.72001003759
92432.23001006508
92469.28001009958
92511.00501013844
92547.63001017255
92584.98501020734
92628.4250102478
92702.730010317
92793.09001040115
92910.95501051092
93133.96501071862
93157.16001074022
93216.01001079503
93262.30001083814
93344.17501091439
93377.1550109451
93410.60501097626
93451.3450110142
93498.0600110577
93640.52001119038
93665.50001121365
93694.58501124074
93716.1300112608
93793.38001133275
93845.99501138175
93937.65501146711
93966.53501149401
93990.88001151668
94088.21501160733
94115.44501163269
94147.1350116622
94174.96001168812
94227.08001173666
94296.9100118017
94325.50501182833
94372.84501187241
94457.66501195141
94561.90001204849
94617.52501210029
94826.2700122947
94851.89001231856
94941.31501240184
94991.79501244886
95044.08501249755
95118.52001256688
95180.8200126249
95209.63501265174
95273.17501271091
95302.98501273867
95343.78501277667
95401.18501283013
95430.95001285785
95450.89501287643
95561.92001297983
95596.12501301168
95633.44001304643
95679.73501308955
95721.04001312802
95749.60501315462
95830.53501323
95903.10001329758
95967.38501335745
96035.75001342111
96061.54501344514
96104.93501348555
96134.410013513
96170.23501354636
96194.10001356859
96237.34001360886
96275.00001364393
96306.77001367352
96365.89001372858
96414.68501377403
96447.20501380431
96483.12001383776
96536.28501388727
96565.72501391469
96604.40001395071
96643.12001398677
96678.9000140201
96714.89501405362
96767.20001410233
96828.14501415909
96874.220014202
96908.84501423425
97004.06001432292
97032.7100143496
97063.17001437797
97111.45001442294
97230.9100145342
97261.05501456227
97301.73001460015
97340.73501463648
97402.80501469428
97487.51001477317
97530.63001481333
97592.95501487138
97642.30501491734
97668.98501494218
97700.95501497196
97784.55501504982
97834.11501509597
97975.31001522747
97994.48501524533
98041.7000152893
98069.13501531485
98133.53501537483
98193.6400154308
98239.8100154738
98275.95501550747
98317.24501554592
98360.11501558585
98455.66501567484
98517.31501573225
98546.83001575974
98582.17001579265
98605.15501581406
98682.07001588569
98702.35501590458
98733.54001593363
98770.29001596785
98815.24001600972
98861.63001605292
98898.14001608692
98920.73001610796
98955.0300161399
99017.97001619852
99074.57501625124
99099.63001627458
99134.24001630681
99186.69001635566
99282.75001644512
99303.03501646401
99328.17501648742
99370.55001652689
99435.4100165873
99463.49001661345
99498.1200166457
99533.58501667873
99586.68001672818
99674.63501681009
99702.80001683632
99754.73501688469
99804.39501693094
99828.69501695357
99855.86501697887
99886.18001700711
99917.92501703667
100004.38001711719
100044.21501715429
100099.32001720561
100164.36501726619
100194.56001729431
100307.21001739922
100350.11501743918
100384.96001747163
100445.54001752805
100491.70501757105
100536.44001761271
100570.77001764468
100610.9500176821
100636.45501770586
100690.81001775648
100715.92501777987
100831.86001788784
100920.84501797071
100970.09001801658
101016.48501805979
101036.8000180787
101177.47001820971
101270.5550182964
101295.95001832006
101323.41001834563
101355.62501837563
101403.76001842046
101442.4550184565
101525.05501853343
101591.9200185957
101636.02001863677
101667.0850186657
101733.38001872745
101783.39001877402
101813.19001880178
101965.55001894367
102064.690019036
102105.88001907436
102166.40001913073
102214.56001917558
102257.61501921568
102329.6900192828
102383.40001933282
102409.45001935709
102439.13501938473
102510.63001945132
102562.59501949971
102596.28501953109
102630.29001956276
102678.57001960772
102718.39001964481
102761.3250196848
102845.36501976306
102927.90501983993
102962.24501987192
103027.44501993264
103055.01001995831
103089.1400199901
103116.7450200158
103144.91502004204
103190.37502008438
103214.21002010658
103249.80502013973
103289.1750201764
103315.600020201
103336.80002022075
103369.96502025163
103416.13502029463
103482.10502035607
103523.53002039465
103590.44502045697
103650.7050205131
103677.5550205381
103733.4900205902
103793.89502064645
103827.20002067747
103861.8100207097
103919.82002076373
103951.37002079311
104011.95002084953
104034.97502087097
104077.0950209102
104104.92002093612
104172.46502099902
104224.98002104793
104256.00002107682
104288.52502110711
104356.04502117
104396.91002120805
104456.67502126371
104481.22002128657
104624.7000214202
104727.6700215161
104785.2200215697
104877.65002165578
104917.07002169249
104996.36502176634
105028.89002179663
105095.60002185876
105133.53502189409
105169.98002192803
105217.75502197252
105256.33002200845
105289.18502203905
105334.57502208132
105378.63502212235
105417.97002215899
105446.84002218588
105471.22502220859
105521.18502225511
105559.11002229044
105601.43002232985
105650.71002237574
105728.67002244835
105790.44502250588
105874.92002258456
105946.02502265078
106067.10002276354
106101.10502279521
106146.43502283742
106172.13002286135
106200.47502288775
106222.06502290786
106240.55002292508
106289.81002297095
106370.12502304575
106399.20502307283
106431.87502310326
106459.505023129
106488.11502315564
106595.29002325545
106623.63502328185
106648.96502330544
106684.90002333891
106732.43502338318
106858.61002350069
106921.9800235597
106976.67002361064
107070.52002369805
107134.81002375792
107195.27002381423
107244.18002385978
107268.78002388269
107405.52002401004
107427.02502403007
107451.88002405321
107496.6450240949
107523.55502411997
107556.47502415063
107591.37502418313
107610.92502420134
107639.68002422812
107731.05502431322
107762.41502434242
107885.20002445678
107982.69502454757
108018.43502458086
108052.0850246122
108108.36002466461
108140.96002469497
108176.91002472845
108214.60002476355
108268.84502481407
108287.84502483177
108319.17002486094
108418.11502495309
108515.78502504405
108545.2600250715
108575.5350250997
108676.30002519354
108790.30002529972
108864.25502536859
108916.20002541697
108949.89502544835
109019.5350255132
109068.79002555908
109094.29502558283
109153.7400256382
109185.04002566735
109216.73002569686
109276.50502575253
109312.60002578615
109338.93002581067
109393.5050258615
109583.07002603804
109638.04502608924
109674.79002612346
109773.00002621493
109828.31502626644
109879.61502631422
109925.64002635708
109962.57002639148
109991.46002641838
110020.40502644534
110058.15002648049
110108.49502652738
110157.89502657339
110182.86502659664
110248.22502665751
110277.93502668518
110308.41502671357
110474.13502686791
110499.00502689107
110546.85002693563
110573.50502696045
110640.92002702324
110669.73002705007
110692.87002707162
110726.87502710329
110785.88502715825
110823.59502719337
110859.5950272269
110974.60502733401
111009.39502736641
111029.86002738547
111136.16002748447
111190.70502753527
111227.09002756915
111418.82002774772
111472.4950277977
111506.72502782958
111530.77502785198
111564.9350278838
111627.12002794171
111662.51002797467
111704.14002801344
111753.68502805958
111877.52002817491
111983.61502827372
112033.32002832001
112101.4850283835
112141.14002842043
112192.42002846819
112241.00502851343
112331.32502859755
112356.59502862109
112437.34502869629
112479.59002873563
112563.07502881339
112600.11502884788
112634.23502887966
112696.90002893802
112731.7800289705
112789.21002902399
112829.30502906133
112859.6600290896
112897.68502912502
112934.48502915929
113010.26002922986
113050.73002926755
113151.89002936176
113198.30002940499
113263.50502946571
113318.60502951703
113338.61002953566
113377.47002957185
113437.98502962821
113468.09002965625
113497.85502968397
113524.37002970866
113561.74502974347
113648.14502982394
113680.6450298542
113720.38502989121
113833.3200299964
113884.08003004367
113919.91503007704
113941.18503009685
113983.06003013585
114024.29003017425
114064.81003021199
114118.35503026185
114147.30503028882
114180.11003031937
114207.9600303453
114253.61003038782
114302.07503043296
114330.10503045906
114355.75003048294
114376.29003050207
114428.13003055035
114571.2050306836
114593.18003070407
114725.8250308276
114748.57503084879
114841.13003093499
114882.18503097323
114937.70503102493
115002.87003108562
115030.25503111113
115101.9600311779
115146.04503121896
115167.14003123861
115217.43503128545
115261.06503132608
115294.18003135693
115327.77003138821
115392.69003144867
115418.82503147301
115448.07003150025
115611.2300316522
115684.44003172038
115745.80003177753
115769.90503179998
115791.97003182053
115854.51503187878
115899.23003192042
115978.91503199463
116020.45003203332
116081.54503209022
116110.16503211687
116179.08003218105
116256.28503225296
116338.33503232937
116362.66503235203
116390.545032378
116420.99003240635
116497.51003247761
116557.11503253313
116614.71503258677
116646.13003261603
116689.12503265607
116743.64003270684
116776.89503273781
116810.01003276865
116835.65503279254
116862.44503281749
116891.91003284493
117003.0150329484
117133.1500330696
117175.80003310932
117197.44003312947
117235.42003316485
117260.38003318809
117297.4350332226
117345.3150332672
117368.99003328924
117403.91003332176
117447.34503336222
117486.20503339841
117526.55503343599
117562.24003346922
117660.21003356046
117699.97003359749
117777.36003366957
117825.02503371396
117877.81503376312
117919.40003380185
117981.90503386006
118032.42503390711
118110.53003397986
118139.70503400703
118192.75003405643
118248.19003410806
118282.04503413959
118312.05503416754
118348.96503420192
118406.91503425589
118531.88503437227
118563.53003440175
118618.01503445249
118668.83003449981
118739.895034566
118809.12003463047
118833.32503465301
118871.91503468895
118916.5300347305
118948.83503476059
118976.69003478653
119012.4150348198
119038.395034844
119149.67003494763
119179.51503497543
119229.27003502176
119264.86503505491
119348.88003513316
119393.39503517462
119445.46503522311
119484.33503525931
119512.93003528594
119649.22003541287
119689.92003545078
119729.52003548766
119775.12503553013
119867.9650356166
120057.34503579297
120101.64003583422
120130.67503586126
120162.74003589113
120344.04003605997
120369.7250360839
120415.75003612676
120449.6200361583
120487.11503619322
120521.91503622563
120556.71003625804
120581.11503628077
120647.10003634222
120675.77003636892
120703.0250363943
120832.76503651513
120892.51003657078
120923.60003659973
121010.865036681
121062.36503672897
121142.8300368039
121175.81003683462
121254.00003690744
121349.49503699638
121432.9500370741
121460.73003709997
121508.35003714432
121613.235037242
121789.65503740631
121824.82503743906
121866.1000374775
121922.93503753043
121960.57503756549
121999.30003760156
122032.59003763256
122156.95003774838
122267.94503785175
122300.27003788186
122459.57003803022
122482.98003805202
122538.12003810337
122600.16003816115
122650.33503820788
122670.28003822645
122707.19503826083
122735.45503828715
122822.83003836853
122850.33503839414
122884.10003842559
122914.86003845424
122981.99503851676
123041.55003857223
123113.87503863958
123176.23003869766
123211.9200387309
123280.17503879446
123368.73503887694
123406.66003891226
123440.56503894384
123474.44503897539
123517.64003901562
123568.6250390631
123663.69003915164
123741.31003922393
123802.24003928067
123917.98003938847
123970.095039437
124093.83003955224
124117.195039574
124146.31503960112
124225.38503967476
124259.64003970666
124356.79003979714
124406.72503984364
124469.66003990226
124516.02003994543
124656.62504007638
124708.7200401249
124802.10504021187
124848.38004025497
124919.22004032094
124957.46004035656
125014.98504041013
125035.47504042921
125095.7000404853
125160.29504054546
125179.26504056313
125212.97504059452
125267.77004064556
125322.53004069655
125404.03004077246
125445.28504081088
125481.03504084417
125517.98504087859
125591.6600409472
125615.3900409693
125665.29504101578
125708.13004105567
125732.90004107874
125769.13004111248
125802.7600411438
125998.2800413259
126030.26004135568
126076.68004139891
126114.77504143439
126144.28504146187
126185.71504150046
126293.55004160089
126453.15004174953
126520.49504181225
126577.47504186531
126628.36504191271
126683.29504196387
126731.92504200916
126763.27504203835
126789.56504206284
126825.8150420966
126864.41504213255
126937.36004220048
127105.6400423572
127127.23004237731
127165.57504241302
127198.4000424436
127336.05004257179
127428.49004265788
127454.10504268174
127505.56004272966
127545.93004276726
127599.90004281752
127667.19004288019
127694.56504290568
127736.55504294479
127852.1000430524
127975.12504316698
128047.085043234
128096.14504327968
128144.67504332488
128182.35504335997
128227.47004340199
128264.57004343654
128375.03004353942
128449.0000436083
128522.42004367668
128544.82504369755
128571.03504372196
128592.03504374152
128705.5150438472
128734.57504387427
128766.42004390393
128803.03504393803
128830.18504396331
128871.1900440015
128906.95504403481
128939.1500440648
128964.31004408823
129017.25504413754
129087.41004420287
129178.24504428747
129221.93504432816
129259.11004436278
129290.51004439202
129320.27004441974
129344.01004444185
129377.54504447308
129418.94504451164
129445.05504453595
129477.6400445663
129521.42004460708
129560.11504464311
129590.88004467177
129613.63004469295
129651.62004472833
129707.86504478072
129740.71504481131
129790.76004485792
129834.73504489887
129856.62504491926
129888.18504494865
129953.59004500957
129996.19504504924
130050.85004510015
130073.69504512142
130126.6000451707
130183.85504522402
130274.36504530831
130299.78004533198
130332.32504536229
130396.17504542175
130449.23504547117
130543.58004555904
130574.56004558789
130643.78504565236
130667.35504567431
130692.95004569815
130719.46504572284
130916.53504590638
130981.86004596722
131029.70504601178
131064.02004604373
131093.59504607128
131136.70004611142
131166.55504613923
131188.2250461594
131210.32004618
131280.60004624544
131300.94004626438
131461.30004641373
131503.6850464532
131554.45004650048
131588.16504653188
131660.32004659908
131756.82504668896
131790.88004672067
131838.96504676546
131865.35004679003
131973.78504689102
132006.91004692187
132047.06504695927
132186.30004708894
132241.10004713997
132285.77004718158
132313.86504720774
132387.44004727626
132442.58504732762
132526.8450474061
132578.8050474545
132639.485047511
132735.5750476005
132775.50504763768
132803.30504766357
132841.0150476987
132868.05004772387
132913.280047766
132951.75004780182
132997.87004784477
133032.21004787675
133056.13504789904
133125.61004796374
133172.53504800744
133208.59004804102
133236.7950480673
133263.42004809208
133337.99504816154
133363.9300481857
133388.3250482084
133425.6850482432
133451.240048267
133540.2350483499
133596.74504840252
133643.37004844594
133711.59004850948
133746.10504854162
133770.6850485645
133794.01004858623
133889.62504867528
133956.68004873773
134024.0750488005
134111.6800488821
134222.67504898546
134259.89504902012
134301.04004905844
134375.8350491281
134421.19504917035
134493.2000492374
134545.63004928624
134570.04004930897
134600.4450493373
134645.28504937905
134678.14504940965
134726.90004945506
134761.65504948742
134920.25004963513
135003.93004971306
135028.2400497357
135112.68504981435
135141.44004984113
135182.7650498796
135215.68004991027
135235.29004992853
135285.7200499755
135360.11505004478
135382.10505006526
135404.89005008648
135501.49005017645
135534.78505020746
135575.44005024532
135628.20505029446
135660.93505032494
135729.700050389
135755.01505041256
135808.04505046195
135835.75005048775
135859.3050505097
135884.05005053274
136007.45005064766
136034.7500506731
136080.63005071582
136114.91505074775
136167.96005079715
136258.03505088104
136309.17005092866
136345.1700509622
136364.49005098018
136445.86005105596
136464.52005107334
136546.45505114965
136656.48505125212
136733.27505132364
136801.320051387
136842.67005142552
136872.44505145325
136913.48505149147
136974.66005154845
137030.17505160015
137069.750051637
137103.5750516685
137157.780051719
137187.67005174683
137236.55005179235
137276.53005182958
137307.34005185828
137342.96005189145
137387.8900519333
137436.38005197846
137473.21505201276
137502.2550520398
137528.63005206437
137594.61005212582
137703.02005222678
137760.3900522802
137799.08005231625
137828.64505234378
138008.70005251147
138055.10005255468
138165.3750526574
138196.58505268645
138233.18505272054
138311.29005279328
138352.73505283188
138391.90505286836
138461.71505293337
138528.28005299537
138588.72505305166
138615.45005307655
138696.3600531519
138746.73005319881
138827.28005327383
138889.15005333145
138918.86005335912
139006.1450534404
139040.14505347208
139060.66005349118
139196.45005361765
139216.65005363646
139239.05005365732
139286.11505370116
139351.0250537616
139374.46505378344
139431.95005383698
139468.7050538712
139506.62505390652
139532.62505393074
139595.4950539893
139632.2200540235
139665.77005405474
139715.47005410102
139745.16505412868
139763.4350541457
139803.490054183
139840.87505421782
139889.84005426342
139936.98005430732
139972.95505434083
140011.84505437705
140038.51505440188
140062.39005442412
140118.93505447678
140152.53005450807
140174.00505452807
140322.90505466674
140359.0500547004
140535.87005486508
140567.4450548945
140586.8000549125
140722.75005503913
140853.78005516116
140908.12005521177
140941.5500552429
140972.3800552716
141037.7550553325
141073.22505536553
141102.43005539273
141150.37505543738
141196.29505548015
141225.85505550768
141249.34505552956
141287.9250555655
141328.3100556031
141355.01005562796
141431.8350556995
141484.18005574826
141511.87005577405
141552.11505581153
141629.64005588373
141695.6400559452
141764.33005600917
141801.05505604338
141839.66505607934
141889.30505612557
141946.85005617916
141979.61005620967
142011.9550562398
142084.80005630763
142243.8800564558
142282.58005649183
142338.2700565437
142387.14505658922
142434.2500566331
142472.96505666914
142541.51005673298
142566.07005675585
142599.9500567874
142644.74505682912
142728.40005690703
142778.66505695385
142816.32005698892
142879.1200570474
142906.12505707255
142932.4750570971
142948.63505711214
142969.69005713175
143001.36505716125
143035.15505719272
143067.11005722248
143118.63005727046
143154.70505730406
143224.07505736867
143303.82505744294
143349.97005748592
143388.75005752203
143441.79005757143
143486.79505761334
143522.46005764656
143552.27005767432
143633.77005775023
143672.52505778632
143705.21505781676
143809.615057914
143904.89005800273
143932.06005802803
143990.46005808242
144022.58505811234
144075.34505816147
144145.5850582269
144180.52505825943
144239.25505831413
144290.9950583623
144330.67505839927
144357.3500584241
144389.60505845415
144431.94005849358
144456.46505851642
144481.3600585396
144562.36005861504
144602.60005865252
144633.75005868153
144667.8550587133
144691.54505873536
144814.05505884945
144869.16505890078
144916.0150589444
144974.29005899868
145094.58505911072
145117.1150591317
145137.9450591511
145170.75005918165
145245.78505925153
145272.1600592761
145397.45505939279
145428.34505942155
145464.61005945533
145488.59505947767
145516.53005950368
145556.8150595412
145606.82005958777
145644.36505962274
145732.67505970498
145766.0800597361
145814.7200597814
145846.22005981073
146013.34005996637
146073.37006002228
146226.1950601646
146259.915060196
146348.9250602789
146374.40506030264
146396.95006032364
146430.90506035526
146462.43006038462
146484.1950604049
146544.6700604612
146603.74506051623
146680.3650605876
146725.96006063005
146786.17506068613
146814.53506071254
146895.00006078748
147011.6350608961
147054.38006093592
147151.67506102653
147237.71506110666
147281.49506114743
147355.48006121634
147384.39006124326
147454.2200613083
147473.39506132615
147494.21006134554
147528.37506137736
147550.88506139832
147668.39506150776
147793.6450616244
147813.24506164266
147842.98006167036
147877.90506170288
147920.1050617422
147949.6550617697
147984.41506180208
148064.68006187683
148142.5050619493
148185.15506198903
148232.95506203355
148274.1400620719
148299.77506209578
148324.74506211904
148358.00006215
148525.69006230618
148632.94006240607
148656.09506242763
148688.47006245778
148763.78006252792
148785.61006254825
148818.8300625792
148909.66006266378
148943.57506269537
148971.9700627218
149038.2050627835
149116.01506285596
149172.56006290863
149215.20506294834
149269.2650629987
149306.24006303312
149359.5650630828
149429.94506314833
149456.83506317338
149506.94006322004
149538.76006324968
149563.88006327307
149615.6600633213
149644.9750633486
149736.5600634339
149827.05006351817
149900.81006358686
149924.66506360908
149996.54006367602
150034.76506371162
150088.78506376193
150116.17006378743
150146.71506381588
150180.59006384743
150202.49506386783
150245.17506390758
150357.03006401175
150452.60506410076
150476.83506412333
150535.84506417828
150562.73506420333
150589.4400642282
150646.11006428098
150711.79006434215
150751.6750643793
150776.73006440263
150805.10506442905
150834.87006445677
150897.2850645149
150924.0200645398
150965.025064578
150997.75506460847
151045.40006465284
151085.5100646902
151119.72006472206
151169.76006476866
151196.970064794
151233.23506482778
151301.95506489178
151413.68506499584
151551.290065124
151607.18006517604
151661.45006522659
151767.83506532566
151834.96506538818
151866.3300654174
151921.26506546856
151950.75006549602
152085.34006562136
152143.30006567534
152241.9450657672
152305.52506582643
152362.16506587918
152401.35006591567
152437.44006594928
152481.43506599026
152518.22506602452
152570.14506607287
152607.875066108
152640.6200661385
152790.8350662784
152840.4300663246
152874.77506635658
152943.87506642094
152969.68506644497
152996.2350664697
153051.58006652124
153071.85006654012
153098.3600665648
153123.72006658843
153147.82006661088
153170.31506663183
153248.6600667048
153299.84006675245
153351.47506680054
153452.10506689426
153494.41506693367
153544.31506698014
153618.75006704946
153675.09006710193
153705.0000671298
153741.26006716356
153770.34506719065
153849.40006726427
153885.74506729812
153933.2750673424
153999.81006740435
154055.83506745653
154095.8650674938
154131.67006752716
154164.4750675577
154216.19006760587
154246.03006763366
154278.9250676643
154339.56506772077
154378.27506775683
154406.2700677829
154463.32506783603
154486.55006785766
154534.95506790275
154568.75006793422
154624.49506798614
154667.0850680258
154702.6150680589
154743.60506809707
154779.0850681301
154848.6500681949
154878.75506822293
154943.84506828355
155027.83006836177
155098.89006842795
155142.60006846866
155238.88006855833
155280.92006859748
155358.5650686698
155398.98506870744
155441.95006874745
155481.66506878444
155517.0550688174
155564.56006886164
155605.2150688995
155638.79506893078
155677.67006896698
155770.65006905358
155838.61006911687
155940.6350692119
155995.7200692632
156047.09006931103
156079.4800693412
156157.62506941397
156265.61506951455
156327.300069572
156382.9150696238
156455.00006969093
156484.57506971847
156521.79506975313
156566.8650697951
156608.36506983376
156652.80506987515
156713.4150699316
156760.7600699757
156907.72007011255
157004.80507020297
157055.66007025033
157126.165070316
157151.20507033932
157183.69507036958
157231.04007041367
157278.88007045822
157316.0100704928
157348.45007052302
157372.42007054534
157389.92007056164
157436.1550706047
157490.9250706557
157585.91007074417
157680.94507083268
157772.575070918
157826.61007096834
157855.63507099537
157969.25007110118
158019.01507114753
158041.6350711686
158126.75507124787
158168.71507128695
158279.51507139014
158319.57507142745
158391.75007149467
158436.3350715362
158485.65507158212
158518.0700716123
158596.72507168556
158636.90007172298
158661.75507174613
158768.84507184586
158817.5200718912
158859.87507193064
158889.70507195842
158982.00507204438
159013.07507207332
159046.20507210417
159092.78007214755
159215.49507226184
159286.89007232833
159371.76507240738
159396.09507243003
159448.76007247908
159476.14007250458
159546.37507257
159622.60007264098
159665.9950726814
159691.6450727053
159717.80007272965
159759.69507276866
159805.165072811
159840.43007284385
159880.92507288157
159938.12007293483
160044.7200730341
160083.88007307058
160123.7450731077
160186.81507316645
160209.0850731872
160292.2100732646
160331.35007330106
160363.68007333117
160456.12007341726
160556.91507351113
160590.1800735421
160611.02007356152
160635.6900735845
160700.0150736444
160723.91507366666
160784.2950737229
160821.5600737576
160852.65007378656
160906.24507383647
160938.65007386665
161045.94507396658
161121.17007403664
161176.26507408795
161290.6900741945
161332.07507423306
161375.54507427354
161397.56007429404
161474.24507436546
161520.97507440898
161553.38507443917
161579.5000744635
161673.72507455124
161724.00507459807
161808.31007467658
161863.36507472786
161913.10507477418
161947.08007480582
162021.6800748753
162060.99507491192
162096.24007494474
162157.77507500205
162278.28007511428
162309.21007514308
162399.71007522737
162471.5900752943
162493.34007531457
162523.41507534258
162575.3100753909
162611.56507542467
162649.85507546033
162698.6800755058
162735.96007554053
162776.61007557838
162804.41007560428
162865.0050756607
162917.89507570997
162958.27007574757
163007.84007579373
163040.16007582383
163178.25507595245
163217.64007598913
163261.3000760298
163318.2200760828
163352.2650761145
163420.9850761785
163442.27507619833
163489.43507624225
163513.30507626449
163598.4800763438
163640.1150763826
163662.84507640376
163697.6750764362
163783.08507651574
163829.94007655937
164006.98507672426
164074.83007678745
164114.89507682476
164131.8000768405
164166.09507687244
164244.77007694572
164345.97007703996
164386.02007707726
164441.9850771294
164497.97007718153
164526.09507720772
164556.91007723642
164580.2000772581
164662.81007733505
164715.67507738428
164750.1700774164
164775.24507743976
164816.07007747778
164867.16507752537
164891.49007754802
164952.18507760455
164989.10507763893
165028.13507767528
165079.85007772344
165102.4500777445
165154.78507779323
165219.4950778535
165253.57507788524
165344.13507796958
165365.0850779891
165415.05007803562
165458.13007807574
165485.5550781013
165586.8300781956
165621.05007822748
165693.74007829517
165782.9850783783
165843.15507843433
165868.98507845838
165930.99007851613
165963.62007854652
165984.2100785657
166015.61007859494
166048.19007862528
166114.96007868747
166147.17007871746
166174.21507874265
166214.5450787802
166260.72007882321
166341.38007889834
166376.28007893084
166428.6450789796
166468.94007901713
166505.14507905085
166605.67507914448
166646.36007918237
166735.45007926534
166814.56507933902
166853.64507937542
166894.16007941315
166939.79507945565
167106.84007961123
167165.91007966624
167234.34007972997
167292.4750797841
167344.0150798321
167394.64007987926
167432.72507991473
167478.04507995694
167495.13507997285
167522.73007999855
167578.47008005047
167657.7400801243
167693.43508015753
167725.060080187
167757.8200802175
167802.43508025905
167827.33008028223
167856.4000803093
167880.0150803313
167955.4950804016
167990.91008043458
168017.0350804589
168071.93008051004
168129.71508056385
168158.46008059062
168202.61508063175
168246.46008067258
168301.59008072392
168332.78008075297
168355.8950807745
168406.0450808212
168432.38008084573
168505.62508091395
168563.14508096752
168655.84508105385
168711.65508110583
168789.4850811783
168932.5050813115
169000.31508137466
169035.66508140758
169125.8900814916
169150.23008151428
169249.95508160716
169302.7200816563
169341.7100816926
169376.33508172486
169465.09008180752
169505.6500818453
169615.1900819473
169672.57508200075
169744.29508206755
169778.8150820997
169813.12008213165
169850.37008216634
169891.53508220467
169917.09008222847
169952.59508226154
170039.11008234211
170078.8200823791
170199.7350824917
170221.07508251158
170252.9900825413
170296.12508258148
170359.80508264079
170411.74008268915
170434.36508271022
170463.20008273708
170484.83008275722
170511.58508278214
170534.37008280336
170575.46008284163
170613.26008287683
170672.32008293184
170717.55508297397
170749.55008300376
170814.215083064
170854.5950831016
170900.59008314443
170926.84508316888
170959.25508319907
170983.80508322193
171012.2200832484
171031.27008326614
171060.2100832931
171086.87008331792
171117.30508334626
171183.32508340775
171228.65508344996
171250.98008347076
171291.09508350812
171326.37508354097
171361.96008357411
171392.91508360294
171441.52508364822
171505.8100837081
171550.26008374948
171571.19008376898
171611.53008380655
171648.16008384066
171702.92008389166
171722.75008391013
171762.95508394757
171834.6150840143
171869.80508404708
171911.76008408616
171960.90008413192
172000.15508416848
172085.70008424815
172116.53008427686
172182.73508433852
172209.5650843635
172256.71008440742
172277.38508442667
172332.54508447804
172373.28508451598
172391.4550845329
172441.76008457976
172501.86508463573
172557.8900846879
172637.5550847621
172688.6650848097
172719.050084838
172773.7150848889
172903.22008500953
172933.52008503774
172967.9350850698
173004.15508510353
173043.62008514028
173107.8400852001
173143.69008523348
173270.24508535134
173300.49508537952
173372.34008544643
173399.83508547203
173446.65008551563
173494.63508556032
173545.55008560774
173583.44008564303
173611.4300856691
173649.73008570477
173672.72008572618
173692.47508574458
173726.90008577664
173771.6400858183
173840.22008588217
173904.73508594226
173981.07008601335
174023.8450860532
174090.7600861155
174144.57508616563
174235.26008625008
174274.0450862862
174324.1750863329
174387.78008639213
174426.7300864284
174545.87008653936
174570.35508656217
174607.99508659722
174662.49508664798
174724.92508670612
174761.31508674
174829.42008680344
174867.95008683932
174895.48508686497
174955.37508692074
175021.3700869822
175046.36508700548
175073.8800870311
175098.04508705362
175129.53008708294
175196.6000871454
175311.51508725242
175343.25008728198
175415.07508734887
175453.83008738497
175565.7650874892
175606.85008752748
175674.26008759026
175697.10508761153
175753.14508766372
175835.11508774007
175882.33508778404
175963.21008785936
176138.53508802265
176186.74508806755
176206.83008808625
176229.47008810734
176293.06508816656
176348.13508821785
176382.41008824977
176406.36508827208
176447.2850883102
176470.46008833178
176500.39008835965
176539.34008839593
176569.83508842433
176590.70508844376
176633.30508848344
176733.91008857713
176791.56508863083
176841.76508867758
176932.24008876184
176993.02008881845
177074.97508889477
177163.99008897768
177196.39008900785
177245.42508905352
177280.92508908658
177304.50508910854
177327.73008913017
177368.5650891682
177455.1050892488
177493.4550892845
177618.4350894009
177755.8550895289
177796.52508956677
177894.35008965788
177946.70008970663
177987.00508974417
178073.5850898248
178099.38008984883
178140.73008988734
178183.38508992706
178211.91508995363
178246.40008998575
178270.02009000775
178298.78009003453
178331.33509006485
178390.31509011978
178457.61009018245
178496.850090219
178560.215090278
178611.69509032596
178673.46509038348
178712.53509041987
178743.4750904487
178803.21009050432
178874.24509057048
178985.77509067435
179008.23509069526
179056.00509073975
179080.27509076236
179126.1700908051
179204.80509087833
179282.74009095092
179312.41509097855
179382.3750910437
179408.62509106816
179476.23009113112
179505.8450911587
179530.1150911813
179567.44509121607
179628.76509127318
179662.32509130443
179723.21509136114
179786.99509142054
179864.0500914923
179891.51009151788
179922.73009154695
179953.79009157588
179994.710091614
180038.56009165483
180097.1650917094
180176.43509178323
180203.2400918082
180239.7500918422
180264.40009186516
180333.3900919294
180407.28009199823
180443.18009203166
180473.45509205986
180514.82009209838
180545.18509212666
180651.6250922258
180750.19009231759
180797.42009236157
180843.8350924048
180876.5950924353
180903.25509246014
181117.87509266002
181196.19009273296
181225.92009276064
181309.55509283853
181348.08509287442
181384.5850929084
181442.30509296217
181490.60509300715
181539.81509305298
181562.43009307404
181657.57009316265
181695.525093198
181781.84009327838
181819.95509331388
181874.12509336433
181927.2300934138
181996.2700934781
182033.6350935129
182088.36009356385
182140.10009361204
182167.47509363753
182210.925093678
182241.9550937069
182276.91009373945
182315.43509377533
182350.25009380776
182383.9150938391
182403.9900938578
182435.36009388702
182466.82009391632
182505.5650939524
182651.09009408794
182698.6100941322
182740.6100941713
182861.66009428405
182893.9250943141
182930.6550943483
182982.12009439623
183044.0550944539
183082.01509448927
183136.85009454034
183196.70509459608
183267.86009466235
183297.8750946903
183335.7750947256
183369.87009475735
183406.78509479173
183526.64509490336
183568.4500949423
183607.58509497874
183629.60009499924
183657.53509502526
183706.41009507078
183832.54009518825
183862.29009521595
183971.46509531763
184094.5900954323
184120.3650954563
184164.89509549778
184197.72509552835
184305.22009562847
184367.2150956862
184408.875095725
184515.165095824
184567.2550958725
184608.97509591136
184645.23009594512
184673.60009597155
184702.78009599872
184760.98509605293
184793.0500960828
184831.930096119
184915.4800961968
184945.60509622487
185010.6000962854
185045.15009631758
185065.18009633623
185087.7850963573
185165.35509642953
185188.98009645153
185240.2750964993
185277.12009653362
185329.57009658247
185377.380096627
185428.24009667436
185494.35009673593
185523.04509676265
185549.32509678713
185620.39509685332
185641.18509687268
185707.2400969342
185751.7900969757
185780.07509700203
185817.24509703665
185858.26509707485
185914.6850971274
186041.67009724566
186097.30009729747
186126.9750973251
186208.0500974006
186246.5800974365
186283.46509747085
186330.7600975149
186406.52509758546
186430.23509760754
186467.92009764264
186504.52509767673
186552.52509772143
186603.46009776887
186647.64009781
186696.97509785596
186734.9200978913
186757.07009791193
186787.73009794048
186827.50509797753
186858.32509800623
186914.52509805857
187086.800098219
187165.99509829277
187364.48509847763
187389.3700985008
187453.1600985602
187488.30009859294
187527.1150986291
187632.0300987268
187725.41509881377
187795.74009887927
187844.02009892423
187883.77009896125
187919.8900989949
187954.95509902755
187996.235099066
188032.51509909978
188093.57509915665
188218.36009927286
188254.42009930644
188287.59009933734
188338.94009938516
188371.4150994154
188398.53509944066
188423.40509946382
188451.78009949025
188549.80009958154
188628.53009965486
188702.9700997242
188761.34009977855
188814.72009982826
188883.06509989192
188919.16009992553
188986.1300999879
189036.6051000349
189071.29510006722
189156.950100147
189193.96510018146
189238.8901002233
189285.12510026636
189323.14010030177
189352.68510032928
189390.46010036446
189427.6551003991
189462.69010043173
189520.23010048532
189619.87510057812
189655.68510061147
189714.08510066586
189781.00010072818
189832.04510077572
189868.05510080926
189922.17010085966
189952.98010088835
189974.32010090823
190028.2001009584
190117.02510104113
190143.4101010657
190171.8751010922
190216.5251011338
190253.65510116838
190292.2301012043
190363.855101271
190398.01510130282
190432.86010133527
190484.89510138374
190514.73510141153
190675.95010156167
190701.05010158505
190729.42010161147
190781.82510166027
190903.930101774
190937.4501018052
190987.24010185158
191026.09510188777
191085.27010194288
191115.08010197064
191161.07510201348
191215.45010206412
191270.00010211492
191343.16510218306
191366.42010220472
191392.8001022293
191418.17010225292
191456.09010228823
191480.2201023107
191516.78010234475
191605.1951024271
191779.045102589
191835.81510264188
191963.99010276125
191984.95510278078
192051.14010284242
192135.02510292054
192182.74510296498
192233.9901030127
192253.66510303103
192292.1651030669
192352.68510312325
192419.70510318567
192450.83010321466
192529.3601032878
192572.39510332787
192599.5851033532
192621.76010337385
192677.28510342556
192748.54510349192
192803.40510354302
192829.7901035676
193002.43010372837
193089.23510380922
193184.9851038984
193227.2951039378
193318.3501040226
193351.34510405333
193425.74510412262
193576.43010426295
193638.0051043203
193751.56010442605
193840.15010450856
193865.325104532
193898.88510456326
193923.39010458608
193961.87510462193
194017.43510467367
194120.06510476925
194162.9651048092
194188.77010483324
194232.16010487365
194260.07510489965
194362.18010499474
194396.01010502625
194462.47510508815
194489.4951051133
194572.51510519063
194640.41510525387
194689.02510529914
194770.93510537542
194802.67510540498
194834.84510543494
194854.72510545346
194884.35010548105
195030.8601056175
195078.9651056623
195131.4851057112
195164.6551057421
195242.80010581488
195269.86010584008
195339.63510590506
195422.41010598216
195458.91010601615
195497.5251060521
195518.39510607155
195554.68010610534
195611.6451061584
195640.67010618543
195683.34010622517
195715.18510625482
195768.22010630422
195793.6601063279
195818.9901063515
195894.66010642197
195946.52510647028
195974.08510649594
196033.37510655116
196084.6351065989
196131.79010664282
196167.9601066765
196232.0601067362
196302.30010680162
196325.19010682293
196351.3551068473
196379.02510687307
196415.8751069074
196485.53510697227
196540.61510702356
196577.33010705776
196610.03510708822
196679.1651071526
196698.08510717022
196754.9851072232
196814.895107279
196891.57010735042
196919.3651073763
196978.89510743174
197049.69010749768
197119.25510756247
197156.16510759684
197422.68510784506
197459.4451078793
197476.51010789518
197509.61510792602
197542.62010795675
197606.9851080167
197631.1501080392
197710.7251081133
197767.0901081658
197857.21010824974
197897.9551082877
197913.78510830243
197929.2051083168
197975.33010835975
198066.03510844422
198112.0701084871
198134.27510850778
198205.5051085741
198243.11010860914
198294.7101086572
198367.7401087252
198392.19510874798
198416.51510877063
198443.4451087957
198546.21010889142
198586.4551089289
198635.80510897486
198709.00010904303
198775.61010910507
198810.93010913796
198872.47010919527
198907.02010922745
198952.04010926938
198977.96010929352
199019.30010933202
199042.82510935393
199067.23510937666
199091.56510939932
199129.3351094345
199165.1051094678
199231.3351095295
199269.64510956517
199498.08010977792
199667.84010993602
199743.24511000625
199775.28011003608
199800.76511005982
199872.28011012642
199940.3201101898
199961.1701102092
199987.65511023387
