33.829999999998854
169.93999999991794
181.0899999999078
245.21499999984948
254.6499999998409
277.61499999982004
287.3199999998112
313.44499999978746
323.67999999977815
336.55999999976643
440.9299999996715
483.3499999996329
538.6749999995826
550.2649999995721
594.319999999532
604.6499999995226
619.9299999995087
634.9099999994951
648.4149999994828
664.4099999994683
676.0149999994577
755.3849999993855
808.8999999993368
847.5249999993017
885.4049999992673
955.0649999992039
969.7299999991906
1019.1399999991456
1032.279999999322
1048.7999999996825
1070.035000000146
1084.8050000004685
1100.5550000008122
1144.0300000017612
1290.2850000049536
1325.160000005715
1333.3850000058944
1343.8400000061226
1353.020000006323
1485.830000009222
1500.3750000095395
1511.5850000097842
1583.8900000113624
1594.6250000115967
1603.0000000117795
1664.7450000131273
1838.550000016921
1864.7400000174928
1894.440000018141
1906.8450000184118
1916.3050000186183
1924.8950000188058
1933.6450000189968
2008.6600000206342
2063.185000021824
2121.545000023098
2139.870000023498
2159.380000023924
2221.8600000252877
2232.0200000255095
2243.3800000257575
2286.0450000266887
2372.1250000285677
2386.345000028878
2447.7050000302174
2594.0800000334125
2665.625000034974
2677.4500000352323
2696.440000035647
2730.1550000363827
2797.880000037861
2927.7250000406952
2944.345000041058
2960.2650000414055
3082.555000044075
3107.345000044616
3120.260000044898
3131.8450000451508
3156.7550000456945
3168.320000045947
3183.3300000462746
3193.0900000464876
3205.480000046758
3216.375000046996
3225.225000047189
3319.4300000492453
3328.35000004944
3367.695000050299
3381.865000050608
3487.3400000529105
3502.6050000532437
3520.160000053627
3529.6750000538345
3539.235000054043
3550.2450000542835
3562.675000054555
3573.44500005479
3586.365000055072
3626.170000055941
3643.0600000563095
3865.100000061156
3955.675000063133
3982.200000063712
4001.930000064143
4012.655000064377
4022.515000064592
4126.045000066852
4168.4200000677765
4204.035000068554
4228.850000069096
4245.07000006945
4257.0650000697115
4277.875000070166
4352.410000071793
4371.320000072205
4431.940000073529
4485.15500007469
4498.865000074989
4507.995000075189
4620.2250000776385
4660.055000078508
4670.965000078746
4686.005000079074
4714.450000079695
4724.225000079909
4853.740000082736
4872.640000083148
4926.77000008433
4936.600000084544
4946.8750000847685
4956.130000084971
4971.70000008531
5044.400000086897
5053.265000087091
5108.160000088289
5161.590000089455
5268.485000091789
5283.155000092109
5294.5000000923565
5317.835000092866
5329.46000009312
5344.320000093444
5354.140000093658
5368.585000093974
5377.840000094176
5387.490000094386
5422.660000095154
5472.685000096246
5486.395000096545
5549.060000097913
5674.065000100642
5689.035000100968
5788.905000103148
5802.73500010345
5833.340000104118
5847.460000104426
5872.650000104976
5901.67500010561
6097.475000109884
6177.760000111636
6222.2150001126065
6247.985000113169
6275.835000113777
6286.160000114002
6335.270000115074
6344.755000115281
6580.940000120437
6592.250000120684
6688.960000122795
6716.965000123406
6731.935000123733
6752.9600001241915
6811.815000125476
6820.370000125663
6894.330000127277
6904.655000127503
6913.590000127698
6923.630000127917
6933.065000128123
7146.580000132783
7202.635000134007
7218.7850001343595
7269.130000135458
7502.85000014056
7699.40500014485
7709.48000014507
7719.335000145285
7727.175000145457
7741.8300001457765
7749.32500014594
7758.890000146149
7790.240000146833
7804.730000147149
8058.235000152683
8072.250000152989
8355.395000129447
8368.445000127358
8380.43000012544
8391.845000123612
8404.075000121655
8437.670000116277
8604.180000089624
8683.220000076972
8694.110000075229
8704.78500007352
8729.910000069498
8764.025000064037
8777.590000061866
8788.05500006019
9188.709999996057
9270.179999983016
9280.799999981316
9291.64499997958
9306.459999977209
9392.264999963474
9546.019999938862
9561.299999936416
9648.464999922464
9689.964999915821
9706.749999913134
9715.914999911667
9732.584999908999
9746.164999906825
9758.699999904818
9984.739999868636
9994.324999867102
10004.594999865458
10017.114999863454
10044.849999859014
10056.969999857074
10073.839999854374
10086.644999852324
10123.579999846412
10217.764999831335
10331.219999813175
10392.074999803433
10401.024999802
10409.704999800611
10425.159999798138
10472.109999790622
10512.464999784163
10532.96999978088
10604.81499976938
10834.124999732674
10842.404999731349
10881.084999725157
10890.404999723665
10901.899999721825
10910.759999720407
10921.069999718757
10937.769999716083
10948.03499971444
11035.344999700465
11045.639999698817
11078.799999693509
11253.33999966557
11320.144999654876
11331.79999965301
11443.964999635056
11455.704999633177
11463.86999963187
11471.634999630627
11482.754999628847
11492.334999627314
11537.254999620123
11548.194999618372
11587.659999612055
11662.569999600064
11683.884999596652
11753.409999585523
11811.129999576284
11820.21499957483
12075.439999533975
12084.59499953251
12102.304999529675
12141.239999523443
12221.949999510523
12328.259999493506
12339.594999491692
12396.57999948257
12490.439999467546
12521.349999462598
12662.604999439987
12674.589999438069
12753.79999942539
12764.929999423608
12775.21999942196
12786.874999420095
12801.174999417806
12947.239999394425
12976.01499938982
12989.954999387588
13088.674999371786
13148.144999362266
13158.294999360642
13170.649999358664
13237.39499934798
13250.209999345929
13261.989999344043
13273.469999342205
13286.054999340191
13402.88499932149
13415.269999319507
13467.60499931113
13507.40499930476
13553.799999297333
13563.554999295771
13574.954999293946
13583.184999292629
13601.439999289707
13653.919999281306
13664.884999279551
13677.32999927756
13691.539999275285
13707.179999272781
13775.899999261781
13870.279999246673
13909.194999240444
13925.304999237866
14065.119999215485
14301.72999917761
14310.784999176161
14332.71999917265
14352.544999169477
14369.629999166742
14386.599999164026
14469.34999915078
14539.56499913954
14551.169999137683
14620.059999126655
14628.859999125247
14637.349999123888
14763.049999103767
14965.18999907141
15046.03499905847
15061.059999056064
15108.544999048463
15117.084999047096
15133.954999044396
15146.36499904241
15160.344999040171
15200.95499903367
15224.904999029837
15232.38499902864
15243.364999026882
15290.564999019327
15301.144999017633
15315.519999015332
15411.68499899994
15422.954998998135
15444.839998994632
15540.539998979313
15551.79999897751
15563.55499897563
15609.184998968325
15626.70999896552
15667.244998959031
15683.719998956394
15708.619998952408
15726.999998949466
15794.309998938692
15802.889998937319
15811.37999893596
15831.86499893268
15891.139998923192
15918.989998918734
15929.974998916976
16029.874998900985
16054.029998897118
16069.504998894641
16079.264998893079
16168.729998878758
16283.434998860397
16298.494998857987
16310.2849988561
16318.549998854776
16330.639998852841
16343.479998850786
16363.844998847526
16425.889998852832
16487.099998865302
16635.004998895434
16643.91999889725
16656.18999889975
16740.244998916874
16859.824998941236
17014.85499897282
17029.18499897574
17420.64499905549
17429.854999057367
17446.579999060774
17468.21499906518
17503.714999072414
17520.659999075866
17542.604999080337
17556.689999083206
17598.709999091767
17609.264999093917
17801.64499913311
17834.414999139786
17956.879999164736
17978.15999916907
18033.434999180332
18195.734999213397
18289.714999232543
18312.059999237095
18423.0149992597
18433.204999261776
18449.5149992651
18461.329999267506
18471.079999269492
18503.384999276073
18566.88499928901
18578.07999929129
18639.08499930372
18651.46499930624
18671.819999310388
18696.334999315382
18788.45499933415
18813.714999339296
18936.969999364406
18946.989999366448
18956.044999368292
19021.084999381543
19047.854999386996
19058.599999389186
19075.524999392634
19160.76499941
19180.184999413956
19189.204999415793
19203.549999418716
19213.68499942078
19223.929999422868
19272.014999432664
19285.969999435507
19297.294999437814
19307.469999439887
19317.479999441926
19327.61499944399
19344.79499944749
19365.974999451806
19424.219999463672
19437.55499946639
19445.89999946809
19459.00499947076
19517.644999482705
19531.449999485518
19608.659999501248
19664.664999512657
19809.454999542155
19929.749999566662
19948.314999570444
19959.23499957267
20035.304999588167
20130.50499960756
20162.814999614144
20173.624999616346
20198.23999962136
20208.34999962342
20218.30499962545
20226.764999627172
20236.489999629153
20246.594999631212
20256.069999633142
20268.354999635645
20282.944999638617
20323.084999646795
20366.184999655576
20375.96999965757
20393.43999966113
20454.774999673624
20466.68999967605
20528.079999688558
20649.989999713394
20664.959999716444
20680.424999719595
20703.554999724307
20724.409999728556
20734.49999973061
20771.824999738215
20782.129999740315
20795.934999743127
20815.33499974708
20829.304999749926
20932.00999977085
20940.584999772596
20951.559999774832
20960.369999776627
20985.589999781765
20995.404999783765
21017.75999978832
21037.069999792253
21049.61499979481
21061.684999797268
21071.034999799173
21186.089999822612
21200.384999825525
21215.009999828504
21252.914999836226
21264.239999838534
21277.259999841186
21287.319999843236
21299.189999845654
21395.114999865196
21433.17999987295
21456.949999877794
21479.149999882316
21492.969999885132
21503.924999887364
21553.364999897436
21718.199999931017
21729.929999933407
21740.59999993558
21814.534999950643
21824.469999952667
21839.439999955717
21856.649999959223
22050.17999999865
22061.105000000876
22203.76000002994
22281.56000004579
22303.580000050275
22361.010000061975
22369.28500006366
22445.195000079126
22477.355000085678
22490.410000088337
22544.435000099344
22573.270000105218
22729.745000137096
22831.410000157808
22843.280000160226
22902.59500017231
23010.08500019421
23022.46000019673
23030.685000198406
23067.27500020586
23075.3300002075
23084.25000020932
23094.035000211312
23104.935000213532
23121.150000216836
23135.30000021972
23145.985000221895
23322.56000025787
23377.170000268994
23388.410000271284
23409.065000275492
23423.310000278394
23613.765000317195
23624.83500031945
23641.350000322815
23687.330000332182
23801.760000355494
23864.065000368188
23897.65000037503
24014.930000398923
24094.28500041509
24118.455000420014
24132.535000422882
24141.860000424782
24156.92500042785
24168.675000430245
24198.69500043636
24214.030000439485
24225.525000441827
24312.12500045947
24327.34000046257
24342.725000465703
24354.14500046803
24387.945000474916
24427.110000482895
24436.520000484812
24467.53000049113
24479.780000493625
24494.33500049659
24607.87500051972
24626.100000523435
24636.19000052549
24660.420000530426
24675.125000533422
24685.065000535447
24742.06000054706
24798.930000558645
24808.170000560527
24816.04000056213
24828.625000564694
24836.31500056626
24871.65500057346
24882.220000575613
24889.91500057718
24909.770000581226
24918.43500058299
24964.305000592336
25029.380000605594
25103.29000062065
25124.10000062489
25133.745000626855
25247.520000650034
25259.405000652456
25269.950000654604
25381.15500067726
25394.66000068001
25457.655000692845
25469.55500069527
25483.870000698185
25637.310000729445
25650.035000732038
25684.280000739014
25697.090000741624
25707.310000743706
25923.440000787738
25935.460000790186
25943.075000791738
25951.63000079348
25959.855000795156
25968.535000796925
25980.065000799274
25998.425000803014
26066.205000816823
26122.480000828287
26327.56500087007
26440.260000893028
26458.98000089684
26493.860000903947
26504.9100009062
26516.89500090864
26527.090000910717
26544.04000091417
26554.070000916214
26565.075000918456
26574.490000920374
26632.455000932183
26641.390000934003
26649.96000093575
26913.885000989518
27022.190001011582
27031.710001013522
27138.530001035284
27147.725001037157
27165.190001040715
27191.660001046108
27205.975001049024
27213.940001050647
27358.730001080145
27467.060001102214
27475.52500110394
27484.725001105813
27493.24500110755
27504.020001109744
27560.315001121213
27577.210001124655
27840.650001178325
27851.465001180528
27921.66500119483
27964.840001203625
28258.7400012635
28313.780001274714
28328.360001277684
28435.73500129956
28449.92500130245
28464.725001305465
28525.775001317903
28536.580001320104
28544.61000132174
28577.315001328403
28605.205001334085
28652.680001343757
28662.36500134573
28673.27000134795
28684.46000135023
28703.770001354165
28713.52000135615
28758.690001365354
28772.405001368148
28782.22500137015
28793.435001372432
28820.555001377958
28831.0650013801
28842.820001382494
28851.44000138425
28864.11000138683
28876.355001389325
28893.785001392876
28905.39500139524
28918.570001397926
28929.465001400145
28945.115001403334
28955.245001405397
29118.595001438676
29138.575001442747
29149.310001444934
29170.905001449333
29226.885001460738
29254.38000146634
29367.655001489416
29482.96500151291
29497.75000151592
29521.635001520786
29542.60500152506
29555.610001527708
29567.65000153016
29577.085001532083
29597.075001536155
29669.070001550823
29799.195001577333
29916.370001601204
30049.81500162839
30065.480001631582
30082.530001635056
30104.98000163963
30132.510001645238
30169.33500165274
30202.42000165948
30370.68500169376
30394.805001698674
30420.875001703986
30431.06000170606
30475.270001715067
30487.16500171749
30521.345001724454
30545.555001729386
30557.765001731874
30572.71500173492
30582.57500173693
30604.395001741374
30622.28500174502
30675.84500175593
30689.325001758676
30698.395001760524
30712.135001763323
30724.230001765787
30779.66500177708
30789.025001778988
30803.47000178193
30832.650001787875
30856.3250017927
30871.080001795704
31027.93000182766
31040.30500183018
31067.330001835686
31139.65500185042
31157.91500185414
31169.080001856415
31187.600001860188
31201.980001863118
31213.565001865478
31225.345001867878
31234.63500186977
31243.995001871677
31261.43000187523
31305.530001884214
31396.22000190269
31450.400001913727
31460.980001915883
31477.30500191921
31491.69500192214
31585.905001941333
31646.41500195366
31654.915001955393
31681.520001960813
31739.340001972592
31757.205001976232
31814.930001987992
31833.295001991733
31843.520001993817
31853.180001995785
31885.50500200237
31900.300002005384
31911.08500200758
31919.560002009308
31929.450002011323
31940.160002013505
31952.575002016034
31961.54000201786
31972.310002020055
31983.3400020223
32044.410002034743
32097.030002045463
32112.61500204864
32170.54500206044
32235.395002073652
32273.645002081445
32291.720002085127
32315.54000208998
32325.840002092078
32351.065002097217
32361.470002099337
32371.6050021014
32387.88500210472
32400.975002107385
32412.68500210977
32430.180002113335
32503.1450021282
32568.100002141433
32578.955002143644
32608.615002149687
32618.78500215176
32629.505002153943
32638.87500215585
32762.36500218101
32776.97500217745
32803.89500216335
32822.81000215344
32870.66500212837
32886.58500212003
32904.540002110625
33116.215001999735
33126.065001994575
33143.08500198566
33173.70000196962
33226.96000194172
33237.70500193609
33249.48500192992
33341.07000188194
33505.265001795924
33587.285001752956
33595.15500174883
33636.61000172712
33645.90500172225
33661.67000171399
33773.05500165564
34072.72500149865
34089.53500148984
34104.68500148191
34213.56500142487
34280.47000138982
34297.73500138077
34388.09000133344
34403.940001325136
34418.755001317375
34436.715001307966
34450.04500130098
34464.720001293295
34476.96000128688
34493.915001278
34505.5650012719
34523.79000126235
34572.170001237006
34583.58000123103
34600.03000122241
34612.295001215985
34670.54000118547
34680.09500118047
34733.17000115266
34744.72000114661
34789.16500112333
34809.10500111288
34818.40000110801
34830.480001101685
34840.14500109662
34852.16000109033
34866.13500108301
35071.325000975514
35082.9950009694
35412.81000079662
35425.42500079001
35447.61000077839
35458.025000772934
35471.87000076568
35872.52000055579
35887.91500054773
35991.895000493256
36016.675000480274
36028.42500047412
36045.61500046511
36057.34000045897
36068.64500045305
36132.735000419474
36140.95000041517
36149.21000041084
36161.95500040417
36202.655000382845
36344.005000308796
36453.47000025145
36461.19000024741
36467.800000243944
36476.810000239224
36534.56000020897
36600.655000174345
36611.79000016851
36628.2300001599
36642.575000152385
36657.22500014471
36674.34500013574
36690.54000012726
36743.08500009973
36801.79000006898
36843.405000047176
36854.79000004121
36988.82999997099
37001.86999996416
37021.429999953914
37031.5749999486
37042.79499994272
37101.61499991191
37113.05999990591
37127.32499989844
37179.37499987117
37192.1099998645
37265.514999826046
37294.894999810655
37307.69499980395
37394.344999758556
37406.314999752285
37422.3149997439
37497.9149997043
37517.604999693984
37529.4099996878
37539.02999968276
37556.20999967376
37715.98499959006
37760.144999566925
37771.47499956099
37783.69499955459
37797.654999547274
37818.249999536485
38212.32999933004
38221.539999325214
38230.98999932026
38243.87999931351
38256.85999930671
38265.96499930194
38276.59999929637
38409.26499922687
38420.959999220744
38448.24499920645
38471.754999194134
38593.90999913014
38611.444999120955
38652.06999909967
38688.20499908074
38698.91999907513
38712.63999906794
38729.5199990591
38785.12499902997
38801.11999902159
38869.95499898553
38909.02499896506
38917.9249989604
38930.36499895388
38938.664998949534
38946.319998945524
38955.9049989405
38965.11499893568
38976.344998929795
39058.65999888667
39068.92999888129
39092.15999886912
39112.674998858376
39183.27999882139
39209.31499880775
39312.38999875375
39341.1199987387
39360.42499872859
39387.63999871433
39441.04999868635
39493.22499865902
39503.1899986538
39519.48499864526
39640.654998581784
39652.99499857532
39661.914998570646
39671.81499856546
39686.16999855794
39697.38999855206
39713.59499854357
39743.96499852766
39757.50499852057
39785.96499850566
39877.18499845787
39940.614998424644
39962.314998413276
39970.274998409106
39983.984998401924
39995.14499839608
40142.35499831896
40156.29999831165
40167.24999830592
40193.10999829237
40307.17999823261
40439.44499816332
40496.799998133276
40568.954998095476
40652.80999805155
40822.529997962636
40833.69499795679
40856.27499794496
40874.969997935164
41013.90499786238
41022.43499785791
41037.25499785015
41048.74999784413
41061.84499783727
41160.974997785335
41171.65999777974
41264.474997731115
41283.38499772121
41585.24999756307
41598.164997556305
41623.039997543274
41647.37999753052
41660.03499752389
41743.944997479935
41764.51499746916
41779.814997461144
41823.91999743804
41840.419997429395
41878.559997409415
42043.76499732287
42199.06999724151
42238.724997220736
42249.169997215264
42351.48999716166
42361.9199971562
42374.654997149526
42498.7799970845
42511.024997078086
42523.84499707137
42642.86499700902
42654.23499700306
42673.75499699284
42686.414996986205
42819.18499691665
42828.49999691177
42841.699996904856
42867.319996891434
42897.27499687574
42917.07999686537
42925.45999686098
42941.28999685268
42950.9999968476
43029.70999680636
43038.29999680186
43046.18999679773
43055.0299967931
43062.73999678906
43071.09499678468
43079.0749967805
43089.78499677489
43183.17499672597
43193.95999672032
43204.85999671461
43248.369996691814
43266.5299966823
43375.89499662501
43384.929996620274
43396.10499661442
43514.099996552606
43528.96499654482
43578.00499651913
43589.49999651311
43598.84999650821
43609.72999650251
43632.6549964905
43705.11999645254
43739.10499643473
43779.26999641369
43791.22499640743
43801.35999640212
43849.834996376725
43863.12999636976
43872.74999636472
43883.734996358966
43952.49999632294
43961.86999631803
43969.86999631384
43979.40499630885
44196.904996194906
44295.52499614324
44307.0549961372
44314.24999613343
44325.78999612739
44334.85499612264
44345.149996117245
44603.8849959817
44712.819995924634
44765.01999589729
44785.77999588641
44795.87999588112
44805.70999587597
44831.74499586233
44911.31499582065
44950.624995800055
45009.399995769265
45038.65499575394
45049.30999574836
45059.3499957431
45131.97999570505
45142.06999569976
45262.46499563669
45285.749995624494
45295.76499561925
45506.98999550859
45552.58499548471
45564.2449954786
45579.19499547077
45593.62499546321
45605.809995456824
45617.42499545074
45711.72499540134
45721.579995396176
45741.04499538598
45773.53499536896
45799.309995355456
45811.354995349146
45826.529995341196
45837.43999533548
45857.2599953251
45872.954995316875
45884.9399953106
45902.94999530116
45922.469995290936
45949.424995276815
46330.57499507714
46379.169995051685
46391.39999504528
46400.3249950406
46505.994994985245
46527.37999497404
46611.33499493006
46629.99999492028
46643.01999491346
46711.409994877635
46725.66499487017
46756.174994854184
46769.78999484705
46779.9999948417
46797.04499483277
46972.95999474062
46985.16999473422
47080.79999468412
47115.5899946659
47127.02499465991
47149.91999464791
47244.139994598554
47275.86999458193
47290.98999457401
47371.06499453206
47430.21999450107
47461.004994484945
47471.009994479704
47489.16999447019
47507.8649944604
47526.994994450375
47535.719994445804
47778.68499431852
47802.9649943058
47815.26999429936
47823.74499429492
47836.48999428824
47846.94999428276
47858.78499427656
47952.004994227726
48002.04499420151
48046.76999417808
48096.53499415201
48246.90499407324
48276.649994057654
48301.674994044544
48345.49499402159
48414.524993985426
48592.969993891944
48609.48999388329
48623.399993876
48636.50499386914
48664.799993854314
48675.76499384857
48748.404993810516
48758.43999380526
48773.19499379753
48939.43999371044
48956.22999370164
48976.249993691155
48988.24999368487
49019.13499366869
49066.15499364406
49083.164993635146
49194.55999357679
49243.55499355112
49323.28999350935
49469.159993432935
49681.844993321516
49738.93499329161
49752.36499328457
49846.34499323534
49921.01499319622
49929.34499319186
49989.14499316053
6.989999999999873
45.31500000000473
62.63500000001359
73.16500000000595
86.97999999999338
96.43999999998478
111.70999999997089
126.06999999995783
135.38999999994937
145.72999999993996
157.14499999992958
171.49999999991653
187.37999999990208
280.15499999981773
305.7249999997945
316.41499999978475
359.75999999974533
372.25499999973397
425.9599999996851
439.32999999967296
450.0699999996632
460.8399999996534
479.5099999996364
495.2249999996221
510.81499999960795
554.9499999995678
640.1599999994903
656.7699999994752
758.144999999383
828.8199999993187
847.3149999993019
874.8199999992769
885.1149999992675
929.8949999992268
942.9999999992149
964.9849999991949
985.4149999991763
1223.510000003496
1263.0950000043601
1277.1300000046665
1323.375000005676
1338.2850000060014
1352.7600000063173
1369.695000006687
1383.440000006987
1392.7200000071896
1456.965000008592
1508.4700000097162
1519.6250000099596
1538.4800000103712
1674.48500001334
1702.3350000139478
1712.0800000141605
1777.9450000155982
1794.2100000159533
1813.5450000163753
1917.4500000186433
2037.4600000212629
2083.4550000222666
2125.29000002318
2185.635000024497
2320.92000002745
2384.3500000288345
2497.8650000313123
2508.990000031555
2580.5250000331166
2590.8850000333427
2603.2450000336125
2640.8500000344334
2663.5700000349293
2713.135000036011
2721.285000036189
2732.280000036429
2742.490000036652
2780.4550000374807
2795.455000037808
2805.9100000380363
2821.5900000383785
2834.980000038671
2845.255000038895
2864.8700000393233
2879.015000039632
2895.7250000399968
2907.095000040245
2923.4250000406014
2955.515000041302
2975.495000041738
3055.4600000434834
3223.2300000471455
3406.8950000511545
3458.3300000522772
3473.7000000526127
3484.11000005284
3560.5150000545077
3575.7200000548396
3597.2950000553105
3622.735000055866
3648.955000056438
3662.0650000567243
3679.0300000570946
3705.1300000576643
3732.230000058256
3751.7800000586826
3760.4300000588714
3846.0550000607404
3863.175000061114
3883.4900000615576
3895.7600000618254
3990.525000063894
3998.505000064068
4013.6850000643994
4094.0350000661533
4107.080000066438
4290.570000070443
4304.790000070753
4338.56000007149
4350.370000071748
4443.2500000737755
4455.0700000740335
4465.290000074257
4482.210000074626
4492.245000074845
4520.535000075462
4556.210000076241
4567.9100000764965
4589.830000076975
4599.020000077176
4621.520000077667
4796.345000081483
4810.455000081791
4822.620000082056
4872.420000083143
4890.835000083545
4949.720000084831
4961.61500008509
4990.270000085716
5030.685000086598
5057.165000087176
5075.815000087583
5096.0400000880245
5105.735000088236
5151.110000089227
5387.4550000943855
5409.380000094864
5418.80500009507
5427.600000095262
5511.37500009709
5519.345000097264
5593.300000098879
5611.750000099281
5622.290000099511
5648.485000100083
5659.060000100314
5671.735000100591
5916.4150001059315
5930.445000106238
5990.0350001075385
6063.040000109132
6074.985000109393
6089.480000109709
6102.945000110003
6138.930000110789
6213.010000112406
6228.510000112744
6251.1700001132385
6261.860000113472
6337.635000115126
6348.030000115353
6355.895000115524
6367.050000115768
6472.4900001180695
6487.045000118387
6502.800000118731
6522.615000119164
6563.330000120052
6601.360000120882
6733.135000123759
6745.875000124037
6830.400000125882
6920.025000127838
6933.000000128121
6948.465000128459
6962.225000128759
6979.945000129146
7078.745000131303
7100.340000131774
7114.245000132078
7189.435000133719
7206.740000134097
7231.7050001346415
7243.09500013489
7253.18000013511
7264.940000135367
7274.830000135583
7285.530000135816
7506.900000140648
7523.630000141014
7696.205000144781
7711.140000145107
7742.550000145792
7759.280000146157
7784.775000146714
7969.970000150756
7996.640000151338
8108.075000153771
8118.315000153994
8129.465000154238
8222.80500015067
8235.295000148672
8250.600000146222
8261.04000014455
8327.540000133906
8363.700000128118
8384.265000124826
8422.395000118722
8537.315000100327
8552.185000097947
8567.795000095448
8579.535000093569
8603.285000089767
8615.305000087843
8630.220000085455
8694.895000075103
8705.025000073481
8745.570000066991
8814.150000056014
8830.345000053421
8876.875000045973
8887.83000004422
8898.395000042528
8908.855000040854
8991.435000027635
9002.595000025849
9015.02000002386
9024.935000022273
9034.965000020668
9094.870000011078
9126.445000006024
9136.795000004367
9144.565000003124
9154.180000001585
9164.939999999862
9174.754999998291
9217.849999991393
9237.7949999882
9270.02999998304
9378.394999965694
9394.339999963142
9479.50499994951
9487.614999948211
9498.509999946467
9509.969999944633
9521.364999942809
9533.34999994089
9554.724999937469
9598.82499993041
9629.18999992555
9636.149999924435
9645.544999922931
9724.004999910372
9746.219999906816
9771.584999902756
9937.36499987622
9947.53999987459
10075.79499985406
10214.844999831803
10232.114999829038
10252.354999825799
10268.90499982315
10321.979999814654
10362.959999808094
10459.864999792582
10469.594999791025
10481.424999789131
10634.009999764707
10753.604999745563
10882.339999724956
10957.324999712953
10988.814999707913
11107.009999688993
11153.614999681533
11168.979999679073
11182.884999676848
11210.099999672491
11260.749999664384
11274.569999662172
11287.094999660167
11296.109999658724
11305.059999657291
11319.449999654988
11373.619999646317
11405.129999641273
11452.009999633769
11483.73499962869
11492.91499962722
11535.749999620364
11597.05999961055
11611.014999608316
11622.064999606548
11637.489999604079
11668.324999599143
11680.794999597147
11709.844999592497
11722.12999959053
11735.05999958846
11851.109999569884
11895.204999562826
11907.314999560887
11921.844999558562
11936.134999556274
11945.379999554794
11959.064999552604
11973.229999550336
11981.994999548933
11995.239999546813
12076.894999533743
12093.299999531117
12113.474999527887
12207.459999512843
12220.054999510827
12280.549999501143
12289.799999499663
12350.219999489991
12372.454999486432
12393.699999483031
12458.164999472712
12519.849999462838
12540.119999459594
12560.50999945633
12609.73499944845
12620.35499944675
12646.764999442523
12681.13999943702
12720.699999430688
12737.529999427994
12749.204999426125
12775.78999942187
12872.05499940646
12881.079999405016
12943.434999395035
13112.814999367922
13219.104999350908
13266.31999934335
13325.04499933395
13364.58999932762
13740.154999267503
13799.299999258035
13816.559999255272
13857.254999248758
13931.389999236892
13944.999999234713
14106.639999208839
14115.429999207432
14129.104999205243
14158.48999920054
14169.014999198855
14178.624999197316
14189.3449991956
14215.994999191335
14233.664999188506
14378.854999165265
14388.249999163761
14398.104999162184
14407.464999160686
14421.944999158368
14439.664999155531
14450.98499915372
14473.054999150187
14482.9649991486
14498.884999146052
14526.054999141703
14537.019999139948
14554.099999137214
14601.644999129603
14665.494999119383
14729.324999109165
14742.064999107126
14760.959999104101
14783.449999100501
14796.479999098416
14837.004999091929
14876.679999085578
14908.489999080486
14965.229999071404
14980.769999068916
14991.159999067253
15011.514999063995
15035.364999060177
15058.804999056425
15109.87999904825
15120.37499904657
15164.554999039497
15172.054999038297
15181.014999036863
15190.189999035394
15211.88999903192
15327.859999013357
15344.109999010756
15354.20999900914
15420.899998998464
15430.969998996852
15444.739998994648
15453.309998993276
15528.744998981201
15543.414998978853
15693.569998954817
15746.33999894637
15759.309998944294
15771.52499894234
15781.374998940762
15803.68999893719
15858.649998928393
15890.429998923306
15969.769998910606
16002.144998905424
16019.569998902634
16031.039998900798
16039.559998899435
16047.809998898114
16058.604998896386
16139.704998883404
16152.47499888136
16167.009998879033
16177.909998877289
16261.834998863855
16370.369998846481
16465.764998860956
16553.394998878808
16615.00999889136
16634.28999889529
16648.164998898115
16661.214998900774
16763.989998921712
16863.264998941937
16874.049998944134
16894.89499894838
16961.614998961973
16974.189998964535
17013.599998972564
17023.92999897467
17033.569998976633
17043.51999897866
17055.014998981
17071.034998984265
17081.129998986322
17108.11999899182
17298.344999030574
17307.01999903234
17316.324999034237
17326.74999903636
17592.69499909054
17626.80499909749
17688.669999110094
17704.909999113403
17718.93999911626
17803.184999133424
17818.82999913661
18073.544999188503
18083.754999190583
18113.38999919662
18125.60499919911
18141.70499920239
18300.039999234647
18320.549999238825
18333.91999924155
18344.08499924362
18384.19499925179
18414.794999258025
18425.294999260164
18472.314999269744
18482.21999927176
18585.694999292842
18603.169999296402
18615.63499929894
18630.174999301904
18650.109999305965
18672.26999931048
18695.13999931514
18707.94999931775
18718.629999319925
18825.26999934165
19029.12499938318
19085.754999394718
19160.804999410007
19241.454999426438
19260.284999430274
19295.334999437415
19312.664999440945
19332.109999444907
19371.78499945299
19414.19499946163
19425.19499946387
19437.689999466416
19512.794999481717
19526.26499948446
19541.249999487514
19555.99499949052
19584.009999496226
19592.634999497983
19629.599999505514
19713.064999522518
19722.609999524462
19832.834999546918
19985.419999578004
20025.729999586216
20312.669999644673
20411.9449996649
20424.37499966743
20438.194999670246
20483.32999967944
20591.1199997014
20611.7249997056
20652.459999713898
20661.074999715653
20699.019999723383
20711.289999725883
20806.39499974526
20822.7949997486
20852.324999754615
20951.54499977483
20962.849999777132
20991.279999782924
21018.024999788373
21027.454999790294
21038.504999792545
21049.26999979474
21098.489999804766
21135.86999981238
21149.689999815197
21223.839999830303
21235.74499983273
21248.599999835347
21261.339999837943
21305.794999847
21332.2999998524
21344.989999854984
21422.999999870877
21431.789999872668
21444.80999987532
21465.779999879593
21523.98499989145
21557.194999898216
21566.744999900162
21628.499999912743
21637.22999991452
21648.65499991685
21660.43999991925
21697.174999926734
21720.729999931533
21731.869999933802
21771.52499994188
21938.40999997588
21979.609999984274
21991.214999986638
22002.02999998884
22019.78999999246
22090.72000000691
22111.82000001121
22121.815000013245
22280.180000045508
22412.04000007237
22452.760000080667
22460.665000082277
22476.110000085424
22536.22000009767
22570.77000010471
22581.890000106974
22638.840000118576
22647.615000120364
22659.875000122862
22678.045000126564
22800.770000151566
22812.495000153955
22820.455000155576
22833.155000158164
22947.41500018144
23076.45500020773
23094.31500021137
23115.145000215613
23134.385000219532
23145.310000221758
23166.92000022616
23192.380000231347
23202.740000233458
23214.100000235772
23221.54500023729
23233.050000239633
23321.710000257695
23339.860000261393
23467.0250002873
23481.030000290153
23491.03000029219
23504.940000295024
23527.10000029954
23735.61500034202
23750.760000345104
23760.825000347155
23771.89000034941
24163.40000042917
24174.855000431504
24188.620000434308
24214.375000439555
24251.235000447065
24262.60000044938
24293.07500045559
24326.61000046242
24432.495000483992
24442.475000486025
24514.45500050069
24544.020000506713
24571.665000512345
24607.82000051971
24620.005000522193
24652.420000528797
24743.330000547317
24773.170000553397
24781.595000555113
24797.150000558282
24809.195000560736
24873.205000573776
24884.450000576067
24910.6250005814
24920.120000583334
24940.205000587426
24955.380000590518
25045.030000608782
25083.280000616574
25140.175000628165
25253.115000651174
25285.520000657776
25327.56500066634
25410.875000683314
25489.29500069929
25531.425000707874
25554.97000071267
25567.58500071524
25589.880000719782
25609.365000723752
25626.14000072717
25761.91000075483
25868.415000776527
25895.360000782017
25940.29000079117
26068.120000817213
26132.135000830254
26144.00000083267
26156.670000835253
26170.980000838168
26359.065000876486
26429.650000890866
26445.5250008941
26460.680000897188
26546.230000914617
26561.085000917643
26573.020000920074
26672.88000094042
26684.090000942702
26760.335000958235
27019.445001011023
27027.29000101262
27036.56000101451
27048.165001016874
27057.91000101886
27084.925001024363
27110.595001029593
27126.88000103291
27302.965001068784
27316.04500107145
27333.645001075034
27344.43000107723
27414.76500109156
27447.10500109815
27474.8450011038
27489.97000110688
27649.330001139348
27677.285001145043
27690.730001147782
27719.310001153604
27798.190001169674
27849.540001180136
27905.165001191468
28069.02500122485
28077.56000122659
28093.95500122993
28115.965001234414
28145.230001240376
28286.140001269083
28301.49000127221
28362.025001284543
28396.015001291467
28470.795001306702
28486.310001309863
28523.01000131734
28576.91000132832
28600.51500133313
28612.260001335522
28651.930001343604
28661.63500134558
28707.33500135489
28718.6600013572
28732.340001359986
28749.64500136351
28778.230001369335
28795.545001372862
28932.405001400744
28945.620001403437
29100.095001434907
29112.350001437404
29129.84500144097
29169.625001449072
29225.57000146047
29354.015001486638
29368.65000148962
29478.865001512073
29499.66500151631
29530.360001522564
29540.590001524648
29752.10000156774
29779.855001573393
29825.310001582653
29839.08500158546
29850.04000158769
29925.445001603053
29935.79500160516
29944.265001606887
29968.695001611864
30003.390001618933
30108.07000164026
30125.040001643716
30270.01500167325
30283.15500167593
30299.66000167929
30358.30500169124
30367.50000169311
30378.38000169533
30387.22500169713
30396.585001699037
30461.39500171224
30475.08000171503
30485.44000171714
30494.750001719036
30570.180001734403
30579.080001736216
30592.705001738992
30603.30000174115
30775.020001776134
30786.755001778525
30843.455001790076
30897.555001801098
30992.470001820435
31046.05500183135
31056.89500183356
31100.650001842474
31117.640001845935
31238.95500187065
31247.065001872303
31265.74500187611
31286.990001880436
31300.0650018831
31397.145001902878
31407.575001905003
31428.055001909175
31628.98000195011
31657.085001955835
31682.05000196092
31825.745001990195
31835.05000199209
31856.825001996527
31866.965001998593
31876.680002000572
31899.30000200518
31922.07500200982
31931.905002011823
31957.400002017017
31965.340002018635
31975.740002020753
31997.210002025127
32005.530002026822
32014.820002028715
32154.78000205723
32163.020002058907
32183.470002063073
32196.375002065703
32221.235002070767
32235.465002073666
32258.330002078324
32274.425002081603
32327.81500209248
32357.40500209851
32394.02500210597
32540.130002135735
32552.890002138334
32574.890002142816
32607.36000214943
32619.355002151875
32703.85000216909
32714.15500217119
32724.410002173277
32815.245002157404
32850.250002139066
32878.30000212437
32890.395002118035
32972.31000207512
33051.600002033585
33069.01500202446
33087.370002014846
33221.01000194484
33341.70000188161
33362.745001870586
33375.04500186414
33386.40500185819
33411.005001845304
33422.50000183928
33433.49500183352
33499.06500179917
33512.98500179188
33524.55500178582
33539.91500177777
33560.77000176685
33582.20000175562
33636.095001727386
33709.7550016888
33739.01000167347
33775.235001654495
33792.14500164564
33812.610001634916
33826.24500162777
33918.02500157969
33940.40000156797
33951.86000156197
34004.46500153441
34036.75500151749
34063.06000150371
34078.67500149553
34087.985001490655
34101.50500148357
34481.330001284594
34520.56000126404
34584.10500123075
34595.420001224826
34682.17000117938
34735.52000115143
34744.140001146916
34752.865001142345
34762.6850011372
34773.060001131766
34873.84500107897
34887.195001071974
34901.78500106433
34917.450001056124
34932.33500104833
34946.99500104065
34973.360001026835
34989.890001018175
34998.940001013434
35010.82000100721
35021.95500100138
35150.730000933916
35162.52500092774
35176.120000920615
35193.69500091141
35210.24500090274
35222.260000896444
35271.31000087075
35300.05500085569
35403.980000801246
35414.36000079581
35497.45000075228
35515.65500074274
35525.92500073736
35537.65000073122
35547.73000072594
35576.6250007108
35720.68000063534
35916.16500053293
35987.51500049555
36120.820000425716
36133.285000419186
36211.77500037807
36226.19500037051
36241.8700003623
36256.580000354596
36289.31500033745
36464.895000245466
36621.28000016354
36632.59500015761
36644.180000151544
36766.25500008759
36774.935000083045
36784.97000007779
36802.87000006841
36811.81000006373
36820.6450000591
36857.11000004
36868.65000003395
36888.4100000236
36907.19000001376
37161.30499988064
37185.859999867775
37226.059999846715
37243.564999837545
37254.62999983175
37263.854999826915
37273.44499982189
37289.66999981339
37320.964999797
37391.45499976007
37402.48499975429
37414.734999747874
37519.069999693216
37531.96499968646
37544.98999967964
37570.99999966601
37582.14499966017
37637.56999963114
37649.87499962469
37661.67999961851
37678.33499960978
37689.61999960387
37700.11999959837
37851.63999951899
37876.26499950609
37912.1449994873
37924.39999948088
38056.324999411765
38069.79499940471
38088.009999395166
38098.67499938958
38110.02999938363
38123.134999376765
38194.2749993395
38227.12499932229
38257.769999306234
38370.06499924741
38380.984999241686
38432.049999214934
38485.33999918702
38502.46999917804
38522.92499916733
38546.6499991549
38600.79999912653
38681.04999908449
38699.97499907458
38711.41999906858
38786.889999029045
38825.61499900876
38834.14999900429
38883.919998978214
38898.939998970345
38921.254998958655
38935.799998951035
39011.11999891158
39025.9699989038
39067.78499888189
39088.82499887087
39143.1649988424
39151.03999883828
39158.259998834495
39164.47999883124
39173.094998826724
39182.14999882198
39278.214998771655
39435.63499868919
39520.98999864447
39741.974998528705
39862.174998465736
39872.81999846016
40005.44999839068
40208.74499828418
40239.22499826821
40259.76999825745
40304.45999823404
40339.87999821548
40351.194998209554
40428.789998168904
40441.769998162104
40580.62499808936
40689.01999803258
40704.239998024605
40795.234997976935
40815.504997966316
40840.25999795335
40928.42499790716
40951.58499789503
40970.40499788517
40990.27999787476
41008.209997865364
41018.72999785985
41034.52499785158
41087.83499782365
41133.49499779973
41165.574997782925
41179.224997775775
41213.00499775808
41270.09499772817
41309.63499770746
41571.78999757012
41672.284997517476
41710.45499749748
41723.939997490415
41748.42499747759
41756.159997473536
41764.119997469366
41876.54999741047
41884.73999740618
41927.57499738374
41938.16999737819
41947.62999737323
41972.034997360446
41981.81499735532
41991.72499735013
42002.4799973445
42031.994997329035
42049.649997319786
42092.544997297315
42174.8499972542
42184.859997248954
42196.56999724282
42211.91499723478
42225.12499722786
42237.90999722116
42569.31499704755
42653.74499700332
42664.17999699785
42675.99999699166
42691.909996983326
42722.17499696747
42808.484996922256
42820.50999691596
43041.79999680003
43051.0149967952
43061.849996789526
43070.689996784895
43081.23499677937
43094.549996772395
43132.35999675259
43159.10499673858
43175.97499672974
43233.58999669956
43265.374996682905
43277.649996676475
43288.79499667064
43298.5999966655
43308.804996660154
43349.82999663866
43357.42999663468
43369.70999662825
43383.48999662103
43419.58999660212
43450.954996585686
43459.57999658117
43544.47999653669
43552.34999653257
43564.72999652608
43581.89499651709
43755.50499642614
43768.12999641953
43785.58999641038
43798.599996403565
43815.12499639491
43879.54999636116
43964.804996316496
44307.924996136746
44329.31499612554
44342.53999611861
44371.79499610329
44396.66499609026
44409.42499608357
44448.32999606319
44547.54499601122
44653.49499595571
44683.94999593976
44703.92999592929
44716.139995922895
44751.23999590451
44759.20999590033
44770.009995894674
44778.919995890006
44818.54499586925
44831.25499586259
44843.689995856075
44857.20999584899
44868.96999584283
44878.9499958376
44919.53999581634
44939.89499580568
45012.23999576778
45062.904995741235
45080.80499573186
45198.97499566995
45210.059995664145
45221.989995657896
45232.74999565226
45242.3999956472
45250.78999564281
45260.44999563775
45300.464995616785
45345.92499559297
45355.649995587875
45505.284995509486
45583.39499546857
45594.53999546273
45652.439995432396
45665.94499542532
45728.9799953923
45742.099995385426
45988.3999952564
46027.69499523581
46038.5999952301
46074.83499521112
46164.744995164016
46177.77499515719
46189.85499515086
46199.584995145764
46272.0549951078
46290.614995098076
46301.324995092466
46328.53499507821
46343.38999507043
46419.199995030714
46499.774994988504
46524.4049949756
46618.7049949262
46628.72999492095
46675.829994896274
46740.844994862215
46795.2749948337
46807.289994827406
46834.684994813055
46869.694994794714
46882.21999478815
46950.02499475263
46962.99499474584
46981.649994736064
46993.31499472995
47002.359994725215
47018.74499471663
47027.82999471187
47053.60499469837
47064.69499469256
47101.87499467308
47208.3599946173
47220.009994611195
47246.789994597166
47310.759994563654
47523.904994451994
47536.71499444528
47551.47999443755
47562.53499443176
47619.96499440167
47638.68999439186
47652.84999438444
47804.39999430505
47814.25499429989
47826.98999429322
47847.85499428229
47878.29999426634
48094.68499415298
48111.51999414416
48201.89999409681
48213.68499409064
48244.01999407475
48402.46999399174
48490.21999394577
48514.014993933306
48542.73499391826
48552.344993913226
48566.44499390584
48580.4499938985
48598.41499388909
48636.334993869226
48682.1999938452
48700.86999383542
48740.95999381442
48750.849993809235
48759.54999380468
48776.52999379578
48793.52499378688
48974.094993692284
48984.44499368686
49103.68999362439
49113.47499361927
49192.21499357802
49202.49499357263
49220.279993563316
49263.84999354049
49277.55499353331
49294.43499352447
49340.86999350014
49374.804993482365
49387.649993475636
49403.70999346722
49434.11999345129
49450.21999344286
49469.809993432595
49540.63999339549
49593.45499336782
49641.514993342644
49741.004993290524
49806.12999325641
49816.16999325115
49882.38999321646
49896.27999320918
49910.91999320151
49989.769993160204
0.5200000000000004
12.630000000000575
21.864999999999934
90.75499999998995
119.03499999996423
131.24499999995314
151.9449999999343
164.1599999999232
174.44499999991385
194.64999999989547
205.76999999988536
312.0699999997887
321.37499999978024
337.7999999997653
351.0899999997532
362.50499999974284
412.5449999996973
481.91999999963423
569.6549999995544
762.549999999379
774.3049999993683
784.3649999993592
798.8999999993459
836.5099999993117
843.5149999993054
859.8399999992905
878.1199999992739
922.0499999992339
1007.2799999991564
1072.3950000001976
1083.3300000004363
1098.350000000764
1122.675000001295
1134.0000000015423
1152.6600000019496
1166.2500000022462
1184.0700000026352
1203.5700000030608
1224.7600000035234
1236.7600000037853
1274.5050000046092
1333.6450000059
1347.7250000062074
1358.8500000064503
1378.8350000068865
1395.715000007255
1421.9150000078268
1437.9300000081764
1448.1950000084005
1463.0750000087253
1489.8000000093086
1515.5950000098717
1528.665000010157
1549.0400000106017
1572.6850000111178
1600.9350000117345
1621.3700000121805
1656.3600000129443
1686.3900000135998
1833.3600000168078
1955.4400000194726
2074.2900000220666
2088.605000022379
2099.18500002261
2153.9200000238047
2185.5250000244946
2228.1250000254245
2239.7150000256775
2250.2600000259076
2310.6350000272255
2429.545000029821
2450.475000030278
2459.825000030482
2471.870000030745
2502.5400000314144
2517.1950000317343
2579.8700000331023
2588.735000033296
2602.0950000335874
2620.170000033982
2633.725000034278
2710.605000035956
2720.315000036168
2728.290000036342
2793.0000000377545
2804.0300000379953
2823.075000038411
2867.9400000393903
2909.075000040288
2928.3400000407087
2946.825000041112
2986.12500004197
3100.565000044468
3111.285000044702
3184.8450000463076
3198.1600000465983
3212.1850000469044
3274.8600000482725
3300.1500000488245
3335.6600000495996
3353.865000049997
3568.905000054691
3584.8700000550393
3631.6500000560604
3645.1150000563543
3775.395000059198
3860.9100000610647
3883.5700000615593
3892.260000061749
3902.805000061979
3917.2450000622944
3932.8750000626355
3949.1800000629914
4150.670000067389
4196.875000068398
4205.420000068584
4214.570000068784
4232.850000069183
4294.925000070538
4405.460000072951
4418.015000073225
4429.130000073467
4442.0150000737485
4460.530000074153
4473.405000074434
4483.480000074654
4504.355000075109
4518.14500007541
4534.220000075761
4569.560000076533
4587.6550000769275
4631.050000077875
4646.5250000782125
4713.73500007968
4728.645000080005
4740.355000080261
4749.780000080466
4758.620000080659
4962.425000085108
4981.4600000855235
5032.60500008664
5043.535000086878
5053.440000087095
5070.490000087467
5082.485000087729
5111.550000088363
5167.000000089573
5177.000000089792
5191.175000090101
5200.385000090302
5218.530000090698
5248.915000091361
5265.050000091714
5273.205000091892
5283.270000092111
5324.220000093005
5496.495000096766
5522.610000097336
5635.0750000997905
5648.33500010008
5768.965000102713
5779.870000102951
5792.410000103225
5808.005000103565
5848.1050001044405
5858.16500010466
5867.5300001048645
5890.280000105361
5901.815000105613
5918.460000105976
5927.255000106168
5944.975000106555
5967.5850001070485
6008.89500010795
6025.135000108305
6135.295000110709
6157.145000111186
6175.010000111576
6428.140000117101
6438.60000011733
6447.965000117534
6458.865000117772
6531.290000119353
6545.555000119664
6563.4300001200545
6572.970000120263
6587.445000120579
6630.915000121528
6722.075000123517
6735.980000123821
6790.365000125008
6807.710000125387
6852.665000126368
6919.960000127837
7031.740000130277
7049.325000130661
7169.660000133287
7186.435000133653
7195.505000133851
7209.970000134167
7241.905000134864
7253.60500013512
7263.450000135334
7271.840000135518
7282.50500013575
7313.7100001364315
7451.800000139446
7589.145000142444
7754.715000146058
7767.930000146346
7835.670000147825
7853.925000148223
7869.015000148553
7885.245000148907
8053.490000152579
8067.795000152892
8080.375000153166
8105.040000153705
8116.620000153957
8144.265000154561
8208.835000152907
8223.920000150492
8245.935000146968
8259.280000144832
8280.84500014138
8320.21000013508
8343.805000131302
8435.185000116675
8564.105000096039
8641.87500008359
8659.625000080749
8673.285000078562
8687.675000076259
8865.600000047778
8919.965000039076
8934.940000036679
8996.165000026878
9104.17000000959
9135.395000004592
9144.515000003132
9392.504999963436
9626.179999926031
9634.664999924673
9646.844999922723
9673.864999918398
9737.869999908153
10119.514999847062
10134.979999844587
10154.429999841474
10169.714999839027
10186.704999836307
10196.509999834738
10210.379999832518
10221.269999830774
10233.72499982878
10261.419999824348
10270.77999982285
10311.679999816302
10322.279999814606
10330.459999813296
10622.774999766505
10635.184999764519
10644.73499976299
10675.40999975808
10686.33999975633
10700.509999754062
10712.95499975207
10731.07499974917
10796.504999738696
10808.394999736793
10890.209999723696
10897.009999722608
10906.399999721105
10915.024999719724
11045.484999698841
11057.92999969685
11208.35999967277
11225.989999669948
11237.46999966811
11248.304999666376
11633.404999604732
11650.804999601947
11712.119999592132
11725.659999589965
11754.86499958529
11766.534999583422
11875.669999565953
11951.71499955378
12134.339999524547
12149.204999522168
12212.734999511998
12236.204999508242
12305.729999497113
12313.274999495905
12324.714999494074
12335.654999492323
12345.749999490707
12393.2749994831
12402.709999481589
12412.274999480058
12421.31499947861
12431.109999477043
12504.554999465287
12555.034999457206
12574.949999454018
12632.78999944476
12642.234999443248
12737.394999428016
12891.074999403416
12909.239999400508
12975.179999389953
12988.019999387898
12999.344999386085
13089.77499937161
13110.799999368244
13126.44999936574
13157.959999360695
13224.764999350002
13244.109999346905
13269.044999342914
13433.569999316578
13441.204999315356
13451.439999313718
13559.274999296456
13573.564999294169
13728.514999269366
13761.669999264059
13802.974999257447
13818.814999254912
13839.62499925158
13853.859999249302
13883.389999244575
13899.97999924192
13949.174999234045
13959.094999232457
13992.224999227154
14004.05499922526
14013.079999223815
14022.074999222375
14032.659999220681
14086.489999212065
14124.349999206004
14162.989999199819
14229.054999189244
14253.144999185388
14265.43499918342
14275.464999181815
14285.264999180246
14329.209999173212
14368.024999166999
14397.63499916226
14406.599999160824
14495.999999146514
14508.549999144505
14518.984999142835
14693.419999114913
14707.98999911258
14736.434999108027
14750.714999105741
14773.689999102064
14784.674999100305
14835.68999909214
14846.49499909041
14951.469999073606
14968.919999070813
14981.904999068734
14991.439999067208
15002.639999065415
15012.644999063814
15027.329999061463
15042.714999059
15053.844999057219
15093.82499905082
15104.24999904915
15120.549999046541
15168.97999903879
15192.314999035054
15222.104999030285
15231.3849990288
15245.864999026482
15288.35999901968
15297.589999018202
15317.169999015068
15372.164999006265
15419.224998998732
15432.824998996555
15479.704998989051
15561.619998975939
15572.79999897415
15581.97999897268
15594.924998970608
15644.189998962722
15652.4449989614
15661.68999895992
15689.269998955506
15706.209998952794
15715.239998951349
15758.664998944398
15767.734998942946
15808.179998936472
15822.87499893412
15837.604998931762
16134.069998884306
16142.72999888292
16154.824998880984
16258.154998864444
16287.894998859683
16300.984998857588
16352.584998849328
16361.44499884791
16384.78999884446
16419.324998851494
16432.64999885421
16443.11499885634
16457.059998859182
16466.62999886113
16482.119998864287
16508.404998869642
16604.50999888922
16809.709998931026
16824.529998934046
16840.634998937327
16903.294998950092
16913.659998952204
17016.87499897323
17049.004998979777
17059.02499898182
17071.484998984357
17284.03499902766
17297.34499903037
17310.674999033086
17466.18999906477
17477.09499906699
17577.979999087544
17646.259999101454
17657.269999103697
17672.21499910674
17693.154999111008
17706.529999113733
17719.31999911634
17799.059999132583
17898.98499915294
17910.16999915522
18034.05499918046
18052.739999184265
18271.63999922886
18285.28499923164
18351.274999245084
18363.014999247476
18428.144999260745
18467.814999268827
18532.589999282023
18584.139999292525
18597.12999929517
18615.52999929892
18627.01999930126
18638.379999303575
18655.249999307012
18716.114999319412
18723.939999321006
18740.954999324473
18765.349999329443
18775.374999331485
18799.83999933647
18830.18499934265
18849.66999934662
18868.65999935049
18878.549999352505
18963.33999936978
18979.259999373022
19014.87999938028
19074.049999392333
19098.739999397363
19113.769999400425
19132.98999940434
19153.11499940844
19163.749999410607
19250.68999942832
19279.64499943422
19290.44999943642
19307.619999439918
19332.384999444963
19354.70999944951
19493.679999477823
19509.264999480998
19542.039999487675
19620.314999503622
19692.874999518404
19756.429999531352
19767.534999533615
19788.42499953787
19810.06999954228
19870.679999554628
19923.59499956541
19941.824999569122
20031.77999958745
20208.09499962337
20227.069999627234
20437.959999670198
20448.409999672327
20483.534999679483
20492.65499968134
20505.01499968386
20531.464999689248
20544.299999691862
20562.06499969548
20572.60999969763
20624.184999708137
20688.629999721266
20708.264999725267
20720.194999727697
20740.28999973179
20900.25499976438
20948.924999774295
20960.649999776684
20984.204999781483
21012.299999787207
21057.02999979632
21102.93499980567
21116.514999808438
21207.09499982689
21220.63499982965
21266.0399998389
21285.07499984278
21427.309999871755
21438.754999874087
21449.46999987627
21459.804999878375
21510.944999888794
21542.24999989517
21628.894999912824
21637.644999914606
21647.19499991655
21657.924999918738
21780.729999943756
21795.199999946704
21807.069999949123
21826.714999953125
21841.454999956128
21852.80499995844
21875.649999963094
21927.66499997369
21952.63999997878
21966.654999981634
21975.924999983523
21984.74999998532
21996.709999987757
22007.95499999005
22062.955000001253
22241.380000037603
22254.6200000403
22335.56500005679
22410.210000072
22436.2250000773
22507.84500009189
22518.40500009404
22527.665000095927
22624.315000115617
22660.045000122896
22695.375000130094
22719.250000134958
22726.990000136535
22775.285000146374
22786.825000148725
22801.095000151632
22820.460000155577
22837.540000159057
22855.195000162654
22868.955000165457
22890.17500016978
22898.825000171542
22909.11500017364
22921.79000017622
22938.600000179646
22965.265000185078
22984.310000188958
23182.160000229265
23194.89000023186
23205.69500023406
23239.485000240944
23266.695000246487
23282.635000249735
23341.160000261658
23426.660000279076
23444.560000282723
23454.735000284796
23468.85000028767
23481.02000029015
23491.545000292295
23499.590000293934
23507.37500029552
23515.400000297155
23618.130000318084
23729.060000340683
23737.070000342315
23753.055000345572
23930.375000381697
23973.760000390535
24335.260000464183
24350.11500046721
24379.015000473097
24455.25500048863
24474.55000049256
24549.46000050782
24564.840000510954
24573.490000512717
24607.240000519592
24671.92500053277
24709.005000540325
24721.685000542908
24781.465000555087
24800.950000559056
24816.125000562148
24829.34000056484
24903.80000058001
24923.59000058404
25021.915000604073
25033.170000606366
25064.645000612778
25229.215000646305
25309.310000662623
25551.03500071187
25568.260000715378
25586.850000719165
25693.820000740958
25713.925000745054
25725.970000747508
25739.360000750235
25790.18500076059
25885.775000780064
25905.48000078408
25969.235000797067
25977.39500079873
26184.020000840825
26222.73000084871
26236.305000851477
26308.115000866106
26319.740000868474
26409.65000088679
26428.085000890547
26439.670000892907
26493.29000090383
26501.540000905512
26516.295000908518
26532.485000911816
26560.43000091751
26600.18500092561
26609.165000927438
26617.52000092914
26636.76000093306
26648.83500093552
26663.51500093851
26678.410000941545
26688.83500094367
26798.9400009661
26810.03500096836
26928.700000992536
26955.995000998097
27032.995001013784
27041.67000101555
27050.180001017285
27062.5300010198
27134.525001034468
27182.380001044217
27196.370001047067
27245.02000105698
27260.660001060165
27270.905001062252
27282.08000106453
27304.535001069104
27376.205001083705
27386.675001085838
27498.55500110863
27724.270001154615
27847.05500117963
27858.44500118195
27981.295001206978
27993.360001209436
28050.27500122103
28093.800001229898
28205.890001252734
28299.045001271712
28312.29500127441
28331.68500127836
28345.605001281197
28407.790001293866
28422.960001296957
28535.255001319834
28576.96500132833
28587.145001330406
28630.89500133932
28670.330001347353
28694.775001352333
28715.355001356525
28757.05000136502
28773.89000136845
28787.93000137131
28818.320001377502
28894.795001393082
28909.125001396
28993.730001413238
29176.500001450473
29213.125001457935
29224.430001460238
29233.52000146209
29242.60000146394
29267.320001468976
29284.640001472504
29334.215001482604
29344.05500148461
29357.430001487333
29421.900001500468
29433.415001502814
29450.705001506336
29546.370001525826
29561.775001528964
29575.84000153183
29588.000001534307
29597.905001536325
29620.305001540888
29630.72500154301
29708.640001558884
29834.66500158456
30031.45500162465
30047.000001627817
30058.50500163016
30072.850001633084
30174.845001653863
30233.69000166585
30256.050001670406
30275.675001674404
30308.965001681187
30324.270001684305
30378.170001695285
30390.56500169781
30486.535001717362
30757.210001772506
30837.87000178894
30846.36500179067
30856.305001792694
30888.29000179921
31011.570001824326
31105.950001843554
31131.7000018488
31143.400001851183
31164.660001855515
31193.120001861313
31217.05500186619
31228.3950018685
31238.425001870542
31312.470001885627
31324.785001888136
31333.405001889892
31344.900001892234
31493.445001922497
31505.555001924964
31596.420001943476
31636.075001951554
31646.280001953633
31661.43000195672
31674.14500195931
31687.900001962113
31804.045001985774
31823.3100019897
31838.0400019927
31892.61500200382
31940.360002013545
31952.380002015994
31968.865002019353
31977.380002021087
32035.94500203302
32047.160002035303
32056.295002037165
32162.365002058774
32180.41500206245
32204.275002067312
32240.63000207472
32263.695002079417
32395.130002106194
32504.71000212852
32515.245002130665
32574.13000214266
32593.870002146683
32641.740002156435
32655.030002159143
32773.02500217952
32781.875002174886
32790.89500217016
32799.130002165846
32835.94500214656
32863.425002132164
32929.090002097764
33240.05000193486
33295.630001905745
33308.33000189909
33315.99500189508
33326.34000188966
33469.14000181485
33506.40500179533
33561.22000176661
33570.30500176185
33582.39000175552
33694.08500169701
33704.43000169159
33719.705001683586
33802.85000164003
33818.3700016319
33843.90500161852
33858.55000161085
34084.54000149246
34142.4900014621
34165.92000144983
34247.205001407245
34256.82000140221
34266.93500139691
34299.21500138
34317.08000137064
34343.6950013567
34374.260001340685
34476.34000128721
34534.82500125657
34585.85000122984
34597.35500122381
34621.47000121118
34637.71000120267
34737.345001150476
34757.87000113972
34851.41000109072
34873.60500107909
34892.615001069134
34947.52000104037
34957.325001035235
34967.33000102999
34980.12500102329
34990.350001017934
35025.050000999756
35050.77000098628
35063.58500097957
35078.91000097154
35090.31000096557
35106.100000957296
35202.06500090702
35287.405000862316
35298.115000856706
35321.040000844696
35350.990000829006
35520.91000073999
35538.39000073083
35549.705000724905
35634.690000680384
35671.930000660876
35685.055000654
35724.45000063336
35763.975000612656
35772.910000607975
35805.8850005907
35825.98000058017
35861.57000056153
35935.10000052301
36031.065000472736
36209.67500037917
36218.85500037436
36234.59500036611
36244.325000361016
36253.43500035624
36285.5800003394
36305.370000329036
36330.395000315926
36362.12000029931
36373.57000029331
36393.830000282695
36412.79500027276
36444.07500025637
36466.13000024482
36478.125000238535
36493.13500023067
36502.17000022594
36513.45000022003
36558.1800001966
36596.37000017659
36609.38500016977
36638.93500015429
36711.80000011612
36720.25000011169
36766.07000008769
36776.76000008209
36790.205000075046
36816.58000006123
36866.980000034826
36964.20499998389
36990.16499997029
37003.84499996313
37022.56999995332
37048.99999993947
37064.35499993143
37084.55999992084
37151.54999988575
37165.1999998786
37178.48499987164
37187.234999867054
37197.214999861826
37212.13499985401
37293.13499981158
37315.25499979999
37339.77999978714
37349.22499978219
37360.88999977608
37474.60999971651
37540.44499968202
37586.629999657824
37598.139999651794
37687.57999960494
37696.66999960018
37708.489999593985
37722.50999958664
37783.279999554805
37792.87499954978
37858.6849995153
37895.38499949608
38064.114999407684
38134.37499937088
38268.48499930062
38278.97999929512
38347.70499925912
38405.61999922878
38417.999999222295
38430.85999921556
38518.15499916983
38536.404999160266
38549.59999915335
38663.63999909361
38682.84499908355
38692.08999907871
38807.354999018324
38928.144998955046
39065.03499888333
39080.52499887522
39184.604998820694
39210.81499880696
39326.95499874612
39389.90999871314
39403.799998705865
39412.35499870138
39423.499998695544
39504.63499865304
39519.11999864545
39532.5749986384
39550.02999862926
39638.93999858268
39665.08999856898
39676.72499856289
39723.98499853813
39779.47499850906
39820.09999848778
39993.1949983971
40003.6949983916
40017.214998384516
40043.12999837094
40226.03499827512
40244.314998265545
40254.414998260254
40263.784998255345
40276.93499824846
40289.81499824171
40300.96499823587
40310.744998230744
40319.6049982261
40406.204998180736
40419.4449981738
40453.47499815597
40469.53499814756
40512.34499812513
40526.884998117515
40537.27499811207
40556.58499810196
40569.76999809505
40585.924998086586
40648.53499805379
40665.734998044776
40678.2849980382
40752.06499799955
40871.129997937176
40890.62999792696
40902.68999792064
40916.544997913385
40936.129997903125
41125.97499780367
41144.22499779411
41211.88999775866
41221.65499775355
41232.4299977479
41246.50499774053
41264.63499773103
41277.81499772413
41508.6449976032
41525.4449975944
41537.079997588306
41690.57999750789
41728.85499748784
41754.939997474175
41769.45499746657
41894.29999740117
41939.434997377524
42001.28499734512
42048.6649973203
42060.759997313966
42071.70499730823
42081.3149973032
42093.79999729666
42112.40999728691
42128.48499727849
42151.92499726621
42182.98999724993
42214.22999723357
42410.24499713088
42422.304997124564
42453.82999710805
42469.7649970997
42492.25499708792
42563.65999705051
42573.04999704559
42601.13499703088
42631.98499701472
42643.98499700843
42679.72499698971
42691.36999698361
42702.58999697773
42774.51999694005
42788.12499693292
42805.07999692404
42816.74499691793
42836.354996907656
42850.289996900356
42862.11999689416
42871.85499688906
42916.47999686568
42948.64999684883
43111.54999676349
43191.46999672162
43278.909996675815
43298.80999666539
43364.56999663094
43403.31499661064
43460.824996580515
43496.30499656193
43519.294996549885
43670.04999647091
43683.13999646405
43703.979996453134
43718.77499644538
43736.904996435886
43749.54999642926
43762.88999642227
43916.78999634165
43938.234996330415
43956.32499632094
43971.19499631315
43987.75499630447
43999.84499629814
44094.23499624869
44117.879996236305
44186.714996200244
44198.034996194314
44207.33999618944
44317.53499613171
44337.534996121234
44552.42499600866
44619.834995973346
44632.394995966766
44746.57999590695
44759.67499590009
44770.084995894635
44783.789995887455
44839.834995858095
44853.55499585091
44896.279995828525
44977.099995786186
44985.83999578161
44996.514995776015
45008.13499576993
45128.494995706875
45142.66499569945
45156.67999569211
45343.97499559399
45358.38999558644
45420.629995553834
45440.39499554348
45455.809995535405
45470.314995527806
45504.74499550977
45517.97499550284
45566.59499547737
45592.63999546372
45602.07499545878
45610.21499545452
45628.99499544468
45647.154995435165
45684.549995415575
45694.35499541044
45768.94499537136
45784.04999536345
45808.414995350686
45897.524995304004
45913.66499529555
45935.21499528426
46024.59999523743
46059.84999521897
46078.024995209445
46422.81999502882
46485.88499499578
46502.46999498709
46653.629994907904
46689.039994889354
46699.08999488409
46707.54499487966
46726.28999486984
46786.1199948385
46795.91999483336
46809.60999482619
46831.914994814506
46865.37499479698
47061.21499469438
47188.14499462789
47198.859994622275
47295.61499457159
47389.744994522276
47409.26499451205
47419.774994506544
47428.8349945018
47441.40999449521
47453.20999448903
47469.959994480254
47532.12499444769
47565.85499443002
47577.959994423676
47695.969994361854
47724.83999434673
47902.144994253846
47912.32999424851
47921.95499424347
47933.11999423762
47945.12999423133
47968.324994219176
47983.02999421147
48039.50499418189
48052.11999417528
48096.10999415223
48105.43499414735
48115.85499414189
48131.2999941338
48149.689994124165
48185.194994105565
48197.43499409915
48231.14499408149
48290.72499405028
48387.49999399958
48398.84499399364
48411.55499398698
48472.629993954986
48487.76499394706
48512.05499393433
48526.174993926936
48603.084993886645
48869.44499374711
48882.544993740245
48958.00999370071
49098.17999362728
49180.9849935839
49191.99499357813
49200.984993573424
49223.43999356166
49232.899993556704
49255.4399935449
49517.67999340752
49539.45499339611
49554.52999338821
49688.49999331803
49738.499993291836
49749.304993286176
49758.91499328114
49772.384993274085
49783.224993268406
49793.1649932632
49837.0699932402
49899.78999320734
49908.164993202954
49916.80499319843
49927.21999319297
49952.084993179946
