52.41000000000836
193.4199999998966
326.7099999997754
424.48999999968646
535.7799999995852
590.6649999995353
603.099999999524
642.7749999994879
683.8349999994506
710.2199999994266
844.1899999993047
855.8999999992941
870.8749999992805
1037.919999999445
1086.5400000005063
1205.1600000030955
1220.94500000344
1493.670000009393
1528.8900000101619
1551.025000010645
1637.9050000125414
1717.6800000142828
1734.4300000146484
1886.3650000179648
1913.6850000185611
1951.245000019381
1996.3600000203658
2010.5150000206747
2245.3000000257994
2257.3000000260613
2337.3000000278075
2349.6300000280767
2370.760000028538
2406.270000029313
2420.515000029624
2443.0700000301163
2702.3450000357757
2883.690000039734
2900.4650000401
2943.51000004104
2960.065000041401
3045.855000043274
3457.2900000522545
3472.65000005259
3584.865000055039
3610.5300000555994
3924.2250000624467
3999.140000064082
4343.5900000716
4477.915000074532
4517.810000075403
4534.825000075774
4604.350000077292
4836.09000008235
4860.6550000828865
4981.560000085526
5018.285000086327
5213.56500009059
5390.2500000944465
5402.145000094706
5754.480000102397
6037.605000108577
6052.86500010891
6076.445000109425
6125.480000110495
6135.740000110719
6149.595000111021
6319.94000011474
6641.315000121755
6685.625000122722
6768.860000124539
6806.090000125351
6842.69500012615
6884.040000127053
6916.45000012776
7035.310000130355
7086.925000131481
7120.115000132206
7143.840000132724
7194.100000133821
7203.095000134017
7221.230000134413
7361.065000137465
7510.040000140717
7535.010000141262
7636.570000143479
7965.200000150652
8124.500000154129
8230.18500014949
8249.140000146455
8261.41500014449
8477.230000109945
8500.210000106266
8516.06000010373
8631.330000085278
8747.690000066652
8784.260000060798
8796.49000005884
8808.695000056887
9077.910000013793
9170.569999998961
9188.75999999605
9314.094999975987
9429.609999957496
9678.069999917725
9690.789999915689
9719.614999911075
9923.399999878455
9959.714999872642
9979.369999869496
10251.629999825915
10336.164999812383
10406.454999801132
10650.23499976211
10667.809999759296
10772.259999742577
11000.104999706105
11168.409999679165
11240.254999667664
11338.7349996519
11353.679999649508
11471.784999630603
11486.879999628187
11499.324999626195
11704.2049995934
11897.129999562518
11919.899999558873
12021.354999542633
12033.93499954062
12052.85499953759
12138.494999523882
12160.924999520292
12208.754999512636
12220.549999510748
12297.714999498396
12308.224999496713
12541.854999459316
12561.75999945613
12780.364999421137
12792.984999419117
12853.474999409435
12867.379999407209
12877.874999405529
13191.699999355294
13331.804999332868
13370.784999326628
13485.819999308214
13568.719999294945
13615.989999287378
13738.159999267822
13763.764999263723
13776.974999261609
13798.904999258099
13904.144999241253
13926.289999237708
13939.619999235574
13952.554999233504
13992.18999922716
14057.049999216777
14071.659999214438
14124.239999206022
14147.029999202374
14291.469999179253
14403.734999161283
14504.244999145194
14517.279999143107
14558.214999136555
14569.444999134757
14636.734999123986
14770.21499910262
14786.89999909995
14946.494999074403
15297.274999018253
15316.314999015205
15381.844999004716
15396.169999002423
15551.394998977576
15587.954998971723
15598.454998970043
15820.114998934561
15904.71499892102
16340.134998851321
16352.544998849335
16366.63499884708
16387.864998845085
16415.37999885069
16443.69999885646
16548.804998877873
16561.049998880368
16570.814998882357
16588.40499888594
16611.854998890718
16630.159998894447
16646.004998897675
16660.919998900714
16674.329998903446
16748.289998918513
16801.414998929336
16826.94999893454
16843.434998937897
16885.879998946544
16922.094998953922
16982.349998966198
16991.799998968123
17010.91999897202
17405.91999905249
17421.639999055693
17782.619999129234
17798.149999132398
17828.74499913863
17859.819999144962
18008.819999175317
18019.324999177457
18030.96999917983
18054.299999184583
18071.154999188017
18128.15999919963
18211.679999216645
18279.559999230474
18293.82499923338
18313.134999237314
18337.51499924228
18348.8899992446
18379.289999250792
18506.02499927661
18557.424999287083
18567.66999928917
18860.449999348817
18938.289999364675
18964.834999370083
19352.529999449067
19365.89499945179
19654.114999510508
19829.00999954614
19846.964999549797
19862.719999553006
19877.20999955596
19938.82499956851
19953.184999571436
19979.81499957686
20430.479999668674
20448.684999672383
20462.924999675284
20478.45999967845
20495.809999681984
20508.89499968465
20530.49999968905
20548.734999692766
20667.58999971698
20712.279999726084
20822.59499974856
20983.964999781434
21001.76499978506
21060.71999979707
21144.20999981408
21502.814999887138
21523.709999891395
21555.324999897835
21576.374999902124
21611.714999909324
21663.884999919952
21682.709999923787
21804.724999948645
21967.004999981706
21982.709999984905
22010.32499999053
22473.89000008497
22503.765000091058
23031.355000198542
23115.955000215778
23167.180000226213
23178.725000228565
23359.92500026548
23375.005000268553
23402.82000027422
23432.945000280357
23445.28500028287
23477.960000289528
23645.425000323645
23659.14500032644
23671.650000328988
23868.045000369
23909.860000377517
23924.420000380484
23940.31500038372
24346.39000046645
24444.94500048653
24458.5550004893
24477.380000493136
24720.96000054276
24800.57500055898
24814.4200005618
24951.995000589828
24990.24500059762
25010.680000601784
25027.365000605183
25051.41000061008
25109.545000621925
25168.12500063386
25329.400000666716
25390.92500067925
25694.08000074101
25705.700000743378
25747.48500075189
25761.735000754794
25886.280000780167
25903.795000783735
25932.465000789576
26447.130000894427
26496.410000904467
26508.180000906865
26521.90500090966
26689.660000943837
26877.4750009821
26891.76500098501
26937.250000994278
26957.465000998396
27114.180001030323
27157.815001039213
27186.380001045032
27203.79500104858
27428.975001094455
27540.490001117174
27555.895001120312
27569.97000112318
27590.570001127377
27693.875001148423
27717.600001153256
27820.9000011743
27841.825001178564
27854.235001181092
27951.100001200826
28076.760001226427
28095.7700012303
28107.270001232642
28119.665001235167
28134.40000123817
28567.080001326318
28596.48500133231
28670.985001347486
28749.765001363536
28821.960001378244
28836.830001381273
28849.405001383835
28864.01500138681
29148.630001444795
29255.32000146653
29275.43500147063
29290.21000147364
29302.510001476145
29333.530001482464
29347.84500148538
29394.340001494853
29421.42000150037
29439.015001503954
29635.420001543967
29694.460001555995
29780.365001573497
29838.365001585313
29853.5150015884
29870.120001591782
29945.615001607162
30133.955001645532
30150.475001648898
30220.945001663255
30239.005001666934
30255.945001670385
30310.925001681586
30319.97000168343
30422.360001704288
30433.50500170656
30456.965001711338
30579.720001736347
30595.285001739518
30831.675001787677
31013.685001824757
31053.11000183279
31249.290001872756
31497.370001923297
31523.69500192866
31656.350001955685
31994.310002024537
32007.58500202724
32019.80500202973
32032.27000203227
32051.840002036257
32114.010002048923
32221.620002070846
32259.255002078513
32342.805002095534
32422.485002111767
32615.960002151183
32629.64000215397
32794.97500216802
32945.37500208923
32966.30500207827
33107.340002004385
33314.65500189578
33325.81500188993
33468.17000181536
33548.63000177321
33582.285001755576
33602.20000174514
33686.75000170085
33698.88500169449
33747.51500166902
33760.365001662285
33771.58500165641
33994.71500153952
34023.04000152468
34041.04000151525
34067.620001501324
34250.67500140543
34367.67000134414
34625.145001209254
34648.10000119723
34661.34500119029
34678.61500118124
34714.5850011624
34745.08500114642
34754.61500114143
34768.500001134154
34783.89500112609
34810.58000111211
34993.0850010165
35057.845000982576
35153.635000932394
35254.765000879415
35265.69000087369
35388.405000809405
35400.21500080322
35451.2150007765
35469.400000766975
35545.62500072704
35641.87000067662
35657.51000066843
35709.60000064114
35723.8000006337
35795.82000059597
35944.195000518244
35964.34000050769
36099.00000043715
36216.71500037548
36232.40000036726
36434.525000261376
36520.29500021644
36543.600000204235
36560.815000195216
36688.86000012814
36719.23000011223
36751.98000009507
37112.05499990644
37204.20999985816
37213.54999985327
37247.6599998354
37262.994999827366
37362.53999977522
37602.04499964975
37619.42999964064
37754.51999956987
37789.9699995513
38285.1349992919
38298.749999284766
38658.344999096385
38739.08499905409
38776.064999034716
38787.88499902852
38801.30999902149
38958.0099989394
39215.66999880442
39239.41499879198
39353.79999873206
39371.34499872287
39383.12999871669
39477.06499866748
39639.869998582195
39655.62999857394
39740.179998529646
39798.674998499
40040.07499837254
40195.65499829104
40241.77999826687
40311.35999823042
40359.17999820537
40404.47499818164
40438.559998163786
40598.1099980802
40609.96499807399
40626.07499806555
40706.02999802367
40807.774997970366
40894.08999792515
41012.97499786287
41075.83499782994
41277.894997724085
41308.13499770824
41323.21999770034
41421.96999764861
41441.084997638594
41562.13499757518
41583.199997564145
41812.08499744424
41824.30499743784
41901.47999739741
41922.36499738647
41944.89999737466
42173.424997254944
42195.25499724351
42211.54999723497
42432.474997119236
42448.34499711092
42841.76999690482
42945.484996850486
43001.149996821325
43053.5049967939
43078.17999678097
43213.624996710016
43229.67499670161
43241.86999669522
43260.91999668524
43285.91999667214
43307.43999666087
43369.01999662861
43533.78999654229
43627.639996493126
43884.059996358796
43908.27499634611
44143.379996222946
44156.839996215895
44200.04499619326
44215.08499618538
44233.84999617555
44252.47999616579
44300.01999614089
44325.299996127644
44393.30499609202
44540.33499601499
44570.34999599927
44607.39499597986
44671.62999594621
44679.89999594188
44694.41999593427
45080.85999573183
45205.48499566654
45216.129995660966
45276.3899956294
45340.61499559575
45355.114995588156
45573.11499547395
45604.12499545771
45616.42999545126
45703.14499540583
45717.00499539857
45939.66499528193
46372.69499505508
46381.97999505021
46634.804994917766
46805.29499482845
47024.79499471346
47153.044994646276
47402.80999451543
47420.60499450611
47434.97499449858
47468.82499448085
47555.24999443557
47767.41499432443
47799.62999430755
47808.629994302835
47935.379994236435
48218.179994088285
48355.844994016166
48576.2599939007
48597.20999388972
48624.26999387555
48638.62499386803
48845.99999375939
48863.02999375047
48876.61999374335
49086.19499363356
49181.87999358343
49278.9099935326
49505.144993414084
49531.81499340011
49546.29499339253
49569.91999338015
49592.089993368536
49607.4299933605
49646.52499334002
49781.53999326929
49903.37499320546
111.26999999997129
748.4899999993918
854.7949999992951
886.3749999992664
1091.7400000006198
1104.5950000009004
1226.2000000035548
1245.9700000039863
1354.2350000063495
1371.115000006718
1508.465000009716
1713.5550000141927
2046.9150000214693
2057.6200000217027
2378.4500000287057
2437.2650000299896
2452.2950000303176
2589.0800000333033
2610.6100000337733
2624.6300000340793
2638.0700000343727
2652.0750000346784
2663.3500000349245
2692.410000035559
2764.895000037141
2843.885000038865
3138.0750000452867
3150.14500004555
3160.1400000457684
3379.345000050553
3391.030000050808
3429.4350000516465
3441.7200000519147
3454.750000052199
3471.7650000525705
3566.260000054633
3691.045000057357
3821.395000060202
4093.750000066147
4245.490000069459
4333.790000071386
4347.945000071695
4366.555000072101
4665.605000078629
4708.315000079561
4758.415000080655
4801.190000081589
4830.975000082239
4890.100000083529
4971.760000085312
5010.125000086149
5034.370000086678
5141.905000089026
5227.810000090901
5268.890000091797
5313.120000092763
5747.1350001022365
5901.455000105605
6045.52000010875
6073.910000109369
6103.555000110016
6415.360000116822
6441.575000117395
6534.010000119412
6559.800000119975
6592.630000120692
6804.620000125319
6822.880000125718
6842.595000126148
6854.835000126415
6995.7200001294905
7154.305000132952
7213.260000134239
7746.410000145876
7801.005000147068
7886.0050001489235
8130.710000154265
8148.34500015465
8226.115000150141
8244.260000147236
8267.750000143476
8377.770000125865
8731.27500006928
8747.595000066667
8764.910000063895
8824.340000054382
9004.950000025472
9079.125000013599
9098.635000010476
9112.35500000828
9289.08999997999
9374.129999966377
9399.689999962286
9410.809999960506
9425.159999958209
9441.70999995556
9549.114999938367
9560.909999936479
9574.279999934339
9693.164999915309
9708.914999912788
9733.169999908905
9779.174999901541
9811.809999896317
10037.984999860113
10056.089999857215
10067.86499985533
10177.289999837814
10219.039999831131
10231.48499982914
10253.944999825544
10444.029999795117
10455.524999793277
10467.054999791431
10505.679999785249
10525.174999782128
10575.914999774006
10616.424999767522
11011.204999704329
11021.399999702697
11392.699999643262
11621.089999606704
11635.879999604336
11695.20999959484
11809.079999576612
12064.359999535749
12416.939999479311
12589.269999451726
12820.594999414698
12840.814999411461
12958.254999392662
13628.814999285325
13774.27999926204
13959.349999232416
14078.234999213386
14162.654999199873
14197.709999194261
14231.359999188875
14254.034999185245
14404.649999161136
14419.464999158765
14669.409999118756
14701.87499911356
14717.874999110998
14730.009999109056
14827.43499909346
14901.234999081647
15017.434999063047
15279.519999021095
15305.109999016999
15327.599999013399
15441.174998995219
15457.414998992619
15562.409998975812
15742.329998947012
15898.65499892199
15997.529998906162
16063.479998895606
16075.26499889372
16180.52499887687
16192.76999887491
16389.884998845497
16405.924998848765
16480.07499886387
16493.17999886654
16502.50999886844
16590.95999888646
16608.299998889994
16662.289998900993
16722.45499891325
16777.099998924383
16802.979998929655
16849.574998939148
16998.16999896942
17011.27999897209
17140.829998998484
17152.33499900083
17272.784999025367
17342.39499903955
17363.589999043867
17378.844999046974
17540.56499907992
17741.31499912082
17763.239999125286
17773.929999127464
17790.124999130763
17802.91999913337
17816.70499913618
17827.379999138353
17852.529999143477
17906.844999154542
17920.884999157402
17939.699999161236
17988.579999171194
18449.47999926509
18468.249999268915
18637.36999930337
18675.35499931111
18691.90499931448
18706.899999317535
18725.809999321387
18801.204999336747
18833.154999343256
18844.134999345493
18870.904999350947
19022.069999381743
19058.019999389067
19236.729999425475
19424.779999463786
19439.839999466854
19588.7999994972
19616.67999950288
19631.34999950587
19867.509999553982
19879.52999955643
20309.25999964398
20325.984999647386
20373.36499965704
20499.779999682793
20529.639999688876
20544.199999691842
20581.799999699502
20661.89499971582
20761.34999973608
20883.784999761025
20938.569999772186
20970.73499977874
21326.629999851244
21358.639999857765
21370.799999860243
21479.11999988231
21670.919999921385
21685.049999924264
21720.844999931556
21738.2349999351
21884.084999964813
21919.079999971942
22092.25000000722
22243.990000038135
22747.4350001407
22788.42500014905
23129.135000218463
23152.415000223205
23167.41500022626
23199.42000023278
23209.290000234792
23305.275000254347
23317.500000256838
23335.58000026052
23383.160000270214
23423.805000278495
23504.77500029499
23517.33500029755
23894.5650003744
23941.025000383866
24046.32500040532
24059.480000408
24094.18500041507
24109.120000418112
24163.64000042922
24197.145000436045
24209.87500043864
24242.245000445233
24273.865000451675
24531.6950005042
24626.37000052349
24675.60000053352
24711.465000540826
24730.220000544647
24851.950000569446
24868.56000057283
25089.705000617883
25105.620000621126
25144.71000062909
25510.54000070362
25528.830000707345
25548.39500071133
26057.860000815122
26109.88000082572
26120.065000827795
26156.085000835134
26169.385000837843
26315.660000867643
26451.06500089523
26462.7000008976
26485.800000902305
26562.05000091784
26755.855000957323
26768.025000959802
26783.070000962867
26803.89500096711
26925.91500099197
26936.955000994218
27000.29000100712
27014.215001009958
27029.115001012993
27038.555001014916
27048.025001016846
27064.370001020176
27098.435001027116
27191.700001046116
27202.195001048254
27221.37000105216
27278.180001063734
27314.800001071195
27658.18000114115
27674.315001144438
27833.95000117696
28134.0650012381
28226.995001257033
28251.77000126208
28475.755001307713
28488.495001310308
28503.6750013134
28622.75000133766
28656.780001344592
29144.450001443944
29200.595001455382
29330.790001481906
29443.450001504858
29636.66000154422
29798.040001577097
30113.295001641323
30128.11000164434
30193.570001657677
30284.455001676193
30312.285001681863
30475.065001715026
30723.040001765545
30810.53500178337
30842.64500178991
30853.44500179211
30865.295001794526
30885.715001798686
30982.155001818333
31231.00500186903
31256.695001874265
31634.18000195117
31781.025001981085
31812.86000198757
31846.565001994437
31871.16500199945
32170.69500206047
32194.080002065235
32248.34000207629
32304.325002087695
32445.165002116388
32547.300002137195
32740.2250021765
32781.265002175205
32796.7400021671
32813.93000215809
32830.56500214938
32844.8400021419
32958.865002082166
33059.87500202925
33074.89500202138
33119.18500199818
33152.00000198099
33210.82500195017
33298.65000190416
33471.96500181337
33483.97000180708
33602.68000174489
33618.64000173653
33807.875001637396
33846.14000161735
33861.22500160945
33903.25000158743
33924.42000157634
33963.030001556115
34527.350001260485
34641.37500120075
34684.0350011784
34703.97000116796
34767.4550011347
34974.59000102619
35002.69500101147
35105.1450009578
35211.80000090192
35362.390000823034
35395.070000805914
35430.52000078734
35665.42500066428
35674.65500065945
35688.60000065214
35718.6450006364
35736.17500062722
35792.495000597715
35809.215000588956
35819.4450005836
35926.98500052726
35938.42500052127
35963.495000508134
36026.47500047514
36278.65500034303
36437.5300002598
36548.0500002019
36559.65000019583
36572.16000018927
36587.16500018141
36624.01500016211
36641.64500015287
37422.52499974379
37456.07499972622
37479.62999971388
37505.30499970043
37661.74499961847
37746.84499957389
37767.32499956316
37795.98499954815
37875.609999506436
37887.52999950019
37905.52999949076
37993.67999944458
38153.53999936084
38246.9599993119
38359.12499925314
38539.17999915881
38650.42999910053
38815.37499901412
38855.51999899309
38963.63499893645
39002.98499891584
39165.57499883066
39313.09999875338
39328.42499874535
39604.04499860096
39705.45499854784
39720.17999854012
39811.26499849241
39875.674998458664
39894.32999844889
39986.39999840066
40217.30999827969
40231.02499827251
40246.63999826433
40336.63999821718
40443.19499816136
40477.539998143366
40501.93999813058
40902.32999792083
40923.11999790994
40963.58999788874
41090.07499782248
41109.24999781243
41130.834997801125
41146.08999779313
41178.33999777624
41194.92499776755
41265.51999773057
41294.309997715485
41305.02499770987
41317.22999770348
41591.37499755986
41647.38999753052
41661.57499752309
41700.004997502954
41949.38499737231
42127.379997279066
42149.32499726757
42386.28499714343
42402.24499713507
42422.15499712464
42434.11499711838
42717.51999696991
42747.994996953945
42773.019996940835
42854.95999689791
42887.82499688069
42930.92499685811
42949.80999684822
42985.94499682929
42996.51499682375
43056.504996792326
43072.22499678409
43082.08999677892
43110.13999676423
43126.08999675587
43174.85999673032
43204.499996714796
43374.029996625984
43395.26999661486
43410.30499660698
43451.244996585534
43645.78999648362
43659.58999647639
43757.35499642517
43771.439996417794
43790.38999640787
43881.3749963602
43893.72499635373
43907.20999634667
43927.53999633602
44021.38999628685
44059.57499626685
44074.47499625904
44151.114996218894
44202.8299961918
44298.649996141605
44495.14499603867
44535.789996017375
44578.47499599501
44591.12999598838
44606.76999598019
44645.489995959906
44982.6099957833
45053.914995745945
45180.13999567982
45312.99999561022
45326.33999560323
45343.02499559449
45630.03999544413
45811.79999534891
45854.29999532665
46047.69999522533
46529.95999497269
46654.789994907296
46901.23999477819
46987.42499473304
47040.479994705245
47157.18499464411
47185.31999462937
47207.144994617935
47227.02499460752
47250.49999459522
47313.504994562216
47329.51499455383
47345.784994545305
47379.819994527476
47391.864994521165
47558.454994433894
47572.614994426476
47599.684994412295
47614.38999440459
47635.7599943934
47682.264994369034
47696.214994361726
48132.339994133254
48191.31499410236
48226.004994084185
48305.34999404262
48499.089993941125
48543.36499391793
48626.40499387443
48719.47499382567
48792.99499378716
48825.19499377029
48996.714993680434
49029.32499366335
49081.51499363601
49096.13499362835
49194.70999357671
49427.92499345454
49506.079993413594
49603.239993362695
49916.24999319872
49951.71499318014
295.0549999998042
614.7799999995134
665.4749999994673
681.9249999994523
1103.8800000008848
1243.1200000039241
1301.435000005197
1356.7650000064048
1375.5050000068138
1417.2600000077252
1462.3200000087088
1648.650000012776
1682.8350000135222
1696.8550000138282
1716.820000014264
1758.4000000151716
1787.3150000158028
1815.2200000164119
1826.2750000166532
1912.6850000185393
1940.1050000191378
2003.9650000205318
2038.565000021287
2468.89500003068
2511.225000031604
2760.27000003704
2922.1900000405744
2932.7800000408056
2946.8800000411134
3040.600000043159
3177.6950000461516
3260.8850000479674
3281.1900000484106
3730.0100000582074
4067.7950000655806
4082.330000065898
4107.250000066441
4203.790000068549
4217.675000068852
4243.225000069409
4292.445000070484
4308.820000070841
4320.750000071102
4389.825000072609
4400.720000072847
4587.6550000769275
4600.7100000772125
4624.340000077728
4682.335000078994
4692.5650000792175
4771.430000080939
4857.085000082809
4869.04500008307
4931.690000084437
5155.895000089331
5166.220000089556
5210.35000009052
5222.360000090782
5622.505000099516
5730.855000101881
5785.195000103067
5801.2850001034185
5812.81500010367
6039.150000108611
6073.380000109358
6094.815000109826
6306.015000114436
6323.63500011482
6417.190000116862
6437.005000117295
6447.835000117531
6471.740000118053
6490.4500001184615
6844.590000126192
6863.700000126609
6900.140000127404
6922.7400001278975
6956.070000128625
7226.960000134538
7236.69500013475
7251.505000135074
7279.910000135694
7447.225000139346
7460.655000139639
7665.995000144121
7725.395000145418
7738.5350001457045
7752.030000145999
7895.180000149124
7908.370000149412
7924.665000149767
7948.210000150281
8201.44500015409
8249.345000146423
8274.110000142458
8349.980000130314
8395.505000123027
8503.960000105666
8525.225000102262
8849.725000050319
8922.160000038724
8935.280000036624
9175.909999998106
9264.97499998385
9285.284999980599
9411.604999960378
9427.039999957908
9440.619999955734
9836.619999892346
9871.924999886694
9911.424999880372
10041.8099998595
10067.644999855365
10207.774999832935
10223.489999830419
10236.779999828292
10251.789999825889
10278.14999982167
10292.45499981938
10431.0199997972
10475.854999790023
10513.254999784036
10528.769999781553
10634.089999764694
10904.05499972148
11076.674999693849
11086.46999969228
11124.684999686164
11140.919999683565
11222.574999670494
11276.604999661846
11290.744999659582
11307.964999656826
11323.939999654269
11367.03499964737
11374.589999646161
11388.234999643977
11489.639999627745
11662.569999600064
11768.679999583079
11785.754999580346
11986.424999548224
12044.194999538977
12122.459999526449
12178.444999517487
12300.649999497926
12428.279999477496
12442.054999475291
12456.80499947293
13084.004999372533
13098.364999370235
13216.624999351305
13244.774999346799
13285.339999340305
13306.524999336914
13334.904999332372
13349.294999330068
13361.684999328085
13380.754999325032
13460.339999312293
13494.914999306759
13540.159999299516
13557.079999296808
13588.379999291798
13663.284999279807
13746.874999266427
13800.08499925791
13995.614999226611
14079.564999213173
14143.43499920295
14163.659999199712
14206.34499919288
14401.494999161641
14418.859999158862
14456.429999152848
14485.459999148201
14529.769999141108
14558.87499913645
15064.044999055586
15083.38499905249
15154.809999041057
15174.149999037962
15187.804999035776
15262.204999023867
15466.804998991116
15485.974998988047
15559.404998976293
15574.529998973872
15588.7299989716
15607.09499896866
15904.669998921026
15919.70499891862
15941.219998915176
15956.099998912794
15973.859998909951
15991.289998907161
16102.844998889304
16142.8599988829
16186.869998875854
16211.544998871905
16258.459998864395
16281.409998860721
16501.584998868253
16664.444998901432
16724.60999891369
16760.54999892101
16772.609998923468
16877.499998944837
16893.494998948096
17049.254998979828
17092.11999898856
17281.889999027222
17295.734999030043
17442.949999060034
17544.82499908079
17566.67999908524
17683.39999910902
17745.714999121716
17762.92499912522
17933.03999915988
18046.864999183068
18086.069999191055
18103.144999194534
18168.989999207948
18287.864999232166
18301.53499923495
18311.224999236925
18406.784999256393
18699.26499931598
18712.23499931862
18752.494999326824
18771.5249993307
18829.67999934255
18847.434999346166
19092.62999939612
19148.0149994074
19572.909999493964
19625.434999504665
19650.404999509752
19958.709999572562
20106.6349996027
20124.289999606295
20141.04999960971
20167.959999615192
20294.264999640924
20315.389999645227
20518.36499968658
20549.944999693013
20679.75499971946
20820.614999748155
20913.189999767015
20928.609999770157
20948.224999774153
20962.824999777127
21038.92499979263
21065.37999979802
21080.004999801
21093.98999980385
21261.999999838077
21300.674999845956
21313.519999848573
21327.334999851388
21339.37999985384
21348.9899998558
21362.964999858646
21492.044999884944
21573.55999990155
21859.294999959762
21956.549999979576
21979.914999984336
22210.895000031393
22413.99000007277
22853.90000016239
22866.32500016492
23021.67000019657
23033.285000198935
23097.595000212037
23122.330000217076
23204.07500023373
23229.170000238842
23521.0150002983
23532.380000300614
23542.010000302576
23632.38500032099
23645.49500032366
23658.440000326296
23670.450000328743
23778.750000350807
23792.570000353622
23814.135000358016
24093.180000414864
24373.58000047199
24593.92500051688
24711.05000054074
25108.745000621762
25290.020000658693
25362.915000673544
25641.100000730217
25889.8850007809
25997.295000802784
26105.42000082481
26142.995000832467
26158.255000835576
26185.57500084114
26203.200000844732
26220.56500084827
26281.755000860736
26293.17000086306
26361.900000877064
26409.530000886767
26426.53500089023
26513.615000907972
26526.585000910614
26541.990000913753
26562.39500091791
26698.725000945684
26712.365000948463
26783.900000963036
26810.795000968516
26835.840000973618
26942.51000099535
27101.70000102778
27116.840001030865
27208.95000104963
27257.575001059537
27274.010001062885
27334.425001075193
27351.895001078752
27368.705001082177
27395.655001087667
27444.965001097713
27582.325001125697
27620.540001133482
27636.96500113683
27648.765001139232
27728.800001155538
27757.160001161315
27768.215001163568
27825.325001175202
27835.490001177273
27853.275001180897
27887.1550011878
27953.37000120129
28080.02500122709
28120.36500123531
28137.68500123884
28352.230001282547
28376.5500012875
28440.910001300614
28474.190001307394
28488.54500131032
28510.44000131478
28522.450001317226
28602.8300013336
28843.93000138272
29007.465001416036
29025.070001419623
29044.700001423622
29189.085001453037
29239.70000146335
29257.065001466886
29271.945001469918
29284.6200014725
29333.32000148242
29383.465001492637
29392.680001494515
29427.84500150168
29642.785001545468
29797.040001576894
30078.08000163415
30207.730001660562
30220.570001663178
30235.35500166619
30501.660001720444
30514.715001723103
30542.14500172869
30554.335001731175
30587.15000173786
30602.375001740962
30633.865001747377
30654.74500175163
30669.135001754563
30950.28000181184
31065.82500183538
31080.46500183836
31102.45000184284
31175.375001857697
31201.875001863096
31234.125001869666
31411.600001905823
31445.170001912662
31466.85500191708
31496.445001923108
31509.845001925838
31528.570001929653
31770.225001978884
32070.80000204012
32117.410002049615
32137.720002053753
32310.205002088893
32497.280002127005
32509.67000212953
32523.18000213228
32531.775002134033
32663.6600021609
32711.7650021707
32929.33000209764
32941.365002091334
32999.52000206087
33009.67500205555
33018.51500205092
33031.07500204434
33352.71000187584
33402.02000185001
33430.00000183535
33461.62000181879
33480.430001808934
33497.435001800026
33763.13000166084
33852.240001614155
33982.01000154617
34095.355001486794
34354.065001351264
34602.97500122087
34627.720001207905
34689.75500117541
34766.955001134964
34999.910001012926
35012.035001006574
35023.21500100072
35034.43000099484
35057.90000098255
35079.935000971
35513.58000074383
35559.175000719944
35697.51500064747
35925.78500052789
36002.23000048784
36020.72500047815
36072.40000045108
36101.5750004358
36173.23000039826
36250.055000358014
36349.86000030573
36380.20500028983
36447.390000254636
36457.375000249405
36736.54500010316
36880.555000027714
36952.154999990205
36963.224999984406
36975.68499997788
36995.504999967496
37027.004999950994
37047.674999940165
37238.28999984031
37250.454999833935
37264.35999982665
37291.11999981263
37359.7049997767
37424.14999974294
37448.06999973041
37802.464999544754
37831.839999529366
37845.68499952211
37872.09499950828
37927.65499947917
38074.71999940213
38093.53499939227
38121.569999377585
38153.469999360874
38208.41999933209
38227.03999932233
38263.58499930319
38505.26499917658
38521.764999167935
38536.16999916039
38610.55999912142
38676.60499908682
38694.50499907744
38717.8699990652
38811.744999016024
38822.20999901054
38940.269998948694
38961.29999893768
39049.56499889144
39062.69999888456
39084.51499887313
39109.849998859856
39143.67999884213
39268.5849987767
39325.56499874685
39335.54499874162
39544.254998632285
39583.404998611775
39593.51499860648
39603.62999860118
39619.0549985931
39640.16999858204
39690.23499855581
39852.23999847094
39861.77999846594
40215.3849982807
40226.884998274676
40239.53499826805
40247.86999826368
40291.194998240986
40507.54499812765
40519.6649981213
40605.03999807657
40627.54999806478
40689.18499803249
40717.88499801746
40729.84499801119
40763.969997993314
40778.38499798576
40790.09499797963
40872.6049979364
40891.46999792652
40980.44999787991
40994.7849978724
41010.6299978641
41162.214997784686
41276.43499772485
41317.78499770319
41528.739997592675
41656.90999752553
41674.27499751643
41724.114997490324
41740.5749974817
42089.754997298776
42101.17999729279
42123.15499728128
42200.54499724074
42211.64499723492
42335.93499716981
42701.43999697833
42736.70999695986
42775.16499693971
42790.28999693179
42846.264996902464
43052.27999679454
43508.564996555506
43526.10499654632
43540.389996538834
43557.23499653001
43652.99499647984
43879.37499636125
43900.589996350136
43963.239996317316
43978.78499630917
44109.27499624081
44310.01499613565
44323.43499612862
44443.43499606576
44462.029996056015
44510.25999603075
44537.699996016374
44667.91499594816
44697.15999593284
44813.204995872045
44826.03999586532
44939.629995805815
45075.45499573466
45086.634995728804
45099.059995722295
45188.434995675474
45199.8399956695
45208.954995664724
45263.91499563593
45277.159995628994
45463.33499553146
45474.77999552547
45516.62999550354
45582.899995468826
45643.19999543724
45670.00999542319
45819.55999534485
45835.73999533637
45850.99999532838
45880.67999531283
46239.62499512479
46257.12999511562
46278.134995104614
46289.32999509875
46354.58999506456
46527.659994973896
46623.37999492375
46683.38999489231
46774.00499484484
46807.749994827165
47060.504994694755
47072.78499468832
47084.96999468194
47098.33499467494
47299.16499456973
47367.814994533765
47384.574994524985
47423.649994504514
47434.45999449885
47545.30499444078
47670.91499437498
47747.104994335066
47768.10999432406
47781.66999431696
47804.70499430489
47842.97499428484
47869.404994271
47933.929994237194
47966.57499422009
48103.74999414823
48179.869994108354
48284.34499405362
48475.49999395348
48602.089993887166
48679.039993846854
48762.35499380321
48774.48999379685
48812.299993777044
48829.04999376827
48849.65999375747
48929.084993715864
48993.51499368211
49004.36499367643
49133.329993608866
49384.80999347712
49529.90999340111
49962.83999317431
49977.65999316655
4.899999999999918
107.53499999997469
293.11999999980594
307.86499999979253
580.6649999995444
919.2699999992365
1118.7500000012094
1179.805000002542
1204.3000000030768
1217.4000000033627
1418.8850000077607
1451.2750000084677
1499.7450000095257
1613.2000000120022
1841.2800000169807
1854.4350000172678
2009.060000020643
2020.4050000208906
2030.965000021121
2045.295000021434
2060.6900000217697
2149.7750000237143
2172.1450000242025
2521.070000031819
2538.0450000321894
2548.970000032428
2710.415000035952
2774.8050000373573
2794.670000037791
2822.845000038406
2838.0750000387384
3186.135000046336
3200.3650000466464
3240.8650000475304
3257.710000047898
3288.4650000485694
3404.350000051099
3418.6250000514106
3628.3150000559876
3803.8100000598183
3816.665000060099
3829.870000060387
3841.1050000606324
3852.7850000608873
3958.6200000631975
3971.520000063479
4112.2050000665495
4225.335000069019
4240.335000069346
4342.295000071572
4368.365000072141
4432.645000073544
4456.2150000740585
4468.895000074335
4493.160000074865
4934.005000084488
4948.735000084809
4961.15500008508
4980.145000085495
5025.915000086494
5110.735000088345
5124.1700000886385
5175.955000089769
5224.620000090831
5247.335000091327
5280.00500009204
5399.915000094657
5541.000000097737
5782.805000103015
5801.090000103414
5875.975000105049
5892.96000010542
5911.915000105833
5943.1700001065155
6173.555000111544
6202.050000112166
6252.100000113259
6522.020000119151
6537.840000119496
6554.98000011987
6617.8100001212415
6712.915000123317
6957.7900001286625
6975.375000129046
6986.53000012929
7028.305000130202
7179.280000133497
7192.345000133782
7209.480000134156
7333.405000136861
7612.990000142964
7634.460000143433
7744.615000145837
7757.505000146119
7787.945000146783
7853.77000014822
7869.410000148561
7903.385000149303
7992.530000151249
8027.39500015201
8116.480000153954
8281.330000141303
8381.265000125306
8403.195000121796
8428.975000117669
8441.015000115742
8495.365000107042
8512.105000104362
8529.065000101647
8540.350000099841
8739.380000067982
8774.760000062319
8797.630000058658
8860.77500004855
9048.955000018428
9065.030000015855
9108.35500000892
9167.849999999396
9269.379999983144
9282.204999981092
9294.594999979108
9308.049999976954
9319.75999997508
9367.669999967411
9431.919999957126
9445.464999954958
9565.699999935712
9589.039999931976
9742.81999990736
9791.61499989955
9836.71999989233
9947.524999874593
10003.789999865587
10118.454999847232
10136.21499984439
10190.019999835777
10201.834999833885
10211.67999983231
10220.659999830872
10237.299999828208
10293.239999819254
10335.699999812457
10459.299999792673
10573.979999774316
10621.17999976676
10735.054999748532
10843.784999731128
10861.059999728363
10885.364999724472
10902.599999721713
11017.499999703321
11044.599999698983
11061.04999969635
11153.894999681488
11231.829999669013
11347.954999650425
11440.679999635582
11496.54499962664
11771.664999582601
11791.024999579502
11834.324999572571
11886.384999564238
11900.339999562004
11915.429999559588
11940.834999555522
11960.694999552343
12015.159999543625
12202.629999513616
12292.419999499243
12307.109999496892
12320.439999494758
12460.749999472298
12507.5899994648
12527.814999461563
12547.539999458406
12607.839999448754
12625.454999445934
12730.704999429086
12808.999999416554
12863.269999407867
13076.34499937376
13101.969999369658
13128.749999365371
13248.284999346237
13348.999999330115
13503.174999305436
13621.859999286438
13641.59499928328
13662.57999927992
13840.269999251477
13857.004999248798
14004.689999225158
14020.789999222581
14275.859999181752
14288.36999917975
14553.404999137325
14684.154999116396
14849.05499909
15051.77999905755
15063.324999055701
15102.264999049468
15122.359999046252
15139.094999043573
15156.709999040753
15179.77999903706
15234.87999902824
15264.219999023544
15453.814998993195
15589.394998971493
15669.829998958618
15831.189998932789
15971.799998910281
16002.54499890536
16203.57499887318
16217.359998870974
16228.37999886921
16509.164998869797
16660.764998900682
16675.704998903726
16725.48999891387
16743.794998917598
16757.59999892041
16790.594998927132
17011.649998972167
17022.099998974296
17033.15999897655
17043.604998978677
17057.35499898148
17088.009998987724
17101.944998990562
17123.314998994916
17179.304999006323
17386.119999048457
17490.274999069676
17505.084999072693
17649.499999102114
17695.689999111524
17759.09499912444
17918.389999156894
18012.094999175984
18056.15499918496
18148.454999203765
18159.934999206103
18176.80999920954
18353.539999245546
18603.119999296392
18847.339999346146
18924.484999361863
18936.234999364257
18949.289999366916
18969.58499937105
18991.07499937543
19002.529999377763
19058.31999938913
19070.414999391593
19085.449999394656
19125.949999402907
19159.119999409664
19236.174999425362
19252.439999428676
19295.35499943742
19368.704999452362
19653.42999951037
19734.439999526872
19758.789999531833
19775.66499953527
20077.759999596816
20118.304999605076
20240.534999629977
20252.554999632426
20296.629999641405
20310.269999644184
20338.27999964989
20807.92499974557
20846.089999753345
20996.89499978407
21163.14999981794
21400.444999866282
21824.82499995274
21840.219999955876
22099.86000000877
22242.8350000379
22259.440000041282
22272.015000043844
22287.07000004691
22381.7400000662
22392.35000006836
22439.52000007797
22483.440000086917
22765.115000144302
22882.380000168192
22920.36000017593
22974.615000186983
23023.620000196966
23479.525000289847
23519.20500029793
23531.47500030043
23757.730000346524
23774.955000350034
23793.10500035373
23808.81000035693
23996.46500039516
24015.180000398974
24042.70000040458
24300.675000457137
24316.715000460405
24327.78500046266
24345.880000466346
24370.775000471418
24389.025000475136
24441.76500048588
24452.12500048799
24462.495000490104
24536.920000505266
24553.97500050874
24723.090000543194
24744.555000547567
24881.81500057553
24905.115000580277
24962.980000592066
24974.260000594364
24991.300000597836
25005.490000600726
25085.46000061702
25114.360000622906
25258.39000065225
25496.675000700794
25512.835000704086
25629.19000072779
25654.245000732895
25697.430000741693
26000.51000080344
26062.005000815967
26134.62500083076
26156.720000835263
26172.675000838513
26534.595000912246
26551.89000091577
26564.590000918357
26666.74500093917
26710.15000094801
27408.170001090217
27428.325001094323
27480.970001105048
27644.765001138418
27872.030001184718
27895.11000118942
28156.68000124271
28190.580001249615
28247.920001261296
28471.600001306866
28616.535001336393
28632.37500133962
28641.94500134157
28673.380001347974
28703.55500135412
28763.565001366347
28851.35000138423
29009.45500141644
29040.71500142281
29061.52500142705
29156.150001446327
29439.210001503994
29522.155001520892
29533.790001523263
29577.990001532267
29600.320001536817
29688.49500155478
29773.815001572162
29795.88500157666
29984.690001615123
30001.550001618558
30196.105001658194
30329.465001685363
30425.765001704982
30458.125001711574
30722.075001765348
30749.52500177094
30772.50000177562
30786.110001778394
30799.670001781156
30865.345001794536
30980.56000181801
30992.725001820487
31007.310001823458
31026.290001827325
31056.070001833392
31075.175001837284
31247.560001872404
31368.220001896985
31384.605001900323
31554.435001934922
31763.395001977493
31780.295001980936
31795.100001983952
31883.315002001924
31996.210002024924
32015.560002028866
32027.445002031287
32171.08500206055
32218.220002070153
32277.815002082294
32378.700002102847
32389.635002105075
32426.735002112633
32449.975002117368
32464.390002120304
32608.83000214973
32626.310002153292
32695.89500216747
32827.39000215104
32910.26000210763
32934.60000209488
32945.11000208937
33102.63500200685
33111.93000200198
33233.77000193815
33253.11000192802
33264.975001921805
33640.89500172487
33655.02500171747
33707.185001690144
33837.28000162199
33907.350001585284
33994.69500153953
34061.38500150459
34117.040001475434
34129.30000146901
34171.05000144714
34225.27500141873
34252.39000140453
34351.65000135253
34375.35000134011
34591.510001226874
34620.410001211734
34738.61000114981
34752.36000114261
34793.29000112117
35210.76000090247
35662.9050006656
35678.22500065758
35704.38500064387
35763.330000612994
35774.99500060688
35785.63000060131
35805.315000591
35882.95000055033
35899.92000054144
35923.485000529094
35934.060000523554
36012.48000048247
36096.38000043852
36107.15000043288
36135.155000418206
36350.62000030533
36724.750000109336
36767.320000087035
36988.06999997139
37092.50499991668
37104.20999991055
37114.58999990511
37224.284999847645
37615.75999964256
37921.79499948224
37935.08499947528
38024.30499942854
38130.07999937313
38153.49499936086
38260.59999930475
38273.92999929777
38287.219999290806
38301.08999928354
38418.00499922229
38651.42499910001
38669.86499909035
38691.099999079226
38719.09499906456
38781.03999903211
38837.83999900235
39316.4999987516
39327.64999874576
39344.014998737184
39369.574998723794
39569.57999861902
39585.984998610424
39653.69999857495
39674.49999856405
39691.28999855526
39747.57499852577
39767.42499851537
39895.354998448354
40270.12999825202
40382.80999819299
40418.859998174106
40496.47999813344
40519.42999812142
40878.64999793324
41034.494997851594
41052.934997841934
41152.60999778972
41165.424997783004
41272.91499772669
41391.99999766431
41474.42499762113
41601.95499755432
41673.61499751678
41682.39999751218
41774.09499746414
41787.51499745711
41813.03999744374
42062.65499731297
42093.04999729705
42113.979997286086
42221.564997229725
42493.56999708723
42652.379997004035
42762.004996946605
42804.954996924105
42819.12499691668
43227.80499670259
43244.204996693996
43343.579996641936
43427.304996598075
43450.13999658611
43514.4999965524
43533.859996542255
43637.47999648797
43651.76499648049
43714.76999644748
43731.70999643861
43750.71499642865
43826.89499638874
43881.60499636008
43898.7449963511
44035.87999627926
44071.854996260416
44150.74499621909
44164.38999621194
44278.604996152106
44296.454996142755
44317.09499613194
44383.96499609691
44400.429996088285
44663.64999595039
44677.97499594289
44786.51499588603
44827.88999586435
45053.244995746296
45068.48999573831
45140.464995700604
45173.82499568313
45272.974995631186
45286.66999562401
45349.28499559121
45366.30999558229
45517.18499550325
45562.54499547949
45585.25999546759
45892.03999530688
45909.14499529792
45933.76499528502
46013.65499524317
46108.2749951936
46134.69499517976
46149.82499517183
46318.56999508343
46346.91999506858
46373.784995054506
46507.32499498455
46617.82999492666
46712.954994876825
46802.1449948301
46821.034994820206
46897.61499478009
46925.36999476555
47172.664994636
47407.35999451305
47656.7499943824
47846.3049942831
47906.58999425152
47931.45499423849
47944.30499423176
47957.11499422505
48334.49499402735
48416.379993984454
48615.23499388028
48870.64499374648
48894.99999373372
48921.58999371979
48941.58999370931
49060.20999364717
49219.94999356349
49280.029993532014
49311.78499351538
49351.65499349449
49360.639993489785
49413.344993462175
49499.069993417266
49531.34499340036
49550.08999339054
49585.72999337187
49601.23999336374
49621.07499335335
49635.554993345766
49655.7299933352
49679.94499332251
49891.12999321188
49911.28499320132
49962.184993174655
49977.094993166844
14.990000000000943
35.22499999999957
73.4300000000057
247.20999999984767
283.9249999998143
298.4399999998011
315.10499999978595
669.124999999464
984.3649999991773
994.4499999991681
1064.125000000017
1089.4800000005705
1107.5800000009656
1215.4550000033203
1543.9350000104903
1607.3800000118752
1616.4800000120738
1626.160000012285
1979.9900000200084
2013.5750000207415
2093.4450000224847
2275.885000026467
2393.5200000290347
2484.0750000310113
2506.8050000315075
2656.1050000347664
2803.5750000379853
2839.4950000387694
3258.6050000479177
3301.870000048862
3406.5300000511465
3419.0000000514187
3549.7300000542723
3686.330000057254
3718.115000057948
3822.6450000602294
3841.2450000606354
3959.8600000632246
4079.780000065842
4095.020000066175
4108.360000066466
4120.325000066727
4136.465000067079
4156.170000067509
4209.520000068674
4223.140000068971
4345.180000071635
4359.1850000719405
4453.290000073995
4554.625000076207
4576.150000076676
4719.105000079797
4773.065000080975
5012.00500008619
5078.43000008764
5229.270000090933
5282.400000092092
5374.405000094101
5649.905000100114
5794.970000103281
5944.655000106548
5964.880000106989
5995.340000107654
6007.815000107927
6042.705000108688
6064.5250001091645
6192.535000111959
6220.850000112577
6301.465000114336
6464.7100001179
6563.2000001200495
6655.490000122064
6670.785000122398
6682.890000122662
6693.085000122885
6706.700000123182
6801.550000125252
6815.565000125558
6906.605000127545
6977.320000129089
7134.815000132527
7207.34000013411
7222.675000134444
7234.525000134703
7248.800000135015
7606.125000142814
7615.10000014301
7736.0150001456495
7812.1550001473115
7869.82500014857
7896.740000149158
7911.125000149472
7966.825000150688
8236.170000148531
8266.935000143607
8297.575000138702
8335.805000132583
8360.660000128604
8393.665000123321
8468.795000111295
8497.400000106716
8517.880000103438
8587.83000009224
8710.525000072601
8748.780000066477
8770.500000063
8782.970000061005
8793.30500005935
8827.315000053906
8890.355000043815
8911.825000040379
9174.564999998322
9247.85499998659
9261.634999984384
9290.349999979788
9434.82999995666
9584.669999932676
9631.004999925259
9649.999999922218
9671.10499991884
9720.574999910921
9741.894999907508
9843.704999891212
10017.939999863322
10029.169999861524
10047.419999858603
10069.80499985502
10135.5249998445
10202.574999833767
10353.204999809655
10363.534999808002
10386.584999804312
10572.169999774605
10582.604999772935
10597.574999770539
10614.584999767816
10624.594999766214
10646.594999762692
10883.434999724781
11231.769999669023
11242.09499966737
11609.8699996085
11629.009999605436
11642.3549996033
11659.124999600615
11685.4549995964
11710.604999592375
11741.524999587426
11773.274999582343
11879.864999565281
11973.069999550362
12057.629999536826
12073.22499953433
12369.724999486869
12385.549999484336
12402.164999481676
12470.329999470765
12519.454999462901
12542.63999945919
12557.809999456762
12968.984999390945
13074.984999373977
13181.714999356893
13199.069999354115
13210.074999352353
13220.744999350645
13233.004999348683
13253.274999345438
13397.789999322305
13408.339999320617
13427.87499931749
13489.204999307673
13513.3999993038
13595.104999290721
13606.714999288863
13862.819999247868
13873.094999246223
13885.904999244172
14158.394999200555
14171.339999198482
14247.059999186362
14313.079999175794
14341.389999171262
14372.544999166275
14387.424999163894
14794.774999098689
14815.06999909544
14826.894999093547
14880.304999084998
15009.214999064363
15034.15499906037
15047.114999058296
15064.699999055481
15171.749999038346
15187.239999035866
15203.45999903327
15232.869999028562
15306.399999016792
15321.269999014412
15636.64499896393
15651.719998961516
15669.149998958726
15906.57999892072
15927.399998917388
15939.584998915438
15956.11999891279
15980.889998908826
16078.784998893156
16519.114998871824
16686.799998905986
16700.969998908873
16819.909998933104
16837.349998936657
16870.29499894337
16999.329998969657
17018.204998973502
17029.52999897581
17044.569998978874
17105.27499899124
17127.444998995757
17138.34999899798
17150.18999900039
17258.259999022408
17267.484999024287
17279.734999026783
17376.684999046534
17387.06999904865
17399.939999051272
17527.24999907721
17592.93499909059
17637.479999099665
17653.964999103024
17807.93499913439
17868.654999146762
17892.764999151674
17911.45499915548
18001.934999173915
18025.644999178745
18169.599999208072
18188.524999211928
18264.9599992275
18405.714999256175
18423.374999259773
18543.794999284306
18695.814999315277
18706.81999931752
18719.4999993201
18788.05999933407
18801.61499933683
18822.95999934118
19110.11999939968
19206.31499941928
19284.31999943517
19312.899999440993
19386.769999456043
19475.809999474182
19497.219999478544
19655.879999510867
19755.43499953115
19766.114999533325
19776.68999953548
19788.824999537952
19961.319999573094
19976.184999576122
19996.43999958025
20011.17999958325
20150.57999961165
20239.139999629693
20255.924999633113
20281.96999963842
20399.019999662265
20435.774999669753
20595.409999702275
20809.514999745894
20911.714999766715
20929.049999770246
21184.21499982223
21290.23499984383
21575.559999901958
21593.33999990558
21649.329999916987
21665.174999920215
21694.25499992614
21817.084999951163
21850.39499995795
21945.32999997729
22008.674999990195
22082.07500000515
22121.815000013245
22477.085000085623
22613.690000113453
22664.53500012381
22996.00500019134
23135.30500021972
23287.560000250738
23369.525000267437
23391.265000271866
23419.445000277607
23559.85000030621
23574.300000309155
23608.05000031603
23657.115000326026
23667.20000032808
23716.72500033817
23754.23000034581
23825.660000360363
23884.340000372318
23911.455000377842
24211.10500043889
24365.955000470436
24458.20500048923
24542.375000506378
24574.865000512997
25124.235000624918
25137.270000627574
25173.460000634946
25224.515000645348
25355.765000672087
25507.240000702946
25523.525000706264
25538.38500070929
25569.80000071569
25606.36000072314
25621.365000726197
25651.97000073243
25846.44000077205
25870.565000776965
25893.45500078163
25909.56000078491
25926.115000788282
25940.760000791266
26185.655000841158
26389.065000882598
26402.270000885288
26422.90000088949
26518.80500090903
26528.82000091107
26630.490000931783
26668.32000093949
26687.67000094343
26894.76000098562
26906.34500098798
26935.475000993916
26954.29000099775
27306.030001069408
27325.91500107346
27444.65500109765
27458.865001100545
27474.95000110382
27485.565001105984
27722.365001154227
27777.730001165506
27798.200001169676
28070.93000122524
28374.88000128716
28633.585001339867
28647.025001342605
28742.220001362
28752.15000136402
28769.930001367644
28923.710001398973
29051.71500142505
29124.26000143983
29142.015001443448
29292.200001474044
29313.155001478313
29323.50000148042
29415.96500149926
29438.85000150392
29477.735001511843
29492.49500151485
29562.810001529175
29661.730001549327
29701.075001557343
29740.32000156534
29959.94500161008
30094.73000163754
30210.575001661142
30559.3600017322
30569.070001734177
30853.840001792192
30919.59500180559
30934.47500180862
30947.305001811234
31345.95000189245
31487.17500192122
31510.59000192599
31530.595001930065
31558.275001935704
31645.005001953374
31668.035001958066
31687.29000196199
31709.230001966458
31794.285001983786
31828.735001990804
32092.920002044626
32138.09000205383
32156.000002057477
32259.595002078582
32272.700002081252
32285.94500208395
32520.51500213174
32531.480002133972
32542.36000213619
32570.220002141865
32663.530002160875
32684.72000216519
32702.850002168885
32821.77500215398
32862.12000213285
32878.87000212407
32939.12000209251
32997.91000206171
33025.545002047234
33041.66000203879
33105.09500200556
33320.70000189261
33351.2700018766
33374.5500018644
33392.02500185525
33605.135001743605
33620.58500173551
33812.40500163502
33859.285001610464
34010.5850015312
34467.68500129174
34538.62000125458
34671.355001185046
34781.94500112711
34853.83000108945
34982.79500102189
35006.87500100928
35032.020000996104
35069.965000976226
35176.30000092052
35371.50000081826
35678.60500065738
35697.92500064726
35811.25500058789
35887.270000548066
35913.33000053441
36086.37500044376
36100.130000436555
36126.48500042275
36179.68500039488
36335.00500031351
36359.450000300705
36426.18000026575
36442.77000025706
36459.26000024842
36469.25500024318
36598.32000017557
36607.39000017082
36624.20500016201
36643.73500015178
36811.0950000641
36850.54000004344
36874.425000030926
37044.05499994206
37103.339999911004
37116.01999990436
37283.48499981663
37310.24999980261
37448.41499973023
37489.68999970861
37560.04499967175
37572.37499966529
37605.50999964793
37617.304999641754
37682.394999607655
37900.72499949328
37941.07999947214
38000.87999944081
38019.404999431106
38079.7399993995
38263.3649993033
38311.519999278076
38405.83499922867
38417.11499922276
38429.36499921634
38534.614999161204
38625.8699991134
38645.58999910307
38800.79999902176
38816.46999901355
38918.16999896027
38943.74499894687
39046.51999889303
39075.32999887794
39212.59499880603
39262.579998779845
39323.949998747696
39458.79999867705
39470.5399986709
39503.58999865359
39533.299998638024
39561.92499862303
39583.20999861188
39610.03999859782
39726.11999853701
39817.40999848919
39953.71999841778
39987.14499840027
40098.78999834178
40109.45999833619
40119.25999833106
40143.524998318346
40215.75499828051
40301.4799982356
40364.93999820235
40379.939998194495
40497.144998133095
40509.04999812686
40528.2549981168
40648.134998053996
40663.87499804575
40925.26499790882
40940.9449979006
41023.994997857095
41050.98999784295
41063.12999783659
41083.59499782587
41118.35499780766
41132.26999780037
41358.67499768177
41379.39999767091
41403.52499765827
41505.429997604886
41523.28999759553
41535.41499758918
41739.2399974824
41763.65499746961
41817.63999744133
41835.169997432145
42091.989997297605
42298.32999718951
42313.97999718131
42361.37499715648
42601.01499703094
42656.864997001685
42689.60999698453
42834.11499690883
42962.59499684152
42987.03499682872
43009.34499681703
43024.62499680903
43226.04499670351
43242.76499669475
43336.36999664571
43351.60999663773
43616.90499649875
43734.1999964373
43758.474996424586
43887.0999963572
43964.7999963165
44059.84499626671
44074.53499625901
44264.974996159246
44299.489996141165
44314.59999613325
44384.84999609645
44418.27499607894
44429.59499607301
44526.42999602228
44544.149996012995
44594.3499959867
44717.42999592222
44884.96999583445
45025.72499576071
45124.93499570874
45240.64499564812
45306.00999561388
45318.64499560726
45489.864995517564
45562.98499547926
45576.32499547227
45608.18999545558
45810.269995349714
45967.79999526719
45993.61999525366
46012.68999524367
46081.83999520745
46265.5699951112
46323.00499508111
46345.289995069434
46358.58499506247
46385.52999504835
46779.804994841805
46809.07499482647
46833.37499481374
47194.86499462437
47212.84499461495
47233.22499460427
47303.654994567376
47400.55999451661
47413.35499450991
47425.61999450348
47811.53999430131
47969.15999421874
47979.9299942131
48063.634994169246
48193.344994101295
48209.094994093044
48223.93499408527
48334.81499402718
48355.61499401629
48377.5449940048
48459.439993961896
48471.18999395574
48531.48999392415
48721.529993824595
48876.82999374324
48891.06999373578
48924.024993718514
49044.65999365532
49235.7749935552
49252.959993546196
49362.929993488586
49377.249993481084
49732.0849932952
49756.92999328218
49980.259993165186
