24.374999999999435
40.280000000002154
116.34999999996667
136.30499999994854
148.02499999993788
165.1449999999223
175.78499999991263
187.20499999990224
198.95999999989155
272.54499999982465
290.04999999980873
303.1399999997968
419.8299999996907
440.99499999967145
497.8649999996197
541.1399999995804
585.2749999995402
645.1149999994858
656.5599999994754
669.6049999994635
684.9749999994496
890.6499999992625
1036.6499999994173
1054.1949999998003
1065.7450000000524
1217.2700000033599
1231.2400000036648
1242.2650000039055
1254.3050000041683
1317.6850000055517
1389.395000007117
1403.4500000074238
1426.545000007928
1490.370000009321
1502.3750000095831
1519.3050000099527
1529.72000001018
1541.5200000104376
1699.315000013882
1731.9650000145946
1826.4200000166563
1840.190000016957
1852.2100000172193
1862.0400000174338
1907.3900000184237
1952.5350000194092
2047.3700000214792
2065.3000000218703
2099.775000022623
2108.8400000228207
2121.490000023097
2135.9900000234134
2152.1750000237666
2165.115000024049
2178.070000024332
2198.1200000247695
2233.290000025537
2262.4950000261747
2281.760000026595
2294.2750000268684
2315.745000027337
2476.68000003085
2494.7100000312435
2523.4850000318716
2541.050000032255
2554.0800000325394
2569.9450000328857
2585.2850000332205
2687.8100000354584
2700.24500003573
2728.145000036339
2745.8150000367245
2761.6300000370697
2821.7200000383814
2854.5250000390974
2873.475000039511
2888.495000039839
2907.4400000402525
2928.360000040709
3009.5100000424804
3022.7150000427687
3047.1250000433015
3067.130000043738
3133.63500004519
3148.8850000455227
3182.620000046259
3214.3050000469507
3224.950000047183
3236.2450000474296
3313.780000049122
3352.5950000499693
3430.04500005166
3449.060000052075
3501.700000053224
3520.5900000536362
3597.995000055326
3674.785000057002
3693.5850000574123
3755.645000058767
3879.4000000614683
3891.7700000617383
3903.6450000619975
3917.635000062303
4052.335000065243
4069.100000065609
4088.7850000660387
4101.265000066311
4149.125000067355
4247.750000069508
4260.345000069783
4272.715000070053
4298.995000070627
4352.475000071794
4366.660000072104
4377.95500007235
4392.040000072658
4478.075000074536
4511.6050000752675
4567.14500007648
4581.850000076801
4655.775000078414
4669.76500007872
4713.965000079685
4737.5700000802
4760.190000080694
4858.605000082842
4882.5500000833645
4901.320000083774
4921.915000084224
5011.225000086173
5038.480000086768
5049.500000087009
5059.850000087235
5072.045000087501
5084.4050000877705
5155.560000089324
5225.390000090848
5278.390000092005
5295.895000092387
5310.505000092706
5323.935000092999
5338.835000093324
5351.4750000936
5364.095000093876
5376.19000009414
5436.550000095457
5512.770000097121
5526.0850000974115
5541.425000097746
5648.385000100081
5665.920000100464
5712.555000101482
5745.9900001022115
5768.670000102707
5835.150000104158
5861.975000104743
5874.715000105021
5890.275000105361
5908.08500010575
6123.790000110458
6142.910000110875
6179.160000111667
6197.325000112063
6235.755000112902
6247.145000113151
6257.240000113371
6271.815000113689
6311.890000114564
6363.220000115684
6419.480000116912
6446.035000117492
6497.8700001186235
6511.420000118919
6528.485000119292
6550.180000119765
6610.380000121079
6645.920000121855
6680.420000122608
6690.740000122833
6728.915000123667
6805.430000125337
6818.5150001256225
6841.235000126118
6901.130000127426
7053.645000130755
7113.88000013207
7176.125000133428
7194.52000013383
7232.56500013466
7247.155000134979
7261.975000135302
7346.965000137157
7361.27500013747
7422.405000138804
7460.4950001396355
7475.510000139963
7534.660000141254
7548.20000014155
7565.505000141928
7604.690000142783
7664.700000144093
7682.6850001444855
7730.145000145521
7808.89000014724
7822.18500014753
7930.255000149889
7942.925000150166
7959.395000150525
7980.720000150991
8011.5800001516645
8075.230000153054
8146.96000015462
8158.655000154875
8168.720000155095
8181.045000155364
8198.060000154632
8246.375000146898
8260.800000144589
8469.195000111231
8504.415000105593
8689.260000076005
8702.070000073954
8716.505000071644
8733.495000068924
8778.545000061713
8884.445000044761
8897.675000042644
8913.930000040042
8926.24500003807
8961.595000032412
8991.91000002756
9082.945000012987
9185.094999996636
9199.794999994283
9280.534999981359
9295.414999978977
9321.5099999748
9333.964999972806
9366.544999967591
9418.579999959262
9440.239999955795
9453.109999953735
9465.144999951808
9478.159999949725
9492.879999947369
9517.874999943368
9573.429999934475
9625.099999926204
9645.98499992286
9661.29999992041
9678.634999917635
9689.479999915899
9709.794999912647
9743.404999907267
9788.059999900119
9800.879999898067
9910.079999880587
9919.634999879057
9937.369999876219
10082.67499985296
10128.89999984556
10167.334999839408
10179.834999837407
10261.764999824292
10276.004999822013
10288.39499982003
10359.649999808624
10386.384999804344
10400.629999802064
10429.799999797395
10450.779999794036
10468.219999791245
10492.404999787374
10503.434999785608
10518.694999783165
10556.359999777136
10640.714999763633
10653.824999761535
10668.904999759121
10703.064999753653
10737.599999748125
10833.004999732853
10850.169999730106
10867.364999727353
10910.624999720429
10920.589999718833
10994.874999706943
11006.924999705014
11023.329999702388
11044.654999698974
11098.434999690366
11310.644999656397
11492.404999627302
11505.219999625251
11514.774999623722
11528.229999621568
11563.789999615876
11683.804999596665
11732.239999588912
11745.23999958683
11758.974999584632
11819.639999574922
11830.819999573132
11874.584999566126
11888.67999956387
11909.554999560529
11927.089999557722
11949.979999554058
11959.64999955251
11991.07499954748
12007.859999544793
12021.139999542667
12040.80499953952
12058.379999536706
12072.7899995344
12084.869999532466
12097.849999530388
12120.07499952683
12140.579999523548
12156.31499952103
12178.339999517504
12195.769999514714
12212.0999995121
12233.59499950866
12275.839999501897
12290.00499949963
12307.144999496886
12320.084999494815
12336.084999492254
12344.964999490832
12369.309999486935
12415.649999479518
12507.669999464788
12526.01999946185
12596.754999450528
12705.25499943316
12741.694999427327
12753.304999425469
12782.519999420792
12796.104999418618
12929.47499939727
12940.909999395439
12958.849999392567
12999.294999386093
13046.954999378464
13098.354999370236
13119.999999366772
13131.709999364897
13168.259999359047
13178.5499993574
13198.28499935424
13250.684999345853
13334.334999332463
13354.614999329217
13383.254999324632
13401.084999321778
13525.274999301899
13563.354999295803
13605.324999289085
13660.759999280212
13736.754999268047
13750.274999265883
13769.059999262876
13781.889999260822
13837.414999251934
13954.254999233232
14093.594999210927
14162.779999199853
14176.509999197655
14188.189999195785
14204.89999919311
14229.39499918919
14260.744999184171
14287.439999179898
14300.72999917777
14314.589999175552
14331.999999172765
14354.159999169218
14378.45499916533
14390.154999163457
14411.079999160107
14425.454999157806
14479.379999149174
14576.974999133552
14603.239999129348
14674.829999117888
14699.364999113961
14746.72999910638
14807.714999096617
14914.40499907954
14928.254999077322
14952.689999073411
15004.10499906518
15035.144999060212
15108.49999904847
15131.499999044789
15152.879999041366
15174.91499903784
15188.689999035634
15201.489999033585
15217.20499903107
15248.304999026092
15262.454999023827
15319.434999014706
15357.344999008637
15368.719999006817
15381.434999004781
15428.429998997259
15580.85999897286
15594.919998970609
15654.639998961049
15669.324998958698
15728.964998949152
15740.704998947273
15759.564998944254
15777.064998941452
15794.094998938726
15808.639998936398
15900.939998921624
15912.124998919833
15930.19999891694
15940.434998915302
15954.324998913078
16002.79499890532
16042.244998899005
16066.894998895059
16092.804998890912
16106.784998888674
16143.79499888275
16165.934998879206
16186.654998875889
16201.299998873545
16225.974998869595
16337.38999885176
16350.929998849593
16363.829998847528
16400.50499884766
16411.419998849884
16463.309998860455
16495.599998867034
16541.709998876428
16554.619998879058
16565.104998881194
16621.0999988926
16633.814998895192
16887.009998946774
16932.424998956027
17106.374998991465
17122.274998994704
17151.284999000614
17172.309999004898
17183.02499900708
17197.639999010058
17243.064999019312
17274.774999025773
17376.624999046522
17390.079999049263
17417.074999054763
17455.424999062576
17471.359999065822
17486.4749990689
17573.019999086533
17587.004999089382
17609.759999094018
17627.54499909764
17646.09499910142
17812.284999135278
17840.21999914097
17854.104999143798
17867.784999146585
17886.16499915033
17902.974999153754
17917.159999156644
17936.73499916063
17980.2699991695
17998.214999173157
18013.74999917632
18075.819999188967
18215.8799992175
18228.184999220008
18295.93999923381
18339.044999242593
18352.359999245306
18380.094999250956
18417.06999925849
18436.004999262346
18556.08999928681
18576.964999291064
18588.659999293446
18633.969999302677
18667.139999309435
18690.859999314267
18705.39499931723
18738.379999323948
18765.28499932943
18787.949999334047
18854.979999347703
18953.57499936779
18976.16499937239
19015.784999380463
19091.984999395987
19157.51999940934
19170.19499941192
19181.83499941429
19201.379999418274
19213.514999420746
19298.54999943807
19429.99999946485
19444.9699994679
19472.374999473483
19534.819999486204
19587.26499949689
19624.71999950452
19637.864999507197
19650.23999950972
19663.479999512416
19672.899999514335
19687.139999517236
19727.74999952551
19744.794999528982
19775.429999535223
19793.28499953886
19803.19999954088
19814.43999954317
19830.00499954634
19841.209999548624
19862.579999552978
19896.35499955986
19950.419999570873
19960.75499957298
20034.424999587987
20066.654999594553
20102.32499960182
20118.56499960513
20137.734999609034
20172.8999996162
20184.384999618538
20211.329999624028
20317.7099996457
20362.17999965476
20384.779999659364
20402.22999966292
20414.469999665413
20433.45499966928
20449.7499996726
20556.669999694383
20598.444999702893
20729.129999729517
20747.2149997332
20807.699999745524
20859.189999756014
21045.074999793884
21116.394999808414
21139.089999813037
21188.794999823163
21201.899999825833
21216.06999982872
21265.30999983875
21277.91999984132
21305.00999984684
21477.35999988195
21494.939999885533
21542.82999989529
21552.93499989735
21569.309999900684
21589.90499990488
21604.954999907946
21620.09999991103
21636.609999914395
21652.159999917563
21733.119999934057
21751.9899999379
21768.544999941274
21798.284999947333
21853.43999995857
21866.709999961273
21900.889999968236
22038.59999999629
22076.05000000392
22233.340000035965
22247.79000003891
22281.785000045835
22601.35500011094
22614.095000113535
22637.23000011825
22650.09500012087
22757.20000014269
22779.63500014726
22825.260000156555
22838.78500015931
22978.110000187695
23015.915000195397
23028.625000197986
23058.010000203973
23071.120000206643
23137.90500022025
23158.295000224403
23172.145000227225
23212.210000235387
23259.00000024492
23270.00000024716
23282.725000249753
23295.43000025234
23324.540000258272
23435.335000280844
23489.585000291896
23505.430000295124
23523.980000298903
23670.200000328692
23714.825000337783
23750.955000345144
23771.910000349413
23786.5650003524
23872.645000369936
23975.530000390896
24050.225000406113
24066.790000409488
24100.76000041641
24141.495000424708
24153.005000427052
24173.31500043119
24225.14500044175
24236.500000444063
24284.165000453773
24315.625000460182
24463.040000490215
24477.2000004931
24492.730000496264
24538.60500050561
24555.210000508992
24624.075000523022
24637.190000525694
24676.025000533606
24717.940000542145
24795.780000558003
24822.985000563545
24858.875000570857
24885.675000576317
24904.600000580172
24934.110000586184
24963.070000592084
24977.910000595108
25032.835000606297
25043.960000608564
25057.215000611264
25159.565000632116
25305.47000066184
25521.05000070576
25616.020000725108
25655.775000733207
25759.860000754412
25869.770000776803
25894.600000781862
25920.040000787045
25930.685000789214
25945.705000792273
26035.480000810563
26129.86000082979
26152.9800008345
26260.92000085649
26271.060000858557
26286.370000861676
26301.960000864852
26635.495000932802
26647.12000093517
26660.86000093797
26688.905000943683
26803.465000967022
26825.675000971547
26841.1600009747
26862.770000979104
26878.100000982227
26898.075000986297
27075.7850010225
27088.310001025053
27104.185001028287
27228.550001053623
27252.38000105848
27265.040001061057
27276.39500106337
27399.20000108839
27414.22500109145
27497.100001108334
27508.340001110624
27536.710001116404
27554.31000111999
27606.255001130572
27695.44000114874
27754.495001160773
27866.320001183554
27886.32000118763
27896.720001189748
27908.11500119207
27919.000001194287
27931.690001196872
27956.695001201966
28000.49500121089
28024.475001215775
28045.090001219975
28111.890001233583
28123.915001236033
28133.725001238032
28149.67000124128
28167.620001244937
28228.59000125736
28244.175001260533
28261.500001264063
28313.75500127471
28351.11000128232
28366.715001285498
28404.86000129327
28418.66500129608
28489.795001310573
28570.205001326955
28623.310001337773
28683.750001350087
28714.630001356378
28728.470001359197
28756.66000136494
28774.840001368644
28788.505001371428
28810.69500137595
28821.535001378157
28836.340001381173
28854.710001384916
28889.62500139203
28937.43500140177
28955.2500014054
28996.475001413797
29062.40500142723
29147.250001444514
29195.650001454374
29206.97500145668
29218.290001458987
29297.645001475154
29312.1100014781
29330.285001481803
29342.5400014843
29413.37000149873
29429.785001502074
29442.81500150473
29454.36500150708
29467.490001509756
29505.05500151741
29516.84000151981
29531.930001522884
29570.285001530698
29587.150001534133
29637.860001544464
29667.420001550487
29691.450001555382
29719.500001561097
29743.95500156608
29757.280001568794
29774.330001572267
29801.035001577708
29813.485001580244
29823.930001582372
29869.12500159158
29885.065001594827
29935.010001605002
29972.26000161259
29988.220001615842
30041.260001626648
30063.335001631145
30086.885001635943
30096.580001637918
30118.53000164239
30187.665001656474
30201.705001659335
30241.775001667498
30280.475001675382
30438.145001707504
30494.71500171903
30506.625001721455
30550.400001730373
30581.80500173677
30656.390001751966
30729.375001766835
30842.920001789968
30917.83500180523
30941.34000181002
31034.645001829027
31049.125001831977
31061.175001834432
31070.130001836256
31081.92000183866
31159.565001854477
31192.045001861094
31216.855001866148
31280.4350018791
31294.76500188202
31359.765001895263
31469.935001917707
31493.70000192255
31506.42500192514
31528.325001929603
31596.670001943527
31629.585001950232
31657.36500195589
31680.000001960503
31739.905001972707
31776.38000198014
31934.995002012452
31953.68500201626
31968.80000201934
32068.265002039603
32080.165002042027
32129.20500205202
32141.43500205451
32170.09500206035
32288.040002084377
32305.550002087944
32406.4500021085
32427.80500211285
32468.380002121117
32481.11000212371
32495.970002126738
32510.885002129777
32667.250002161632
32681.46500216453
32741.46000217675
32775.930002178
32873.84000212671
32884.94500212089
32900.21500211289
32915.495002104886
32929.300002097654
32942.7700020906
33045.00000203704
33065.03500202655
33085.56500201579
33095.31000201069
33232.48000193883
33243.745001932926
33281.10000191336
33298.3850019043
33318.73500189364
33347.46000187859
33361.82500187107
33476.92500181077
33502.590001797325
33519.74000178834
33534.505001780606
33550.53000177221
33627.815001731724
33653.97000171802
33711.89500168768
33731.485001677414
33834.54000162343
33867.52000160615
34164.86500145038
34225.10500141882
34246.45000140764
34290.0500013848
34328.315001364754
34342.095001357535
34361.21000134752
34379.63000133787
34428.45500131229
34445.595001303314
34471.900001289534
34570.40000123793
34705.505001167156
34715.95500116168
34731.42500115358
34749.65000114403
34848.080001092465
34905.60000106233
34926.10500105159
34950.64000103874
34989.83000101821
35034.20000099496
35083.865000968945
35159.65500092924
35184.23000091637
35227.53500089368
35246.74000088362
35287.51000086226
35315.680000847504
35333.76500083803
35354.34500082725
35369.680000819215
35399.57000080356
35433.33000078587
35471.00000076614
35498.44000075176
35513.305000743974
35524.9050007379
35702.02000064511
35721.76500063477
35742.5150006239
35755.685000617
35796.63500059555
35823.21500058162
35894.23000054442
35918.40000053176
35969.22500050513
36169.22000040036
36180.150000394635
36192.03000038841
36569.03500019091
36597.125000176195
36618.72000016488
36748.400000096946
36788.17500007611
36799.76500007004
36814.67500006223
36956.029999988175
36969.604999981064
37001.51499996435
37044.164999942004
37102.45499991147
37182.3699998696
37248.32999983505
37316.44999979936
37569.89499966659
37581.44999966054
37654.679999622174
37697.3899995998
37710.60499959288
37721.929999586944
37735.5649995798
37768.49499956255
37800.63999954571
37844.134999522925
37859.05499951511
37870.17499950928
37898.37499949451
37918.58499948392
37950.19999946736
37979.03999945225
37990.814999446084
38002.209999440114
38014.064999433904
38026.72999942727
38052.79999941361
38065.619999406896
38080.09499939931
38110.079999383604
38126.99499937474
38137.644999369164
38152.914999361165
38213.1649993296
38425.01499921862
38511.784999173164
38547.019999154705
38590.334999132014
38616.23999911844
38686.7549990815
38724.09499906194
38735.00999905622
38747.05999904991
38760.984999042616
38773.929999035834
38885.73499897726
38907.78999896571
38936.069998950894
38966.82499893478
38988.20999892358
39114.80999885726
39135.084998846636
39151.979998837785
39162.98999883202
39176.40499882499
39340.30499873913
39381.48999871755
39399.35499870819
39409.28499870299
39491.609998659864
39508.1449986512
39527.914998640845
39743.924998527684
39763.124998517625
39846.464998473966
39950.45999841949
39971.50999840846
39996.349998395446
40022.424998381786
40064.67999835965
40083.55999834976
40135.92499832233
40158.909998310286
40181.76499829831
40191.74999829308
40214.804998281004
40226.18999827504
40289.96999824163
40315.43499822829
40364.0899982028
40384.35999819218
40470.44999814708
40484.56999813968
40497.62999813284
40560.03999810015
40580.26499808955
40591.729998083545
40601.84999807824
40611.30499807329
40626.7549980652
40705.69999802384
40862.349997941776
40909.20999791723
40926.61999790811
40954.84499789332
40985.624997877196
41026.89999785557
41076.15999782977
41128.79499780219
41178.2199977763
41189.759997770256
41201.34499776419
41233.434997747376
41247.73999773988
41408.46499765568
41427.91999764549
41440.224997639045
41463.4149976269
41546.929997583145
41562.2849975751
41596.6449975571
41756.10999747356
41768.86999746688
41795.52999745291
41852.064997423295
41896.78499739987
41934.61999738005
41954.31499736973
41971.89499736052
42039.859997324915
42186.54499724807
42219.92999723058
42262.50499720828
42363.239997155506
42378.94499714728
42393.48499713966
42408.8749971316
42423.46999712395
42444.45999711296
42669.98499699481
42743.16999695647
42780.274996937034
42799.429996927
42838.45999690655
42854.184996898315
42866.94499689163
42973.07499683603
42989.27999682754
43031.364996805496
43087.62499677602
43135.80499675078
43157.06999673964
43172.204996731714
43185.32499672484
43198.544996717916
43212.1249967108
43222.939996705136
43233.114996699805
43243.77499669422
43403.48999661055
43464.624996578525
43499.45499656028
43622.97999649557
43639.914996486696
43692.31999645924
43744.86999643171
43782.32499641209
43977.269996309966
43992.504996301985
44091.02499625037
44147.30999622089
44248.47499616789
44405.48499608564
44419.919996078075
44431.964996071765
44444.659996065115
44458.59999605781
44474.29499604959
44712.114995925
44742.94499590885
44766.73499589639
44784.77999588694
44797.29499588038
44808.23999587465
44818.644995869196
44830.654995862904
44854.304995850514
44872.81499584082
44965.44999579229
45027.77499575964
45040.874995752776
45080.24999573215
45095.54999572413
45149.759995695735
45164.91999568779
45208.37499566503
45226.46999565555
45251.63999564236
45261.01999563745
45316.31999560848
45350.79499559042
45367.85499558148
45446.589995540235
45461.76999553228
45515.77499550399
45528.96499549708
45545.24499548855
45570.36999547539
45630.23499544403
45659.05999542893
45801.56999535427
45820.17999534452
45837.38999533551
45888.96499530849
45924.934995289645
45940.11499528169
45961.394995270544
45981.48999526002
46051.05999522357
46165.259995163746
46226.79999513151
46238.59499512533
46251.37999511863
46302.19499509201
46327.49999507875
46398.45499504158
46416.32499503222
46432.51999502374
46465.4199950065
46480.46999499862
46603.59999493411
46657.674994905785
46752.1399948563
46849.75999480516
46873.74499479259
46895.52999478118
46907.8949947747
46928.90999476369
47129.68499465851
47189.92999462695
47208.329994617314
47270.55999458471
47290.03999457451
47330.12499455351
47379.10999452785
47439.26999449633
47486.13999447178
47621.579994400825
47675.084994372795
47767.42999432442
47828.614994292366
47845.19999428368
47999.86499420265
48011.2249941967
48033.68999418493
48084.79499415816
48104.9499941476
48157.33999412016
48206.33499409449
48228.68999408278
48285.83499405284
48309.55999404041
48326.01499403179
48454.93999396425
48490.974993945376
48505.56999393773
48523.71999392822
48607.759993884196
48675.164993848884
48815.789993775215
48847.57999375856
48865.499993749174
48879.239993741976
48916.24999372259
49243.46999355117
49266.339993539186
49302.649993520165
49366.12999348691
49480.97999342674
49506.88999341317
49635.58499334575
49824.609993246726
49836.19499324066
49847.90999323452
49869.09999322342
49918.64999319746
49941.49499318549
49974.689993168104
6.059999999999893
49.100000000006666
62.91000000001373
255.91499999983975
272.10999999982505
303.5049999997965
319.3049999997821
375.26499999973123
388.1899999997195
472.8349999996425
561.1149999995622
578.8249999995461
724.6049999994135
851.579999999298
1018.1049999991466
1149.5100000018808
1223.7100000035005
1236.745000003785
1252.1200000041206
1266.6500000044377
1303.9450000052518
1373.2350000067643
1460.820000008676
1474.1700000089675
1493.0950000093806
1615.9600000120624
1636.3550000125076
1647.0150000127403
1656.8900000129559
1698.8000000138707
1719.5850000143244
1729.6850000145448
1823.7800000165987
1845.4950000170727
1864.9150000174966
1958.6500000195426
2014.5200000207622
2059.965000021754
2091.445000022441
2193.935000024678
2256.8900000260523
2286.7250000267036
2346.8750000280165
2385.0750000288504
2438.480000030016
2449.340000030253
2458.8500000304607
2470.2600000307098
2480.7850000309395
2498.575000031328
2600.525000033553
2638.215000034376
2660.4550000348613
2673.445000035145
2685.085000035399
2706.245000035861
2762.9350000370982
2776.7500000374
2792.6900000377477
2857.7250000391673
2897.5100000400357
2911.550000040342
2945.525000041084
2976.97000004177
3047.6700000433134
3058.50000004355
3067.5700000437478
3077.695000043969
3090.2000000442417
3141.010000045351
3159.0800000457452
3198.4800000466053
3229.0100000472717
3252.8800000477927
3272.220000048215
3284.220000048477
3419.8700000514377
3434.495000051757
3455.110000052207
3477.6750000526995
3490.7400000529847
3530.475000053852
3590.4100000551603
3605.9700000555
3655.4650000565803
3724.8850000580956
3739.74000005842
3800.305000059742
3824.6550000602733
3885.980000061612
3918.3900000623194
3948.8050000629833
3963.3950000633017
4044.40500006507
4059.655000065403
4087.2600000660054
4120.430000066729
4205.335000068582
4226.75000006905
4282.685000070271
4293.795000070513
4315.050000070977
4359.310000071943
4377.115000072332
4394.040000072701
4469.805000074355
4482.85000007464
4625.435000077752
4693.13000007923
4703.125000079448
4712.715000079657
4727.355000079977
4740.100000080255
4753.700000080552
4853.220000082724
4877.045000083244
4896.645000083672
4908.720000083936
4937.200000084557
4954.175000084928
5053.340000087092
5084.465000087772
5300.61500009249
5313.555000092772
5325.2900000930285
5356.105000093701
5371.235000094031
5427.760000095265
5488.570000096593
5502.795000096903
5530.3950000975055
5569.965000098369
5594.055000098895
5612.370000099295
5632.255000099729
5724.770000101748
5734.685000101965
5747.105000102236
5765.195000102631
5777.585000102901
5789.495000103161
5828.180000104006
5859.255000104684
5878.155000105096
5916.385000105931
5945.950000106576
6061.315000109094
6100.010000109939
6135.495000110714
6148.1800001109905
6257.740000113382
6409.845000116702
6463.2350001178675
6474.6450001181165
6492.6950001185105
6526.830000119256
6549.795000119757
6570.365000120206
6583.105000120484
6658.135000122122
6669.650000122373
6769.455000124552
6798.105000125177
6869.24500012673
6880.360000126972
6891.24500012721
6933.270000128127
6968.6850001289
7099.115000131747
7131.045000132444
7166.340000133215
7265.340000135376
7275.780000135604
7290.205000135918
7489.695000140273
7507.4050001406595
7523.735000141016
7547.060000141525
7623.930000143203
7653.10000014384
7697.3950001448065
7722.145000145347
7736.530000145661
7845.160000148032
7926.060000149798
7958.810000150513
7979.75000015097
7994.605000151294
8019.3650001518345
8107.240000153753
8190.125000155562
8212.415000152334
8235.850000148583
8285.245000140676
8314.450000136001
8482.015000109179
8501.335000106086
8542.685000099467
8621.01000008693
8632.720000085055
8643.175000083382
8720.58500007099
8741.420000067656
8928.74500003767
8953.835000033654
8967.085000031533
9082.275000013095
9111.53500000841
9129.915000005469
9142.225000003498
9161.64500000039
9209.144999992786
9235.064999988637
9258.59499998487
9449.054999954384
9465.964999951677
9483.74499994883
9517.494999943428
9540.984999939668
9555.624999937325
9581.914999933117
9644.684999923069
9705.549999913326
9756.779999905126
9776.634999901948
9788.30499990008
9803.994999897568
9823.90999989438
9840.754999891684
9885.969999884446
9915.104999879783
9945.404999874932
9986.249999868394
10017.63499986337
10033.124999860891
10100.244999850147
10187.554999836171
10211.124999832398
10314.244999815892
10324.294999814283
10375.679999806058
10433.039999796876
10460.3749997925
10491.814999787468
10506.339999785143
10521.844999782661
10537.394999780172
10725.904999749997
10736.574999748289
10857.679999728904
10881.514999725088
10892.674999723302
10902.509999721728
11133.694999684722
11179.259999677428
11190.589999675614
11233.629999668725
11261.76999966422
11323.264999654377
11332.684999652869
11347.4899996505
11415.82499963956
11440.874999635551
11501.549999625839
11531.564999621034
11594.654999610935
11614.414999607772
11636.47999960424
11676.159999597889
11689.034999595828
11750.894999585926
11768.019999583184
11863.169999567954
11878.474999565504
11952.134999553713
11973.419999550306
12140.849999523505
12157.1199995209
12175.319999517988
12280.344999501176
12341.29499949142
12363.874999487805
12389.279999483739
12536.9549994601
12571.739999454532
12601.689999449738
12616.164999447421
12629.644999445263
12647.564999442395
12715.87499943146
12731.314999428989
12771.404999422572
12794.379999418894
12812.01999941607
12858.404999408645
12881.069999405017
12892.024999403264
12907.084999400853
12927.71499939755
12942.169999395237
13013.534999383814
13033.974999380542
13080.079999373162
13164.404999359664
13180.504999357086
13192.859999355109
13413.454999319798
13427.86999931749
13723.42999927018
13778.059999261435
13790.114999259506
13843.854999250903
13976.734999229633
13989.87499922753
14037.114999219968
14222.499999190293
14245.44999918662
14258.904999184466
14304.894999177104
14319.089999174832
14337.759999171843
14351.159999169698
14370.474999166607
14389.604999163545
14491.804999147185
14512.494999143873
14532.739999140633
14565.844999135334
14589.844999131492
14607.699999128634
14622.569999126254
14637.58999912385
14651.95499912155
14727.10999910952
14872.089999086313
14885.614999084148
14929.14499907718
14956.084999072868
15032.894999060572
15143.699999042836
15161.924999039918
15189.84499903545
15198.914999033997
15209.069999032372
15269.329999022726
15306.874999016716
15320.249999014575
15374.599999005875
15406.639999000747
15548.30999897807
15686.87499895589
15696.48499895435
15711.48499895195
15728.219998949271
15738.754998947585
15766.289998943177
15782.149998940638
15815.304998935331
15882.83999892452
15902.499998921374
15944.299998914683
15961.74499891189
16162.639998879733
16190.64999887525
16335.274998852099
16348.374998850002
16381.259998844738
16398.999998847354
16417.3899988511
16436.22999885494
16450.86999885792
16508.749998869713
16522.994998872615
16546.154998877333
16557.689998879683
16595.934998887475
16646.109998897697
16661.219998900775
16685.83999890579
16730.569998914903
16746.074998918062
16763.19499892155
16799.154998928876
16809.659998931016
16826.799998934508
16925.834998954684
16948.354998959272
16985.184998966775
17016.944998973246
17029.404998975784
17090.15999898816
17145.544998999445
17161.12999900262
17176.529999005757
17219.4349990145
17250.32499902079
17369.84499904514
17387.544999048747
17400.974999051483
17420.29499905542
17456.069999062707
17470.239999065594
17516.594999075038
17532.039999078184
17598.82499909179
17616.82999909546
17630.7749990983
17648.179999101845
17791.324999131008
17824.96499913786
17863.54499914572
17903.924999153947
17979.08499916926
17989.34999917135
18002.639999174058
18068.634999187503
18082.579999190344
18102.709999194445
18132.48499920051
18150.34499920415
18159.03999920592
18172.369999208637
18184.55999921112
18196.68499921359
18207.754999215846
18217.864999217905
18411.639999257382
18436.529999262453
18458.869999267004
18549.589999285487
18559.17999928744
18569.23499928949
18584.584999292616
18615.149999298843
18749.709999326256
18761.25999932861
18773.86999933118
18817.279999340022
18831.819999342984
18847.379999346154
18861.8299993491
19015.354999380375
19033.33499938404
19044.404999386294
19057.109999388882
19140.324999405835
19155.434999408913
19192.664999416498
19211.76499942039
19288.554999436034
19330.1149994445
19340.789999446675
19350.839999448723
19396.47999945802
19409.664999460707
19451.134999469155
19618.964999503347
19644.249999508498
19658.714999511445
19748.90499952982
19788.85999953796
19799.344999540095
19808.429999541946
19826.499999545627
19843.40499954907
19864.614999553392
20018.48999958474
20029.32499958695
20043.064999589747
20053.43999959186
20119.83999960539
20133.504999608173
20149.804999611493
20175.234999616674
20204.504999622637
20232.134999628266
20412.084999664927
20515.92499968608
20531.544999689264
20563.33499969574
20583.194999699786
20621.264999707542
20632.384999709808
20643.34999971204
20663.199999716086
20675.969999718687
20692.364999722027
20818.464999747717
20828.999999749863
21000.174999784736
21009.499999786636
21117.369999808612
21166.93999981871
21178.36999982104
21191.249999823664
21214.864999828475
21239.63499983352
21407.044999867627
21418.54999986997
21432.52999987282
21449.924999876363
21463.029999879032
21502.82999988714
21520.954999890833
21580.854999903037
21595.30999990598
21609.279999908827
21884.30999996486
21969.68499998225
21989.60999998631
22028.299999994193
22043.73999999734
22065.98000000187
22091.89500000715
22116.98500001226
22155.750000020158
22261.425000041687
22307.935000051162
22340.930000057884
22379.375000065716
22443.030000078685
22526.45000009568
22560.290000102574
22575.10000010559
22612.980000113308
22725.765000136285
23000.07000019217
23012.0100001946
23039.085000200117
23049.665000202272
23061.815000204748
23327.18500025881
23398.620000273364
23415.33500027677
23427.140000279174
23440.940000281986
23457.180000285294
23497.815000293573
23514.83500029704
23524.910000299093
23615.575000317564
23628.490000320195
23663.12000032725
23680.460000330782
23868.955000369184
23881.21000037168
23892.905000374063
23910.52000037765
24029.485000401888
24046.945000405445
24073.020000410757
24089.195000414053
24105.910000417458
24130.690000422506
24182.700000433102
24228.3450004424
24276.375000452186
24297.240000456437
24317.92000046065
24334.105000463947
24382.040000473713
24409.86500047938
24490.910000495893
24519.12000050164
24530.61500050398
24543.42500050659
24567.400000511476
24685.805000535598
24696.08000053769
24829.18500056481
24911.86000058165
24923.320000583986
24977.655000595056
25023.92000060448
25037.780000607305
25057.155000611252
25123.920000624854
25213.050000643012
25252.15500065098
25305.685000661884
25470.230000695406
25484.555000698325
25621.020000726126
25641.630000730325
25656.63000073338
25668.60500073582
25698.015000741812
25809.170000764458
25824.360000767552
25846.00000077196
25863.940000775616
25928.50500078877
25942.680000791657
25958.820000794945
26057.16500081498
26140.400000831938
26165.15500083698
26198.245000843723
26270.800000858504
26285.40000086148
26314.700000867448
26327.415000870038
26341.525000872913
26439.38500089285
26579.100000921313
26591.760000923892
26602.74500092613
26613.365000928294
26625.160000930697
26635.215000932745
26648.425000935436
26657.72500093733
26673.270000940498
26682.46500094237
26699.960000945935
26741.200000954337
26831.835000972802
26846.94000097588
26872.845000981157
26930.555000992914
26948.045000996477
27001.305001007328
27041.82000101558
27078.985001023153
27089.640001025324
27100.540001027544
27174.305001042572
27186.76500104511
27202.37500104829
27216.295001051127
27348.98500107816
27370.070001082455
27479.530001104755
27508.350001110626
27562.11000112158
27586.645001126577
27614.59500113227
27633.13500113605
27686.735001146968
27872.075001184727
27880.67500118648
27891.250001188633
27935.90500119773
28025.595001216003
28036.120001218147
28058.4700012227
28073.175001225696
28089.755001229074
28111.270001233457
28251.92000126211
28280.010001267834
28339.080001279868
28392.160001290682
28448.530001302166
28472.965001307144
28501.725001313003
28536.395001320067
28673.295001347957
28693.815001352137
28706.955001354814
28718.540001357174
28730.030001359515
28753.925001364383
28799.55000137368
28828.57500137959
28895.42000139321
28909.785001396136
29016.140001417803
29040.400001422746
29074.360001429664
29082.910001431406
29095.080001433886
29116.280001438205
29131.72500144135
29151.815001445444
29166.51500144844
29191.51000145353
29332.63000148228
29658.45000154866
29668.81000155077
29683.63500155379
29734.660001564185
29748.04000156691
29902.41000159836
29914.43500160081
29974.085001612963
29989.060001616013
30017.66000162184
30047.525001627924
30059.995001630465
30084.27500163541
30105.47000163973
30123.665001643436
30181.350001655188
30202.430001659483
30281.565001675604
30322.755001683996
30335.575001686608
30464.060001712784
30529.645001726145
30632.570001747114
30719.83000176489
30737.225001768435
30762.600001773604
30815.705001784423
30832.635001787872
30845.29500179045
30875.270001796558
30935.940001808918
30949.950001811772
31011.78000182437
31045.36000183121
31069.520001836132
31089.20000184014
31139.930001850476
31281.8950018794
31369.295001897204
31392.750001901983
31464.080001916514
31480.475001919855
31510.355001925942
31547.75500193356
31619.240001948125
31650.92000195458
31663.130001957066
31672.710001959018
31686.385001961804
31703.21000196523
31762.335001977277
31922.800002009968
31934.565002012365
31958.40000201722
31982.715002022174
31994.755002024627
32007.060002027134
32020.84000202994
32029.71000203175
32039.13500203367
32064.065002038747
32240.225002074636
32353.72500209776
32369.010002100873
32393.15000210579
32432.575002113823
32484.125002124325
32497.15000212698
32530.645002133802
32548.70000213748
32566.140002141034
32580.150002143888
32591.815002146264
32630.755002154197
32649.205002157956
32685.475002165345
32698.245002167947
32710.92500217053
32725.960002173593
32750.035002178498
32867.105002130236
32889.63500211843
32919.6700021027
32929.930002097324
32939.990002092054
32973.300002074604
32986.815002067524
32997.085002062144
33010.99500205486
33038.71000204034
33053.76000203245
33161.31500197611
33286.715001910416
33362.48500187072
33533.66000178105
33582.495001755466
33624.92500173324
33641.30000172466
33689.910001699194
33701.075001693345
33713.100001687046
33723.78500168145
33734.9550016756
33751.355001667005
33763.02500166089
33853.72000161338
33868.1850016058
33882.39000159836
33947.06500156448
33972.115001551356
33993.27000154027
34076.705001496564
34122.610001472516
34151.10500145759
34315.64500137139
34348.04000135442
34517.51000126564
34553.19000124695
34570.67000123779
34610.025001217175
34640.240001201346
34664.61000118858
34674.16500118357
34697.61500117129
34707.96500116587
34717.285001160984
34729.26000115471
34739.26500114947
34753.09000114223
34776.22500113011
34787.54000112418
34880.16000107566
34914.59000105762
35111.55500095444
35160.51500092879
35176.99500092016
35295.93000085785
35337.420000836115
35345.98000083163
35354.640000827094
35367.46000082038
35388.26000080948
35418.23000079378
35433.75500078565
35468.580000767404
35494.85500075364
35509.065000746195
35528.975000735765
35540.870000729534
35581.0200007085
35596.30500070049
35625.70500068509
35639.76000067773
35675.92500065878
35699.495000646435
35716.67000063744
35736.145000627235
35803.225000592094
35927.72500052687
35982.87500049798
36006.17000048578
36017.49000047985
36108.84500043199
36128.78500042154
36142.38000041442
36229.89000036858
36288.30000033798
36355.74000030265
36370.57000029488
36430.60000026343
36454.44000025094
36472.990000241225
36494.28000023007
36515.14500021914
36562.420000194375
36680.620000132454
36694.01000012544
36740.64000010101
36752.95000009456
36842.645000047574
36857.04000004003
36872.840000031756
36890.29500002261
36912.720000010864
36954.88999998877
37079.2999999236
37188.97999986614
37383.1899997644
37443.99999973254
37518.23999969365
37531.1299996869
37554.27499967477
37585.25999965854
37596.90999965244
37762.014999565945
37778.659999557225
37799.91999954609
37932.79499947648
37945.77499946968
37955.934999464356
38112.40499938239
38135.659999370204
38147.07999936422
38156.424999359326
38172.02499935115
38189.16999934217
38214.6999993288
38237.29499931696
38360.024999252666
38382.77499924075
38424.12999921908
38437.09999921229
38494.504999182216
38531.44999916286
38550.324999152974
38563.89999914586
38607.85999912283
38830.049999006435
38902.54499896846
38969.36999893345
38978.6249989286
38994.90499892007
39049.47999889148
39065.51499888308
39094.754998867764
39106.23999886175
39120.519998854266
39140.34499884388
39150.6099988385
39162.039998832515
39178.0999988241
39190.66999881752
39216.899998803776
39271.84499877499
39286.57999876727
39295.699998762495
39309.369998755334
39328.00999874557
39340.3599987391
39403.759998705886
39721.34499853951
40028.38999837866
40048.734998368
40064.994998359485
40147.64499831619
40157.479998311035
40169.51499830473
40182.944998297695
40198.06999828977
40208.714998284195
40220.28499827813
40296.90999823799
40332.61499821929
40354.86499820763
40380.61999819414
40409.48499817902
40458.54499815332
40544.334998108374
40630.19999806339
40671.61999804169
40702.43499802555
40718.16499801731
40731.61999801026
40741.52499800507
40783.50499798308
40799.489997974706
41028.594997854685
41181.52999777457
41194.20499776793
41205.25499776214
41214.2949977574
41285.85999771991
41339.819997691644
41359.28499768145
41438.2049976401
41557.97999757736
41583.029997564234
41608.63999755082
41634.48499753728
41674.23999751645
41701.549997502145
41711.88999749673
41803.93499744851
41817.359997441476
41826.61499743663
41845.10499742694
41965.334997363956
41976.81999735794
42057.704997315566
42136.354997274364
42248.79499721546
42275.64999720139
42392.14999714036
42410.254997130876
42425.58999712284
42442.744997113856
42458.609997105545
42472.46499709829
42483.98999709225
42502.014997082806
42521.809997072436
42611.28999702556
42624.3899970187
42661.884996999055
42745.949996955016
42767.26499694385
42792.679996930536
42989.22499682757
43005.67999681895
43032.91999680468
43123.29499675734
43145.22499674585
43193.01499672081
43207.12499671342
43373.759996626126
43384.834996620324
43396.904996614
43419.4299966022
43447.75499658736
43463.804996578954
43541.45999653827
43567.3699965247
43598.03999650863
43607.48999650368
43698.424996456044
43708.67999645067
43720.34999644456
43738.88499643485
43762.91999642226
43785.47499641044
43821.944996391336
43834.66999638467
43844.76999637938
43857.18999637287
43875.509996363275
43914.164996343025
43933.24999633303
43949.98499632426
43997.599996299316
44025.78499628455
44076.61999625792
44124.579996232795
44171.08499620843
44198.21499619422
44211.59499618721
44222.44999618152
44232.72499617614
44264.329996159584
44331.81499612423
44341.04999611939
44368.36499610508
44381.324996098294
44394.07999609161
44410.564996082976
44571.6299959986
44613.94499597643
44623.04999597166
44649.20999595796
44731.87999591465
44747.369995906534
44767.10999589619
44782.624995888065
44801.254995878306
44821.63999586763
44875.684995839314
44901.84999582561
45040.074995753195
45060.594995742445
45150.5899956953
45165.87999568729
45177.1299956814
45225.369995656125
45311.02499561125
45329.479995601585
45371.399995579624
45383.844995573105
45394.82499556735
45428.76999554957
45450.14999553837
45463.94499553114
45577.024995471904
45586.50499546694
45597.81499546101
45609.644995454815
45622.04999544832
45633.9149954421
45646.714995435395
45658.02999542947
45671.1449954226
45730.21999539165
45744.314995384266
45754.85999537874
45770.81499537038
45784.98499536296
45803.56499535323
45957.94999527235
46077.43999520975
46104.99499519532
46180.534995155744
46204.679995143095
46219.26999513545
46246.859995121
46595.75499493822
46617.40499492688
46755.524994854524
46801.13499483063
46827.81999481665
46847.189994806504
46861.234994799146
46874.864994792006
46884.38499478702
46898.3599947797
46940.84999475744
46964.60999474499
46986.3549947336
46999.26499472684
47038.48499470629
47189.24499462731
47224.41499460889
47237.589994601985
47254.96499459288
47265.194994587524
47419.734994506565
47637.77499439234
47649.3099943863
47695.929994361875
47710.67999435415
47735.774994341
47750.349994333366
47845.76499428338
48045.10999417895
48058.04999417217
48116.684994141455
48133.81499413248
48147.87999412511
48215.33999408977
48228.74999408275
48239.689994077016
48305.60999404248
48375.31499400597
48436.09999397412
48521.67999392929
48586.34999389541
48628.50499387333
48650.02999386205
48663.97499385475
48707.27499383206
48721.76999382447
48735.104993817484
48753.25999380797
48766.654993800956
48780.17499379387
48830.93499376728
48845.17499375982
48854.67999375484
48867.349993748205
48907.494993727174
48926.999993716956
48942.329993708925
48986.6599936857
48999.08499367919
49007.86499367459
49019.96999366825
49058.559993648036
49128.12999361159
49154.804993597616
49236.984993554564
49252.81499354627
49271.039993536724
49280.93999353154
49368.674993485576
49383.97999347756
49407.96999346499
49426.25999345541
49438.43999344903
49462.74999343629
49591.204993369
49617.03499335547
49651.879993337214
49666.06999332978
49681.199993321854
49709.24999330716
49724.33499329926
49744.50499328869
49758.6099932813
49774.12999327317
49834.07499324177
49851.98999323238
49876.3849932196
49994.83499315755
39.21500000000161
53.91500000000913
87.37499999999302
104.53999999997741
219.95499999987246
232.3199999998612
256.39499999983934
291.5099999998074
303.3899999997966
373.15499999973315
386.0699999997214
398.66499999970995
411.9149999996979
428.9699999996824
467.17999999964763
490.23499999962667
504.4049999996138
639.0699999994913
656.4599999994755
671.6299999994617
703.119999999433
727.8299999994106
791.184999999353
821.0849999993258
832.4249999993154
840.4449999993082
849.2949999993001
877.2449999992747
950.0399999992085
964.9199999991949
1149.1900000018738
1165.97000000224
1232.1950000036857
1252.685000004133
1279.0200000047078
1303.0550000052324
1324.800000005707
1517.2050000099068
1605.6900000118383
1619.9400000121493
1668.7000000132136
1704.035000013985
1725.1950000144468
1797.1000000160163
1820.8500000165348
1853.9650000172576
1873.77500001769
1948.0300000193108
1983.1950000200784
2085.030000022301
2096.935000022561
2132.7050000233417
2245.5250000258043
2258.8700000260956
2269.3000000263232
2282.665000026615
2302.5800000270497
2334.610000027749
2372.9300000285853
2406.080000029309
2427.20500002977
2443.740000030131
2478.9050000308985
2514.800000031682
2728.290000036342
2769.195000037235
2924.600000040627
2952.6500000412393
3262.735000048008
3288.3700000485674
3311.2250000490662
3331.3900000495064
3471.185000052558
3481.2550000527776
3494.0250000530564
3523.930000053709
3646.9150000563936
3767.4900000590255
3801.0150000597573
3837.550000060555
3851.760000060865
3867.1400000612007
3958.605000063197
3978.6800000636354
3993.230000063953
4085.770000065973
4172.4500000678645
4193.210000068318
4231.175000069146
4245.820000069466
4258.065000069733
4269.765000069989
4280.83000007023
4294.4950000705285
4309.610000070858
4445.820000073832
4467.7600000743105
4485.120000074689
4507.745000075183
4529.190000075651
4590.140000076982
4610.740000077431
4622.340000077685
4708.70500007957
4853.430000082729
4891.925000083569
5022.405000086417
5051.075000087043
5061.560000087272
5072.45000008751
5233.26000009102
5258.48500009157
5279.010000092018
5297.150000092414
5307.095000092631
5319.570000092904
5333.1350000932
5359.410000093773
5540.855000097734
5558.420000098117
5583.670000098668
5646.920000100049
5680.235000100776
5693.420000101064
5704.815000101313
5741.620000102116
5760.030000102518
5775.8600001028635
5913.980000105878
6006.0250001078875
6036.83500010856
6050.795000108865
6077.330000109444
6097.76500010989
6109.545000110147
6119.485000110364
6140.250000110817
6170.3100001114735
6214.070000112429
6386.40500011619
6407.690000116655
6434.580000117242
6448.865000117554
6472.010000118059
6482.895000118297
6496.520000118594
6509.835000118885
6521.4650001191385
6545.305000119659
6560.645000119994
6660.34500012217
6764.935000124453
6803.695000125299
6816.060000125569
6825.145000125767
6834.695000125976
6860.490000126539
6880.925000126985
6909.4100001276065
6922.615000127895
6935.3400001281725
6946.955000128426
6960.835000128729
6978.235000129109
7001.150000129609
7054.650000130777
7148.160000132818
7167.400000133238
7428.255000138932
7438.335000139152
7449.765000139401
7461.460000139657
7478.56000014003
7491.665000140316
7517.52000014088
7598.740000142653
7745.710000145861
7781.555000146644
7822.680000147541
8001.915000151454
8070.340000152947
8117.935000153986
8151.12000015471
8175.2700001552375
8200.415000154255
8216.395000151697
8272.440000142726
8392.29500012354
8498.910000106474
8513.340000104165
8534.085000100844
8548.085000098603
8861.990000048356
9080.150000013435
9106.910000009151
9154.310000001564
9171.209999998859
9295.099999979027
9316.559999975592
9731.484999909175
9751.584999905957
9798.259999898486
9841.449999891573
9909.079999880747
9919.649999879055
9935.579999876505
9946.869999874698
10024.744999862232
10060.794999856462
10075.144999854165
10107.15999984904
10123.934999846355
10139.694999843832
10173.359999838443
10187.839999836126
10263.189999824064
10276.89999982187
10352.479999809771
10373.48499980641
10441.82499979547
10459.184999792691
10479.109999789502
10497.524999786554
10570.634999774851
10635.244999764509
10671.124999758766
10703.384999753602
10719.374999751042
10777.464999741744
10797.124999738597
10809.764999736573
10838.479999731977
11078.004999693636
11127.659999685688
11137.88499968405
11151.239999681913
11322.379999654519
11372.614999646477
11455.044999633283
11466.694999631418
11478.654999629503
11492.509999627286
11507.059999624957
11524.119999622226
11546.764999618601
11591.87999961138
11691.239999595475
11721.389999590649
11746.649999586605
11776.644999581804
11907.064999560927
11916.659999559392
11936.949999556144
11948.549999554287
12041.30499953944
12061.364999536228
12082.65999953282
12120.70499952673
12133.534999524676
12144.984999522843
12170.524999518755
12357.069999488895
12369.314999486935
12385.319999484373
12419.264999478939
12443.329999475087
12466.92499947131
12662.379999440023
12682.01499943688
12712.609999431983
12740.659999427493
12750.54499942591
12773.444999422245
12978.794999389374
13142.789999363124
13188.459999355813
13213.694999351774
13312.854999335901
13325.564999333867
13337.024999332032
13351.649999329691
13383.844999324538
13401.32499932174
13515.884999303402
13526.779999301658
13538.709999299748
13569.889999294757
13692.789999275084
13781.144999260941
13953.339999233378
14250.304999185842
14278.86499918127
14334.97499917229
14380.109999165064
14419.094999158824
14480.679999148966
14491.664999147208
14535.284999140225
14546.62999913841
14559.699999136317
14580.209999133034
14597.004999130346
14612.514999127863
14624.834999125891
14679.744999117102
14719.784999110692
14732.889999108595
14744.419999106749
14756.434999104826
14770.794999102527
14783.319999100522
14798.529999098088
14880.15999908502
14907.289999080678
14973.194999070129
15082.32499905266
15176.589999037571
15189.189999035554
15199.389999033921
15226.82499902953
15235.529999028136
15252.669999025393
15268.68499902283
15553.30499897727
15566.394998975175
15579.774998973033
15607.039998968668
15680.739998956871
15689.829998955416
15704.649998953044
15729.184998949117
15945.309998914521
15980.079998908956
15988.884998907546
15999.344998905872
16022.239998902207
16035.254998900124
16147.804998882108
16178.02999887727
16385.57999884462
16513.45499887067
16526.814998873393
16607.219998889774
16724.244998913615
16743.154998917467
16757.419998920373
16771.92499892333
16793.68499892776
16831.76499893552
16935.2399989566
16945.24499895864
16966.60999896299
17033.95499897671
17059.109998981836
17099.18999899
17110.03999899221
17130.719998996425
17186.15999900772
17204.2349990114
17337.459999038543
17353.659999041844
17464.649999064455
17506.97999907308
17536.87999907917
17561.724999084232
17617.544999095604
17636.61999909949
17676.46999910761
17694.914999111366
17730.96499911871
17800.229999132822
17950.389999163413
17984.179999170297
17997.724999173057
18041.67999918201
18054.884999184702
18066.36499918704
18086.374999191117
18137.23499920148
18154.489999204994
18181.924999210583
18227.149999219797
18253.799999225226
18346.97499924421
18514.35499927831
18579.874999291656
18597.774999295303
18609.719999297737
18623.464999300537
18638.184999303536
18719.4849993201
18735.414999323344
18766.45999932967
18801.969999336903
18832.559999343135
18868.31999935042
18908.4749993586
18968.79499937089
19012.5299993798
19168.009999411475
19182.79999941449
19201.689999418337
19388.5199994564
19409.709999460716
19426.739999464186
19441.454999467183
19600.294999499543
19624.47999950447
19637.914999507208
19649.819999509633
19700.379999519933
19756.36999953134
20008.284999582662
20059.399999593075
20142.61999961003
20153.96999961234
20164.399999614467
20176.724999616978
20195.9699996209
20219.109999625613
20364.3449996552
20488.0399996804
20520.304999686974
20586.134999700385
20596.874999702573
20633.004999709934
20647.31999971285
20659.129999715256
20670.52999971758
20710.73499972577
20780.704999740025
20823.48499974874
20834.564999750997
20848.404999753817
20997.43499978418
21179.294999821228
21248.99999983543
21367.529999859576
21376.024999861307
21387.894999863725
21445.79499987552
21457.86499987798
21489.884999884503
21504.619999887505
21557.479999898274
21621.4199999113
21698.474999927
21733.904999934217
21749.364999937367
21766.75999994091
21837.73499995537
21853.074999958495
21913.304999970765
21926.09499997337
21938.56499997591
21960.20999998032
21982.799999984923
22003.679999989177
22098.495000008494
22182.12000002553
22397.06500006932
22416.080000073194
22445.89500007927
22488.240000087895
22498.460000089977
22512.840000092907
22618.210000114374
22633.125000117412
22644.710000119772
22653.555000121574
22662.245000123345
22772.875000145883
22793.91000015017
22834.580000158454
22854.54000016252
22929.070000177704
22946.62000018128
22958.0150001836
23145.46500022179
23181.575000229146
23200.170000232934
23211.420000235226
23225.040000238
23238.940000240833
23289.315000251096
23427.675000279283
23451.41000028412
23468.670000287635
23595.450000313464
23616.05000031766
23658.400000326288
23794.510000354017
23806.125000356384
23822.665000359753
23839.805000363245
23854.740000366288
23874.030000370218
23907.66000037707
23923.145000380224
24017.945000399537
24031.31000040226
24042.035000404445
24068.72000040988
24082.925000412775
24231.460000443036
24282.365000453407
24350.620000467312
24375.39000047236
24395.680000476492
24435.9750004847
24453.680000488308
24471.485000491935
24534.955000504866
24559.46000050986
24655.58500052944
24780.74500055494
24793.21500055748
24842.315000567483
24859.150000570913
24871.090000573346
24898.925000579016
24922.50500058382
25026.160000604938
25211.635000642724
25295.225000659753
25307.105000662174
25322.10000066523
25410.825000683304
25429.4550006871
25503.5750007022
25590.080000719823
25629.445000727843
25641.080000730213
25718.305000745946
25739.665000750298
25802.780000763156
25826.70000076803
25848.270000772423
25863.62500077555
25876.48000077817
25922.535000787553
26011.625000805703
26030.535000809556
26046.51500081281
26096.835000823063
26184.430000840908
26195.150000843092
26214.350000847004
26228.495000849885
26281.640000860712
26366.15500087793
26405.640000885975
26487.20000090259
26549.575000915298
26558.80500091718
26572.45000091996
26597.10500092498
26638.205000933354
26655.85500093695
26671.155000940067
26721.415000950306
26749.770000956083
26763.655000958912
26774.35500096109
26787.085000963685
26798.99000096611
26813.26500096902
26842.08000097489
26985.12500100403
27003.555001007786
27070.750001021475
27097.57000102694
27127.02000103294
27282.705001064656
27410.820001090757
27420.41500109271
27430.985001094865
27442.755001097263
27455.665001099893
27497.81000110848
27512.875001111548
27522.41500111349
27531.650001115373
27545.045001118102
27681.175001145835
27845.59000117933
27881.990001186747
27895.30000118946
27905.3200011915
27919.525001194394
27951.85000120098
28089.68500122906
28098.7150012309
28109.440001233084
28120.825001235404
28306.78500127329
28348.600001281808
28383.675001288953
28427.515001297885
28438.3850013001
28451.140001302698
28465.665001305657
28483.460001309282
28514.750001315657
28532.33500131924
28561.700001325222
28576.96000132833
28629.170001338967
28653.650001343955
28673.66000134803
28684.195001350177
28700.26500135345
28711.725001355786
28738.075001361154
28749.560001363494
28762.020001366032
28775.080001368693
28866.180001387253
29056.335001425992
29077.67500143034
29135.390001442098
29247.22000146488
29304.705001476592
29317.275001479153
29333.375001482433
29473.665001511014
29489.40500151422
29514.64000151936
29539.96000152452
29549.765001526517
29583.235001533336
29594.465001535624
29614.08500153962
29624.715001541786
29636.010001544088
29718.715001560937
29802.305001577966
29816.99500158096
29840.56500158576
29859.480001589614
29875.6100015929
29979.740001614115
29990.27000161626
30014.22500162114
30024.705001623275
30037.850001625953
30135.390001645825
30173.630001653615
30185.905001656116
30199.195001658823
30281.020001675493
30326.445001684748
30412.40000170226
30484.625001716973
30496.15000171932
30514.41000172304
30546.41500172956
30560.63500173246
30574.270001735236
30584.05000173723
30594.51500173936
30615.600001743656
30632.45000174709
30648.175001750293
30663.445001753404
30678.59000175649
30688.525001758513
30703.255001761514
30718.030001764524
30817.75000178484
31131.000001848657
31252.69500187345
31284.625001879955
31313.690001885876
31326.210001888427
31345.2300018923
31484.81500192074
31502.180001924276
31515.385001926967
31539.935001931968
31551.990001934424
31570.610001938217
31651.085001954612
31698.220001964215
31708.61000196633
31720.840001968823
31735.125001971734
31785.145001981924
31837.175001992524
31884.190002002102
31905.72000200649
31938.870002013242
31953.805002016285
31965.445002018656
31978.535002021323
32024.885002030765
32097.565002045572
32184.160002063214
32201.11500206667
32368.875002100845
32385.065002104144
32418.66500211099
32487.13500212494
32516.20000213086
32532.36000213415
32558.305002139437
32582.500002144367
32648.29500215777
32668.845002161957
32697.845002167865
32728.025002174014
32863.825002131955
32915.79000210473
32934.77000209479
33113.450002001184
33418.70000184127
33440.66000182977
33463.230001817945
33529.15500178341
33544.12500177557
33705.15000169121
33719.150001683876
33733.27500167648
33749.370001668045
33766.28000165919
33776.7500016537
33785.62500164905
33820.01000163104
33841.055001620014
33940.23500156806
34000.03000153673
34012.92000152998
34098.12500148534
34110.75000147873
34123.2100014722
34147.62500145941
34198.73500143264
34249.93000140582
34273.99000139321
34308.02500137538
34568.23000123907
34595.97000122454
34612.51500121587
34651.7850011953
34734.730001151845
34974.77500102609
34986.415001019996
35004.475001010534
35018.640001003114
35058.26000098236
35087.05500096727
35108.280000956154
35124.15000094784
35139.08000094002
35154.21000093209
35164.25500092683
35177.210000920044
35187.20500091481
35249.69500088207
35270.515000871164
35284.16500086401
35309.435000850775
35354.57500082713
35420.55500079256
35444.585000779975
35494.15000075401
35508.66000074641
35528.920000735794
35541.36000072928
35566.65000071603
35704.190000643976
35720.150000635615
35731.620000629606
35781.540000603454
35973.095000503105
35987.450000495584
36018.985000479064
36148.655000411134
36163.30500040346
36179.595000394926
36193.94000038741
36235.30000036574
36286.225000339065
36304.170000329665
36353.79500030367
36506.65000022359
36526.800000213036
36607.53500017074
36623.735000162254
36676.765000134474
36842.835000047475
36938.70999999725
36956.11999998813
37115.69999990453
37222.47999984859
37285.37999981564
37340.269999786884
37513.709999696024
37530.3699996873
37593.24499965436
37743.02499957589
37780.55499955623
37789.1999995517
37798.62999954676
37812.46999953951
37828.68499953102
37859.08499951509
37891.664999498025
37949.53499946771
37961.624999461375
38028.92499942612
38073.009999403024
38142.98499936637
38161.0599993569
38175.5599993493
38190.50999934147
38241.05999931499
38256.99499930664
38272.43999929855
38389.88999923702
38421.69499922036
38508.594999174835
38526.14999916564
38571.17999914205
38584.75499913494
38595.464999129326
38614.29999911946
38624.424999114155
38734.8649990563
38748.43999904919
38764.29999904088
38775.80499903485
38785.65499902969
38794.62499902499
38809.949999016964
38824.02999900959
38888.66499897573
38939.464998949115
38954.26499894136
38965.41499893552
38997.9099989185
39011.30499891148
39026.51999890351
39108.53999886054
39122.89999885302
39134.264998847066
39147.954998839894
39161.119998833
39205.84499880957
39315.839998751944
39369.00499872409
39388.854998713694
39538.76999863516
39581.56999861274
39640.74499858174
39763.76999851729
39776.11499851082
39792.90999850202
39820.34499848765
40006.77999838998
40101.299998340466
40120.3249983305
40134.974998322825
40189.4199982943
40260.27999825718
40278.83999824746
40318.10499822689
40331.68999821977
40345.7599982124
40398.04999818501
40407.95499817982
40420.84499817307
40431.899998167275
40568.9049980955
40696.204998028814
40707.50999802289
40772.54999798882
40821.62499796311
40847.15999794973
40884.434997930206
40904.02999791994
40918.20999791251
40951.704997894965
40970.19499788528
40980.049997880116
40999.219997870074
41014.524997862056
41028.16999785491
41109.58499781226
41195.22999776739
41228.6099977499
41245.57999774101
41304.56499771011
41322.5399977007
41338.73499769221
41353.24999768461
41363.889997679034
41378.06499767161
41386.57999766715
41395.56499766244
41410.214997654766
41423.81499764764
41433.00499764283
41444.499997636805
41498.769997608375
41526.93499759362
41551.019997581
41563.32499757456
41577.86499756694
41592.93999755904
41606.279997552054
41624.65499754243
41658.754997524564
41668.95999751922
41683.40499751165
41711.27999749705
41724.97499748987
41736.41499748388
41765.52999746863
41802.59499744921
41887.62999740466
41900.279997398036
41920.7749973873
41979.71499735642
42002.43499734452
42212.11999723467
42227.96499722637
42367.79999715312
42383.53999714487
42404.65999713381
42437.96999711636
42460.2199971047
42568.46999704799
42589.11499703718
42623.2349970193
42753.529996951045
42765.53999694475
42795.10999692926
42834.449996908654
42851.65499689964
42946.31499685005
43040.27499680083
43056.51499679232
43072.33499678403
43241.249996695544
43316.149996656306
43387.679996618834
43409.95999660716
43427.58499659793
43439.01999659194
43466.06999657777
43585.15999651538
43605.65499650464
43621.2049964965
43661.58999647534
43672.9349964694
43687.2449964619
43721.53499644394
43873.084996364545
43886.10999635772
43907.54999634649
44047.31999627327
44112.55999623909
44126.32499623188
44303.2349961392
44313.47499613384
44417.14499607953
44450.58499606201
44465.369996054265
44479.94999604663
44553.789996007945
44569.88999599951
44586.59499599076
44640.41999596256
44664.294995950055
44772.2499958935
44815.82499587067
44935.42499580802
44950.27499580024
44963.529995793295
44979.66499578484
44992.51999577811
45004.359995771905
45016.95499576531
45039.6899957534
45053.30999574626
45062.62499574138
45073.92499573546
45146.779995697296
45167.1949956866
45187.94999567573
45265.06999563533
45276.069995629565
45504.349995509976
45590.939995464614
45614.4449954523
45629.29499544452
45641.70499543802
45667.004995424766
45769.52499537106
45813.13999534821
45830.50999533911
45899.72999530285
45916.764995293925
45930.95499528649
46006.96499524667
46020.0799952398
46038.0249952304
46134.144995180046
46153.15499517009
46224.25499513284
46367.24499505793
46386.56999504781
46448.46999501538
46464.73499500686
46595.72499493824
46620.889994925055
46653.609994907914
46708.37999487922
46729.90999486794
46761.96499485115
46775.949994843824
46802.31499483001
46814.13499482382
46833.22499481382
46851.159994804424
46865.42499479695
46876.37999479121
46892.39499478282
46902.429994777565
46914.019994771494
46926.89499476475
46943.029994756296
47026.36499471264
47085.664994681574
47101.15499467346
47142.454994651824
47185.39499462933
47197.599994622935
47211.859994615465
47221.08999461063
47235.43999460311
47246.00499459758
47256.70999459197
47267.78499458617
47283.154994578115
47410.01499451166
47426.00999450328
47474.81499447771
47582.65499442122
47593.349994415614
47606.48499440873
47619.27499440203
47643.07999438956
47726.02499434611
47740.309994338626
47830.24499429151
47863.57999427405
47906.10499425177
47939.98499423402
47959.13999422399
47982.28499421186
47993.62999420592
48006.58999419913
48019.214994192516
48029.18499418729
48050.904994175915
48069.04999416641
48087.16999415692
48100.46999414995
48113.07999414334
48131.75499413356
48240.79499407644
48251.64499407075
48266.379994063034
48283.939994053835
48313.699994038245
48442.739993970645
48452.61999396547
48485.419993948286
48499.76999394077
48515.45999393255
48713.4999938288
48738.22999381585
48764.80999380192
48782.73499379253
48816.53999377482
48826.5049937696
48841.99499376149
48863.12499375042
48916.45999372248
48991.26499368329
49084.789993634295
49249.93499354778
49261.71999354161
49295.35999352398
49346.724993497075
49364.67499348767
49375.38999348206
49388.00999347545
49399.83999346925
49420.844993458246
49442.4999934469
49499.99499341678
49572.26999337892
49623.06999335231
49645.214993340705
49675.869993324646
49744.64499328862
49815.34499325158
49985.71499316233
