6.059999999999893
18.595000000000585
192.80499999989715
224.01499999986876
291.65999999980727
303.4899999997965
398.9449999997097
413.7899999996962
465.5849999996491
498.4499999996192
512.1549999996067
656.8649999994751
669.149999999464
950.2699999992083
989.4849999991726
1032.1599999993193
1067.600000000093
1134.720000001558
1160.600000002123
1189.9800000027642
1359.5050000064646
1372.1350000067403
1385.9450000070417
1490.1100000093154
1498.5950000095006
1509.9800000097491
1521.2500000099951
1573.1650000111283
1603.850000011798
1613.6650000120123
1624.190000012242
1642.555000012643
1716.6700000142607
1726.2750000144704
1738.0400000147272
1745.8850000148984
1776.930000015576
1929.5700000189079
1995.1550000203395
2009.5500000206537
2051.305000021565
2105.5800000227496
2121.6000000230993
2213.0000000250943
2233.87000002555
2437.0800000299855
2449.340000030253
2460.5850000304986
2471.6300000307397
2481.8750000309633
2494.315000031235
2503.7800000314414
2518.7650000317685
2541.2050000322583
2583.6750000331854
2600.5000000335526
2674.9900000351786
2724.2750000362544
2733.9550000364657
2751.3650000368457
2760.305000037041
2850.665000039013
2860.005000039217
2869.0450000394144
2926.925000040678
2940.4650000409733
2957.6900000413493
2997.9150000422273
3145.960000045459
3200.6050000466516
3212.2700000469063
3240.4600000475216
3316.750000049187
3326.645000049403
3337.2550000496344
3364.5600000502304
3419.8650000514376
3450.4150000521045
3524.3700000537187
3543.8700000541444
3587.290000055092
3673.650000056977
3682.850000057178
3693.520000057411
3706.395000057692
3718.6450000579594
3788.3850000594816
3802.1800000597827
3811.5150000599865
3821.430000060203
3833.940000060476
3844.4500000607054
3858.8000000610186
3868.720000061235
3909.355000062122
3919.250000062338
3927.900000062527
4082.560000065903
4097.465000066228
4107.605000066449
4155.28000006749
4163.890000067678
4176.540000067954
4187.4750000681925
4228.685000069092
4260.895000069795
4326.980000071238
4363.145000072027
4376.12000007231
4391.1150000726375
4400.470000072842
4422.320000073319
4551.12500007613
4575.475000076662
4622.735000077693
4633.6500000779315
4642.235000078119
4751.065000080494
4799.565000081553
4816.770000081929
4869.4950000830795
4927.530000084346
5033.640000086662
5074.855000087562
5171.020000089661
5239.355000091153
5308.445000092661
5321.9900000929565
5334.275000093225
5429.80000009531
5686.690000100917
5773.235000102806
5784.39500010305
5810.650000103623
5901.8450001056135
5993.970000107624
6004.875000107862
6014.83500010808
6025.2200001083065
6042.555000108685
6138.99500011079
6158.825000111223
6169.595000111458
6180.650000111699
6194.395000111999
6205.010000112231
6223.435000112633
6249.130000113194
6268.19000011361
6280.285000113874
6315.590000114645
6335.380000115077
6393.845000116353
6421.040000116946
6464.790000117901
6475.4250001181335
6487.085000118388
6503.20500011874
6514.950000118996
6530.930000119345
6564.800000120084
6587.420000120578
6714.770000123358
6726.085000123605
6734.880000123797
6748.110000124086
6765.405000124463
6785.86500012491
6841.170000126117
6852.415000126362
6861.430000126559
6873.710000126827
6897.830000127354
6910.805000127637
6938.88500012825
7030.440000130248
7130.350000132429
7140.320000132647
7150.99000013288
7190.87000013375
7280.885000135715
7353.075000137291
7361.605000137477
7371.735000137698
7534.260000141246
7544.450000141468
7556.250000141726
7587.59500014241
7640.885000143573
7706.080000144996
7718.5600001452685
7729.455000145506
7777.490000146555
7800.7450001470625
7824.605000147583
7839.285000147904
8415.395000119843
8426.540000118059
8435.420000116637
8495.75000010698
8554.380000097595
8566.040000095729
8575.430000094226
8693.885000075265
8710.34000007263
8731.465000069249
8749.405000066377
8760.540000064595
8890.065000043862
8948.80500003446
8958.635000032886
8968.04500003138
8981.000000029306
9094.7350000111
9294.309999979154
9323.369999974502
9431.029999957269
9442.604999955416
9481.774999949146
9510.399999944564
9548.454999938473
9559.979999936628
9571.27499993482
9690.754999915694
9742.649999907388
9754.029999905566
9783.639999900826
9890.039999883795
10010.994999864433
10027.619999861772
10037.99999986011
10190.099999835764
10420.549999798875
10434.054999796714
10450.784999794036
10622.404999766564
10632.684999764919
10657.909999760881
10756.584999745086
10765.709999743625
10774.349999742242
10785.749999740417
10800.744999738017
10817.734999735298
10880.044999725324
10890.554999723641
11238.764999667903
11248.249999666385
11284.404999660597
11326.93499965379
11346.774999650614
11522.759999622444
11592.139999611338
11711.529999592227
11724.464999590156
11743.904999587045
11759.61499958453
11769.189999582997
11785.174999580438
11864.1349995678
11911.47999956022
11986.274999548248
11996.094999546676
12004.074999545399
12157.079999520907
12293.939999499
12368.479999487068
12386.139999484241
12398.009999482341
12432.284999476855
12449.99999947402
12460.694999472307
12479.194999469346
12490.16999946759
12499.579999466083
12509.539999464489
12595.844999450674
12609.019999448565
12618.48499944705
12627.34999944563
12694.029999434957
12740.30499942755
12756.234999425
12814.789999415627
12835.594999412297
12846.494999410552
12854.899999409206
12865.159999407564
12950.034999393978
12962.559999391973
12972.499999390382
12981.904999388877
13077.319999373603
13089.809999371604
13100.799999369845
13157.634999360747
13175.48499935789
13188.339999355832
13203.259999353444
13216.08999935139
13228.71499934937
13264.019999343718
13337.869999331897
13346.254999330555
13354.569999329224
13412.924999319883
13435.164999316323
13443.959999314915
13458.439999312597
13472.314999310376
13514.39499930364
13547.294999298374
13585.079999292326
13596.879999290437
13608.159999288631
13629.044999285288
13908.934999240486
13916.669999239248
13927.809999237465
14067.289999215138
14134.669999204352
14147.92999920223
14165.689999199387
14180.449999197024
14252.784999185445
14275.254999181849
14287.04999917996
14304.804999177119
14315.714999175372
14397.309999162311
14409.034999160434
14417.334999159106
14425.05999915787
14434.67999915633
14442.759999155036
14456.939999152766
14522.124999142332
14533.714999140477
14546.364999138452
14560.469999136194
14654.32999912117
14669.434999118752
14685.354999116204
14828.954999093217
14937.689999075812
14977.294999069472
15003.624999065258
15277.729999021381
15302.759999017375
15379.00499900517
15390.119999003391
15402.594999001394
15411.719998999934
15421.259998998406
15430.039998997001
15451.689998993535
15476.20999898961
15493.819998986792
15567.774998974954
15645.989998962434
15728.91499894916
15756.494998944745
15776.45999894155
15823.564998934009
15848.97999892994
15866.654998927112
15892.83999892292
15902.434998921384
15911.934998919864
15922.63999891815
16001.73499890549
16009.904998904181
16018.689998902775
16032.109998900627
16043.804998898755
16075.50999889368
16247.909998866084
16259.98999886415
16353.44999884919
16366.424998847113
16375.744998845621
16385.09499884452
16420.38999885171
16482.644998864394
16614.36999889123
16636.7949988958
16655.099998899528
16713.484998911423
16727.149998914207
16738.814998916583
16773.564998923663
16841.13499893743
16852.614998939767
16886.574998946686
16907.2549989509
16943.314998958245
16962.054998962063
16990.31999896782
16998.769998969543
17033.75999897667
17044.319998978823
17061.364998982295
17073.624998984793
17177.639999005984
17209.699999012515
17220.27499901467
17337.88999903863
17348.179999040727
17436.569999058735
17460.129999063534
17471.859999065924
17484.884999068578
17574.57499908685
17589.164999089822
17604.55999909296
17643.234999100838
17676.259999107566
17685.589999109467
17695.289999111443
17956.379999164634
17978.779999169197
17990.254999171535
18001.164999173758
18055.3749991848
18065.599999186885
18075.78499918896
18083.969999190627
18092.594999192384
18103.339999194573
18115.44999919704
18171.98499920856
18287.87999923217
18301.114999234866
18313.0649992373
18339.689999242724
18352.494999245333
18370.409999248983
18396.144999254226
18431.384999261405
18441.76499926352
18453.574999265926
18463.2699992679
18472.259999269732
18728.21999932188
18950.72999936721
18984.65499937412
19018.699999381057
19098.744999397364
19129.59999940365
19144.394999406664
19315.454999441514
19331.319999444746
19573.43499949407
19726.699999525295
19768.124999533735
19797.669999539754
19809.909999542248
19822.14999954474
19836.694999547704
19847.16999954984
19858.794999552207
19918.34999956434
19928.60499956643
20040.52999958923
20158.739999613314
20171.009999615813
20186.75499961902
20201.604999622046
20216.409999625062
20254.314999632785
20267.654999635502
20310.624999644257
20406.729999663836
20491.449999681096
20507.534999684372
20520.76999968707
20536.759999690326
20546.25499969226
20600.609999703334
20616.649999706602
20631.099999709546
20681.294999719772
20690.684999721685
20702.129999724017
20722.404999728147
20744.524999732654
20763.689999736558
20772.86999973843
20803.54999974468
20812.64499974653
20820.994999748233
20832.969999750672
20869.069999758027
20956.774999775895
21025.41499978988
21036.544999792146
21139.179999813055
21299.984999845816
21316.219999849123
21331.07999985215
21381.09499986234
21514.399999889498
21527.504999892168
21588.43999990458
21601.88499990732
21618.744999910756
21718.74999993113
21730.019999933425
21739.829999935424
21750.519999937602
21774.529999942493
21787.684999945173
21801.16499994792
21954.79999997922
21967.044999981714
21978.009999983948
22089.075000006575
22151.655000019324
22188.55500002684
22197.740000028713
22214.305000032087
22240.32500003739
22260.325000041463
22301.215000049793
22339.64000005762
22348.300000059386
22364.015000062587
22459.11500008196
22469.930000084165
22480.490000086316
22490.050000088264
22664.150000123733
22674.505000125842
22684.880000127956
22710.38000013315
22810.960000153642
22823.5150001562
22840.75000015971
22853.80000016237
22889.44500016963
22936.4200001792
22989.885000190094
23016.395000195495
23072.410000206906
23081.95500020885
23093.420000211187
23105.01500021355
23121.595000216927
23282.060000249618
23342.98000026203
23354.56500026439
23364.33500026638
23437.550000281295
23447.960000283416
23501.105000294243
23515.38000029715
23562.230000306696
23588.685000312085
23603.03500031501
23657.025000326008
23678.215000330325
23686.53500033202
23696.030000333954
23704.235000335626
23715.415000337904
23728.685000340607
23806.440000356448
23820.73000035936
23927.510000381113
23939.08500038347
24095.66000041537
24104.78500041723
24179.93500043254
24207.220000438097
24227.470000442223
24239.300000444633
24275.16000045194
24287.43500045444
24315.55500046017
24324.19500046193
24338.035000464748
24353.565000467912
24390.940000475526
24427.32500048294
24564.92000051097
24612.72500052071
24623.700000522946
24642.6200005268
24668.770000532128
24680.86500053459
24690.740000536603
24698.83000053825
24744.975000547653
24756.45000054999
24767.48500055224
24778.030000554387
24791.120000557054
24801.245000559116
24810.750000561053
24823.905000563733
24834.275000565845
24883.72000057592
24911.725000581624
24922.70000058386
24933.230000586005
25004.830000600592
25013.175000602292
25035.330000606806
25130.885000626273
25146.950000629546
25172.99000063485
25212.315000642862
25237.87000064807
25253.33500065122
25265.885000653776
25660.02000073407
25672.420000736598
25770.640000756608
25792.700000761102
25913.98000078581
25988.330000800957
25997.500000802826
26007.465000804856
26140.51500083196
26245.45500085334
26255.100000855306
26350.10500087466
26396.325000884077
26404.98500088584
26430.100000890958
26438.875000892745
26470.475000899183
26490.43500090325
26510.235000907283
26524.5500009102
26601.840000925946
26626.485000930967
26645.49000093484
26701.02000094615
26728.780000951807
26740.265000954147
26752.385000956616
26773.690000960956
26903.065000987313
26964.120000999752
26973.39500100164
26982.150001003425
26999.960001007054
27034.40500101407
27068.06500102093
27077.145001022778
27089.685001025333
27121.23500103176
27135.6550010347
27485.210001105912
27552.825001119687
27563.910001121945
27593.065001127885
27605.570001130433
27613.820001132113
27692.175001148076
27709.27000115156
27718.665001153473
27728.845001155547
27739.96000115781
27753.60500116059
27761.45500116219
27782.86000116655
27792.38500116849
27805.33500117113
27817.300001173568
27828.875001175926
27844.55500117912
27902.505001190926
27967.885001204246
27994.390001209646
28083.74000122785
28109.23000123304
28151.67500124169
28163.81000124416
28173.97000124623
28210.67500125371
28231.44000125794
28294.66000127082
28314.805001274923
28325.05000127701
28335.035001279044
28661.62000134558
28669.395001347162
28695.00500135238
28713.55500135616
28917.635001397735
28928.85500140002
28938.570001402
28964.49000140728
28976.055001409637
29074.315001429655
29092.930001433448
29218.60500145905
29270.510001469625
29283.325001472236
29295.32000147468
29309.040001477475
29397.980001495594
29508.15500151804
29522.98500152106
29558.72000152834
29612.71500153934
29622.71500154138
29634.46000154377
29646.73000154627
29787.180001574885
29826.850001582967
29885.200001594854
29961.85000161047
29970.280001612187
29989.23500161605
30146.61000164811
30172.04000165329
30238.070001666743
30253.640001669915
30266.700001672576
30276.82500167464
30284.465001676195
30297.79500167891
30319.270001683286
30333.200001686124
30344.71000168847
30416.47500170309
30427.300001705295
30492.895001718658
30556.300001731575
30568.34500173403
30644.640001749573
30862.995001794057
30877.82500179708
30892.230001800013
30915.070001804666
30928.64000180743
30943.75000181051
30998.1850018216
31064.80000183517
31074.845001837217
31087.795001839855
31097.015001841733
31106.48000184366
31116.475001845698
31128.450001848138
31181.57000185896
31196.825001862067
31206.420001864022
31222.925001867385
31232.265001869288
31249.685001872836
31258.320001874596
31268.21000187661
31379.705001899325
31399.770001903413
31411.44000190579
31451.315001913914
31482.775001920323
31493.990001922608
31516.82500192726
31530.07500192996
31565.81000193724
31599.225001944047
31631.110001950543
31701.465001964876
31746.94000197414
31843.34000199378
31864.020001997993
31895.32500200437
31910.420002007446
31970.110002019606
31979.735002021567
32019.050002029577
32076.960002041375
32086.55500204333
32100.485002046167
32136.060002053415
32166.115002059538
32181.015002062573
32214.71500206944
32223.41500207121
32231.870002072934
32239.595002074508
32417.09500211067
32467.240002120885
32482.755002124046
32491.71500212587
32500.115002127583
32581.230002144108
32591.185002146136
32639.79500215604
32681.250002164485
32691.34500216654
32702.840002168883
32713.7200021711
32723.92500217318
32740.350002176525
32753.275002179158
32859.3450021343
32886.885002119874
32935.3200020945
32945.91500208895
32956.30000208351
33021.56000204932
33052.715002033
33094.265002011234
33169.75500197169
33319.10500189345
33331.0250018872
33340.32500188233
33392.17500185517
33401.36000185036
33410.775001845424
33424.33000183832
33437.250001831555
33453.35000182312
33466.455001816255
33475.88000181132
33483.805001807166
33551.60000177165
33559.37000176758
33565.92000176415
33574.64500175958
33582.8050017553
33589.710001751686
33605.09000174363
33645.36500172253
33656.12500171689
33667.155001711115
33682.485001703084
33699.89500169396
33817.74000163223
33931.68000157254
33993.78500154
34003.935001534686
34013.49500152968
34035.30500151825
34292.20000138367
34307.71000137555
34349.540001353635
34465.05500129312
34478.58500128603
34492.05000127898
34520.710001263964
34530.36000125891
34551.825001247664
34664.960001188396
34676.13500118254
34730.48500115407
34748.50000114463
34760.66000113826
34903.420001063474
34915.370001057214
34925.36000105198
35036.19500099392
35053.7850009847
35122.03500094895
35141.04500093899
35152.82000093282
35161.51000092827
35174.40500092151
35182.96500091703
35193.320000911604
35243.445000885346
35267.43500087278
35279.770000866316
35288.74000086162
35438.36500078323
35448.79000077777
35457.44000077324
35473.66500076474
35487.22000075764
35494.88000075363
35529.985000735236
35604.17000069637
35630.605000682524
35648.96000067291
35670.215000661774
35682.335000655425
35704.07000064404
35723.965000633616
35761.33000061404
35787.21500060048
35848.70500056827
35864.76000055986
35901.37500054068
35914.17000053397
35935.95500052256
36023.32000047679
36033.435000471494
36054.40500046051
36065.8800004545
36077.06500044864
36087.56500044314
36118.550000426905
36149.61500041063
36238.53000036405
36251.2300003574
36332.820000314656
36346.94000030726
36376.460000291794
36486.14500023433
36500.54500022679
36563.110000194014
36609.9100001695
36625.415000161374
36640.72000015336
36665.4500001404
36858.0600000395
36869.825000033336
36881.81000002706
36914.93000000971
36974.8749999783
36983.6649999737
36993.28499996866
37058.27499993461
37081.29999992255
37096.62499991452
37109.13499990797
37159.91499988137
37203.669999858444
37352.6499997804
37402.079999754504
37462.95999972261
37470.82999971849
37481.27999971301
37490.91999970796
37507.734999699154
37688.39999960451
37702.474999597136
37838.87499952568
37880.114999504076
37964.27499945999
37997.20999944273
38010.78499943562
38026.76999942725
38039.22499942072
38056.12499941187
38066.03499940668
38077.4449994007
38094.29999939187
38125.87499937533
38139.989999367936
38158.63499935817
38168.57499935296
38181.984999345936
38191.75499934082
38201.80999933555
38213.194999329586
38225.59499932309
38236.79999931722
38265.02499930243
38374.669999244994
38387.86499923808
38670.44499909005
38682.339999083815
38691.7199990789
38704.484999072214
38802.48999902087
38811.82499901598
38840.91499900074
38892.28499897383
38907.874998965664
38919.554998959546
39025.63999890397
39042.809998894976
39055.61499888827
39144.994998841445
39239.68499879184
39253.35499878468
39270.504998775694
39298.62999876096
39482.07499866486
39535.98499863662
39568.269998619704
39576.63499861532
39636.92499858374
39770.36999851383
39781.84499850782
39871.94499846062
39883.00999845482
39893.024998449575
39991.884998397785
40003.89999839149
40025.404998380225
40042.639998371196
40051.119998366754
40081.70499835073
40112.504998334596
40122.27499832948
40191.84999829303
40206.12999828555
40266.19499825408
40299.81499823647
40309.654998231315
40321.204998225265
40556.67999810191
40580.26999808955
40600.909998078736
40612.9999980724
40626.794998065176
40698.10499802782
40768.089997991156
40890.104997927236
40900.58999792174
40912.514997915496
40935.31499790355
41110.50999781177
41153.4049977893
41176.29499777731
41191.5849977693
41204.46999776255
41216.12999775644
41230.99999774865
41247.02499774026
41385.73499766759
41407.084997656406
41426.86999764604
41541.739997585864
41556.934997577904
41574.38999756876
41593.7849975586
41641.324997533695
41703.494997501126
41712.80499749625
41725.22999748974
41738.579997482746
41749.58999747698
41863.81499741714
41892.014997402366
41969.67999736168
41977.45499735761
41986.619997352806
42000.34999734561
42030.81499732965
42127.86499727881
42137.6249972737
42155.58499726429
42167.18999725821
42180.959997251
42330.904997172445
42341.404997166945
42356.579997158995
42375.37499714915
42462.77999710336
42472.93499709804
42555.044997055025
42566.744997048896
42701.55999697827
42710.72999697347
42720.81499696818
42736.56999695993
42836.2699969077
42886.41499688143
42987.364996828546
43092.86499677328
43106.62999676607
43116.959996760655
43161.26999673744
43178.70499672831
43277.15999667673
43286.33999667192
43391.12499661703
43468.73999657637
43486.18499656723
43505.45999655713
43521.61999654867
43530.649996543936
43553.54999653194
43583.53999651623
43658.54999647693
43669.38499647126
43684.164996463514
43703.60999645333
43822.82999639087
43919.20999634038
43930.88999633426
43941.1299963289
44034.77999627984
44044.804996274586
44054.769996269366
44129.369996230285
44181.824996202806
44194.29999619627
44202.41499619202
44216.72999618452
44224.184996180615
44258.83499616246
44282.66499614998
44296.15999614291
44306.73499613737
44439.45999606784
44461.90499605608
44506.43499603275
44576.13999599624
44587.02999599053
44598.59999598447
44643.04499596119
44746.11999590719
44760.18499589982
44769.86999589475
44785.05499588679
44807.46999587505
44831.44499586249
44882.97999583549
44912.07499582025
44921.989995815056
44931.43499581011
44950.85999579993
45012.569995767604
45026.504995760304
45035.75499575546
45046.98999574957
45061.17999574214
45073.214995735834
45082.40499573102
45095.48499572417
45119.8549957114
45395.29499556711
45461.68499553233
45549.364995486394
45561.47499548005
45613.159995452974
45623.254995447685
45638.23499543984
45715.10499539957
45776.08999536762
45793.35999535857
45876.239995315154
45887.12499530945
45903.23999530101
45914.74999529498
45940.61999528143
45951.26499527585
45995.99499525242
46023.66999523792
46259.68999511428
46321.349995081975
46333.354995075686
46383.42999504945
46482.91999499733
46535.44499496982
46550.38499496199
46559.7199949571
46587.7849949424
46621.41499492478
46634.10499491813
46752.91999485589
46766.19999484893
46803.27499482951
46825.94999481763
46862.764994798345
46958.08999474841
46986.19499473368
46997.149994727944
47019.7599947161
47074.63999468735
47089.49499467957
47228.019994607
47313.47999456223
47335.364994550764
47350.29499454294
47369.20499453304
47378.639994528094
47437.199994497416
47464.96499448287
47476.37999447689
47484.539994472616
47492.93499446822
47505.62499446157
47580.16499442252
47681.974994369186
47702.63499435836
47840.604994286085
47896.10499425701
47905.0999942523
47914.81499424721
47933.93999423719
47947.369994230154
48061.744994170236
48074.10499416376
48084.83499415814
48194.224994100834
48209.78499409268
48219.84999408741
48231.064994081535
48247.019994073176
48261.99499406533
48283.559994054034
48293.68499404873
48313.414994038394
48326.96999403129
48334.68999402725
48354.21999401702
48441.42999397133
48452.149993965715
48462.59499396024
48471.76999395544
48592.04499389243
48606.24999388499
48623.11499387615
48666.094993853636
48676.83999384801
48691.42499384037
48715.46999382777
48945.2349937074
48955.43999370206
48963.289993697945
48973.47999369261
49037.8249936589
49053.26999365081
49062.10499364618
49071.37499364132
49080.28999363665
49102.96499362477
49118.57999361659
49130.34999361043
49141.23999360472
49152.819993598656
49168.664993590355
49187.504993580485
49227.29999355964
49293.984993524704
49342.34999349937
49360.65499348978
49371.40999348414
49380.914993479164
49487.14499342351
49498.72499341745
49512.40999341028
49524.86999340375
49535.16499339836
49543.794993393836
49553.379993388815
49611.73999335824
49653.00999333662
49670.699993327355
49679.14999332293
49691.10999331666
49726.874993297926
49766.179993277336
49817.49499325045
49843.164993237006
49858.73499322885
49872.71999322152
49899.899993207284
49917.114993198265
49931.58999319068
79.45000000000023
126.90999999995707
140.9599999999443
214.25999999987764
228.6899999998645
276.0249999998215
292.2949999998067
358.6699999997463
395.9799999997124
407.76999999970167
617.4999999995109
742.8199999993969
754.5499999993863
768.1799999993739
828.1699999993193
873.7799999992778
906.0199999992485
980.1249999991811
991.8599999991704
1006.9049999991568
1020.7299999991442
1029.90499999927
1045.4099999996085
1063.9150000000125
1077.7150000003137
1142.8900000017363
1224.5850000035196
1235.8150000037647
1246.8350000040052
1262.0650000043377
1495.6250000094358
1508.4950000097167
1519.600000009959
1647.46000001275
1660.6850000130387
1676.3350000133803
1719.6000000143247
1759.0350000151855
1772.390000015477
1783.3350000157159
1803.3850000161535
1830.7250000167503
1878.6200000177957
1889.2550000180279
1976.625000019935
1990.875000020246
2003.380000020519
2017.720000020832
2043.8550000214025
2117.2100000230034
2166.9750000240897
2179.3750000243604
2190.950000024613
2233.8950000255504
2245.8450000258113
2302.6700000270516
2312.620000027269
2357.8250000282555
2369.5100000285106
2464.230000030578
2491.295000031169
2512.775000031638
2596.855000033473
2636.205000034332
2656.3950000347727
2669.245000035053
2685.5300000354086
2702.9400000357887
2735.205000036493
2875.8650000395633
2919.975000040526
3055.070000043475
3075.8600000439287
3089.845000044234
3105.550000044577
3200.4500000466483
3233.745000047375
3265.0450000480582
3344.985000049803
3356.29500005005
3402.160000051051
3436.3500000517975
3471.4100000525627
3521.3250000536523
3535.795000053968
3551.225000054305
3560.565000054509
3576.9600000548667
3592.5400000552067
3608.7550000555607
3685.3550000572327
3694.7900000574386
3728.4600000581736
3741.6900000584624
3786.705000059445
3796.2200000596526
3926.6800000625003
4024.71000006464
4064.4900000655084
4074.600000065729
4083.765000065929
4101.305000066312
4121.575000066754
4135.165000067051
4149.265000067358
4165.530000067713
4219.510000068892
4265.440000069894
4317.0350000710205
4325.660000071209
4335.025000071413
4451.170000073948
4462.925000074205
4551.6900000761425
4585.585000076882
4606.55000007734
4627.115000077789
4636.265000077989
4647.460000078233
4664.970000078615
4712.940000079662
4781.785000081165
4791.075000081368
4804.720000081666
4830.720000082233
4842.9400000825
4863.3550000829455
4896.53500008367
4915.505000084084
4932.75000008446
4996.290000085847
5010.395000086155
5130.005000088766
5140.180000088988
5151.295000089231
5166.8200000895695
5180.330000089864
5192.05500009012
5306.13500009261
5317.070000092849
5347.81000009352
5487.265000096564
5577.550000098535
5625.055000099572
5655.2350001002305
5759.930000102516
5773.175000102805
5813.3800001036825
5829.465000104034
5839.170000104245
5847.310000104423
5896.605000105499
5917.790000105962
6064.890000109172
6160.08500011125
6173.780000111549
6228.175000112737
6261.730000113469
6271.255000113677
6493.515000118528
6505.455000118789
6521.07500011913
6624.15000012138
6632.800000121569
6646.910000121877
6661.040000122185
6676.2200001225165
6735.530000123811
6814.040000125525
6826.420000125795
6836.835000126022
6847.955000126265
6855.845000126437
6884.740000127068
6968.725000128901
6978.570000129116
6994.490000129464
7003.715000129665
7011.775000129841
7033.3350001303115
7125.290000132319
7262.940000135323
7365.465000137561
7395.770000138223
7494.375000140375
7508.480000140683
7576.560000142169
7584.250000142337
7594.110000142552
7720.875000145319
7734.1350001456085
7768.660000146362
7778.615000146579
7811.6300001473
7845.790000148046
7855.225000148252
7940.725000150118
7953.17500015039
7964.810000150644
8038.3800001522495
8096.990000153529
8108.725000153785
8122.015000154075
8202.825000153869
8375.415000126242
8448.725000114508
8475.76500011018
8568.46500009534
8580.670000093387
8650.340000082235
8830.265000053434
8913.100000040175
8922.460000038676
9043.555000019292
9052.525000017857
9079.630000013518
9098.060000010568
9109.655000008712
9119.585000007122
9190.50999999577
9201.514999994008
9216.43499999162
9256.894999985143
9267.40999998346
9276.419999982018
9286.039999980478
9299.07999997839
9309.149999976778
9317.104999975505
9327.459999973848
9337.7499999722
9429.939999957443
9440.154999955808
9486.589999948375
9551.204999938032
9837.65999989218
9855.319999889352
9868.64499988722
9881.00999988524
9998.499999866433
10010.709999864479
10059.599999856653
10228.994999829538
10249.124999826316
10258.554999824806
10278.249999821654
10630.414999765282
10644.60499976301
10652.98499976167
10695.379999754883
10707.939999752873
10717.584999751329
10741.234999747543
10753.854999745523
10763.334999744005
10808.804999736727
10878.124999725631
10893.604999723153
11018.234999703203
11033.834999700706
11045.514999698837
11098.364999690377
11113.254999687993
11123.364999686375
11134.01499968467
11149.144999682248
11188.719999675914
11203.98999967347
11218.119999671208
11227.799999669658
11242.15499966736
11350.944999649946
11369.214999647022
11381.759999645014
11396.15499964271
11465.299999631641
11590.619999611581
11602.274999609715
11615.729999607562
11632.894999604814
11645.054999602868
11655.449999601204
11869.104999567004
11997.774999546407
12047.73499953841
12060.404999536382
12087.40499953206
12097.364999530466
12111.934999528134
12202.674999513609
12222.59999951042
12238.679999507845
12358.274999488702
12384.509999484502
12414.214999479747
12423.75499947822
12448.339999474285
12461.594999472163
12485.779999468292
12509.554999464486
12572.224999454455
12589.064999451759
12623.059999446317
12634.674999444458
12647.08999944247
12702.534999433596
12714.364999431702
12726.174999429812
12734.05499942855
12775.739999421878
12831.789999412906
12864.774999407626
12934.054999396536
13020.689999382668
13092.70999937114
13101.01499936981
13115.769999367449
13302.944999337487
13360.874999328214
13433.164999316643
13446.004999314588
13459.279999312463
13694.00499927489
13706.319999272919
13725.024999269925
13812.804999255874
13828.549999253353
13915.519999239432
13930.46499923704
13943.224999234997
13980.839999228976
14012.519999223905
14062.444999215913
14080.439999213033
14091.159999211317
14102.054999209573
14125.949999205748
14169.649999198753
14180.65999919699
14222.309999190324
14237.049999187964
14666.714999119187
14677.149999117517
14778.969999101218
14788.814999099643
14804.994999097053
14828.584999093277
14873.23499908613
14884.40999908434
14895.414999082579
14909.664999080298
15010.019999064234
15024.419999061929
15041.704999059162
15143.414999042881
15178.859999037208
15189.439999035514
15243.56499902685
15254.214999025146
15273.774999022015
15282.774999020574
15291.41499901919
15305.449999016944
15314.934999015426
15335.004999012213
15516.619998983142
15539.914998979413
15586.09999897202
15626.654998965529
15636.124998964013
15652.579998961379
15717.079998951054
15743.554998946816
15754.954998944992
15765.029998943379
15779.154998941118
15796.814998938291
15825.24999893374
15848.929998929949
15875.839998925641
15888.884998923553
15896.639998922312
15911.994998919854
15927.414998917386
15964.894998911386
15996.084998906394
16020.604998902469
16033.39999890042
16049.304998897875
16093.859998890743
16111.459998887925
16131.98999888464
16154.834998880982
16171.764998878272
16185.179998876125
16240.274998867306
16262.944998863677
16274.329998861855
16284.149998860283
16303.59999885717
16405.079998848592
16462.019998860193
16472.389998862305
16511.29499887023
16532.7349988746
16742.059998917244
16758.354998920564
16816.714998932453
16837.299998936647
16855.43499894034
16948.559998959314
16981.599998966045
16992.334998968232
17005.649998970945
17015.074998972865
17127.269998995722
17141.074998998534
17200.419999010624
17212.404999013066
17221.16999901485
17231.86999901703
17254.564999021655
17337.214999038493
17345.20499904012
17354.03499904192
17365.36999904423
17376.27499904645
17424.194999056213
17463.569999064235
17491.51499906993
17561.829999084253
17569.994999085917
17581.559999088273
17606.989999093454
17615.5599990952
17629.239999097987
17697.254999111843
17710.334999114508
17804.429999133677
17816.75999913619
17832.059999139306
17844.519999141845
17902.94999915375
17912.92499915578
17961.109999165597
17972.55499916793
18017.86499917716
18188.269999211876
18201.414999214554
18263.029999227107
18274.699999229484
18301.839999235013
18325.914999239918
18464.704999268193
18479.304999271168
18517.519999278953
18550.624999285697
18559.874999287582
18570.80499928981
18582.44999929218
18605.054999296786
18627.469999301353
18687.889999313662
18702.429999316624
18711.1399993184
18731.354999322517
18745.634999325426
18827.349999342074
18839.239999344496
18915.129999359957
19044.749999386364
19069.56999939142
19319.054999442247
19543.034999487878
19553.99499949011
19631.619999505925
19666.00999951293
19701.49999952016
19763.949999532884
19779.914999536137
19795.649999539342
19812.899999542857
19862.724999553007
19878.759999556274
19908.98499956243
19918.119999564293
20007.274999582456
20017.55999958455
20034.62999958803
20043.799999589897
20118.96499960521
20132.50999960797
20157.479999613057
20281.18999963826
20289.059999639863
20305.209999643153
20315.06499964516
20332.769999648768
20343.14499965088
20361.97999965472
20461.524999675
20502.41499968333
20578.559999698842
20765.014999736828
20998.56999978441
21011.889999787123
21038.414999792527
21064.859999797914
21109.69999980705
21140.07999981324
21153.209999815914
21172.72999981989
21193.029999824026
21209.00999982728
21366.71499985941
21423.474999870974
21448.04499987598
21470.059999880465
21504.819999887546
21524.61999989158
21562.234999899243
21585.579999904
21609.609999908895
21621.07999991123
21741.169999935697
21752.994999938106
21853.209999958523
21870.32499996201
21962.644999980817
21972.81999998289
21983.879999985144
22086.525000006055
22106.47500001012
22183.375000025786
22200.445000029264
22213.690000031962
22222.155000033687
22232.500000035794
22254.885000040354
22271.45500004373
22306.84500005094
22392.290000068348
22428.04000007563
22471.86500008456
22496.56500008959
22506.740000091664
22578.445000106272
22592.51500010914
22604.20000011152
22611.975000113103
22623.905000115534
22638.700000118548
22656.08500012209
22667.9200001245
22687.855000128562
22696.990000130423
22705.285000132113
22714.080000133905
22749.190000141058
22762.815000143833
22775.835000146486
22825.68500015664
22837.61000015907
22846.700000160923
22910.4000001739
22924.39500017675
22950.84500018214
22960.71000018415
22969.2950001859
22985.145000189128
22994.705000191076
23001.84000019253
23027.31000019772
23098.895000212302
23115.595000215704
23328.520000259083
23353.1500002641
23463.845000286652
23483.91500029074
23494.975000292994
23547.28000030365
23574.66500030923
23670.48500032875
23685.540000331817
23697.68000033429
23706.21500033603
23724.660000339787
23815.5300003583
23825.960000360425
23852.93000036592
23943.1600003843
24166.235000429748
24174.755000431483
24191.830000434962
24246.41000044608
24294.580000455895
24313.580000459766
24411.545000479724
24421.310000481713
24449.505000487457
24586.935000515456
24700.575000538607
24731.870000544983
24780.660000554923
24792.77000055739
24802.25000055932
24812.79500056147
24856.955000570466
24881.650000575497
24930.235000585395
24944.430000588287
24970.07500059351
24982.295000596
25037.445000607237
25074.440000614773
25088.75000061769
25097.715000619515
25115.21000062308
25129.01000062589
25216.52500064372
25226.220000645695
25276.45000065593
25413.2600006838
25612.085000724306
25870.09500077687
25883.190000779538
25892.790000781493
25904.41000078386
25913.255000785663
25924.015000787855
26108.56000082545
26116.885000827147
26131.555000830136
26140.535000831966
26153.06500083452
26352.985000875247
26362.750000877237
26373.675000879462
26390.180000882825
26467.895000898658
26485.7650009023
26494.31500090404
26730.680000952194
26746.540000955425
26757.680000957695
26781.52000096255
26872.040000980993
26882.935000983212
26905.11000098773
26926.550000992098
26983.40500100368
27031.250001013428
27092.530001025912
27104.435001028338
27242.22000105641
27254.80000105897
27271.38000106235
27288.85500106591
27306.935001069593
27361.975001080806
27380.815001084644
27393.005001087127
27450.415001098823
27465.935001101985
27488.990001106682
27575.61500112433
27590.83500112743
27696.150001148886
27704.830001150654
27713.780001152478
27722.175001154188
27737.610001157333
27753.285001160526
27784.840001166955
27807.44500117156
27831.49000117646
27844.200001179048
28006.125001212036
28031.875001217282
28089.29500122898
28101.690001231505
28227.730001257183
28279.880001267808
28292.350001270348
28303.25000127257
28329.47000127791
28454.23500130333
28486.020001309804
28499.85000131262
28537.615001320315
28546.13500132205
28555.31500132392
28566.180001326135
28659.245001345094
28668.75000134703
28691.560001351678
28706.080001354636
28828.300001379535
28838.745001381663
28852.405001384446
28881.42500139036
28893.32000139278
28916.125001397428
28959.87000140634
28969.870001408377
28988.04500141208
29098.425001434567
29109.3800014368
29133.450001441703
29145.725001444203
29159.660001447042
29180.720001451333
29193.160001453867
29283.085001472187
29294.605001474534
29322.245001480165
29404.020001496825
29531.090001522713
29545.665001525682
29565.69000152976
29616.53000154012
29687.095001554495
29708.055001558765
29765.785001570526
29872.90000159235
29893.265001596497
29989.82500161617
30012.930001620876
30024.595001623253
30054.160001629276
30077.30500163399
30109.390001640528
30123.065001643314
30135.200001645786
30145.410001647866
30156.975001650222
30275.35500167434
30327.210001684904
30338.110001687124
30359.00000169138
30367.865001693186
30375.330001694707
30390.645001697827
30577.13000173582
30603.370001741165
30673.265001755404
30711.88000176327
30737.705001768532
30749.160001770866
30775.475001776227
30789.010001778985
30808.440001782943
30846.770001790752
30854.03000179223
30869.650001795413
31137.610001850004
31146.9200018519
31204.725001863677
31224.42500186769
31327.36000188866
31350.86000189345
31364.96000189632
31373.415001898044
31383.630001900125
31391.745001901778
31398.57000190317
31409.5200019054
31468.66500191745
31584.885001941126
31595.5650019433
31606.31000194549
31642.795001952923
31653.980001955202
31663.44000195713
31673.99500195928
31686.060001961738
31705.625001965724
31718.96000196844
31730.410001970773
31742.37500197321
31754.98500197578
31785.690001982035
31863.90500199797
31873.3850019999
31989.32000202352
32119.15500204997
32141.915002054608
32210.680002068617
32224.450002071422
32262.81500207924
32328.475002092615
32345.995002096184
32354.65500209795
32366.875002100438
32468.335002121108
32485.345002124574
32502.920002128154
32521.515002131942
32643.68000215683
32668.80500216195
32678.950002164016
32708.250002169985
32720.16000217241
32729.78000217437
32742.665002176996
32755.625002179637
32842.24000214326
32853.16500213754
32862.5900021326
32872.29000212752
32880.470002123235
32889.920002118284
32914.925002105185
32964.05000207945
32981.96000207007
33016.450002052
33055.035002031786
33086.20500201546
33292.45000190741
33306.44000190008
33357.515001873326
33419.37500184092
33432.230001834185
33449.77500182499
33476.6800018109
33540.01000177772
33565.67000176428
33805.41000163869
33842.09500161947
33966.1150015545
34052.040001509486
34196.620001433745
34208.69500142742
34228.10000141725
34273.950001393234
34288.67500138552
34302.95000137804
34362.5900013468
34431.20500131085
34442.40000130499
34457.12000129728
34471.33000128983
34512.19000126843
34579.03000123341
34595.900001224574
34720.18000115947
34728.02000115536
34743.44000114728
34819.90000110723
34847.84000109259
34865.91500108312
34877.08500107727
34887.41000107186
34895.72000106751
34907.120001061536
34916.86000105643
34928.59000105029
35004.510001010516
35073.65500097429
35123.225000948325
35133.21500094309
35141.4050009388
35179.64500091877
35194.49000091099
35204.66500090566
35292.4000008597
35304.89000085316
35340.34500083458
35386.23500081054
35398.03500080436
35477.70000076263
35495.60500075325
35505.83000074789
35656.890000668755
35760.02000061473
35776.09000060631
35786.4200006009
35800.340000593606
35886.92000054825
35979.71500049964
35991.6150004934
36002.29000048781
36014.06500048164
36044.05000046593
36056.39000045947
36067.07500045387
36078.61000044783
36088.48000044266
36104.595000434216
36135.520000418015
36191.6700003886
36204.525000381866
36231.78000036759
36246.43500035991
36260.73500035242
36269.53000034781
36280.89500034186
36290.62000033676
36298.995000332376
36344.410000308584
36360.9900002999
36373.99000029309
36609.265000169835
36624.765000161715
36635.570000156054
36753.535000094256
36783.73000007844
36796.125000071945
36807.615000065925
36885.095000025336
36902.43500001625
36965.229999983356
36977.97999997668
37124.64499989984
37134.76499989454
37245.30499983663
37343.644999785116
37353.0299997802
37367.5299997726
37477.174999715164
37487.39999970981
37504.83499970067
37728.34499958358
37749.41999957254
37957.10999946374
37979.03999945225
38086.329999396046
38102.28499938769
38162.97999935589
38186.129999343764
38212.07499933017
38250.04499931028
38260.67499930471
38301.97499928308
38326.30499927033
38431.67999921513
38442.87999920926
38457.22999920174
38557.3399991493
38668.364999091136
38680.42499908482
38694.099999077655
38709.139999069776
38740.98999905309
38764.52999904076
38784.90999903008
38896.28999897173
39038.62499889717
39049.92499889125
39058.47999888677
39066.41999888261
39075.33499887794
39088.22999887118
39112.4349988585
39133.20999884762
39142.69999884265
39154.0449988367
39167.329998829744
39184.5949988207
39210.89999880692
39333.149998742876
39403.839998705844
39413.88499870058
39430.32999869197
39440.12999868683
39537.59999863577
39550.68999862891
39569.78499861891
39597.0999986046
39649.11499857735
39659.18499857208
39667.5399985677
39697.43499855204
39789.18499850397
39800.37499849811
39811.25999849241
39857.634998468115
40033.974998375736
40047.03999836889
40059.21999836251
40132.48999832413
40144.06999831806
40153.84999831294
40162.884998308204
40176.494998301074
40272.18999825094
40285.07999824419
40403.474998182166
40411.704998177855
40449.519998158044
40526.924998117494
40542.53499810932
40568.16499809589
40616.49999807057
40630.25499806336
40640.6799980579
40756.274997997345
40765.859997992324
40779.274997985296
40793.65499797776
40812.34499796797
40906.49499791865
40919.31999791193
40929.28499790671
40938.399997901935
40956.07999789267
40974.13999788321
40987.50499787621
41006.624997866194
41018.55999785994
41083.18499782609
41137.229997797775
41253.879997736665
41349.70999768646
41363.984997678985
41373.89999767379
41382.88499766908
41468.09999762444
41479.72499761835
41542.789997585314
41615.77499754708
41629.51999753988
41695.60499750526
41731.46499748647
41745.529997479105
41757.24499747297
41812.02999744427
41835.48999743198
42028.90999733065
42083.704997301946
42135.139997275
42227.26999722674
42246.649997216584
42258.66999721029
42334.874997170366
42359.6299971574
42370.19499715186
42379.58499714694
42444.864997112745
42552.48499705637
42561.31499705174
42571.33499704649
42609.91499702628
42665.76499699702
42674.559996992415
42691.949996983305
42702.34499697786
42730.5149969631
42787.604996933194
42840.60499690543
42856.73999689698
42868.86999689062
42884.92499688221
43148.819996743965
43196.33499671907
43210.764996711514
43230.674996701084
43293.36999666824
43304.219996662556
43329.80999664915
43401.71999661148
43428.66999659736
43567.67999652454
43585.16499651538
43603.244996505906
43672.249996469756
43705.884996452136
43738.99999643479
43748.014996430065
43820.13999639228
43827.60999638837
43836.00999638397
43939.7849963296
44059.889996266684
44079.74499625628
44176.8749962054
44310.3099961355
44321.209996129786
44399.58499608873
44413.73999608131
44446.53499606413
44645.82999595973
44656.01999595439
44677.74499594301
44789.209995884616
44799.95499587899
44814.26499587149
44832.044995862176
44898.34999582744
45012.44999576767
45020.96499576321
45129.03999570659
45241.879995647476
45256.01499564007
45271.76999563182
45283.47999562568
45295.444995619415
45308.519995612565
45316.39999560844
45334.08999559917
45343.09999559445
45354.49499558848
45394.284995567636
45435.34999554612
45447.51499553975
45464.71999553074
45484.57999552033
45503.33499551051
45512.159995505885
45523.54499549992
45557.839995481954
45611.28999545395
45622.529995448065
45654.884995431115
45691.42499541197
45704.689995405024
45717.29999539842
45729.18499539219
45742.85999538503
45752.71999537986
45763.87499537402
45781.64499536471
45838.1699953351
45890.42499530772
45897.51499530401
45905.58999529978
45916.16499529424
45959.40499527159
45981.59999525996
46001.00999524979
46241.59999512375
46255.08999511669
46344.72499506973
46360.96499506122
46514.8649949806
46526.229994974645
46544.50999496507
46559.024994957465
46615.23499492802
46972.369994740926
46983.14999473528
47001.784994725516
47047.89499470136
47057.7449946962
47066.57999469157
47096.124994676095
47106.69499467056
47143.17499465145
47155.089994645205
47174.389994635094
47185.67999462918
47213.54499461458
47230.719994605584
47259.22499459065
47431.57999450036
47449.10499449118
47460.03499448545
47472.744994478795
47513.649994457366
47534.09999444665
47548.604994439054
47564.26999443085
47588.05499441839
47630.30999439625
47732.84499434254
47788.89999431317
47809.89999430217
47819.529994297125
47830.99499429112
47840.774994285995
48074.37499416362
48083.314994158936
48100.35999415001
48273.46499405932
48344.80499402195
48356.534994015805
48446.53499396866
48458.544993962365
48495.54999394298
48536.329993921616
48548.45999391526
48559.39499390953
48575.254993901224
48648.57999386281
48664.14499385466
48692.15999383998
48729.97999382017
48739.42999381522
48748.96499381022
48779.80499379407
48843.5049937607
48879.07999374206
48901.37999373038
49051.52499365172
49060.3449936471
49073.44499364024
49176.46499358627
49277.14999353352
49289.18499352722
49299.249993521946
49310.10499351626
49318.67499351177
49328.59499350657
49469.044993432995
49480.60999342694
49490.83499342158
49515.35999340873
49531.314993400374
49542.59999339446
49553.359993388825
49707.4499933081
49773.069993273726
49788.72999326552
49803.344993257866
49820.734993248756
49832.94999324236
49886.5099932143
49894.86999320992
21.924999999999923
176.84499999991166
258.68499999983726
268.68999999982816
277.9849999998197
300.8699999997989
389.40499999971837
402.73499999970625
420.99499999968964
578.8199999995461
587.4749999995382
597.9149999995287
612.999999999515
653.5999999994781
670.169999999463
679.8099999994542
718.8249999994188
756.2599999993847
767.9449999993741
781.7349999993615
890.7099999992624
930.4699999992263
939.1599999992184
949.6399999992088
970.5899999991898
980.9049999991804
1010.3099999991537
1021.6199999991434
1036.264999999409
1046.6849999996364
1128.305000001418
1140.31000000168
1171.7600000023665
1296.5250000050899
1568.9150000110355
1615.39000001205
1639.0550000125666
1654.1100000128952
1667.205000013181
1702.6100000139538
1711.5000000141479
1723.010000014399
1744.0450000148583
1756.7150000151348
1766.4300000153469
1774.6250000155258
1784.2500000157358
1794.0000000159487
1811.9800000163411
1834.515000016833
1846.705000017099
1863.8950000174743
1895.8300000181714
1973.7600000198725
1990.7050000202423
2000.4350000204547
2010.8300000206816
2024.4450000209788
2085.3350000223077
2093.3800000224833
2104.9850000227366
2233.140000025534
2245.4400000258024
2326.9550000275817
2335.360000027765
2343.050000027933
2486.480000031064
2508.6850000315485
2519.7650000317904
2580.1050000331074
2592.0250000333676
2602.6900000336004
2617.6850000339277
2663.290000034923
2673.8800000351544
2694.5950000356065
2786.4050000376105
2798.75500003788
2824.675000038446
2865.3350000393334
2877.7650000396047
2887.855000039825
2901.735000040128
3023.7050000427903
3044.530000043245
3069.375000043787
3079.3850000440057
3310.160000049043
3356.155000050047
3366.7200000502776
3396.3200000509237
3447.655000052044
3586.040000055065
3599.5950000553607
3668.920000056874
3681.4950000571484
3693.48500005741
3886.5500000616244
3903.980000062005
4035.430000064874
4056.040000065324
4277.305000070153
4285.525000070333
4293.125000070499
4316.770000071015
4330.680000071318
4344.130000071612
4359.4150000719455
4377.410000072338
4391.355000072643
4405.740000072957
4419.0600000732475
4428.710000073458
4465.335000074258
4556.345000076244
4570.0150000765425
4586.540000076903
4651.01000007831
4661.625000078542
4678.250000078905
4713.370000079672
4789.975000081344
4798.96500008154
4815.840000081908
4848.165000082614
4915.240000084078
4925.0650000842925
4983.215000085562
5104.310000088205
5125.235000088662
5138.055000088942
5148.160000089162
5245.815000091294
5260.500000091614
5287.9500000922135
5298.980000092454
5318.540000092881
5417.620000095044
5432.465000095368
5453.365000095824
5508.090000097019
5605.010000099134
5615.000000099352
5626.6450000996065
5707.360000101368
5751.585000102334
5764.100000102607
5774.33500010283
5845.445000104382
5868.8150001048925
5877.525000105083
5887.360000105297
5932.750000106288
5943.235000106517
6015.030000108084
6149.725000111024
6227.190000112715
6268.835000113624
6278.71000011384
6358.7850001155875
6403.240000116558
6422.000000116967
6441.250000117388
6452.010000117622
6465.62500011792
6476.580000118159
6489.710000118445
6501.030000118692
6525.620000119229
6574.160000120289
6611.055000121094
6646.375000121865
6738.4800001238755
6746.870000124059
6756.09000012426
6766.0150001244765
6827.800000125825
6836.310000126011
6843.290000126163
6853.860000126394
6879.420000126952
6902.740000127461
6992.05000012941
7003.795000129667
7053.575000130753
7080.46000013134
7106.1150001319
7122.865000132266
7132.910000132485
7148.0050001328145
7222.200000134434
7240.085000134824
7251.080000135064
7260.805000135277
7275.1800001355905
7353.02500013729
7361.770000137481
7371.4800001376925
7396.255000138233
7491.630000140315
7668.330000144172
7679.400000144414
7697.705000144813
7711.185000145108
7720.885000145319
7731.200000145544
7797.110000146983
7817.635000147431
7829.805000147697
7837.880000147873
7860.880000148375
7884.47000014889
7894.5700001491105
7949.53000015031
7960.700000150554
7971.1250001507815
7983.320000151048
8000.140000151415
8013.330000151703
8077.620000153106
8088.515000153344
8235.42500014865
8399.930000122318
8470.76500011098
8480.615000109403
8635.745000084571
8663.480000080132
8674.250000078408
8688.125000076187
8704.65500007354
8719.080000071232
8832.205000053124
8844.2200000512
8916.485000039633
8928.420000037722
8957.625000033047
8971.715000030792
8979.805000029497
8987.480000028268
8996.985000026747
9055.585000017367
9065.990000015701
9074.440000014349
9159.870000000674
9187.589999996237
9378.724999965641
9388.199999964125
9404.369999961536
9444.414999955126
9463.964999951997
9474.969999950235
9661.92499992031
9671.09999991884
9692.744999915376
9744.989999907013
9757.859999904953
9768.964999903175
9880.284999885356
9898.964999882366
9913.189999880089
9964.604999871859
10091.214999851592
10106.589999849131
10120.429999846916
10135.004999844583
10152.149999841839
10226.904999829872
10240.889999827634
10266.909999823469
10283.474999820817
10323.209999814457
10377.304999805798
10386.089999804391
10419.174999799096
10490.329999787706
10508.91999978473
10516.554999783508
10523.16499978245
10531.089999781181
10543.52499977919
10559.83499977658
10654.22999976147
10671.879999758645
10780.539999741251
10872.779999726486
10884.964999724536
10896.224999722734
10907.629999720908
10916.639999719466
10948.739999714327
10966.974999711409
10992.45499970733
11081.3549996931
11347.644999650474
11364.064999647846
11372.769999646453
11381.304999645086
11390.794999643567
11411.324999640281
11616.67499960741
11775.114999582049
11786.204999580274
11879.824999565288
12173.86999951822
12182.954999516765
12194.22999951496
12221.059999510666
12234.009999508593
12268.319999503101
12345.689999490716
12359.109999488568
12406.589999480968
12433.69499947663
12449.539999474093
12470.189999470787
12480.824999469085
12493.364999467078
12511.069999464244
12520.90499946267
12531.464999460979
12550.429999457943
12569.469999454896
12594.67999945086
12607.374999448828
12626.159999445821
12685.414999436336
12696.039999434635
12707.00999943288
12715.974999431444
12745.074999426786
12768.084999423103
12777.559999421586
12835.809999412262
12944.184999394914
12960.32999939233
12969.729999390825
13060.209999376342
13081.174999372986
13162.904999359904
13175.304999357919
13222.64999935034
13322.474999334361
13339.929999331567
13349.269999330072
13360.919999328207
13378.369999325414
13388.904999323728
13418.25499931903
13431.389999316927
13440.894999315406
13453.209999313434
13560.819999296209
13570.909999294594
13598.639999290155
13670.469999278657
13682.154999276787
13696.424999274503
13717.719999271094
13733.079999268635
13841.994999251201
13854.92999924913
13949.009999234071
14085.20999921227
14204.02999919325
14242.089999187157
14469.66499915073
14531.469999140836
14540.724999139355
14562.289999135903
14677.37999911748
14780.689999100943
14803.929999097223
14816.179999095262
15020.344999062581
15034.40999906033
15049.869999057855
15069.774999054669
15108.589999048456
15136.54999904398
15146.269999042424
15155.22999904099
15266.664999023153
15291.124999019237
15303.079999017324
15410.019999000206
15424.35999899791
15525.099998981785
15538.504998979639
15550.824998977667
15750.494998945705
15774.294998941896
15788.19499893967
15849.804998929809
15871.839998926282
15909.349998920277
16047.264998898201
16083.81999889235
16238.099998867654
16250.649998865645
16261.169998863961
16292.824998858894
16371.269998846337
16381.699998844668
16405.079998848592
16481.954998864254
16503.029998868547
16559.809998880115
16618.319998892035
16883.55499894607
16898.96999894921
16993.629998968496
17010.72499897198
17146.50499899964
17219.454999014502
17232.314999017122
17257.28999902221
17335.354999038114
17384.199999048065
17393.714999050004
17462.944999064108
17475.71999906671
17488.169999069247
17586.099999089198
17599.26999909188
17610.099999094087
17628.03499909774
17661.90499910464
17824.479999137762
17838.644999140648
17854.429999143864
17968.619999167127
17978.184999169076
17994.09999917232
18011.504999175864
18023.934999178397
18057.989999185334
18325.08999923975
18350.654999244958
18385.404999252038
18407.95499925663
18420.039999259094
18453.59499926593
18473.659999270018
18493.80499927412
18526.98499928088
18536.189999282757
18547.49499928506
18677.879999311623
18690.739999314243
18745.624999325424
18760.489999328453
18936.679999364347
19210.549999420142
19272.24999943271
19285.874999435488
19295.084999437364
19310.014999440406
19326.219999443707
19337.789999446064
19389.084999456514
19565.004999492354
19575.554999494503
19601.964999499884
19628.16499950522
19672.124999514177
19686.509999517108
19803.67999954098
19822.949999544904
19874.724999555452
19892.844999559144
19905.064999561633
19927.024999566107
19958.174999572453
19981.539999577213
20261.55499963426
20270.074999635995
20281.769999638378
20309.984999644126
20337.129999649656
20374.1549996572
20382.0199996588
20395.184999661484
20525.859999688106
20642.909999711952
20660.684999715573
20872.12499975865
20883.494999760966
20896.9099997637
20918.5149997681
20976.404999779894
20992.77999978323
21004.94499978571
21015.084999787774
21026.83999979017
21235.194999832616
21264.194999838524
21383.16499986276
21469.769999880406
21514.75999988957
21531.29499989294
21546.65499989607
21580.86499990304
21592.929999905497
21606.164999908193
21644.34499991597
21669.529999921102
21728.76999993317
21755.009999938517
21763.304999940206
21792.07999994607
21828.394999953467
21840.794999955993
21855.429999958975
21939.28999997606
21955.424999979346
21995.69999998755
22108.180000010467
22123.86000001366
22238.57500003703
22248.7300000391
22262.535000041913
22274.465000044343
22419.780000073948
22449.545000080012
22810.85000015362
22822.92500015608
22832.350000158
22845.21000016062
22854.255000162462
22909.600000173737
22927.205000177324
22938.91000017971
22951.370000182247
22960.005000184006
22971.225000186292
22984.800000189058
23005.270000193228
23086.590000209795
23098.93000021231
23109.370000214436
23175.890000227988
23194.640000231808
23214.615000235877
23453.220000284487
23470.32000028797
23492.925000292576
23575.245000309347
23591.535000312666
23645.685000323698
23659.815000326576
23756.665000346307
23806.93500035655
23817.0050003586
23830.2650003613
23843.375000363973
23995.48500039496
24004.95000039689
24017.950000399538
24037.59000040354
24205.500000437747
24258.47000044854
24271.5300004512
24283.21000045358
24291.6550004553
24304.38000045789
24325.420000462178
24347.150000466605
24358.940000469007
24371.1700004715
24383.31000047397
24395.880000476533
24450.340000487628
24464.28500049047
24480.98500049387
24528.360000503522
24538.76000050564
24548.3700005076
24560.225000510014
24569.605000511925
24582.065000514463
24654.115000529142
24667.515000531872
24691.240000536705
24787.540000556324
24908.690000581006
24923.8800005841
24942.100000587812
25023.560000604408
25265.590000653716
25357.74000067249
25375.730000676154
25386.585000678366
25397.965000680684
25412.13500068357
25431.400000687496
25634.125000728796
25658.035000733667
25670.890000736286
25866.895000776218
25876.050000778083
25888.335000780586
25904.150000783808
26010.735000805522
26210.770000846274
26222.48500084866
26259.09500085612
26354.840000875625
26365.680000877834
26380.555000880864
26389.750000882737
26415.465000887976
26448.160000894637
26465.10000089809
26486.285000902404
26505.51000090632
26620.820000929813
26633.360000932367
26721.320000950287
26731.555000952372
26743.02500095471
26779.610000962162
26798.240000965958
26841.125000974695
26870.35000098065
26880.300000982676
26923.28000099143
26993.595001005757
27102.63500102797
27115.670001030627
27170.13000104172
27189.385001045644
27246.775001057336
27258.155001059655
27268.600001061783
27315.055001071247
27324.710001073214
27339.3600010762
27394.19000108737
27409.80000109055
27455.035001099764
27495.865001108083
27522.665001113543
27532.940001115636
27616.100001132578
27740.960001158015
27787.405001167477
27797.200001169473
27849.550001180138
27863.330001182945
27876.685001185666
27987.160001208173
28049.165001220805
28063.22500122367
28078.19500122672
28090.81000122929
28118.615001234954
28133.510001237988
28149.265001241198
28195.095001250535
28210.955001253766
28226.700001256973
28239.505001259582
28307.310001273396
28320.525001276088
28418.005001295947
28427.68000129792
28436.835001299783
28446.7300013018
28453.880001303256
28466.42500130581
28533.925001319563
28552.695001323387
28670.340001347355
28681.240001349575
28692.075001351783
28797.080001373175
28806.540001375102
28821.15500137808
28838.72000138166
28861.5100013863
28904.675001395095
28932.765001400818
29029.980001420623
29047.58000142421
29267.945001469103
29276.32000147081
29287.26500147304
29295.235001474663
29307.34000147713
29518.035001520053
29531.91500152288
29541.19500152477
29551.69500152691
29577.300001532127
29594.39000153561
29623.925001541626
29682.90000155364
29709.475001559054
29720.145001561228
29738.540001564976
29749.915001567293
29758.48500156904
29775.310001572467
29786.42000157473
29797.21500157693
29899.785001597826
29933.695001604734
29944.885001607014
29954.315001608935
29973.59000161286
30007.630001619797
30031.530001624666
30040.810001626556
30129.320001644588
30243.175001667783
30256.815001670562
30302.245001679818
30316.555001682733
30326.420001684743
30406.96500170115
30450.415001710004
30499.57500172002
30660.665001752837
30677.27500175622
30707.64500176241
30722.14000176536
30737.59000176851
30787.37000177865
30875.52000179661
30983.575001818623
30993.390001820622
31009.900001823986
31214.80500186573
31389.070001901233
31402.290001903926
31412.190001905943
31452.695001914195
31478.430001919438
31488.785001921548
31503.300001924505
31516.295001927152
31530.990001930146
31631.460001950614
31683.945001961307
31705.90500196578
31714.720001967577
31730.950001970883
31741.09000197295
31755.695001975924
31783.665001981622
31797.710001984484
31809.110001986806
31832.035001991477
32224.48000207143
32232.120002072985
32238.840002074354
32247.920002076204
32258.11500207828
32405.13000210823
32485.13500212453
32495.360002126614
32518.990002131428
32566.340002141074
32573.92500214262
32584.43500214476
32597.93000214751
32612.585002150496
32678.67000216396
32692.57000216679
32700.56500216842
32715.910002171546
32778.575002176614
32819.21000215533
32827.69500215088
33031.40000204417
33090.540002013186
33097.97500200929
33107.33000200439
33146.835001983694
33200.52000195557
33218.16000194633
33234.39000193783
33326.91000188936
33335.63000188479
33429.41000183566
33449.62500182507
33530.385001782764
33563.89000176521
33573.755001760044
33583.99000175468
33602.900001744776
33672.5350017083
33685.79500170135
33696.33500169583
33795.04000164412
33806.20500163827
33814.995001633666
33825.67500162807
33834.13000162364
33844.67500161812
33869.875001604916
33882.90500159809
33947.170001564424
33965.155001555
33991.78500154105
34029.595001521244
34038.74000151645
34070.13000150001
34084.875001492284
34095.430001486755
34209.48000142701
34226.055001418325
34241.96000140999
34253.91500140373
34268.76000139595
34291.9550013838
34303.46500137777
34314.24000137213
34323.96500136703
34366.13500134494
34540.425001253636
34652.480001194934
34683.89500117848
34739.24000114948
34752.85500114235
34789.08000112337
34797.94500111873
34806.545001114224
34816.605001108954
34896.815001066934
34969.93500102863
35277.33500086759
35301.26000085506
35502.79000074948
35513.990000743615
35528.37000073608
35589.51000070405
35601.33000069786
35620.36500068789
35637.610000678855
35682.97500065509
35742.310000624006
35751.190000619354
35761.2200006141
35779.135000604714
35794.87000059647
35812.52500058722
35870.92000055663
35882.195000550724
35890.70000054627
35900.195000541295
36025.16000047583
36036.680000469794
36111.86500043041
36142.95000041412
36158.560000405945
36274.59500034516
36370.00000029518
36428.48500026454
36437.03000026006
36448.45500025408
36509.810000221936
36614.56500016706
36634.74000015649
36644.30000015148
36667.32500013942
36765.49000008799
36829.66000005438
36888.94500002332
36938.15999999754
36949.39999999165
36961.76999998517
36977.56999997689
37004.40999996283
37040.88999994372
37126.929999898646
37135.2199998943
37149.494999886825
37179.349999871185
37204.719999857894
37218.31999985077
37229.87499984472
37238.54999984017
37247.59999983543
37332.784999790805
37346.32499978371
37360.274999776404
37384.45499976374
37445.68499973166
37454.83499972687
37463.7499997222
37475.80499971588
37568.38499966738
37579.95499966132
37592.11999965495
37602.07999964973
37617.63499964158
37629.16499963554
37638.644999630575
37651.25499962397
37664.449999617056
37689.52999960392
37710.71999959282
37722.90999958643
37780.914999556044
37932.48999947664
37949.21499946788
37963.83499946022
37973.90499945494
37988.939999447066
38074.17999940241
38187.76499934291
38220.88499932556
38230.59499932047
38337.92999926424
38356.534999254494
38575.05499914002
38671.99999908923
38684.094999082896
38700.84499907412
38717.81999906523
38730.79999905843
38739.529999053855
38749.419999048674
38827.794999007616
38916.14999896133
38929.20499895449
38940.609998948516
38952.904998942075
38963.324998936616
38983.30499892615
39045.619998893504
39057.23999888742
39070.90499888026
39125.51499885165
39187.28999881929
39201.50499881184
39218.06999880316
39265.864998778125
39276.269998772674
39288.924998766044
39327.87999874564
39417.22499869883
39486.474998662554
39522.35499864376
39535.169998637044
39546.219998631255
39558.88999862462
39584.34499861128
39626.92499858898
39658.29499857254
39674.08999856427
39796.86499849995
39810.63499849274
39871.85999846066
39887.45999845249
39901.364998445206
39915.684998437704
39942.464998423675
39959.67499841466
39970.26999840911
40001.984998392494
40022.51499838174
40048.33499836821
40161.48499830894
40169.7699983046
40264.49499825497
40276.25499824881
40309.08999823161
40318.32999822677
40396.49999818582
40411.65499817788
40460.17499815246
40506.844998128014
40519.64499812131
40539.04999811114
40692.574998030716
40711.739998020676
40728.54999801187
40784.54999798253
40865.51499794012
40875.26999793501
40884.2599979303
40908.13999791779
40928.624997907056
41034.4799978516
41059.71499783838
41073.87999783096
41244.049997741815
41259.5349977337
41283.13999772134
41299.31999771286
41322.67999770062
41338.044997692574
41361.06999768051
41506.099997604535
41516.729997598966
41561.75499757538
41573.94499756899
41618.76999754551
41651.39499752842
41662.24999752273
41702.11499750185
41717.37999749385
41730.774997486835
41743.55999748014
41752.86499747526
41764.95499746893
41819.28499744047
41835.6449974319
41871.02499741336
41881.12999740807
41890.069997403385
41899.309997398545
41926.56499738427
41947.66999737321
42008.56999734131
42019.76499733544
42029.2049973305
42038.70499732552
42057.75999731554
42071.55999730831
42078.87999730447
42086.894997300275
42096.5849972952
42105.579997290486
42122.00999728188
42132.18499727655
42144.85499726991
42219.56499723077
42271.769997203424
42387.714997142684
42399.93499713628
42582.24999704077
42600.909997031
42665.2299969973
42693.4899969825
42717.80999696976
42726.769996965064
42734.87499696082
42837.01999690731
42894.89499687699
42937.45499685469
42961.01499684235
42978.78499683304
42987.159996828654
42996.44499682379
43009.80499681679
43087.38499677615
43104.839996767005
43162.6899967367
43205.454996714296
43214.66499670947
43407.13999660864
43438.02499659246
43537.14499654053
43563.119996526926
43574.51499652096
43582.744996516645
43591.06499651229
43775.86999641547
43794.30999640581
43815.8999963945
43926.209996336715
44239.569996172555
44271.59499615578
44286.54999614794
44295.14999614344
44401.37999608779
44583.509995992375
44602.37499598249
44613.69999597656
44635.49499596514
44648.45999595835
44657.1399959538
44666.184995949065
44679.08499594231
44803.61999587707
44819.30499586885
44838.81499585863
44854.454995850436
44966.86499579155
45016.154995765726
45025.44999576086
45066.189995739514
45188.48499567545
45375.844995577296
45406.3749955613
45422.344995552936
45515.40999550418
45526.93999549814
45540.53999549102
45553.52999548421
45644.059995436786
45655.78999543064
45753.96999537921
45771.134995370216
45888.69499530863
45898.94499530326
45975.729995263035
45987.564995256835
46002.53999524899
46015.76499524206
46027.15999523609
46129.78999518233
46152.069995170656
46165.35999516369
46177.344995157415
46190.84499515034
46404.959995038174
46462.09499500824
46473.869995002075
46494.27999499138
46552.39499496094
46666.2349949013
46754.494994855064
46814.984994823375
46826.67999481725
46834.149994813335
46852.51999480371
46864.7649947973
46877.96499479038
46893.25999478237
46989.534994731934
46998.27999472735
47009.12999472167
47032.79499470927
47085.44999468169
47101.164994673454
47172.33499463617
47180.54999463187
47190.134994626846
47215.7999946134
47244.574994598326
47348.82999454371
47371.10999453204
47496.46499446637
47504.87499446196
47524.38499445174
47824.36999429459
47857.189994277396
47865.779994272896
47877.20999426691
47894.69499425775
47942.1299942329
47954.74499422629
48092.68499415403
48122.639994138335
48153.22499412231
48171.89999411253
48206.10999409461
48217.64999408856
48231.01499408156
48333.4499940279
48355.599994016295
48389.85499399835
48424.034993980444
48477.34999395251
48496.304993942584
48540.48999391944
48552.669993913056
48562.74499390778
48571.19499390335
48658.5249938576
48686.26499384307
48795.75499378571
48807.75999377942
48892.39999373508
48917.189993722095
48926.28999371733
48935.474993712516
48993.26999368224
49011.80999367253
49031.06999366244
49104.87999362377
49370.60999348456
49379.39499347996
49569.34499338045
49579.44999337516
49692.54999331591
49702.20499331085
49763.97999327849
49777.864993271214
49828.21499324484
49859.124993228645
49876.074993219765
49892.65999321108
49907.52999320329
49919.19999319717
49928.604993192246
49937.73499318746
49977.10499316684
