87.23999999999315
104.59499999997736
156.8949999999298
175.41999999991296
276.92999999982067
285.9949999998124
301.1749999997986
321.38999999978023
337.6949999997654
383.17499999972404
411.09999999969864
432.2599999996794
456.4199999996574
530.7999999995898
646.7499999994843
662.2699999994702
712.9049999994241
729.9299999994087
758.4649999993827
799.6049999993453
848.254999999301
997.3249999991655
1025.184999999167
1100.2000000008045
1131.9850000014983
1161.6750000021464
1248.2300000040357
1268.6500000044814
1284.0850000048183
1299.145000005147
1312.3100000054344
1397.5900000072959
1406.7350000074955
1418.7300000077573
1431.7600000080417
1477.1350000090322
1490.8400000093313
1652.2900000128554
1666.1450000131579
1707.93500001407
1736.3600000146905
1869.6750000176005
1883.1950000178956
1899.5400000182524
1916.9650000186327
1937.3850000190785
1969.385000019777
1980.9550000200295
1994.8400000203326
2029.5800000210909
2041.3000000213467
2060.4550000217646
2095.5800000225313
2117.105000023001
2129.780000023278
2143.4100000235753
2158.4500000239036
2170.2200000241605
2197.5800000247577
2256.6700000260475
2269.790000026334
2287.8550000267282
2305.115000027105
2419.730000029607
2440.95500003007
2535.100000032125
2547.0300000323855
2562.025000032713
2586.2050000332406
2751.8650000368566
2940.76000004098
2955.610000041304
2980.0650000418377
3014.940000042599
3077.1850000439576
3091.6100000442725
3117.2550000448323
3135.8200000452375
3158.890000045741
3229.985000047293
3243.5150000475883
3260.3450000479556
3276.8800000483166
3325.270000049373
3339.105000049675
3602.7950000554306
3625.8750000559344
3845.7800000607344
3869.7450000612575
3883.3950000615555
3904.300000062012
3941.290000062819
3977.290000063605
3988.010000063839
4021.175000064563
4034.6650000648574
4087.4950000660106
4098.125000066242
4225.170000069015
4272.7800000700545
4328.750000071276
4357.665000071907
4379.230000072378
4414.765000073154
4426.120000073402
4438.650000073675
4454.295000074017
4466.8900000742915
4480.0400000745785
4520.600000075464
4534.17000007576
4564.370000076419
4615.605000077538
4654.900000078395
4674.680000078827
4688.360000079126
4706.185000079515
4812.225000081829
4833.490000082294
4858.4550000828385
4890.480000083538
4923.255000084253
4978.190000085452
4997.4950000858735
5044.395000086897
5061.655000087274
5082.310000087725
5095.665000088016
5114.475000088427
5127.060000088702
5153.000000089268
5170.125000089642
5190.330000090083
5266.985000091756
5300.095000092479
5318.055000092871
5384.985000094332
5422.695000095155
5469.320000096172
5490.460000096634
5517.285000097219
5600.615000099038
5619.530000099451
5647.605000100064
5670.530000100564
5699.805000101203
5718.120000101603
5741.095000102105
5757.190000102456
5769.430000102723
5786.630000103099
5809.685000103602
5824.475000103925
5837.0950001042
5853.540000104559
5881.645000105173
5915.020000105901
5926.780000106158
5979.690000107313
5990.730000107554
6009.480000107963
6026.600000108337
6037.665000108578
6046.860000108779
6059.110000109046
6072.285000109334
6152.75500011109
6197.445000112066
6209.670000112333
6252.240000113262
6347.180000115334
6359.000000115592
6373.54500011591
6644.470000121823
6718.155000123432
6735.215000123804
6772.15000012461
6802.38500012527
6843.205000126161
6929.675000128049
6961.115000128735
6974.735000129032
7012.65000012986
7106.995000131919
7122.730000132263
7194.130000133821
7252.500000135095
7268.775000135451
7415.110000138645
7522.625000140992
7559.970000141807
7585.455000142363
7603.820000142764
7747.02500014589
7767.975000146347
7781.615000146645
7814.920000147372
7834.775000147805
7852.675000148196
7867.810000148526
7879.350000148778
7893.8850001490955
7915.985000149578
7958.850000150514
7983.90000015106
7997.075000151348
8037.675000152234
8116.435000153953
8130.060000154251
8146.675000154613
8174.110000155212
8229.25000014964
8248.065000146627
8258.065000145027
8372.330000126736
8386.840000124414
8435.070000116693
8537.620000100278
8556.080000097323
8572.620000094676
8665.600000079792
8793.570000059308
8826.315000054066
8904.615000041533
9029.835000021489
9049.075000018409
9110.85000000852
9166.104999999676
9207.68999999302
9262.97499998417
9273.699999982453
9300.39499997818
9326.399999974017
9338.354999972104
9357.529999969034
9401.34499996202
9512.249999944268
9526.29499994202
9561.379999936404
9590.234999931785
9656.809999921128
9683.734999916818
9748.809999906402
9821.904999894701
9842.02499989148
9858.699999888811
9876.76499988592
9950.499999874117
9967.339999871421
9993.684999867204
10056.584999857136
10075.564999854098
10131.02499984522
10140.89999984364
10161.959999840268
10182.329999837008
10240.669999827669
10265.734999823657
10311.659999816306
10323.009999814489
10373.364999806428
10388.054999804077
10495.104999786941
10556.264999777151
10571.45999977472
10685.33999975649
10716.879999751442
10731.37999974912
10743.719999747145
10779.194999741467
10791.85999973944
10803.209999737623
10829.199999733462
10855.114999729314
10982.76999970888
10997.084999706589
11026.68499970185
11147.13999968257
11245.914999666758
11284.029999660657
11378.304999645567
11402.259999641732
11483.86499962867
11514.03999962384
11587.519999612077
11615.584999607585
11710.439999592401
11741.6799995874
11765.634999583566
11782.60499958085
11800.179999578037
11815.169999575637
11922.529999558452
11951.434999553825
11964.969999551658
11994.799999546884
12011.724999544174
12059.459999536533
12081.689999532975
12227.519999509632
12242.58999950722
12287.75999949999
12329.339999493333
12373.744999486225
12411.70499948015
12495.22999946678
12514.269999463731
12622.989999446329
12656.609999440947
12766.934999423287
12783.254999420675
12800.184999417965
12813.27499941587
12834.44999941248
12848.424999410243
12861.409999408164
12876.99499940567
12897.35999940241
13048.324999378245
13093.479999371017
13112.82499936792
13440.189999315518
13461.554999312099
13494.139999306883
13527.234999301585
13538.184999299832
13565.269999295497
13581.599999292883
13613.364999287798
13824.439999254011
13844.984999250722
13863.854999247702
13886.819999244026
13985.194999228279
13999.889999225927
14014.904999223523
14091.039999211336
14107.909999208636
14180.604999197
14194.414999194789
14321.22999917449
14378.534999165317
14437.004999155957
14597.994999130187
14686.459999116027
14708.829999112446
14805.489999096973
14827.30999909348
14845.55499909056
14867.744999087008
14910.884999080103
14926.759999077562
14943.964999074808
14971.084999070466
15098.429999050082
15372.539999006205
15390.604999003313
15407.794999000562
15462.524998991801
15499.3949989859
15519.06499898275
15544.794998978632
15580.674998972889
15647.234998962234
15666.344998959175
15687.189998955839
15709.98499895219
15735.184998948156
15760.929998944035
15775.759998941661
15816.209998935186
15842.914998930912
15857.619998928558
15866.864998927078
15876.179998925587
15889.484998923457
15903.654998921189
15923.409998918027
15986.314998907957
16010.4149989041
16077.059998893432
16087.31999889179
16099.019998889917
16115.749998887239
16135.814998884027
16164.834998879382
16182.919998876487
16284.154998860282
16304.459998857032
16443.909998856503
16460.619998859907
16509.984998869964
16541.97499887648
16559.00499887995
16601.144998888536
16619.96499889237
16769.844998922905
16824.659998934072
16937.24499895701
16979.60999896564
17010.52999897194
17043.009998978556
17073.979998984865
17170.774999004585
17184.754999007433
17213.414999013272
17225.03499901564
17262.19499902321
17297.214999030344
17310.7399990331
17321.174999035225
17353.064999041722
17485.52999906871
17501.074999071876
17515.28499907477
17701.989999112808
17726.759999117854
17744.379999121444
17757.899999124198
17778.564999128408
17807.154999134233
17828.05999913849
17871.764999147395
17894.51999915203
17913.84499915597
17941.654999161634
18027.18999917906
18057.38499918521
18115.64499919708
18152.5549992046
18187.29999921168
18334.75999924172
18356.34999924612
18411.694999257394
18453.58999926593
18580.269999291737
18597.294999295205
18664.66499930893
18678.39999931173
18695.614999315236
18718.174999319832
18754.809999327295
18775.369999331484
18876.154999352017
18930.70499936313
18955.23999936813
19016.69999938065
19032.919999383954
19068.43999939119
19080.71499939369
19159.654999409773
19178.609999413635
19308.249999440046
19320.899999442623
19378.31499945432
19392.614999457233
19425.399999463913
19479.449999474924
19500.259999479164
19521.14499948342
19532.369999485705
19543.519999487977
19573.86999949416
19611.55999950184
19624.994999504575
19646.41999950894
19677.909999515356
19691.96999951822
19750.254999530094
19794.384999539085
19829.54999954625
19946.654999570106
20061.38499959348
20080.594999597393
20101.009999601552
20126.56999960676
20149.469999611425
20218.819999625553
20244.659999630818
20264.84499963493
20286.554999639353
20441.319999670883
20677.679999719036
20825.879999749228
20842.469999752608
20913.46499976707
20925.499999769523
20938.18999977211
20955.904999775717
21023.149999789417
21070.404999799044
21115.58499980825
21135.189999812243
21184.739999822337
21238.709999833332
21264.879999838664
21279.939999841732
21299.95999984581
21318.594999849607
21397.0999998656
21482.434999882986
21507.19499988803
21536.864999894075
21604.834999907922
21646.10499991633
21674.049999922023
21691.75499992563
21707.40999992882
21725.51999993251
21771.75999994193
21781.97999994401
21795.489999946763
21871.589999962267
21889.66999996595
21934.114999975005
21954.189999979095
21967.41999998179
21980.33499998442
22008.924999990246
22023.834999993283
22037.484999996064
22068.890000002462
22090.32500000683
22178.805000024855
22205.460000030285
22224.245000034112
22269.510000043334
22342.4800000582
22502.615000090824
22533.255000097066
22574.880000105546
22601.575000110985
22614.340000113585
22631.165000117013
22653.365000121536
22765.19500014432
22781.265000147592
22803.275000152076
22819.45000015537
22896.25500017102
22913.710000174575
22936.050000179126
22961.855000184383
22987.445000189597
23026.19000019749
23038.255000199948
23052.93500020294
23071.920000206806
23161.27000022501
23252.605000243617
23376.02500026876
23390.90000027179
23429.240000279602
23492.775000292546
23536.835000301522
23585.745000311486
23595.67500031351
23611.795000316793
23629.44500032039
23654.740000325542
23682.200000331137
23695.61000033387
23705.93000033597
23724.165000339686
23748.315000344606
23845.61500036443
23906.67500037687
24041.265000404288
24062.38500040859
24074.300000411018
24086.160000413434
24102.420000416747
24117.10500041974
24129.740000422313
24146.07000042564
24182.125000432985
24199.3800004365
24215.755000439836
24240.32000044484
24307.780000458584
24360.48000046932
24371.545000471575
24456.23500048883
24499.715000497687
24558.900000509744
24583.010000514656
24600.01500051812
24621.240000522444
24665.330000531427
24679.915000534398
24735.82500054579
24863.425000571784
24892.790000577766
25017.695000603213
25057.23500061127
25079.13000061573
25111.640000622352
25131.205000626338
25153.525000630885
25173.410000634936
25193.720000639074
25213.615000643127
25233.005000647077
25299.28500066058
25404.790000682075
25435.410000688313
25447.96000069087
25458.260000692968
25492.150000699872
25503.950000702276
25522.150000705984
25544.965000710632
25572.025000716145
25597.13000072126
25743.615000751102
25809.42000076451
25827.910000768275
25864.525000775735
25881.13500077912
25897.515000782456
25916.755000786376
25930.045000789083
25948.09000079276
25973.485000797933
25996.795000802682
26032.195000809894
26068.29500081725
26098.675000823438
26150.47000083399
26165.720000837096
26174.38000083886
26183.720000840764
26207.390000845586
26251.415000854555
26268.355000858006
26297.175000863877
26345.10000087364
26379.330000880615
26394.540000883713
26412.125000887296
26438.765000892723
26612.36500092809
26624.355000930533
26644.695000934677
26702.265000946405
26724.700000950976
26755.280000957206
26776.445000961518
26789.145000964105
26806.035000967546
26922.225000991217
27108.1750010291
27123.900001032303
27234.095001054753
27260.415001060115
27340.00000107633
27378.650001084203
27526.495001114323
27571.175001123425
27650.97000113968
27703.29000115034
27720.545001153856
27734.45500115669
27748.805001159613
27791.78500116837
27802.68000117059
27850.360001180303
27897.480001189902
27929.975001196522
27945.145001199613
27976.370001205974
27996.28500121003
28009.09500121264
28024.095001215697
28036.840001218294
28051.090001221197
28072.27000122551
28145.710001240474
28181.645001247794
28197.405001251005
28210.110001253594
28243.57000126041
28257.400001263228
28428.510001298087
28444.930001301433
28457.910001304077
28471.825001306912
28516.9200013161
28553.65000132358
28585.705001330112
28596.670001332346
28617.315001336552
28657.520001344743
28682.710001349875
28693.455001352064
28709.68500135537
28729.56000135942
28771.13500136789
28789.620001371655
28802.65000137431
28846.255001383193
28970.740001408554
29015.09500141759
29028.405001420302
29056.795001426086
29100.79000143505
29162.475001447616
29203.590001455992
29234.570001462303
29332.700001482295
29353.39500148651
29421.065001500298
29453.970001507
29489.965001514334
29529.520001522393
29559.78500152856
29574.82000153162
29637.49500154439
29667.400001550483
29684.050001553875
29703.280001557792
29758.230001568987
29770.240001571434
29814.020001580353
29826.650001582926
29837.745001585186
29995.190001617262
30011.065001620496
30031.94000162475
30070.590001632623
30081.640001634874
30113.110001641286
30209.160001660854
30230.11000166512
30246.30500166842
30323.775001684204
30413.220001702426
30425.690001704967
30453.415001710615
30475.160001715045
30544.34500172914
30558.985001732122
30573.000001734978
30593.32500173912
30607.775001742062
30628.28500174624
30648.40000175034
30662.39000175319
30677.61000175629
30692.265001759275
30799.600001781142
30813.800001784035
30880.415001797606
30924.325001806552
30948.210001811418
30967.230001815293
31003.225001822626
31016.390001825308
31039.410001829998
31058.340001833854
31072.85000183681
31090.33000184037
31104.86000184333
31122.62500184695
31221.86500186717
31236.420001870134
31258.43500187462
31316.56000188646
31329.845001889167
31380.31500189945
31403.34000190414
31474.37000191861
31500.09000192385
31556.475001935338
31569.59500193801
31716.40000196792
31753.71500197552
31781.040001981088
31827.550001990563
31840.06000199311
31863.22000199783
31909.46500200725
31923.085002010026
31938.540002013175
31952.045002015926
31963.175002018193
31982.25500202208
32015.77000202891
32026.980002031192
32041.01000203405
32068.170002039584
32093.270002044697
32153.37000205694
32168.68500206006
32184.48500206328
32198.42500206612
32227.885002072122
32241.72500207494
32267.870002080268
32341.79500209533
32410.635002109353
32469.925002121432
32483.26000212415
32585.51000214498
32663.99000216097
32676.51500216352
32765.490002181647
32810.42000215993
32827.785002150835
32852.42500213793
32866.31000213065
32912.72500210634
33042.37500203842
33053.74500203246
33119.05000199825
33146.660001983786
33163.955001974726
33278.5350019147
33349.32000187762
33361.43500187127
33397.430001852415
33422.000001839544
33436.80000183179
33451.08500182431
33474.08500181226
33510.88500179298
33521.49500178742
33541.56000177691
33562.795001765786
33598.07000174731
33656.105001716904
33672.1500017085
33691.75500169823
33769.55000165747
33792.55500164542
33812.52000163496
33834.95000162321
33851.25500161467
33887.765001595544
33901.56000158832
33978.56500154798
33993.2150015403
34003.12500153511
34015.54000152861
34031.42000152029
34050.69000151019
34106.07000148118
34128.31500146953
34159.32500145328
34171.35500144698
34183.29000144073
34192.91000143569
34206.81000142841
34242.55000140968
34255.76500140276
34272.095001394206
34372.3200013417
34435.955001308364
34447.50000130232
34476.02500128737
34542.165001252724
34558.6250012441
34581.21500123227
34605.975001219296
34622.375001210705
34641.87500120049
34665.230001188254
34842.98000109514
34908.85500106063
34974.20500102639
34986.92500101973
35007.5900010089
35043.26500099021
35113.44000095345
35147.87500093541
35170.94000092333
35192.995000911775
35220.72500089725
35248.66000088261
35264.03500087456
35287.03500086251
35303.00000085415
35327.04500084155
35348.7150008302
35416.54000079467
35441.78500078144
35491.59500075535
35522.19000073932
35635.17500068013
35647.250000673805
35660.16000066704
35681.39000065592
35804.14500059161
35983.880000497455
35995.95500049113
36032.040000472225
36112.520000430064
36141.56500041485
36169.83500040004
36193.11500038784
36212.295000377795
36223.91000037171
36247.58000035931
36303.06500033024
36321.38000032065
36342.16500030976
36374.530000292805
36384.58000028754
36422.025000267924
36459.22000024844
36474.000000240696
36500.26500022694
36513.60500021995
36598.54000017545
36613.24500016775
36662.05000014218
36749.185000096535
36793.7250000732
36807.31500006608
36819.47500005971
36919.63500000724
36937.28999999799
36953.04999998974
36970.959999980354
37098.36999991361
37118.45999990308
37144.51999988943
37172.059999875004
37222.78999984843
37234.189999842456
37247.90499983527
37259.53499982918
37271.584999822866
37287.56999981449
37301.11999980739
37320.93499979701
37333.02999979068
37344.774999784524
37367.394999772674
37380.57499976577
37396.60999975737
37410.91999974987
37426.699999741606
37473.24999971722
37586.91999965767
37618.66499964104
37667.47499961547
37679.569999609135
37755.199999569515
37888.48499949969
37912.00999948737
37959.78499946234
38028.04499942658
38038.47999942111
38051.569999414256
38074.98499940199
38088.279999395025
38130.8899993727
38197.20999933796
38284.06999929246
38319.899999273686
38332.594999267036
38357.83499925381
38388.924999237526
38438.784999211406
38487.4699991859
38501.609999178494
38518.904999169434
38757.36999904451
38771.18499903727
38783.85999903063
38806.684999018675
38828.91499900703
38843.87999899919
38933.81999895207
38952.314998942384
38986.424998924515
38998.869998917995
39030.46499890144
39046.41499889309
39060.97999888546
39082.344998874265
39109.36999886011
39131.114998848716
39160.759998833186
39234.309998794655
39288.92999876604
39335.84999874146
39443.389998685125
39456.26999867838
39472.36999866994
39497.11499865698
39585.28499861079
39602.894998601565
39629.57499858759
39641.88999858114
39713.36999854369
39757.55499852054
39775.46499851116
39861.2899984662
39877.91499845749
39920.28999843529
39966.92999841086
39977.09499840553
39987.53999840006
40102.47499833985
40172.619998303104
40188.35999829486
40235.21499827031
40541.754998109725
40554.179998103216
40596.24499808118
40623.54499806688
40636.454998060115
40646.51999805484
40676.07499803936
40695.78999802903
40746.01999800272
40761.05499799484
40843.069997951876
40910.779997916405
40962.03999788955
41027.28499785537
41037.564997849986
41054.06999784134
41091.19999782189
41124.37499780451
41154.674997788636
41275.984997725085
41293.17499771608
41307.18499770874
41316.394997703916
41332.76499769534
41422.434997648365
41439.26499763955
41466.10499762549
41512.874997600986
41533.41999759022
41563.82999757429
41586.11499756262
41605.8149975523
41628.65999754033
41648.499997529936
41663.484997522086
41745.204997479275
41760.989997471006
41791.23499745516
41981.009997355744
42010.44999734032
42155.48499726434
42170.96999725623
42203.02499723944
42266.62499720612
42284.09499719697
42302.789997187174
42327.78499717408
42378.97999714726
42456.22999710679
42476.23999709631
42512.75499707718
42526.81999706981
42631.19499701513
42643.03499700893
42793.81499692994
42813.5599969196
42826.5399969128
42853.689996898574
42868.154996891
42878.56499688554
42931.23499685795
42950.964996847615
42966.34499683956
42987.02999682872
43026.59999680799
43045.549996798065
43087.01999677634
43110.17999676421
43191.389996721664
43219.5699967069
43238.96999669674
43278.67499667594
43305.139996662074
43347.52499663987
43363.55999663147
43377.20499662432
43389.34499661796
43515.84999655169
43527.0949965458
43541.62499653819
43573.144996521674
43623.03499649554
43708.56999645073
43724.54999644236
43743.99999643217
43783.32499641157
43807.5049963989
43915.89499634212
43939.399996329805
44000.444996297825
44046.45499627372
44063.954996264554
44128.50499623074
44143.57999622284
44155.75499621646
44184.97999620115
44250.85999616664
44264.26499615962
44279.959996151396
44291.319996145445
44306.51999613748
44321.384996129695
44356.699996111194
44372.62999610285
44388.62499609447
44445.634996064604
44508.17499603184
44654.54999595516
44666.4999959489
44682.12999594071
44705.924995928246
44750.58999590485
44766.459995896534
44790.84499588376
44816.86499587013
44919.664995816274
44954.24499579816
44985.77999578164
44998.174995775145
45053.44499574619
45070.30499573736
45090.85999572659
45110.84499571612
45204.809995666896
45218.75999565959
45254.68499564077
45276.5799956293
45298.04499561805
45311.439995611036
45327.38499560268
45361.59499558476
45454.68999553599
45504.21499551005
45518.46999550258
45537.754995492476
45556.91499548244
45571.924995474576
45594.15999546293
45615.37999545181
45644.51499543655
45682.06499541688
45761.22499537541
45787.18499536181
45800.24999535496
45871.864995317446
45885.249995310434
45908.30499529836
46057.18999522036
46071.83499521269
46235.849995126766
46264.49499511176
46282.3599951024
46298.48499509395
46333.699995075505
46370.81499505606
46387.67499504723
46403.77999503879
46436.37499502172
46457.374995010716
46469.90499500415
46495.589994990696
46510.01999498314
46523.154994976256
46535.179994969956
46550.699994961826
46570.73999495133
46679.72999489423
46734.63499486547
46782.744994840265
46840.889994809804
47025.324994713184
47054.54499469788
47078.98999468507
47138.8749946537
47149.304994648235
47161.87499464165
47202.0599946206
47218.444994612015
47293.02999457294
47322.78999455735
47343.92499454628
47368.73499453328
47445.79499449291
47485.75499447198
47552.87499443682
47587.714994418566
47602.19999441098
47626.64999439817
47647.48999438725
47687.39499436635
47727.24499434547
47887.00499426178
47932.5899942379
48002.43499420131
48013.184994195675
48028.65499418757
48046.134994178414
48061.90999417015
48078.6099941614
48162.35499411753
48282.68999405449
48293.7449940487
48306.24999404215
48316.30999403688
48507.24999393685
48519.1849939306
48536.329993921616
48555.379993911636
48571.58499390315
48585.64499389578
48596.959993889854
48698.57499383662
48722.84499382391
48773.339993797454
48973.96499369235
49001.27999367804
49029.43499366329
49121.479993615074
49137.379993606744
49188.2399935801
49221.22499356282
49274.529993534896
49298.59499352229
49318.79499351171
49332.45499350455
49355.449993492504
49399.42499346947
49413.81499346193
49434.44999345112
49455.34999344017
49475.47499342963
49520.20999340619
49532.23499339989
49588.20499337057
49602.73999336296
49637.49499334475
49653.879993336166
49671.34499332702
49687.13999331874
49819.21999324955
49841.16499323805
49873.35499322119
49928.44999319233
49941.94499318526
49958.22499317673
49973.9399931685
49992.58999315873
12.60500000000057
31.454999999998027
100.34499999998123
200.14999999989047
239.0499999998551
272.149999999825
288.16499999981045
327.0399999997751
369.2399999997367
558.3699999995647
686.4749999994482
734.7149999994043
757.5499999993835
957.8649999992014
1030.4699999992824
1097.0750000007363
1114.3200000011127
1143.97000000176
1157.9300000020646
1177.9950000025026
1258.1800000042529
1405.3600000074655
1420.1550000077884
1460.7850000086753
1484.0350000091828
1575.4600000111784
1607.375000011875
1708.4250000140808
1722.9050000143968
1735.4150000146699
1745.7850000148962
1765.2150000153204
1783.345000015716
1810.185000016302
1824.0900000166055
1836.7250000168813
1940.66000001915
1959.675000019565
1977.8350000199614
2029.08000002108
2287.3650000267176
2338.515000027834
2358.440000028269
2396.920000029109
2417.7800000295642
2484.155000031013
2538.6450000322025
2556.720000032597
2589.8250000333196
2606.1750000336765
2668.4800000350365
2683.76500003537
2989.050000042034
3008.6950000424627
3052.4500000434177
3172.9700000460484
3189.53000004641
3200.6000000466515
3227.235000047233
3262.690000048007
3277.7900000483364
3348.6700000498836
3455.565000052217
3491.8300000530085
3506.155000053321
3559.470000054485
3573.1150000547827
3619.6400000557983
3638.6550000562133
3680.425000057125
3792.1800000595645
3853.8050000609096
3866.2050000611803
3878.0800000614395
3985.8900000637927
4028.2150000647166
4044.9300000650815
4061.215000065437
4090.67000006608
4102.675000066341
4120.800000066737
4316.925000071018
4333.705000071384
4370.800000072194
4391.080000072637
4404.195000072923
4425.560000073389
4440.120000073707
4513.1600000753015
4554.7150000762085
4637.840000078023
4748.830000080446
4805.140000081675
4832.260000082267
4855.630000082777
4873.520000083167
4920.940000084202
4933.090000084468
4951.06000008486
4977.865000085445
5232.190000090996
5243.700000091248
5259.125000091584
5305.520000092597
5319.145000092894
5341.350000093379
5559.765000098147
5636.070000099812
5649.485000100105
5660.6850001003495
5674.175000100644
5742.0950001021265
5793.625000103251
5805.130000103502
5823.470000103903
5842.955000104328
5968.9600001070785
5997.975000107712
6134.660000110695
6149.800000111026
6168.870000111442
6212.850000112402
6260.1950001134355
6277.580000113815
6317.545000114687
6452.635000117636
6465.6200001179195
6479.795000118229
6662.360000122214
6690.895000122837
6708.685000123225
6746.265000124045
6908.440000127585
6920.650000127852
6995.665000129489
7008.900000129778
7054.015000130763
7101.245000131794
7121.950000132246
7145.780000132766
7163.505000133153
7226.885000134536
7245.520000134943
7268.780000135451
7332.700000136846
7374.240000137753
7386.125000138012
7498.645000140468
7558.28000014177
7575.765000142152
7595.225000142576
7632.545000143391
7647.8700001437255
7667.185000144147
7689.155000144627
7705.880000144992
7715.375000145199
7765.200000146287
7800.010000147046
7846.850000148069
7942.63500015016
7956.4650001504615
7971.815000150797
7992.785000151254
8111.195000153839
8120.370000154039
8133.3950001543235
8147.315000154627
8234.880000148738
8293.555000139346
8310.935000136564
8330.535000133426
8349.885000130329
8435.730000116588
8467.340000111528
8479.890000109519
8525.395000102235
8540.695000099786
8586.27000009249
8637.170000084343
8663.395000080145
8675.060000078278
8687.54000007628
8704.47500007357
8777.840000061826
8813.30000005615
8842.990000051397
8861.120000048495
8873.730000046477
8905.32500004142
8917.62500003945
8935.915000036523
9008.470000024909
9044.990000019063
9106.255000009256
9200.389999994188
9252.734999985809
9278.769999981641
9422.479999958638
9501.834999945935
9525.149999942203
9627.114999925881
9674.069999918365
9719.909999911028
9788.294999900081
9802.929999897739
9813.29499989608
9839.174999891937
9911.284999880394
9923.55499987843
9935.594999876503
9951.714999873922
9969.574999871063
10003.554999865624
10083.724999852791
10107.309999849016
10233.829999828764
10253.834999825562
10275.424999822106
10438.214999796048
10460.344999792505
10471.379999790739
10508.29499978483
10549.799999778186
10669.519999759023
10732.544999748934
10788.509999739976
10851.404999729908
10957.669999712898
10980.664999709217
10996.674999706654
11076.619999693858
11355.489999649219
11392.499999643294
11408.039999640807
11488.254999627967
11531.889999620982
11556.059999617113
11671.099999598699
11807.459999576871
11852.079999569729
11866.289999567454
11877.269999565697
11888.564999563889
11950.64999955395
12002.794999545604
12013.709999543857
12024.214999542175
12034.404999540544
12194.694999514886
12205.054999513228
12220.944999510684
12236.724999508158
12250.324999505981
12268.56999950306
12282.054999500902
12439.834999475646
12485.054999468408
12512.484999464017
12610.73499944829
12651.299999441797
12672.364999438425
12683.284999436677
12694.519999434879
12711.584999432147
12728.454999429447
12739.789999427632
12789.809999419625
12803.869999417375
12824.309999414103
12846.834999410497
12875.724999405873
13065.259999375534
13261.799999344074
13379.369999325254
13516.814999303253
13545.06999929873
13665.94999927938
13747.149999266383
13927.414999237528
13946.904999234408
14004.894999225126
14014.279999223623
14022.899999222243
14034.299999220419
14056.609999216847
14082.58499921269
14110.709999208188
14137.984999203822
14165.259999199456
14177.179999197548
14191.554999195247
14215.449999191422
14344.444999170773
14359.939999168293
14376.124999165702
14395.709999162567
14416.094999159304
14428.139999157376
14523.749999142072
14541.279999139266
14604.759999129104
14619.809999126695
14645.464999122589
14755.334999105002
14798.57499909808
14854.544999089121
14895.664999082539
14909.474999080328
14921.624999078384
15014.16499906357
15036.589999059981
15173.309999038096
15209.899999032239
15559.784998976233
15573.04499897411
15595.179998970567
15632.864998964535
15646.57499896234
15658.459998960438
15698.209998954075
15711.089998952013
15771.1499989424
15784.349998940286
15850.454998929705
15897.21499892222
15914.039998919527
15944.209998914697
15956.584998912716
15994.7949989066
16018.209998902852
16052.789998897317
16131.964998884643
16151.444998881525
16178.319998877223
16266.084998863174
16330.404998852879
16344.349998850646
16377.634998845318
16404.394998848453
16439.22499885555
16517.534998871502
16622.144998892814
16677.179998904026
16779.259998924823
16811.564998931404
16832.59999893569
16848.30999893889
16863.239998941932
16873.78999894408
16884.63999894629
16902.514998949933
16913.714998952215
16925.294998954574
16941.239998957823
16957.694998961175
16976.294998964964
17008.199998971464
17025.01499897489
17061.519998982327
17126.049998995473
17139.9299989983
17156.41999900166
17172.199999004875
17194.154999009348
17210.6099990127
17272.89999902539
17285.834999028026
17303.889999031704
17363.689999043887
17381.03999904742
17465.61499906465
17549.259999081693
17559.84999908385
17608.799999093822
17623.31999909678
17648.809999101974
17694.899999111363
17707.29499911389
17796.604999132083
17869.709999146977
18034.529999180555
18077.969999189405
18103.649999194637
18119.22999919781
18137.97999920163
18149.394999203956
18163.809999206893
18175.934999209363
18201.974999214668
18254.98999922547
18270.679999228665
18284.99499923158
18300.69499923478
18340.31499924285
18355.509999245947
18469.1549992691
18487.679999272874
18545.47999928465
18668.73999930976
18688.299999313746
18706.7299993175
18727.304999321692
18775.189999331447
18848.29999934634
18863.75999934949
18880.659999352934
19106.37499939892
19200.96999941819
19220.224999422113
19247.05999942758
19266.93999943163
19278.414999433968
19313.349999441085
19330.544999444588
19373.10499945326
19400.434999458826
19594.514999498366
19610.49499950162
19626.43999950487
19640.024999507637
19667.414999513217
19734.019999526787
19754.11499953088
19835.219999547404
19850.494999550516
19865.42999955356
19902.88499956119
19978.454999576585
19992.57499957946
20011.729999583364
20043.799999589897
20059.494999593095
20074.324999596116
20093.504999600023
20202.089999622145
20217.634999625312
20232.88999962842
20248.524999631605
20284.52499963894
20307.964999643715
20532.959999689552
20544.689999691942
20556.30999969431
20575.959999698312
20685.89999972071
20710.354999725692
20740.14499973176
20779.484999739776
20858.789999755933
20917.544999767902
20931.2799997707
20951.379999774796
21075.73499980013
21113.414999807806
21140.56999981334
21164.13499981814
21197.17999982487
21217.224999828955
21259.144999837496
21341.18999985421
21351.954999856403
21367.114999859492
21427.42499987178
21444.044999875165
21573.334999901504
21639.599999915004
21650.92499991731
21666.28499992044
21689.969999925266
21712.834999929924
21746.954999936876
21761.529999939845
21817.819999951313
21834.679999954747
21897.139999967472
21912.69499997064
21945.299999977284
21976.624999983665
21998.134999988048
22101.71500000915
22165.700000022185
22230.290000035344
22255.730000040527
22273.820000044212
22302.350000050024
22313.580000052312
22327.485000055145
22416.380000073255
22439.005000077865
22451.470000080404
22482.635000086753
22502.730000090847
22511.88000009271
22523.885000095157
22645.3400001199
22686.060000128196
22825.000000156502
22881.075000167926
22904.190000172635
22925.920000177062
22944.100000180766
23056.930000203753
23096.83000021188
23112.415000215056
23133.205000219292
23147.715000222248
23222.750000237535
23236.440000240324
23251.550000243402
23267.335000246618
23305.420000254377
23320.12000025737
23368.26500026718
23401.54500027396
23420.260000277773
23432.785000280324
23527.950000299712
23542.645000302706
23554.810000305184
23571.660000308617
23619.97500031846
23684.22000033155
23731.49500034118
23743.060000343536
23765.02500034801
23785.79000035224
23837.735000362823
23868.35000036906
23916.960000378964
23970.515000389874
23984.400000392703
23998.700000395616
24017.47500039944
24124.600000421266
24177.915000432127
24309.42500045892
24396.430000476645
24417.550000480947
24465.51500049072
24477.84000049323
24496.305000496992
24534.910000504857
24544.870000506886
24555.15500050898
24566.275000511247
24576.11000051325
24590.375000516156
24609.7400005201
24622.855000522773
24635.775000525406
24647.935000527883
24675.585000533516
24692.88000053704
24769.130000552574
24865.135000572132
24885.025000576185
25118.735000623798
25134.25500062696
25151.350000630442
25167.665000633766
25183.310000636953
25247.98000065013
25276.65000065597
25308.47000066245
25321.28000066506
25383.06500067765
25393.860000679848
25410.095000683155
25446.110000690493
25462.025000693735
25475.00000069638
25529.870000707557
25544.02500071044
25569.370000715604
25591.315000720075
25807.81000076418
25907.69500078453
25918.820000786796
25930.875000789252
26023.370000808096
26035.880000810645
26056.81000081491
26083.200000820285
26107.005000825135
26174.735000838933
26197.185000843507
26307.180000865916
26323.55000086925
26345.555000873734
26363.635000877417
26394.065000883616
26414.240000887727
26423.645000889643
26476.965000900505
26498.695000904932
26528.115000910926
26571.105000919684
26582.825000922072
26634.64500093263
26676.845000941226
26695.750000945078
26838.435000974147
26864.695000979496
26875.775000981754
26912.08500098915
26985.040001004014
26997.325001006517
27007.870001008665
27020.26500101119
27095.050001026426
27209.695001049782
27228.805001053675
27291.7550010665
27309.86000107019
27356.10000107961
27405.18500108961
27435.52000109579
27451.100001098963
27463.65500110152
27528.39000111471
27674.23500114442
27683.575001146324
27696.95500114905
27714.360001152596
27729.25500115563
27749.985001159854
27790.340001168075
27808.850001171846
27824.540001175043
27854.555001181157
27878.07500118595
27960.680001202778
27985.23000120778
28109.37000123307
28132.125001237706
28146.23000124058
28163.645001244127
28237.120001259096
28251.785001262084
28267.740001265334
28297.190001271334
28320.990001276183
28362.3050012846
28379.09000128802
28476.510001307866
28625.905001338302
28654.925001344214
28667.825001346842
28680.145001349352
28690.310001351423
28710.140001355463
28727.54500135901
28745.12000136259
28759.385001365496
28775.65000136881
28922.190001398663
28934.115001401093
28969.19000140824
29008.405001416228
29022.95000141919
29037.880001422232
29055.74000142587
29081.240001431066
29094.71500143381
29118.790001438716
29237.280001462856
29309.910001477652
29358.900001487633
29387.430001493445
29421.300001500345
29527.620001522006
29545.190001525585
29562.64000152914
29602.555001537272
29623.285001541495
29638.33000154456
29648.39500154661
29668.800001550768
29745.855001566466
29787.10000157487
29802.285001577962
29876.64000159311
29920.72500160209
30042.375001626875
30211.01000166123
30260.68500167135
30278.00500167488
30309.77500168135
30392.86000169828
30434.53500170677
30673.98500175555
30685.46000175789
30713.135001763527
30725.300001766005
30846.695001790737
30869.080001795297
30886.22000179879
30905.935001802805
30923.445001806373
30958.885001813593
30970.230001815904
30995.83000182112
31022.175001826487
31036.110001829325
31048.94000183194
31060.640001834323
31072.35000183671
31125.135001847462
31244.84000187185
31277.64000187853
31322.265001887623
31336.800001890584
31357.070001894714
31384.260001900253
31472.375001918204
31531.825001930316
31664.835001957414
31686.690001961866
31739.08500197254
31749.770001974717
31768.415001978516
31783.280001981544
31812.530001987503
31829.775001991016
31846.44000199441
31894.53000200421
31915.730002008528
31934.170002012284
31950.89000201569
31967.205002019015
32097.235002045505
32120.245002050193
32184.47500206328
32207.71000206801
32440.21000211538
32492.030002125935
32536.57000213501
32550.150002137776
32660.90000216034
32672.43500216269
32773.4450021793
32788.77000217127
32834.425002147356
32883.34000212173
32980.665002070746
32992.45000206457
33005.1900020579
33020.28000204999
33041.51000203887
33062.99000202762
33141.63500198642
33151.77000198111
33170.55500197127
33220.54500194508
33455.52500182198
33570.640001761676
33596.51500174812
33712.50500168736
33733.850001676175
33850.80000161491
33864.740001607606
33917.715001579854
33937.56000156946
33954.00500156084
34014.29000152926
34093.8100014876
34144.220001461195
34216.99000142307
34253.750001403816
34267.055001396846
34304.21000137738
34330.1400013638
34342.01000135758
34357.2400013496
34372.22500134175
34389.60000133265
34426.08000131354
34441.98000130521
34458.135001296745
34475.36000128772
34517.005001265905
34543.250001252156
34559.095001243855
34604.085001220286
34621.49000121117
34695.56500117236
34829.905001101986
34873.200001079305
34897.56500106654
35055.58500098376
35104.07000095836
35220.94500089713
35230.89500089192
35256.25000087864
35283.20000086452
35294.97000085835
35309.85000085056
35323.66500084332
35334.98000083739
35346.84500083118
35361.355000823576
35379.72500081395
35473.66500076474
35498.645000751654
35516.90500074209
35531.5750007344
35556.330000721435
35571.92000071327
35591.38000070307
35606.820000694985
35738.35000062608
35786.29500060096
35855.56000056468
35940.0850005204
35956.77000051166
35975.23500050198
36043.99500046596
36058.63500045829
36089.230000442265
36099.290000436995
36195.92500038637
36301.34000033115
36318.13500032235
36327.83500031727
36397.67500028068
36544.65500020368
36558.07500019665
36578.99500018569
36592.1550001788
36805.77000006689
36824.88500005688
36856.390000040374
36875.035000030606
36903.20000001585
36921.41500000631
36939.444999996864
37002.90499996362
37019.81999995476
37045.93499994108
37166.59499987787
37202.93999985883
37230.2899998445
37257.88499983004
37278.53999981922
37293.01999981164
37362.22999977538
37379.78999976618
37413.64999974844
37428.019999740914
37452.04499972833
37493.73499970649
37519.069999693216
37557.63499967301
37570.65999966619
37626.80499963678
37640.324999629695
37660.734999619
37715.399999590365
37730.20999958261
37749.90499957229
37762.84499956551
37803.02999954446
37830.559999530036
37884.80999950162
37898.78999949429
38048.729999415744
38089.50499939438
38149.399999363006
38299.35499928445
38316.51999927546
38360.85999925223
38434.699999213546
38487.234999186025
38534.18999916143
38549.07499915363
38563.109999146276
38574.429999140346
38592.49999913088
38620.874999116015
38731.18499905823
38769.099999038364
38874.13999898334
38961.53999893755
39095.61999886731
39130.084998849255
39176.01999882519
39232.954998795365
39283.45499876891
39293.0199987639
39405.35999870505
39416.98499869896
39431.669998691264
39467.669998672405
39506.36999865213
39522.88999864348
39631.584998586535
39751.899998523506
39765.72499851626
39846.72999847383
39858.9999984674
39949.78999841984
40019.01999838357
40033.764998375846
40082.154998350496
40130.429998325206
40151.09999831438
40168.82999830509
40184.22999829702
40379.19999819488
40452.14499815667
40511.4499981256
40550.1999981053
40618.23499806966
40642.19499805711
40667.0249980441
40685.06999803465
40696.95499802842
40733.71499800916
40757.26499799683
40769.3349979905
41080.384997827554
41108.519997812815
41121.67499780592
41149.599997791294
41180.67999777501
41191.94499776911
41252.22999773753
41284.84999772044
41306.34499770918
41322.37999770078
41334.02499769468
41360.24999768094
41385.97999766746
41543.59499758489
41610.3949975499
41649.189997529575
41726.31999748917
41739.35499748234
41794.00499745371
41809.2899974457
41830.6699974345
41853.419997422585
41877.50499740997
41899.05499739868
41922.41999738644
41943.63999737532
41964.899997364184
41988.49999735182
42003.07999734418
42023.039997333726
42118.87499728352
42135.95499727457
42146.38999726911
42183.49499724967
42201.52999724022
42226.414997227184
42423.98999712368
42459.649997105
42573.76499704522
42593.394997034935
42617.484997022315
42630.844997015316
42655.8749970022
42666.87999699644
42678.74999699022
42730.74499696298
42802.55499692536
42816.64499691798
42854.00499689841
42886.03499688163
42927.38499685997
42986.949996828764
43017.009996813016
43067.26999678669
43096.58999677133
43154.00499674125
43225.56999670376
43261.58499668489
43274.654996678044
43299.03999666527
43311.48999665875
43327.54499665034
43345.51999664092
43360.339996633156
43375.939996624984
43441.09999659085
43482.719996569045
43494.81999656271
43513.9249965527
43563.53499652671
43849.95999637666
43876.75499636262
43951.03499632371
43970.44999631354
44060.804996266204
44134.369996227666
44148.54499622024
44187.46999619985
44210.439996187815
44229.30999617793
44249.43499616739
44352.744996113266
44438.44999606837
44555.73999600692
44576.43999599608
44682.32999594061
44890.534995831535
44925.559995813186
44974.09999578776
45018.64499576442
45033.78999575649
45207.68999566539
45258.964995638526
45270.11999563268
45291.6549956214
45310.65499561145
45341.13999559548
45392.78999556842
45406.23999556137
45596.06999546193
45613.289995452906
45626.75999544585
45642.41499543765
45660.58999542813
45680.16499541787
45734.869995389214
45866.54999532023
45926.44499528885
46020.4599952396
46046.604995225905
46060.999995218364
46217.49499513638
46230.57999512953
46254.27499511711
46268.05999510989
46283.29999510191
46306.824995089584
46347.22999506842
46422.0949950292
46444.07999501768
46486.9899949952
46514.13999498098
46533.11499497104
46559.19999495737
46590.98999494072
46626.97499492187
46654.93999490722
46668.66499490003
46691.87499488787
46724.41999487082
46744.84499486012
46776.60499484348
46791.0699948359
46812.59499482463
46829.69499481567
46949.104994753114
47022.25999471479
47040.38999470529
47137.05999465465
47154.54999464549
47171.084994636825
47210.76499461604
47230.60999460564
47282.47499457847
47298.49499457008
47393.40499452036
47405.31999451412
47422.11499450532
47442.22999449478
47461.31499448478
47533.36499444704
47577.21499442407
47599.359994412465
47628.874994397
47736.3499943407
47749.739994333686
47769.7549943232
47796.20999430934
47873.11999426905
47909.6699942499
47926.884994240885
48091.38499415471
48351.284994018555
48363.64499401208
48408.8499939884
48422.484993981256
48433.32499397558
48449.80999396694
48475.18499395365
48494.1699939437
48545.514993916804
48641.36499386659
48747.84499381081
48772.419993797936
48842.65999376114
48915.03999372322
49189.319993579535
49211.46999356793
49239.08999355346
49266.454993539126
49300.91499352107
49338.499993501384
49355.61499349242
49378.829993480256
49405.10499346649
49421.29499345801
49446.369993444874
49493.2849934203
49520.109993406244
49531.76499340014
49543.51499339398
49557.29999338676
49610.35499335897
49627.22999335013
49664.16499333078
49684.50999332012
49702.54999331067
49776.94999327169
49792.27999326366
49824.23999324692
49851.794993232485
49925.0599931941
49947.11999318255
49999.18499315527
43.6950000000039
142.9549999999425
169.96999999991792
191.77999999989808
202.61499999988823
218.71999999987358
246.0699999998487
316.6149999997846
328.51499999977375
395.35999999971295
436.47499999967556
451.09999999966226
462.9049999996515
481.9599999996342
500.6199999996172
522.5549999995973
534.6249999995863
556.2949999995666
585.0749999995404
599.7149999995271
611.6399999995162
646.4149999994846
661.6599999994708
675.1799999994585
742.0349999993977
763.5149999993781
823.4499999993236
904.37499999925
980.224999999181
996.0599999991666
1025.7999999991805
1083.7650000004458
1104.5500000008994
1140.5750000016858
1207.65500000315
1225.8500000035472
1242.2700000039056
1311.4950000054166
1336.1300000059543
1350.7800000062741
1377.6050000068597
1458.660000008629
1513.2800000098212
1530.0800000101879
1548.7900000105963
1593.6550000115756
1656.9600000129574
1689.3700000136648
1748.8100000149623
1759.795000015202
1772.4700000154787
1788.0350000158185
1802.8000000161408
1950.1700000193575
1998.8650000204204
2069.6550000219654
2104.500000022726
2131.0950000233065
2158.470000023904
2250.9750000259232
2273.2400000264092
2285.785000026683
2302.4300000270464
2318.0550000273875
2380.200000028744
2408.975000029372
2427.6900000297805
2456.115000030401
2481.4250000309535
2494.3050000312346
2505.235000031473
2515.250000031692
2625.6950000341026
2651.8100000346726
2716.555000036086
2743.6100000366764
2828.9600000385394
2841.865000038821
2858.070000039175
2870.6050000394484
2886.9150000398045
2905.730000040215
2921.395000040557
2934.6500000408464
2963.9200000414853
3038.900000043122
3063.375000043656
3168.47000004595
3183.310000046274
3197.050000046574
3216.5300000469992
3237.5250000474575
3265.685000048072
3277.765000048336
3293.9550000486893
3318.2400000492194
3414.3250000513167
3442.42500005193
3541.0750000540834
3630.580000056037
3702.785000057613
3720.7050000580043
3734.8600000583133
3757.800000058814
3776.080000059213
3793.1100000595848
3832.880000060453
3876.9400000614146
3948.7350000629817
3961.6000000632625
3982.335000063715
4049.490000065181
4127.130000066875
4190.395000068256
4228.560000069089
4242.730000069399
4254.050000069646
4268.640000069964
4281.220000070239
4295.2300000705445
4325.110000071197
4366.175000072093
4382.97500007246
4486.340000074716
4605.205000077311
4697.165000079318
4711.785000079637
4880.835000083327
4897.3050000836865
4926.0300000843135
4974.675000085375
4990.530000085721
5011.355000086176
5037.980000086757
5087.545000087839
5103.400000088185
5119.575000088538
5134.990000088875
5155.875000089331
5172.100000089685
5183.895000089942
5197.415000090237
5215.545000090633
5228.115000090907
5241.720000091204
5262.630000091661
5275.650000091945
5422.300000095146
5439.88500009553
5569.55000009836
5587.625000098755
5642.505000099953
5694.360000101085
5716.14000010156
5763.2600001025885
5987.455000107482
5999.9300001077545
6044.4150001087255
6088.685000109692
6137.240000110752
6176.855000111616
6208.845000112315
6239.80000011299
6262.725000113491
6289.590000114077
6307.095000114459
6321.885000114782
6336.240000115095
6347.2850001153365
6363.620000115693
6377.335000115992
6398.005000116444
6468.145000117975
6629.795000121503
6648.100000121903
6664.745000122266
6677.955000122554
6690.965000122838
6759.220000124328
6928.5150001280235
6952.360000128544
6976.385000129068
6994.140000129456
7010.600000129815
7022.860000130083
7078.325000131294
7092.620000131606
7168.42500013326
7197.310000133891
7224.065000134475
7243.770000134905
7265.725000135384
7283.680000135776
7320.010000136569
7373.470000137736
7402.845000138377
7421.275000138779
7509.615000140708
7537.640000141319
7567.745000141977
7583.7750001423265
7601.845000142721
7613.320000142971
7642.360000143605
7672.82500014427
7726.105000145433
7894.120000149101
7963.790000150621
8021.805000151888
8044.685000152387
8107.400000153756
8186.535000155483
8202.07500015399
8218.040000151434
8284.315000140825
8294.765000139152
8321.965000134798
8429.585000117571
8457.89000011304
8478.785000109696
8492.06000010757
8509.420000104792
8524.900000102314
8552.250000097936
8598.715000090499
8642.395000083507
8661.385000080467
8766.050000063713
8777.905000061815
8808.000000056998
8823.145000054574
8847.71500005064
8883.070000044981
8899.855000042295
8917.825000039418
8930.015000037467
8985.980000028509
9085.825000012526
9186.144999996468
9391.549999963589
9408.079999960943
9423.384999958493
9674.10499991836
9746.724999906735
9873.344999886467
10033.864999860773
10055.294999857342
10072.719999854553
10090.97499985163
10126.599999845928
10141.349999843567
10211.1099998324
10231.274999829173
10333.639999812787
10358.274999808844
10402.02999980184
10434.664999796616
10447.709999794528
10520.379999782896
10543.849999779139
10558.949999776722
10572.629999774532
10595.464999770877
10633.814999764738
10680.274999757301
10738.94499974791
10776.884999741837
10810.854999736399
10832.58499973292
10849.909999730147
10863.45499972798
10883.69499972474
10895.444999722858
10905.134999721307
10919.684999718978
10932.464999716933
10953.78499971352
10989.304999707834
11014.614999703783
11103.414999689569
11115.444999687643
11280.529999661218
11314.669999655753
11337.324999652126
11393.389999643152
11405.219999641258
11416.054999639524
11435.469999636416
11477.73499962965
11498.569999626316
11603.704999609487
11624.339999606183
11706.034999593106
11747.044999586542
11764.744999583709
12080.084999533232
12108.289999528717
12142.479999523244
12218.584999511062
12231.389999509012
12390.469999483548
12407.629999480801
12434.394999476517
12452.879999473558
12481.47999946898
12566.409999455385
12617.459999447214
12708.364999432662
12724.544999430072
12775.859999421858
12792.369999419216
12806.164999417007
12842.56499941118
12945.064999394774
12977.684999389552
13037.864999379919
13056.359999376959
13084.629999372433
13153.404999361424
13266.524999343317
13287.004999340039
13330.84999933302
13399.179999322083
13412.62499931993
13427.669999317523
13444.639999314806
13487.329999307973
13518.419999302996
13562.454999295947
13609.799999288369
13632.429999284746
13769.589999262791
13806.544999256876
13839.204999251648
13848.574999250148
13900.509999241835
13922.104999238378
13965.794999231384
14236.019999188129
14252.094999185556
14264.614999183552
14284.624999180349
14326.839999173591
14361.419999168056
14383.88999916446
14413.649999159696
14430.374999157018
14442.884999155016
14502.129999145533
14582.67499913264
14642.944999122992
14677.849999117405
14954.979999073044
15017.504999063036
15060.739999056115
15076.744999053553
15090.904999051287
15113.984999047592
15192.044999035097
15207.51999903262
15227.124999029482
15241.244999027222
15286.689999019947
15387.99999900373
15468.264998990882
15507.524998984598
15520.434998982531
15539.329998979507
15604.009998969153
15689.879998955408
15720.869998950448
15742.189998947035
15766.054998943215
15804.369998937082
15821.93999893427
15834.229998932302
15861.41499892795
15890.239998923336
15911.949998919861
15924.039998917926
15945.154998914546
16020.764998902443
16060.369998896103
16088.054998891672
16101.459998889526
16123.479998886001
16183.369998876415
16299.819998857774
16314.059998855495
16363.969998847506
16379.269998845057
16402.484998848064
16435.864998854864
16457.304998859232
16500.559998868044
16517.014998871397
16682.729998905157
16699.254998908524
16751.99999891927
16839.154998937025
16931.969998955934
16951.664998959946
17243.14999901933
17267.0599990242
17322.57999903551
17403.129999051922
17420.634999055488
17435.75999905857
17480.054999067594
17503.044999072277
17533.13999907841
17550.099999081864
17569.66499908585
17580.36999908803
17648.084999101826
17673.09499910692
17729.04499911832
17745.58499912169
17763.7999991254
17776.619999128012
17789.399999130615
17815.709999135976
17895.97999915233
17915.399999156285
17945.094999162335
18021.989999178
18043.499999182382
18121.58499919829
18139.709999201983
18157.004999205506
18193.564999212955
18213.899999217098
18240.304999222477
18255.519999225577
18266.104999227733
18275.734999229695
18288.86999923237
18320.394999238793
18336.554999242086
18347.33499924428
18374.284999249772
18389.53499925288
18406.949999256427
18428.07999926073
18488.92999927313
18520.74499927961
18584.959999292692
18602.164999296197
18620.19499929987
18721.229999320454
18743.84499932506
18775.54999933152
18821.084999340797
18839.864999344623
18857.044999348123
18867.18999935019
18985.444999374282
19043.194999386047
19065.48999939059
19200.344999418063
19233.889999424897
19251.27999942844
19263.174999430863
19284.869999435283
19353.304999449225
19415.57499946191
19427.334999464307
19446.83999946828
19467.434999472476
19488.054999476677
19525.86999948438
19541.064999487477
19628.774999505345
19655.714999510834
19773.629999534856
19820.71499954445
19832.474999546845
19847.064999549817
19860.604999552575
19880.664999556662
19922.539999565193
20137.499999608986
20157.24999961301
20170.73999961576
20223.279999626462
20242.289999630335
20307.16499964355
20472.13499967716
20516.344999686167
20539.66999969092
20570.489999697198
20583.739999699897
20599.02499970301
20693.379999722234
20731.434999729987
20749.919999733753
20846.75499975348
20859.574999756092
20871.3999997585
20887.999999761883
20905.36499976542
20981.519999780936
21002.579999785226
21017.504999788267
21091.404999803322
21242.339999834072
21365.019999859065
21397.574999865697
21425.66499987142
21458.50999987811
21478.449999882174
21559.099999898604
21595.63999990605
21616.41499991028
21629.529999912953
21669.679999921133
21681.93499992363
21731.17999993366
21745.884999936658
21761.729999939886
21782.4249999441
21854.304999958746
21949.274999978094
21961.954999980677
21987.64499998591
22012.804999991036
22041.919999996968
22377.3300000653
22404.585000070852
22419.29500007385
22452.015000080515
22527.410000095875
22555.545000101607
22746.98500014061
22878.060000167312
22911.845000174195
22971.335000186315
23030.580000198384
23049.25500020219
23108.320000214222
23218.080000236583
23276.42000024847
23290.155000251267
23305.715000254437
23322.300000257816
23349.975000263454
23367.065000266935
23466.065000287104
23485.170000290997
23500.475000294115
23526.200000299355
23538.030000301766
23550.095000304224
23578.215000309952
23679.045000330494
23691.39500033301
23753.865000345737
23771.20500034927
23914.305000378423
23933.8300003824
23957.670000387257
24053.180000406715
24070.14000041017
24085.45500041329
24158.49000042817
24311.915000459427
24369.330000471124
24384.120000474137
24399.30500047723
24418.265000481093
24443.39000048621
24460.355000489668
24471.3150004919
24495.275000496782
24545.81500050708
24575.22500051307
24589.575000515993
24668.54000053208
24728.395000544275
24761.480000551015
24801.61500055919
24811.300000561165
24823.2450005636
24836.840000566368
24865.850000572278
24908.600000580987
24964.92000059246
24978.530000595234
24999.740000599555
25087.305000617394
25148.710000629904
25162.955000632806
25224.09000064526
25238.870000648272
25257.145000651995
25271.980000655018
25285.700000657813
25303.080000661354
25313.02500066338
25326.465000666118
25340.380000668953
25360.44500067304
25393.445000679763
25450.60500069141
25464.55000069425
25478.800000697152
25561.78500071406
25577.11000071718
25601.00500072205
25646.110000731238
25658.130000733687
25672.83000073668
25684.640000739088
25697.475000741702
25709.275000744106
25731.565000748647
25749.29500075226
25825.955000767877
25849.44000077266
25889.200000780762
25919.43500078692
25935.255000790145
25949.41500079303
25963.520000795903
26038.95500081127
26053.62000081426
26219.325000848017
26340.87000087278
26471.215000899334
26487.070000902564
26852.135000976938
26885.38000098371
26905.60500098783
26972.140001001386
27025.885001012335
27149.240001037466
27300.24500106823
27325.165001073306
27336.27000107557
27419.23500109247
27438.38000109637
27570.080001123202
27583.28000112589
27610.095001131354
27626.71000113474
27725.47500115486
27757.160001161315
27787.36500116747
27821.170001174356
27837.990001177783
27851.855001180607
27937.32000119802
27961.33500120291
27985.57000120785
28011.565001213145
28027.475001216386
28040.11000121896
28061.50500122332
28080.395001227167
28107.25500123264
28134.420001238173
28173.37500124611
28367.46500128565
28380.210001288247
28395.500001291362
28407.630001293834
28476.060001307775
28496.61000131196
28551.400001323123
28658.63000134497
28681.715001349672
28712.255001355894
28725.570001358607
28790.840001371904
28880.31000139013
28996.765001413856
29013.640001417294
29074.950001429785
29087.575001432357
29156.55500144641
29192.78500145379
29229.40000146125
29240.49000146351
29258.230001467124
29271.210001469768
29291.990001474
29306.86000147703
29325.130001480753
29347.40500148529
29360.880001488036
29387.910001493543
29439.03500150396
29469.53000151017
29484.320001513184
29564.685001529557
29599.190001536586
29781.785001573786
29797.545001576997
29851.385001587965
29878.11000159341
29941.295001606282
29964.830001611077
29983.230001614826
29997.62500161776
30027.405001623825
30132.22500164518
30191.255001657206
30219.380001662936
30262.625001671746
30283.970001676094
30295.645001678473
30320.3200016835
30380.11500169568
30398.745001699477
30431.465001706143
30632.11000174702
30687.9650017584
30702.93500176145
30756.2000017723
30797.28000178067
30829.77500178729
30843.91000179017
30864.800001794425
30885.09500179856
30897.91500180117
30909.420001803515
30929.27500180756
30967.525001815353
30990.72000182008
31000.680001822107
31014.260001824874
31032.5450018286
31047.400001831626
31068.3900018359
31103.600001843075
31122.150001846854
31142.420001850984
31173.110001857236
31192.535001861193
31234.015001869644
31246.110001872108
31259.71500187488
31297.580001882594
31314.975001886138
31331.18500188944
31345.040001892263
31446.450001912923
31476.300001919004
31512.01000192628
31538.160001931607
31569.575001938007
31593.0950019428
31606.26000194548
31618.395001947953
31714.120001967454
31728.43500197037
31750.77000197492
31783.36000198156
31800.810001985115
31812.70500198754
31834.20500199192
31952.9050020161
31975.9650020208
32013.66500202848
32026.950002031186
32057.35500203738
32085.660002043147
32116.970002049526
32130.805002052344
32193.65500206515
32269.185002080536
32315.34500208994
32331.10500209315
32340.995002095166
32427.80000211285
32453.52500211809
32469.2700021213
32494.865002126513
32507.070002129
32519.97500213163
32574.100002142655
32606.08500214917
32642.99500215669
32686.885002165633
32719.725002172323
32751.32000217876
32877.71500212468
32899.53500211325
32911.70500210687
32931.46000209652
32954.89000208425
32989.19500206628
32999.80500206072
33099.550002008466
33161.75500197588
33224.61500194295
33274.51500191681
33377.160001863034
33445.285001827346
33587.64000175277
33851.04500161478
33875.86500160178
33905.29500158636
33991.5000015412
34006.52500153333
34054.140001508385
34074.44500149775
34100.44000148413
34116.76000147558
34134.32500146638
34152.55000145683
34174.58500144529
34223.52000141965
34238.24000141194
34288.79000138546
34336.07000136069
34352.48500135209
34375.1800013402
34386.43500133431
34450.33500130083
34463.13000129413
34519.3100012647
34536.57500125565
34555.735001245615
34605.120001219744
34621.21500121131
34630.81500120628
34644.555001199085
34662.135001189876
34681.68000117964
34752.05500114277
34766.04000113544
34806.430001114284
34817.34000110857
34828.3500011028
34842.18500109555
34853.68000108953
34865.59500108329
34899.560001065496
35036.68500099366
35093.57000096386
35108.06500095627
35126.63500094654
35141.20000093891
35232.205000891234
35247.7300008831
35279.09500086667
35315.40500084765
35343.61000083287
35358.19500082523
35374.795000816535
35451.90000077614
35541.095000729416
35597.10000070008
35627.590000684104
35663.99500066503
35684.875000654094
35700.39500064596
35712.33000063971
35755.42000061714
35773.540000607645
35794.56000059663
35806.93000059015
35824.74500058082
35849.54000056783
35866.48000055896
35884.73500054939
35930.240000525555
35949.4350005155
35959.810000510064
36011.42000048303
36028.57500047404
36046.83000046448
36150.2500004103
36165.72500040219
36184.655000392275
36255.875000354965
36308.96500032715
36351.40000030492
36371.020000294644
36392.4800002834
36407.45500027556
36424.21500026678
36492.690000230905
36503.60000022519
36574.09500018826
36685.38000012996
36814.50000006232
36901.04500001698
37000.0799999651
37029.01499994994
37117.54999990356
37254.92999983159
37278.61999981918
37300.10999980792
37355.99999977864
37402.91999975406
37444.40999973233
37470.25499971879
37541.18999968163
37636.92999963147
37657.70499962059
37690.62999960334
37787.60499955254
37804.43999954372
37818.48999953636
37832.539999529
37855.73499951685
37872.52999950805
37901.08999949309
37993.22999944482
38015.4099994332
38357.26499925411
38370.41999924722
38400.89999923125
38662.71999909409
38677.454999086374
38696.77499907625
38798.569999022926
38814.184999014746
38831.17999900584
38846.05499899805
38860.04999899072
38952.49999894229
38998.98999891793
39013.20999891048
39027.75499890286
39040.01499889644
39085.48499887262
39253.224998784746
39266.264998777915
39276.48499877256
39309.76499875513
39340.81499873886
39511.1999986496
39529.23499864015
39550.324998629105
39572.65499861741
39604.039998600965
39638.23999858305
39652.944998575345
39686.979998557516
39787.38499850492
39799.56999849853
40024.32999838079
40039.22999837298
40053.83999836533
40173.93999830241
40269.45999825237
40340.10499821536
40441.789998162094
40472.44999814603
40552.464998104115
40574.40999809262
40613.47999807215
40675.13499803985
40690.85499803162
40745.42499800303
40759.20499799581
40852.63999794686
40887.01999792885
41019.34499785953
41046.8949978451
41060.739997837845
41088.08499782352
41107.31999781344
41162.45499778456
41219.14499775486
41258.60999773419
41273.084997726604
41288.99499771827
41398.02999766115
41432.27499764321
41442.90499763764
41455.59499763099
41470.32499762328
41504.46999760539
41526.70499759374
41588.07499756159
41627.72999754082
41668.26499751958
41692.14999750707
41705.464997500094
41748.34999747763
41762.08999747043
41827.56499743613
41846.904997426
41860.69999741877
41885.889997405575
41914.714997390474
42010.61999734023
42026.344997331995
42042.91999732331
42086.50499730048
42105.11499729073
42119.58499728315
42168.479997257535
42183.20499724982
42206.51499723761
42251.98999721379
42267.359997205735
42363.644997155294
42381.394997145995
42408.349997131874
42433.714997118586
42447.0449971116
42521.714997072486
42533.28999706642
42569.99999704719
42599.9499970315
42615.65499702327
42678.359996990424
42692.51999698301
42749.484996953164
42772.21499694126
42878.369996885645
43038.05499680199
43086.744996776484
43119.42999675936
43132.85499675233
43173.34499673112
43190.10499672234
43199.77999671727
43212.024996710854
43228.88499670202
43240.389996695994
43258.75999668637
43329.339996649396
43434.25999659443
43447.614996587436
43462.16499657981
43475.64499657275
43494.23999656301
43512.71499655333
43536.529996540856
43560.944996528066
43582.21999651692
43674.40499646863
43719.039996445244
43765.6999964208
43779.68999641347
43861.84499637043
43915.26499634245
44020.57999628728
44066.184996263386
44090.15499625083
44134.254996227726
44230.41999617735
44240.884996171866
44277.48499615269
44298.72999614156
44320.809996129996
44360.114996109405
44390.26999609361
44523.02499602406
44540.35999601498
44557.61999600594
44569.95499599948
44583.339995992465
44626.92999596963
44648.59999595828
44676.2299959438
44720.5199959206
44736.144995912415
44752.21999590399
44771.53999589387
44878.59999583779
44889.41999583212
44903.10499582495
44917.43999581744
44928.579995811604
44940.029995805606
44971.29499578923
45106.849995718214
45152.89499569409
45196.449995671275
45206.93499566578
45216.36499566084
45230.62999565337
45244.22499564625
45259.59999563819
45346.56999559263
45410.644995559065
45425.189995551445
45437.40499554505
45450.4799955382
45483.164995521074
45502.93499551072
45591.854995464135
45613.06999545302
45771.91499536981
45799.37499535542
45833.65999533746
45851.56499532808
45868.49499531921
45908.65999529817
45953.90499527447
45967.499995267346
45976.7499952625
45989.154995256
46004.70999524785
46070.4749952134
46080.524995208136
46103.66999519601
46124.75999518496
46141.839995176015
46172.0349951602
46187.939995151864
46214.414995137995
46289.984995098406
46324.01499508058
46388.6849950467
46411.51499503474
46442.45499501853
46472.38499500285
46503.24999498668
46536.8099949691
46605.47499493313
46622.28999492432
46639.614994915246
46728.16499486886
46796.869994832865
46818.91999482131
46832.16999481437
46846.16499480704
46897.449994780174
47021.58999471514
47037.20499470696
47052.25499469908
47069.50499469004
47087.92999468039
47112.81499466735
47139.59999465332
47203.16499462002
47245.3849945979
47378.96999452792
47429.069994501675
47549.099994438795
47653.08499438432
47678.27999437112
47697.90499436084
47763.05999432671
47789.09999431307
47804.83499430482
47816.439994298744
47889.4399942605
48121.73499413881
48157.43499412011
48173.6749941116
48215.524994089676
48251.20999407098
48282.49999405459
48301.079994044856
48320.514994034675
48335.90499402661
48352.13499401811
48365.869994010915
48502.43499393937
48518.45499393098
48534.33499392266
48582.46499389745
48629.62999387274
48656.08499385888
48671.974993850556
48696.80499383755
48771.22499379856
48814.80499377573
48882.34499374035
48898.079993732106
48959.40499369998
49012.769993672024
49104.66999362388
49138.02499360641
49156.05499359696
49237.77499355415
49344.264993498364
49360.069993490084
49465.13999343504
49508.47499341234
49545.88499339274
49560.37499338515
49576.629993376635
49594.94999336704
49610.74999335876
49629.01999334919
49704.9699933094
49756.939993282176
49866.509993224776
49885.174993215
49899.31499320759
49912.15999320086
49927.86999319263
49949.83999318112
