438.8249999996734
598.0849999995286
720.0249999994177
777.1749999993657
826.1849999993211
930.8599999992259
1055.09499999982
1068.1650000001052
1161.5100000021428
1188.8050000027386
1241.2500000038833
1292.3950000049997
1325.6500000057256
1483.2400000091654
1506.0250000096628
1771.2100000154512
2015.8550000207913
2027.0350000210353
2058.5150000217222
2068.7850000219464
2084.52500002229
2258.850000026095
2403.0850000292435
2513.940000031663
2526.355000031934
2541.875000032273
2572.7750000329474
2603.7500000336236
2663.1150000349194
2686.5700000354313
3191.36500004645
3211.51500004689
3220.960000047096
3232.055000047338
3265.5500000480693
3303.8200000489046
3316.2200000491753
3328.070000049434
3347.370000049855
3369.9650000503484
3384.9850000506763
3722.1250000580353
4076.565000065772
4098.250000066245
4109.545000066491
4163.400000067667
4173.060000067878
4187.585000068195
4203.520000068543
4274.535000070093
4285.560000070333
4349.915000071738
4435.185000073599
4563.630000076403
4602.940000077261
4613.090000077483
4625.78000007776
4827.84500008217
4845.980000082566
4903.935000083831
4920.100000084184
4988.385000085675
5098.895000088087
5146.560000089127
5173.075000089706
5232.230000090997
5278.300000092003
5326.445000093054
5352.205000093616
5364.985000093895
5385.665000094346
5496.930000096775
5510.350000097068
5545.380000097833
5770.965000102757
5795.335000103289
5811.920000103651
5849.840000104478
5879.400000105124
6230.055000112778
6273.750000113731
6422.57500011698
6454.080000117668
6592.310000120685
6602.1750001209
6612.100000121117
6703.260000123107
6754.885000124234
7029.010000130217
7044.385000130553
7147.715000132808
7200.620000133963
7239.6750001348155
7258.390000135224
7290.875000135933
7299.195000136115
7308.59000013632
7318.850000136544
7333.935000136873
7374.955000137768
7390.835000138115
7576.295000142163
7591.7950001425015
7846.225000148055
7990.110000151196
8011.895000151671
8045.005000152394
8059.980000152721
8264.17000014405
8288.375000140175
8310.390000136651
8333.805000132903
8385.285000124662
8498.420000106553
8515.415000103832
8527.630000101877
8538.440000100147
8554.10000009764
8653.62000008171
8807.650000057054
8821.300000054869
8833.440000052926
9113.28500000813
9139.185000003985
9150.935000002104
9274.96999998225
9355.689999969329
9403.049999961748
9412.329999960262
9423.039999958548
9437.134999956292
9624.914999926234
9635.30999992457
9644.469999923103
9680.944999917265
9816.864999895508
9827.169999893858
9914.169999879932
10004.51499986547
10052.05499985786
10062.36499985621
10082.179999853039
10225.624999830077
10435.974999796406
10468.324999791228
10483.509999788797
10498.904999786333
10534.7249997806
10561.469999776318
10576.20499977396
10613.92999976792
10624.824999766177
10800.28999973809
10870.654999726827
10973.059999710435
11015.499999703641
11574.82499961411
11591.18499961149
11623.629999606297
11640.024999603673
11690.70499959556
11705.444999593201
11715.609999591574
11726.269999589867
12299.61999949809
12359.324999488534
12660.054999440395
12726.984999429682
12762.994999423918
12796.794999418507
12843.13499941109
12930.999999397025
13276.69499934169
13301.30499933775
13353.724999329359
13445.444999314677
13476.174999309758
13519.39999930284
13618.339999287002
13683.029999276647
13694.75499927477
13706.679999272861
14017.67499922308
14065.544999215417
14096.69999921043
14107.144999208758
14116.354999207284
14140.139999203477
14148.67499920211
14227.20999918954
14262.279999183926
14275.954999181737
14384.19499916441
14590.884999131325
14647.734999122225
14663.749999119662
14762.199999103903
14762.494999103856
14884.529999084321
14895.84499908251
14913.624999079664
14932.154999076698
15040.664999059329
15098.979999049994
15243.549999026853
15254.234999025142
15330.004999013014
15395.43499900254
15519.784998982635
15530.419998980933
15542.394998979016
15807.024998936657
15826.919998933472
15838.514998931616
15850.504998929697
16208.414998872406
16242.67999886692
16259.654998864204
16322.074998854212
16655.25999889956
16711.80499891108
16748.359998918528
16756.499998920186
16766.159998922154
16782.13999892541
16843.559998937923
16877.41499894482
17106.34499899146
17122.84499899482
17134.609998997217
17148.599999000067
17261.594999023087
17404.519999052205
17490.039999069628
17499.839999071624
17510.22999907374
17760.629999124754
17934.214999160118
17961.184999165613
17999.244999173367
18194.309999213106
18207.71999921584
18551.07499928579
18578.994999291477
18703.109999316763
18814.57499933947
18828.21499934225
18849.61499934661
19134.524999404653
19165.61999941099
19181.47999941422
19238.774999425892
19248.19499942781
19323.33499944312
19336.954999445894
19487.43499947655
19498.72499947885
19663.99999951252
19694.149999518664
19714.374999522784
20000.104999580995
20083.81999959805
20520.889999687093
20747.94499973335
20846.814999753493
20922.179999768847
20945.689999773636
21316.764999849234
21339.649999853897
21409.779999868184
21517.74499989018
21601.04999990715
21623.859999911798
21649.084999916937
21662.60499991969
21895.339999967106
22172.330000023536
22410.75500007211
22420.23500007404
22613.295000113372
22660.290000122946
22672.650000125464
22714.915000134075
22731.320000137417
23010.73000019434
23577.085000309722
23655.405000325678
23733.740000341637
23755.34500034604
24045.140000405077
24057.095000407513
24068.240000409784
24491.770000496068
24504.420000498645
24559.945000509957
24636.695000525593
24657.125000529755
24811.57000056122
25306.83500066212
25323.4400006655
25344.270000669745
25365.860000674144
25424.805000686152
25478.475000697086
25580.330000717837
25605.950000723056
25679.55000073805
25751.65500075274
25916.515000786327
25942.655000791652
25989.87000080127
26397.190000884253
26434.055000891763
26445.310000894056
26706.195000947206
26716.895000949386
26729.39000095193
26748.8700009559
26827.730000971966
26845.105000975505
26887.895000984223
27281.140001064337
27685.250001146665
27700.82500114984
28204.99000125255
28257.32000126321
28268.810001265552
28281.450001268127
28310.850001274117
28494.065001311443
28587.965001330573
28618.67500133683
28771.62500136799
28789.11000137155
28825.115001378887
28953.075001404955
28962.260001406827
29191.565001453542
29207.320001456752
29342.29500148425
29465.10000150927
29477.095001511712
29785.955001574635
30050.910001628614
30066.11000163171
30112.565001641175
30210.135001661052
30233.15000166574
30464.985001712972
30482.55500171655
30499.54000172001
30513.755001722908
30554.680001731245
30929.9650018077
30940.86500180992
30998.34500182163
31098.530001842042
31173.550001857326
31439.36500191148
31476.32500191901
31520.135001927934
31733.035001971308
31806.655001986306
31823.940001989828
31857.03000199657
31909.095002007176
31926.370002010695
31945.595002014612
32064.8050020389
32122.370002050626
32162.660002058834
32176.29500206161
32294.015002085594
32361.54000209935
32374.870002102067
32389.200002104986
32539.76000213566
32642.035002156495
33219.28000194574
33230.93000193964
33263.140001922766
33278.3500019148
33300.94500190296
33472.8550018129
33744.28500167071
33769.17500165767
33910.92500158341
34135.51000146576
34151.05000145762
34233.91500141421
34242.530001409694
34253.620001403884
34264.12500139838
34277.650001391296
34290.710001384454
34309.08500137483
34557.15500124487
34600.69500122206
34613.2150012155
34738.050001150106
34842.565001095354
34861.5650010854
34892.41000106924
35068.23500097713
35083.41500096918
35192.58500091199
35258.55500087743
35407.85000079922
35444.300000780124
35461.880000770914
35660.99000066661
35671.87000066091
35869.03500055762
35999.550000489246
36065.76500045456
36756.30000009281
36821.90000005844
36838.57000004971
36852.19500004257
36860.69000003812
37052.47499993765
37124.60999989986
37174.5449998737
37547.59999967827
37752.069999571155
37772.16499956063
37785.43999955367
37798.34999954691
37830.03999953031
37844.514999522726
37855.38499951703
38095.439999391274
38109.584999383864
38322.07499927255
38464.63999919786
38613.904999119666
38662.889999094004
38732.62499905747
38758.219999044064
38989.44499892293
39365.889998725725
39434.264998689905
39682.55499855983
39695.26999855317
39838.68499847804
39852.53499847079
39885.67999845342
39898.56999844667
40003.48499839171
40022.75999838161
40034.19499837562
40585.134998087
40599.119998079674
40766.81499799182
40822.13999796284
40936.34999790301
40969.379997885706
41026.4649978558
41048.26999784438
41061.45999783747
41128.464997802366
41201.01499776436
41380.57999767029
41406.819997656545
41419.609997649844
41556.42499757817
41601.94999755432
41661.634997523055
41880.8849974082
42003.764997343824
42124.574997280535
42141.849997271485
42190.90499724579
42430.67499712018
42582.36999704071
42628.669997016455
42682.654996988174
42735.164996960666
42758.094996948654
42853.80999689851
42865.81999689222
42879.55999688502
42895.17499687684
42964.39499684058
43153.209996741665
43219.009996707195
43255.47999668809
43278.12999667622
43291.41999666926
43306.299996661466
43440.79499659101
43694.91499645788
43742.62999643289
43752.35499642779
43763.019996422205
43854.624996374216
43866.31999636809
44057.97499626769
44099.35999624601
44114.194996238235
44246.02999616917
44375.40999610139
44420.319996077866
44435.32999607
44451.109996061736
44462.259996055895
44489.23499604176
44500.284996035974
44975.549995787
44995.33999577663
45081.93999573126
45094.399995724736
45107.97999571762
45128.08499570709
45241.499995647675
45306.934995613396
45318.03999560758
45410.279995559256
45423.46499555235
45437.47999554501
45513.50999550518
45531.25499549588
45623.91999544734
45669.429995423496
45681.19499541733
45706.309995404175
45732.13499539065
45775.68999536783
45791.90999535933
45811.604995349015
45826.54499534119
45843.24999533244
45867.02999531998
45880.33999531301
45981.074995260235
45997.889995251426
46008.48999524587
46098.16999519889
46292.30999509719
46307.45999508925
46436.49999502165
46642.12499491393
47218.62499461192
47337.9749945494
47346.86499454474
47368.96499453316
47383.15499452573
47439.84999449603
47497.884994465625
47599.84999441221
47622.22499440049
47660.54499438041
47678.024994371255
47691.194994364356
47702.249994358564
47745.80499433575
47755.76499433053
47768.104994324065
47865.29999427315
47975.044994215656
47994.494994205466
48129.9599941345
48315.59499403725
48327.41499403106
48370.794994008334
48386.53499400009
48489.219993946295
48552.899993912935
48562.03999390815
48633.86999387052
48647.274993863495
48664.379993854534
48674.839993849055
48695.644993838156
48749.799993809786
48768.71499379988
48841.95499376151
48931.1199937148
49247.9899935488
49263.21499354082
49428.539993454215
49474.619993430075
49490.35499342183
49501.01499341625
50104.70499309999
50116.31499309391
50131.01499308621
50144.2099930793
50166.04499306786
50177.47999306187
50276.14499301018
50384.42999295345
50397.959992946366
50529.05499287769
50806.89499273214
50843.73499271284
50860.55499270403
50873.08499269746
51042.57999260867
51135.51499255998
51238.724992505915
51260.789992494356
51286.58999248084
51358.99499244291
51386.224992428644
51638.079992296705
51666.48999228182
51701.57499226344
51712.99999225746
51822.25999220022
52080.309992065035
52093.62999205806
52163.86499202126
52231.98499198558
52267.85999196678
52283.259991958716
52327.28999193565
52349.3399919241
52391.10499190222
52437.06999187814
52446.29499187331
52456.51999186795
52467.389991862256
52503.714991843226
52574.9599918059
52946.77499161112
53042.88499156077
53063.56499154994
53194.154991481526
53476.28499133373
53502.59999131994
53516.92499131244
53532.084991304495
53549.86499129518
53800.51499116387
53831.59999114759
53876.14999112425
53904.98999110914
53931.27999109537
53957.994991081374
54086.94999101382
54121.604990995664
54237.93499093472
54248.769990929046
54261.539990922356
54274.52999091555
54329.20499088691
54337.4349908826
54350.48999087576
54363.82499086877
54485.034990805274
54687.104990699416
54696.02499069474
54732.33999067572
54788.02499064655
54845.239990616574
54856.039990610916
54872.00999060255
54882.13999059724
54996.25499053746
55129.7999904675
55380.78499033602
55478.56999028479
55647.824990196124
55658.7549901904
55743.3149901461
55760.22499013724
55781.44999012612
55791.91999012064
55801.5299901156
55813.3699901094
55825.98499010279
55835.5099900978
55845.34499009265
55987.86499001799
56054.44498998311
56068.43498997578
56092.894989962966
56106.64498995576
56129.63998994372
56144.759989935796
56460.92498977017
56503.9999897476
56537.779989729905
56651.01998967058
56953.86498951193
56968.08998950448
57008.39998948336
57117.08998942642
57132.299989418454
57152.894989407665
57478.00998923735
57493.954989228994
57530.449989209876
57555.13998919694
57668.73998913743
57826.229989054926
57836.16498904972
58090.249988916614
58404.314988752085
58773.53998855866
58810.79998853914
58841.87498852286
58855.43498851576
58882.53498850156
59084.29998839586
59096.08498838969
59172.29998834976
59189.024988341
59255.844988305995
59316.43998827425
59410.12498822517
59424.62998821757
59442.06498820844
59542.77498815568
59623.76998811325
59682.29998808259
59699.01998807383
59790.464988025924
59803.22998801924
59931.60998795198
60658.91998757097
60671.66998756429
60732.59498753237
60751.11998752267
61073.21998735393
61107.51498733596
61221.72998727613
61237.72998726775
61257.55998725736
61338.92998721473
61431.234987166376
61466.10498714811
61499.36998713068
61669.12998704175
61974.559986881744
62008.6199868639
62112.40998680953
62135.76998679729
62151.91998678883
62269.08498672745
62280.88998672127
62371.80998667364
62386.08998666616
62407.51498665493
62446.53498663449
62552.739986578854
62621.76998654269
62756.44998647214
62774.19998646284
62788.74498645522
62801.369986448604
62878.89498640799
62897.55998639821
62910.01498639169
63005.53498634165
63015.429986336465
63030.319986328665
63057.11498631463
63073.9599863058
63349.58498616141
63515.04998607473
63570.51498604567
63587.80998603661
63731.09498596155
63896.13998587509
64134.354985750295
64171.81998573067
64294.51498566639
64461.12498557911
64473.64498557255
64485.40998556639
64495.84998556092
64804.87498539903
64826.95498538746
65052.25998526943
65158.444985213806
65171.73998520684
65253.49498516401
65276.814985151796
65297.449985140986
65407.27498508345
65893.4449853489
66112.1599855526
66138.8899855775
66585.034985993
66620.40498602594
67133.68998650397
67204.30998656974
67216.02998658066
67246.57998660911
67256.66998661851
67274.4899866351
67295.71498665487
67466.59998681402
67502.84498684778
67919.35498723568
67929.93998724554
67948.45998726279
67960.00498727354
67971.5649872843
68118.82998742146
68397.48498768097
68406.6449876895
68415.6649876979
68426.46498770796
68438.33998771902
68448.49998772849
68457.93998773728
68470.0949877486
68495.77998777252
68830.17498808395
68866.65498811792
68929.62998817657
69046.49498828541
69153.24998838484
69279.059988502
69409.53498862352
69497.90998870583
69512.89498871978
69608.29498880863
69646.55998884427
69752.64998894307
69858.53498904168
69989.01998916321
70272.61998942733
70281.91998943599
70298.43998945138
70367.9299895161
70391.05998953764
70424.96498956921
70439.4499895827
70496.79998963611
70513.46498965163
70561.97498969681
70570.99498970521
70594.29998972692
70729.16498985252
70781.98498990171
71047.24999014876
71266.88999035332
71720.50499077578
71731.12499078567
71745.29999079887
71878.31499092275
71953.80499099306
71977.88999101549
71992.09499102872
72225.77999124635
72251.76999127056
72266.57999128435
72278.15999129514
72323.39499133726
72336.25499134924
72393.29999140237
72460.51499146497
72559.63999155728
72610.88999160501
72666.45499165676
72789.69499177154
72802.59999178356
73114.58999207412
73169.19999212498
73225.55499217747
73634.39999255823
73750.06499266595
73764.46499267936
73880.33499278728
74043.16499293892
74153.17999304138
74184.15999307024
74219.43499310309
74229.91999311285
74616.69499347307
74649.33499350346
74708.4249935585
74819.95999366237
74828.6899936705
74841.42499368236
74853.76999369386
74868.39499370748
74880.6549937189
74894.02999373135
75059.13499388512
75112.45999393478
75142.76999396301
75190.07499400707
75223.05499403778
75243.91499405721
75263.51499407546
75386.01499418955
75533.22499432665
75582.83499437285
75592.649994382
75607.22999439557
75622.3949944097
75657.4099944423
75681.06499446434
75717.47499449825
75775.86999455263
75785.66999456176
75806.13999458082
76068.06499482476
76079.65999483556
76095.13499484997
76239.30999498424
76254.36499499826
76484.20499521232
76497.9249952251
76510.8049952371
76522.9399952484
76532.36999525718
77457.99999611924
77468.93999612943
77628.13999627769
77647.24999629549
77663.71999631083
77698.75999634346
77710.9299963548
78006.47499663004
78116.02499673207
78189.80499680078
78206.30999681616
78253.48499686009
78314.49499691691
78336.44499693735
78378.39499697642
78448.33999704156
78699.17499727517
78793.7999973633
79084.17999763374
79245.96999778441
79406.43999793386
79460.33999798406
79471.85999799479
79481.07499800337
79501.35999802226
79546.46999806428
79567.82999808417
79582.19499809755
79608.454998122
79640.19999815157
79650.25999816094
79884.88999837945
80062.48499854485
80078.8549985601
80094.97999857512
80117.7299985963
80155.22499863122
80242.30999871233
80269.96499873808
80445.07999890117
80460.41499891545
80722.10999915918
80925.96499934903
81209.20999961282
81395.84499978664
81406.70499979676
81504.61999988795
81783.03000014724
81820.42500018206
81880.79000023828
81952.06500030466
81963.54000031535
82009.73000035837
82024.74000037235
82046.39500039251
82065.19000041002
82188.37500052474
82202.23000053765
82225.78000055958
82235.76500056888
82247.82500058011
82258.39500058995
82349.02500067436
82492.6250008081
82794.43000108917
82993.35000127443
83273.26000153512
83290.57000155124
83430.1100016812
83684.88500191848
83859.05500208068
83879.30500209954
83904.76500212325
83975.75000218936
84030.52000224037
84043.36500225234
84063.28500227089
84084.1350022903
84151.53000235307
84204.62500240252
84339.63000252825
84352.83500254055
84371.0250025575
84481.8500026607
84875.24500302708
84952.17500309873
85313.3550034351
85367.18500348524
85387.74500350439
85412.6700035276
85462.46500357398
85496.5250036057
85508.13500361651
85524.75500363199
85562.81000366743
85592.81000369537
85611.14000371244
85937.10500401602
85950.90000402887
85971.58500404813
86188.0150042497
86224.57500428375
86268.64500432479
86286.33000434126
86517.52500455658
86532.51500457054
86543.37500458065
86587.58000462182
86601.54500463483
86682.63000471034
86696.3350047231
86754.90000477765
87121.35500511894
87132.90000512969
87149.06500514474
87753.07500570727
87830.34500577924
87886.16000583122
88028.4100059637
88172.68000609806
88210.50000613328
88529.7400064306
88575.64500647335
88589.03000648582
88625.36500651966
88728.94500661612
88740.90000662726
88823.13500670384
88919.47000679356
88928.9650068024
88939.1600068119
88964.2900068353
88991.39500686055
89038.55500690447
89120.70500698098
89150.1450070084
89171.3050070281
89201.07000705582
89429.84500726889
89659.68000748294
89717.46000753675
89837.39000764844
89869.70500767854
89903.21000770974
89949.53500775289
90103.10500789591
90159.61000794853
90171.05500795919
90185.3450079725
90298.0900080775
90308.42500808713
90318.83000809682
90328.31500810565
90345.1100081213
90361.38000813645
90370.47000814491
90382.8050081564
90397.24000816984
90413.57000818505
90447.37000821653
91013.3050087436
91026.7350087561
91039.30000876781
91123.11000884586
91133.90000885591
91145.09000886633
91155.95000887645
91496.76000919385
91520.93000921636
91534.1850092287
91729.40000941051
91827.18500950158
91842.84500951617
91904.09500957321
91918.48500958661
91978.36500964238
92257.60000990244
92481.45501011092
92536.29001016199
92940.33001053828
93141.0350107252
93212.88001079211
93238.99501081643
93353.23501092283
93368.96001093747
93467.07501102885
93528.36501108593
93543.28501109983
93601.98001115449
93644.14501119376
93686.16001123289
93777.52501131798
93899.75001143181
93915.13001144613
94028.15001155139
94058.77501157991
94071.39001159166
94096.9850116155
94123.03001163976
94136.22001165204
94147.91501166293
94172.22001168557
94277.82001178392
94291.85001179698
94506.13001199655
94888.61501235276
95015.86001247127
95100.23501254985
95473.02501289704
95482.07001290546
95499.27001292148
95511.90001293324
95578.91001299565
95809.26501321018
95830.96001323039
95845.51001324394
95941.08001333295
95952.01001334313
95985.31501337414
96057.8500134417
96068.78001345188
96081.43001346366
96095.6450134769
96106.11001348664
96118.40001349809
96176.23501355195
96214.85501358792
96226.9700135992
96488.82501384307
96623.44501396845
96637.0250139811
96740.50501407747
96842.94501417287
96900.87001422682
96943.82501426683
97103.53001441556
97160.25501446839
97202.68501450791
97227.22001453076
97244.96001454728
97345.55001464096
97448.47501473682
97462.38001474977
97497.5200147825
97648.07501492271
97713.32001498347
97809.19501507276
97893.98001515173
97907.60001516441
98078.6350153237
98252.06001548521
98470.04501568823
98492.74001570937
98539.24501575268
98560.93001577287
98572.90001578402
98590.97001580085
98823.10501601704
98865.38001605641
99249.80001641443
99677.79001681303
99694.02501682815
99953.70001706999
100034.04001714481
100302.43501739478
100318.6700174099
100378.00501746516
100396.90501748276
100481.63501756167
100586.93001765973
100628.94001769886
100639.65501770884
100713.95001777803
100730.65001779358
100745.90001780778
100773.48501783347
101082.38501812116
101205.1550182355
101413.99001842999
101424.45501843974
101436.83501845127
101455.28001846845
101534.4800185422
101547.88001855469
101584.58501858887
101856.31001884193
101993.70001896989
102008.67001898383
102081.56501905172
102148.57001911412
102162.12001912674
102559.17001949652
102641.20001957292
102660.1850195906
102701.87001962942
102747.590019672
102771.83001969458
102925.42501983762
102964.47001987399
102974.61501988344
102986.1650198942
103023.69501992915
103054.04501995741
103066.9200199694
103124.2550200228
103138.28002003586
103261.22002015036
103377.46002025862
103402.06502028153
103419.25502029754
103488.66502036218
103698.29502055742
103750.20002060576
103764.8450206194
103830.62502068066
103845.7050206947
103858.3750207065
103899.31002074463
103949.03002079093
103982.63502082223
103993.08502083196
104011.42502084904
104098.55002093018
104169.59002099634
104190.12002101546
104228.69002105138
104510.55002131389
104540.21002134151
104551.71502135223
104971.77502174344
105003.07002177258
105021.06002178934
105062.12502182758
105316.47502206446
105480.86002221756
105542.71502227517
105587.05502231646
105601.58502233
105813.51002252736
106017.4500227173
106095.4000227899
106104.7450227986
106121.11002281384
106366.78002304264
106379.87502305483
106531.20502319577
106556.84002321964
106568.69502323068
106786.3550234334
106822.34002346691
106851.78502349433
107136.25502375927
107146.14502376848
107157.52502377908
107194.57502381358
107212.86002383061
107307.8750239191
107341.1600239501
107353.66002396174
107369.04002397606
107398.98502400395
107567.46002416086
107769.2700243488
107779.52002435835
107792.01002436999
107808.15502438502
107870.66002444323
107956.61502452329
108019.25502458162
108037.72502459883
108062.04002462147
108072.01002463076
108094.64502465184
108162.31002471485
108321.97502486355
108416.52502495161
108508.38002503716
108520.025025048
108536.07502506295
108607.89002512983
108648.68002516782
108664.07502518216
108675.86502519314
108833.04002533952
108849.71502535505
108970.3450254674
109115.14502560225
109132.56502561847
109174.72502565774
109193.44002567517
109205.99002568686
109233.03502571204
109445.86002591025
109521.3900259806
109825.97502626426
109837.48502627498
109860.72502629663
109915.37002634752
109924.88002635638
110194.8400266078
110242.44002665213
110298.17502670403
110318.70002672315
110403.68002680229
110479.00002687244
110498.76502689085
110556.29502694443
110577.68502696435
110771.9850271453
110781.22502715391
110790.70502716274
110833.33502720244
110852.39002722019
110864.76502723171
110875.29502724152
110916.15002727957
111156.40502750332
111178.70002752409
111194.02002753835
111438.65502776619
111653.76502796652
111671.68002798321
111758.41002806398
111805.52502810786
111891.93502818834
111902.97502819862
111923.05002821732
112009.73002829804
112085.22502836835
112103.98002838582
112119.5300284003
112264.66002853547
112284.69502855412
112333.99002860003
112517.10002877057
112532.66002878506
112790.92002902558
112888.27002911625
113122.03502933396
113155.51502936514
113189.75502939703
113369.27002956421
113393.71502958698
113520.21502970479
113534.90502971847
113893.54503005248
113906.99503006501
113922.83503007976
114079.2150302254
114255.97003039002
114272.2750304052
114633.21003074135
114642.04003074957
114651.88003075874
114662.6900307688
114683.21003078792
114786.18003088381
114818.89503091428
114850.46503094368
114894.79503098497
114919.80003100826
115358.91003141721
115384.6700314412
115398.18003145378
115500.24003154883
115554.100031599
115594.34003163647
115634.1050316735
115751.00503178238
115789.51003181824
115803.59503183136
115916.35503193637
115934.215031953
115981.76003199728
115990.53003200545
116007.6550320214
116044.67503205588
116089.0400320972
116100.88503210823
116228.06503222667
116243.93503224145
116256.83503225347
116300.9000322945
116393.62003238086
116504.81503248442
116545.22503252205
116557.02003253304
116855.12003281066
116921.55003287253
116996.00003294187
117007.24503295234
117018.3700329627
117059.7050330012
117073.49503301404
117152.44003308757
117231.80503316148
117244.8200331736
117267.67003319488
117300.51503322547
117358.00503327901
117374.3150332942
117402.96003332088
117501.30503341247
117510.34003342089
117528.6100334379
117679.09503357805
117777.43503366964
117930.88503381255
117959.81503383949
117976.06503385463
118053.85003392707
118095.05503396544
118209.51003407204
118225.87003408727
118240.79503410117
118255.57503411494
118519.5600343608
118550.96003439004
118650.775034483
118665.01503449626
118736.12003456248
118839.92003465915
118971.43003478163
119444.86503522255
119543.4800353144
119560.85003533057
119697.44003545778
119714.3200354735
119751.19003550784
119815.38003556762
119898.40003564494
119912.83003565838
120023.08503576106
120079.21003581333
120097.12503583002
120118.89003585029
120501.20003620634
120559.80003626092
120572.18003627245
120770.65003645729
120885.14503656392
120898.23503657611
120914.9750365917
120928.23503660405
121046.20503671392
121603.05503723252
121939.02503754542
122006.01503760781
122075.06003767211
122086.81003768306
122096.1000376917
122371.285037948
122384.77003796055
122395.51003797055
122440.21503801219
122468.02003803808
122510.50003807765
122780.1800383288
122789.69003833766
122800.2500383475
122809.86503835645
123106.51003863272
123210.47503872955
123224.83503874292
123245.4200387621
123439.5650389429
123451.05503895361
123490.76003899059
123642.610039132
123652.84003914153
123701.15503918653
123740.71003922337
123859.46503933397
124045.260039507
124059.92503952066
124073.01503953285
124090.63003954926
124187.71003963967
124209.2100396597
124222.98003967252
124231.27503968024
124290.86003973574
124310.43003975396
124332.84503977484
124359.0000397992
124406.3500398433
124526.66503995535
124536.54003996454
124709.96504012606
124734.65504014905
124847.42504025408
124860.04504026583
124875.16504027991
124917.32004031917
124935.72504033631
125008.31504040392
125313.83004068845
125381.83504075179
125390.1200407595
125410.54004077852
125424.82004079182
125552.07004091033
125591.18504094676
125607.08004096156
125626.11504097929
125643.27004099527
125663.96504101454
125696.92504104524
126030.54504135594
126041.75504136638
126178.31004149356
126187.7950415024
126211.91504152486
126224.53004153661
126378.22504167975
126561.73004185065
126604.22504189023
126754.02504202974
126874.74504214217
127255.88504249713
127280.0100425196
127357.50504259177
127365.94504259963
127386.82504261908
127427.05004265654
127545.2200427666
127573.83504279325
127747.0850429546
127754.8150429618
127766.21504297241
127780.82004298602
127875.82004307449
127902.34004309919
128047.67504323454
128098.49504328187
128118.65504330065
128339.01004350587
128348.61004351481
128430.32504359091
128448.84504360816
128465.79504362395
128603.84504375252
128630.21004377707
128665.7800438102
128729.20004386926
128746.100043885
128975.72504409886
129009.14504412998
129129.72004424228
129272.39504437515
129368.1100444643
129380.37504447572
129390.49004448514
129401.52504449541
129445.02004453592
129457.06004454714
129497.67504458496
129522.86504460842
129548.69004463247
129578.87504466058
129646.39504472347
129663.57504473947
129684.62504475907
130016.17004506785
130401.6950454269
130432.38504545548
130514.4400455319
130527.81504554435
130546.35504556162
130591.17004560336
130604.08004561538
130621.90004563198
130701.89504570648
130718.80004572222
130731.18004573375
130745.10004574672
131012.56004599581
131026.725046009
131042.60004602378
131091.21504606906
131100.79504607798
131450.1050464033
131464.2700464165
131490.4800464409
131519.09504646756
131610.4050465526
131645.0850465849
131659.52004659834
131793.75504672335
132017.5850469318
132028.49504694197
132038.5100469513
132055.62004696723
132200.5450471022
132221.02004712127
132338.850047231
132352.1500472434
132407.3350472948
132433.88004731952
132566.19004744274
132915.8750477684
132933.21504778456
133119.93004795845
133169.18004800432
133188.0650480219
133339.15504816262
133351.97004817455
133403.0300482221
133658.95504846046
133755.44504855032
133780.9650485741
133792.21504858456
133970.57504875067
134144.29004891246
134159.1450489263
134251.31504901213
134274.4600490337
134441.19004918897
134480.05504922516
134590.5900493281
134628.43504936335
134678.56504941004
134694.76004942512
134801.5800495246
134813.42004953563
134919.60004963452
134992.84504970274
135009.9800497187
135119.37004982057
135186.26004988287
135201.15004989674
135278.66504996893
135355.11505004013
135375.9050500595
135491.92005016754
135543.04505021515
135578.23505024792
135590.95505025977
135812.0650504657
135829.39505048183
135945.61505059007
136042.73505068052
136069.07005070505
136137.9500507692
136153.12505078333
136167.10505079635
136264.35005088692
136276.4650508982
136301.78505092178
136321.53005094017
136330.74005094875
136382.1350509966
136393.03505100677
136496.76005110337
136571.68505117315
136611.6750512104
136623.44505122135
136785.69505137246
136809.53505139466
136823.62505140778
136878.00505145843
136888.43005146814
137014.2300515853
137059.8750516278
137085.66005165182
137096.98005166237
137108.20505167282
137128.33005169156
137138.9000517014
137188.99505174806
137408.2850519523
137423.81505196675
137513.64505205041
137883.67005239503
138050.6200525505
138074.2250525725
138098.36505259498
138168.17505266
138295.18005277828
138394.44005287072
138407.61005288298
138419.445052894
138560.98505302583
138587.73505305074
138602.47505306447
138628.9350530891
138649.92505310866
138757.42005320877
138825.65505327232
138849.23505329428
139011.77505344566
139172.16505359503
139198.51505361957
139224.68505364395
139394.8400538024
139514.9900539143
139608.13505400106
139624.51505401632
139685.23005407286
139696.26505408314
139789.53005417
139898.2000542712
139955.24505432433
139998.64505436475
140007.88505437336
140022.25505438674
140037.10005440057
140191.9600545448
140271.14005461853
140348.67505469074
140549.04005487735
140561.37505488883
140585.36005491117
140739.43005505466
140813.53005512367
140826.8850551361
140867.0200551735
140922.61005522526
140946.10005524714
140984.620055283
141004.64505530166
141017.12505531328
141176.2750554615
141348.76505562215
141365.91505563812
141485.67005574965
141495.78005575907
141656.3350559086
141668.55005591997
141982.57505621243
142002.3000562308
142351.82505655632
142685.1050568667
142709.8800568898
142726.3350569051
142753.5950569305
142821.785056994
142935.51005709992
143007.1050571666
143057.87505721388
143466.62505759456
143481.1750576081
143523.11005764717
143534.37505765766
143767.23505787452
143788.70505789452
143877.34005797707
143997.17505808867
144010.57005810115
144024.88505811448
144158.7100582391
144171.5850582511
144279.32005835144
144735.22005877603
144754.67005879415
144808.33505884412
144895.90005892568
144918.22505894647
145007.45505902957
145020.2750590415
145034.62505905487
145101.4250591171
145118.14005913265
145319.25005931995
145401.6600593967
145411.81005940615
145423.30005941686
145440.82005943317
145489.26005947829
145529.36005951563
145626.66505960625
145639.74505961844
145651.06005962897
145662.91505964
145696.57505967136
145726.10505969886
145802.52505977004
145849.4200598137
145897.9400598589
145933.56005989207
146039.2450599905
146209.90006014943
146292.09506022598
146306.34506023925
146365.15506029403
146448.31506037147
146511.24006043008
146880.9550607744
146896.7250607891
146906.6000607983
146918.78006080963
146934.60506082437
147171.06006104458
147372.37006123207
147384.81006124365
147673.20006151224
147705.08006154193
147719.19506155507
147768.69006160117
147787.32506161853
147803.00506163313
147899.2800617228
147973.590061792
147988.02006180544
148028.5550618432
148086.93006189755
148135.15006194246
148181.2450619854
148208.5300620108
148222.40006202372
148280.0400620774
148296.49006209272
148730.29506249673
149069.84006281296
149094.4600628359
149240.26506297168
149630.03506333468
149644.60006334825
149656.97506335977
150594.61506423302
150717.9750643479
150732.73506436165
150770.2450643966
150854.40006447496
150885.42006450385
150961.78506457497
151052.99506465992
151172.01006477076
151273.61006486538
151540.11006511358
151551.0750651238
151563.83506513567
151599.36506516876
151632.21006519935
151642.12006520858
151655.22006522078
151664.76006522967
151673.65006523795
151686.9100652503
151711.90006527357
151757.75006531627
151774.28506533167
151898.52506544738
152020.4050655609
152134.83006566745
152419.3150659324
152441.24006595282
152493.8400660018
152515.2900660218
153463.04006690445
153505.66006694414
153717.73006714165
153862.34006727632
153976.38506738254
154077.46006747667
154092.45006749063
154100.85506749846
154112.175067509
154146.61506754108
154157.65006755135
154213.68006760353
154224.86006761395
154712.02506806765
154788.4200681388
154844.00506819057
154871.0000682157
154888.34506823187
154949.71006828902
154962.09006830055
155174.19006849808
155185.4850685086
155364.2800686751
155590.98506888625
155699.56006898737
155831.8800691106
155925.96506919822
155942.65506921377
155955.07506922534
155966.25506923575
155983.30006925162
156114.10006937344
156181.8250694365
156367.64006960957
156374.9650696164
156383.76006962458
156542.51006977243
156555.96506978496
156602.86506982864
156749.86506996554
157356.10507053015
157369.45507054258
157380.08007055247
157412.2250705824
157437.94507060637
157451.7250706192
157513.5600706768
157536.0250706977
157550.22507071093
157569.46007072885
157612.60007076903
158001.45007113117
158010.7300711398
158019.54507114802
158030.75007115846
158070.6350711956
158152.06507127144
158166.7250712851
158329.56507143675
158443.39507154276
158461.7800715599
158569.24007165997
158622.05007170915
158651.67507173674
158672.20007175585
158707.08007178834
158918.49007198523
158928.89507199492
158940.780072006
158952.14507201657
158983.80007204605
159132.32007218438
159190.2100722383
159311.29007235105
159320.41007235955
159359.08507239557
159389.46507242386
159429.7850724614
159438.34007246938
159447.1800724776
159460.95507249044
159868.35007286986
160005.22007299733
160029.07007301954
160043.8400730333
160125.6550731095
160180.49507316056
160279.17007325246
160314.24507328513
160337.05007330637
160360.0600733278
160495.33507345378
160533.5750734894
160551.16507350578
160567.45507352095
160583.620073536
160612.98507356335
160654.00007360155
160735.49007367744
160752.9350736937
160809.0100737459
160839.88507377467
160850.8750737849
160885.80007381743
160901.95007383247
160996.65507392067
161053.62507397373
161073.43007399217
161243.62507415068
161268.82007417415
161292.98007419665
161303.68507420662
161317.67507421965
161649.59507452877
161662.2000745405
161699.8700745756
161871.4550747354
161890.10007475276
161954.32507481257
162241.9950750805
162454.14507527807
162467.74507529073
162568.17507538426
162590.5350754051
162877.40007567225
162901.04507569427
162915.76507570798
162934.19507572515
162953.22007574287
163087.97507586837
163102.90007588227
163120.9650758991
163131.00007590844
163144.62007592112
163152.9750759289
163172.5250759471
163187.61507596116
163200.82507597347
163266.32507603447
163293.66507605993
163305.41507607087
163316.57507608127
163334.69007609814
163400.4550761594
163424.6250761819
163548.4200762972
163836.01507656503
163849.48007657757
163913.54507663724
163998.3150767162
164032.85507674835
164086.32007679815
164117.86007682752
164638.23007731215
164654.3850773272
164728.56007739628
165090.94507773378
165113.96507775522
165127.88507776818
165141.51007778087
165294.71007792355
165309.73507793754
165457.71507807536
165522.24007813545
165665.97507826932
165714.84007831482
165747.18507834495
165858.52007844864
165995.6900785764
166160.1900787296
166184.84007875255
166196.060078763
166372.0500789269
166505.45507905114
166633.77507917065
166774.99007930217
166787.46007931378
166836.9850793599
166971.29007948498
166990.66007950302
167052.09007956024
167060.3250795679
167072.4400795792
167115.79007961956
167230.89007972676
167240.76007973595
167429.2550799115
167441.95507992333
167452.85507993348
167537.180080012
167596.69008006743
167608.73008007865
167727.14508018893
167770.94008022972
167783.72008024162
167813.26508026914
168166.40508059802
168194.59508062428
168204.5050806335
168231.09508065827
168243.88008067018
168276.96008070098
168297.78008072037
168316.08008073742
168329.22008074966
168458.58508087014
169116.60508148297
169129.11508149462
169148.7400815129
169244.02008160163
169408.73008175503
169902.10508221452
170071.9500823727
170081.11508238123
170129.8350824266
170480.27008275298
170888.9600831336
170907.3350831507
170917.69508316036
170938.95008318016
170950.23008319066
171144.66008337174
171156.27008338255
171394.18508360413
171406.7250836158
171610.7250838058
171624.86508381896
171699.81008388876
171720.08008390764
171914.3850840886
172096.66008425836
172108.65508426953
172127.2150842868
172146.27008430456
172170.64008432726
172348.04508449248
172370.70508451358
172385.17008452705
172395.2100845364
172408.36008454865
172463.9150846004
172475.58008461125
172553.20008468354
172790.97008490498
172807.10008492
172886.29508499376
172921.30508502637
172992.27008509246
173008.92008510797
173031.89508512936
173152.01508524123
173177.0100852645
173228.89008531283
173239.33508532256
173281.75508536206
173351.40008542693
173376.14508544997
173405.57008547737
173625.05008568178
173765.79008581286
174155.26008617558
174175.19508619414
174331.40008633962
174348.92008635594
174364.68008637062
174454.225086454
174464.5150864636
174547.82508654118
174565.31008655747
174594.63008658477
174630.99008661864
174644.03008663078
174883.04008685338
174980.19008694385
175002.70508696482
175081.8200870385
175107.64008706255
175118.60508707276
175211.68008715945
175315.9950872566
175355.86008729372
175413.065087347
175425.7400873588
175541.00508746615
175606.1150875268
175623.04008754255
175645.82008756377
175966.13008786208
176368.78008823708
176380.1950882477
176391.84508825856
176408.69008827425
176429.72008829383
176458.97508832108
176812.2650886501
177047.1800888689
177244.17508905235
177282.59508908814
177292.30508909718
177306.00008910993
177357.44008915784
177443.79008923826
177551.97508933902
177623.3600894055
177749.39008952287
177859.8050896257
177871.33508963644
177886.66008965072
177938.48508969898
178292.88009002904
178313.6600900484
178372.22009010293
178413.46509014134
178425.52009015257
178497.97009022004
178585.72009030177
178764.03009046783
178783.79509048624
178819.77009051974
178924.89009061764
178949.69009064074
178960.57009065087
178973.66009066306
179026.44009071222
179137.89509081602
179146.83009082434
179173.6250908493
179214.5250908874
179232.18009090383
179243.70009091456
179255.32009092538
179300.88509096781
179320.77009098633
179339.38509100367
179740.91009137762
179751.15009138716
180103.4900917153
180171.0200917782
180361.56009195565
180387.47009197978
180411.85009200248
180450.54509203852
180658.86509223253
180763.14009232965
180775.24509234092
180822.83509238524
181063.7350926096
181079.215092624
181157.64009269705
181167.8900927066
181191.14509272826
181237.38509277132
181317.585092846
181347.24509287364
181376.2900929007
181400.5850929233
181470.22509298817
181565.15009307658
181575.79009308649
181602.7450931116
182034.48009351367
182060.24009353766
182070.56509354728
182078.59009355475
182096.87509357178
182235.11509370053
182250.63509371498
182261.5900937252
182427.02509387926
182463.52009391325
182634.21509407222
182730.1900941616
182752.12009418203
182778.96509420703
182788.1550942156
182830.88509425538
182998.8500944118
183014.53009442642
183028.64509443956
183054.84009446396
183170.90509457205
183257.53009465273
183313.52009470487
183325.28009471582
183339.5200947291
183355.7550947442
183633.39009500277
183658.29509502597
183673.44509504008
183685.6000950514
183733.32509509585
183757.05509511795
183911.67509526195
183920.25009526993
183983.17509532854
184062.34009540227
184085.10509542347
184157.33009549073
184411.5500957275
184422.69509573787
184492.78509580315
184508.5150958178
184521.4050958298
184549.03509585554
184560.35009586607
184575.34009588003
184670.72009596886
184703.4050959993
184787.8050960779
184863.36509614828
184874.90009615902
184984.26509626087
184995.51509627135
185008.95509628387
185019.5150962937
185034.2250963074
185045.8150963182
185066.13509633712
185110.75509637868
185169.070096433
185269.54509652656
185282.34009653848
185510.61509675108
185525.96009676537
185601.53509683575
185610.9200968445
185658.85509688914
185710.86009693757
185897.77009711164
186088.37509728916
186258.25009744737
186272.62009746075
186282.1200974696
186322.23009750695
186535.16009770526
186793.3250979457
187045.5450981806
187056.65509819094
187125.7500982553
187146.20509827434
187203.835098328
187243.9750983654
187354.49509846832
187474.06509857968
187490.0800985946
187540.6450986417
187608.78009870515
187638.54509873287
187673.49509876542
187831.93509891297
187841.69009892206
187866.23509894492
188005.86509907496
188343.9100993898
188358.78509940364
188754.15009977185
188878.83509988798
188895.00009990303
188979.84509998205
188993.40509999468
189018.1251000177
189029.64010002842
189097.43010009156
189148.73510013934
189182.26510017057
189233.200100218
189244.42510022846
189301.64510028175
189354.46010033094
189373.6501003488
189422.7001003945
189799.2701007452
189880.1251008205
189944.10010088008
189966.64510090108
189986.0951009192
190009.53010094102
190067.5901009951
190076.06010100298
190086.30010101252
190321.5251012316
190331.88010124123
190372.26010127884
190391.5551012968
190412.18510131602
190432.63010133506
190670.75010155683
190903.95510177402
190925.9551017945
190938.36010180606
191391.58510222816
191609.89510243147
191718.20010253234
191794.66510260355
191805.19010261336
191823.03510262998
191838.5151026444
191895.26010269724
191997.73510279268
192007.4301028017
192023.92510281707
192061.28010285186
192073.3451028631
192268.60010304494
192297.31010307168
192307.1001030808
192404.2651031713
192430.60010319581
192585.9651033405
192640.23010339105
192711.07510345703
192789.5451035301
192866.13010360143
192918.67510365037
192930.48510366137
193031.51010375546
193304.88010401005
193317.09010402142
193350.05510405212
193363.08510406426
193384.86010408454
193652.95510433422
193678.0701043576
193806.55010447727
193828.31010449753
193988.97010464716
193999.8451046573
194010.04010466678
194085.48510473705
194093.90010474488
194104.2151047545
194113.95510476356
194328.61510496348
194562.4951051813
194571.91510519007
194655.56010526797
194811.16010541288
194823.67010542453
194844.575105444
194862.47510546067
194940.20010553306
195593.11510614114
195607.4651061545
195628.26510617387
195684.72510622645
195922.78010644816
195947.6251064713
196157.765106667
196174.59010668268
196408.1651069002
196720.36010719097
196749.54010721814
196822.86510728643
196850.66510731232
196887.71010734682
197029.35010747873
197109.50510755338
197170.1901076099
197181.9051076208
197297.50010772847
197320.12510774954
197332.0051077606
197516.8851079328
197531.24010794616
197547.32010796113
197569.87010798213
197834.85010822891
197952.14510833815
197989.16510837263
198240.23510860646
198252.11010861752
198285.6001086487
198317.86510867876
198338.99510869844
198359.98510871798
198423.360108777
198656.4551089941
198677.27010901348
198898.65010921966
198916.70510923647
198930.85510924965
198952.63510926993
199105.42510941223
199806.2351100649
199821.6801100793
199867.60011012206
199882.18011013564
199900.43511015264
199961.44011020946
199999.0601102445
200027.28011027077
200046.15511028835
200080.64511032047
200158.06511039258
200168.59511040238
200196.02511042793
200223.61511045363
200324.59511054767
200336.49511055875
200392.86511061125
200426.2151106423
200437.60011065291
200449.27011066378
200537.51511074597
200645.11011084617
200659.55511085963
200898.91511108255
201030.12011120474
201204.32511136698
201259.36011141824
201300.3351114564
201585.93511172239
201817.21511193778
201885.105112001
202092.68511219433
202243.25511233456
202300.67011238803
202323.70011240948
202336.41511242132
202349.45011243346
202496.61011257052
202507.49511258065
202621.4701126868
202642.45011270634
202808.7401128612
202819.5751128713
202843.4151128935
202905.34511295118
202919.80011296464
202929.5201129737
203066.5351131013
203081.4501131152
203094.08011312695
203105.6301131377
203190.755113217
203203.7501132291
203220.79011324496
203446.90011345554
203477.21511348378
203721.9551137117
203856.3751138369
203891.54511386965
204029.350113998
204322.7051142712
204337.25511428475
204392.79011433647
204420.65511436242
204704.740114627
204729.60011465015
204859.50011477113
204893.46511480276
205023.40011492377
205067.41011496476
205084.2951149805
205097.43011499272
205106.60011500126
205179.7701150694
205189.3151150783
205199.1901150875
205220.54011510737
205238.7001151243
205318.55511519866
205334.83011521382
205464.07011533418
205584.3451154462
205629.27511548804
205639.93511549797
205699.06511555304
205818.68511566444
205926.80511576514
205945.70011578273
206236.61511605367
206250.0651160662
206334.81011614512
206361.6251161701
206379.9901161872
206400.54011620634
206417.71511622233
206474.275116275
206986.49011675204
207004.07011676842
207026.41511678923
207091.66511685
207178.83511693118
207187.36011693912
207197.7551169488
207212.6901169627
207313.56511705666
207339.25511708058
207353.69511709403
207385.1101171233
207411.9801171483
207479.88511721155
207556.2751172827
207967.68511766585
207996.7401176929
208078.35511776892
208209.31011789088
208218.62011789955
208297.55011797306
208308.91011798364
208408.34511807625
208562.68511822
208641.04011829296
208790.25511843193
208817.08511845692
208965.31011859496
208986.53511861473
209084.26511870575
209096.8701187175
209261.30011887063
209280.65011888865
209297.3501189042
209365.90511896805
209392.56011899287
209407.9601190072
209534.20011912478
209697.79011927714
209714.03011929226
209730.79511930788
209741.80011931813
209754.7501193302
209833.01011940307
209885.80011945224
209896.1851194619
210210.91011975502
210226.39011976944
210244.15511978598
210317.81011985458
210366.94011990033
210377.45511991013
210431.4301199604
210440.70011996903
210626.17012014176
210769.6651202754
210915.22512041096
210933.01512042753
210954.54512044758
211064.35012054985
211191.03512066783
211202.99512067897
211214.92512069008
211258.99512073112
211317.77012078586
211334.92012080183
211349.07512081502
211479.2901209363
211504.5451209598
211593.71012104285
211603.45512105193
211672.85512111656
211808.24012124265
211851.31012128276
211864.93512129545
211886.7751213158
211900.6401213287
211916.39512134338
211930.86512135685
212010.9051214314
212261.06512166437
212293.68512169475
212675.2251220501
212691.21512206498
212742.16012211243
212802.62012216874
212917.65512227587
213009.77512236167
213114.09512245882
213204.490122543
213352.06012268044
213365.8751226933
213396.4801227218
213414.70012273878
213865.1401231583
213896.35012318735
213913.11012320296
213931.3001232199
213992.3801232768
214016.79012329952
214029.4401233113
214315.64012357785
214353.6051236132
214368.16512362676
214679.44012391666
214806.4001240349
214844.00512406992
215053.42512426496
215234.99512443406
215266.1651244631
215334.29012452654
215346.33512453776
215492.49012467387
215563.5901247401
215679.91012484842
215718.30512488418
215732.78012489766
215799.68512495997
216208.4901253407
216361.53012548323
216466.8351255813
216649.045125751
216795.87012588774
216810.8651259017
216927.9951260108
216939.86012602184
217241.46012630273
217261.21512632113
217307.235126364
217340.6451263951
217393.44012644427
217502.16012654552
217551.68012659164
217741.83512676874
217751.81012677803
217772.5051267973
217781.11512680532
218101.74012710393
218191.01012718707
218203.21012719843
218211.9851272066
218241.89512723446
218252.84512724465
218485.51012746134
218530.0201275028
218541.5251275135
218624.03012759035
218652.5251276169
218703.4251276643
218730.64512768964
219065.90512800188
219078.35012801347
219193.29512812052
219221.99512814725
219257.16512818
219328.73512824666
219522.21512842685
219666.71512856142
219678.7151285726
219715.660128607
219728.70012861915
219807.1501286922
219825.6101287094
220100.00512896496
220242.56012909772
220377.3901292233
220663.37512948964
220706.48512952978
220733.6751295551
220776.27012959478
220789.5001296071
220829.10512964398
220846.2051296599
220864.3551296768
220890.93512970157
220914.62512972363
220974.76012977964
220989.30512979318
221226.3101300139
221331.9651301123
221391.42513016768
221443.8501302165
221458.52013023017
222279.60013099486
222293.08013100742
222323.90013103612
222501.2551312013
222511.23013121058
222521.57513122022
222604.19013129716
222618.48513131047
222684.92013137235
222701.4201313877
222801.63513148105
222824.59013150242
222866.8551315418
222876.94013155118
222982.35513164935
223023.845131688
223162.28513181693
223296.45013194188
223338.42013198097
223673.1501322927
223687.8651323064
223728.48013234424
223914.03513251705
223930.54013253242
223953.67013255396
223970.28013256943
223997.98013259523
224008.8051326053
224021.61513261724
224101.62513269176
224129.12513271737
224450.94013301708
224559.12513311784
224589.56013314618
224711.41513325967
224721.3301332689
224736.6751332832
224788.020133331
224798.68013334094
224810.7851333522
224841.5901333809
225058.95013358333
225323.51513382973
225379.76513388212
225392.47013389395
225467.1601339635
225486.3601339814
225509.29013400275
225747.76013422484
225911.31013437716
226022.83513448102
226049.03513450542
226314.57513475273
226357.56013479276
226493.91013491974
226730.69513514027
226745.5451351541
226936.19513533165
227098.31513548264
227112.14013549552
227217.53013559367
227446.4951358069
227464.38013582357
227634.34513598186
227741.04013608122
227758.3001360973
227819.01513615384
227830.980136165
227843.59513617674
228053.96513637266
228078.3951363954
228098.31013641396
228165.2551364763
228390.1851366858
228510.680136798
228619.4501368993
228641.93513692025
228672.85513694905
228703.35013697745
228713.9401369873
228933.730137192
228953.18013721012
228969.03013722488
229304.03013753687
229328.73513755988
229729.9051379335
229822.3451380196
229877.47513807093
229890.61513808317
229899.73013809166
229916.9601381077
230098.24013827654
230136.36513831205
230191.27013836318
230312.46513847605
230335.4951384975
230693.8101388312
230710.48013884673
230745.63013887947
231056.54013916902
231110.4201392192
231416.78513950453
231442.6251395286
231553.2151396316
231566.25513964373
231583.64513965993
231600.1451396753
231872.6651399291
231882.215139938
231916.0301399695
231935.43513998756
231951.42514000245
232001.05514004867
232012.30014005915
232022.90514006902
232303.47014033032
232413.68014043296
232464.75014048052
232678.34014067944
232771.11514076585
232829.77514082048
233076.56014105031
233104.33014107618
233409.9551413608
233610.24514154735
233623.31514155952
233665.1801415985
233708.59514163894
233848.65514176938
233883.27514180163
233924.22514183976
233932.71514184767
233942.11514185643
234132.39514203364
234151.49514205143
234221.6951421168
234265.86514215794
234276.5701421679
234312.61514220148
234345.02014223166
234531.41514240525
234700.1551425624
234740.9501426004
234752.47014261113
234767.94014262554
234784.530142641
234803.80014265893
235082.22014291823
235125.91014295892
235181.43014301063
235347.05014316487
235368.10014318448
235385.6401432008
235399.09014321334
235499.67514330702
235515.30014332157
235530.40014333563
235716.7651435092
235785.76514357346
235990.6851437643
236023.23514379462
236695.73514442093
236705.8051444303
236731.20014445396
236803.7151445215
236860.75514457462
236873.12514458614
236883.77014459606
236898.4351446097
237269.15014495497
237354.27014503424
237444.69014511845
237494.05014516442
237590.64014525438
237602.81514526572
237714.79014537
237737.17014539085
237801.31014545058
237827.9651454754
238198.11014582013
238224.31514584454
238245.0051458638
238262.43014588003
238279.53014589596
238372.73014598276
238384.66014599387
238477.17514608003
238724.35014631023
238734.15514631936
238745.65014633007
238769.4301463522
238802.6001463831
238817.97014639742
238941.40514651238
238972.29014654114
239020.05014658562
239066.22514662863
239081.28014664265
239185.7001467399
239204.070146757
239226.03514677746
239409.24014694808
239435.06014697213
239453.98014698975
239462.4151469976
239472.2751470068
239483.97514701769
239607.21014713246
239646.68014716922
239773.9001472877
239788.36014730117
239861.55014736933
239904.30514740915
240515.89014797873
240530.60514799244
240557.11014801712
240572.8851480318
240588.52014804637
240748.8551481957
240759.86514820595
240904.84514834097
240957.1551483897
240971.5451484031
241222.35014863667
241238.5851486518
241258.69014867052
241285.03014869505
241321.94014872942
241463.1051488609
241472.33014886949
241497.98014889337
241566.7401489574
241609.40514899715
241830.91014920344
241840.07514921197
241847.68514921906
241857.30514922802
241867.67014923767
241898.75014926662
241913.93514928076
242029.97014938883
242040.50014939863
242050.64014940808
242078.31014943385
242149.69514950033
242219.7801495656
242441.2751497719
242461.1651497904
242535.5751498597
242746.51015005616
242767.31015007553
243000.74515029293
243010.5801503021
243114.3001503987
243125.40515040903
243136.24515041913
243174.20515045448
243185.32515046484
243342.24515061098
243527.52015078353
243619.70515086938
243630.2601508792
243640.20015088847
243671.61015091772
243896.13515112683
244039.4351512603
244108.24515132437
244247.35015145392
244516.76015170483
244542.24015172856
244871.13515203487
244888.37515205092
244899.64015206142
244912.4151520733
244985.22015214112
245048.2401521998
245100.69515224866
245193.58515233517
245207.48015234811
245358.50515248877
245480.6351526025
245710.10515281622
245748.33515285183
246011.88015309727
246096.32515317592
246168.54515324318
246410.2851534683
246442.2751534981
246485.91515353875
246573.43515362026
246586.1451536321
246614.4851536585
246624.61015366792
246636.9351536794
246647.95015368966
246659.76515370066
246670.0051537102
246692.6601537313
246883.42015390896
246895.85015392053
246990.45515400864
247011.60515402834
247204.07015420758
247377.9401543695
247397.86515438807
247413.19015440234
247434.75515442243
247510.70515449316
247523.97515450552
247547.88015452778
247557.52015453676
247568.71015454718
247580.58515455824
247644.78015461803
247734.79015470186
247743.9601547104
247758.50015472394
247781.7751547456
247793.23015475628
247906.03015486134
247916.98015487153
248093.65015503607
248166.41015510383
248183.64015511988
248268.01015519846
248401.76015532302
248466.50515538332
248507.9401554219
248602.35015550983
248611.14515551802
248625.3951555313
248696.23015559727
248879.4551557679
248939.2651558236
248951.33515583485
248964.66015584726
249041.10015591845
249055.7651559321
249072.10015594732
249241.0951561047
249264.8051561268
249434.0201562844
249734.00515656377
249826.86015665025
249988.98015680123
