46.95500000000557
160.81499999992624
196.5899999998937
219.43999999987292
234.1949999998595
251.60499999984367
274.4649999998229
291.80499999980714
301.23999999979856
422.3749999996884
435.3099999996766
450.55999999966275
472.3799999996429
605.9999999995214
645.2299999994857
680.4299999994537
694.9699999994405
725.2549999994129
738.0599999994013
748.7449999993916
779.6999999993634
795.0599999993494
870.1299999992812
1185.7300000026714
1216.5050000033432
1323.4000000056765
1360.945000006496
1462.0400000087027
1540.760000010421
1550.7650000106394
1884.7300000179291
1893.5800000181223
1932.190000018965
2026.4400000210223
2037.8900000212723
2130.485000023293
2397.385000029119
2406.4250000293164
2496.9450000312922
2512.515000031632
2567.660000032836
2748.5500000367842
2794.5200000377877
2807.6050000380733
2937.2150000409024
2984.015000041924
2998.175000042233
3007.755000042442
3020.710000042725
3108.45500004464
3171.9750000460267
3183.1850000462714
3466.7300000524606
3484.5500000528496
3685.6100000572383
4072.5200000656837
4084.1600000659378
4126.770000066867
4409.445000073038
4506.835000075163
4648.175000078249
4656.625000078433
4666.755000078654
4681.375000078973
4886.255000083445
4898.200000083706
4917.0950000841185
4945.440000084737
4972.950000085338
4982.955000085556
5141.600000089019
5283.22500009211
5421.625000095131
5432.8100000953755
5465.1100000960805
5521.130000097303
5581.195000098614
5912.940000105856
6064.355000109161
6077.510000109448
6106.555000110082
6117.640000110324
6186.855000111835
6413.700000116786
6579.7850001204115
6588.040000120592
6598.725000120825
6649.81500012194
6783.550000124859
6802.230000125267
6836.355000126012
6932.900000128119
6956.515000128635
6965.175000128824
6983.080000129215
7068.285000131074
7091.125000131573
7110.175000131989
7181.615000133548
7193.355000133804
7213.78000013425
7224.990000134495
7250.285000135047
7264.6900001353615
7329.885000136785
7341.985000137049
7584.640000142345
7597.975000142636
8221.260000150918
8237.695000148287
8252.915000145851
8264.830000143944
8364.950000127918
8433.800000116897
8458.21000011299
8484.555000108772
8500.615000106201
8514.43500010399
8721.180000070895
8885.040000044666
8894.900000043088
8935.4300000366
9097.535000010652
9116.680000007587
9279.849999981468
9313.644999976059
9435.384999956572
9445.534999954947
9456.974999953116
9484.87499994865
9526.724999941951
9533.78499994082
9843.494999891245
9852.224999889848
9880.204999885369
9937.344999876223
9950.069999874186
9965.259999871754
9981.259999869193
9995.254999866953
10010.044999864585
10254.78499982541
10327.764999813728
10539.084999779901
10620.894999766806
10633.419999764801
10650.554999762058
10691.5299997555
10737.374999748161
10749.229999746263
10830.8349997332
10885.964999724376
10896.424999722702
10906.504999721088
11023.949999702289
11132.874999684853
11229.124999669446
11239.08999966785
11259.804999664535
11364.174999647828
11383.374999644755
11393.489999643136
11586.259999612279
11626.259999605876
11722.3199995905
11808.959999576631
11821.704999574591
12310.454999496356
12335.329999492375
12425.334999477967
12691.45499943537
13157.80499936072
13173.154999358263
13185.259999356325
13199.214999354092
13253.404999345417
13262.75499934392
13376.309999325744
13425.589999317855
13466.584999311293
13487.604999307929
13501.789999305658
13599.249999290058
13612.16499928799
13634.324999284443
13648.129999282233
13658.9599992805
13808.929999256494
13986.009999228148
13997.544999226302
14361.859999167986
14404.429999161172
14413.379999159739
14423.99499915804
14527.814999141421
14540.06499913946
14551.37499913765
14585.594999132172
14684.43499911635
14692.569999115049
14906.96499908073
15073.01499905415
15081.599999052776
15256.18499902483
15388.904999003586
15436.139998996025
15447.234998994249
15458.504998992445
15470.704998990492
15517.964998982927
15527.384998981419
15552.99499897732
15563.779998975593
15573.66999897401
15867.624998926956
15886.309998923965
16095.619998890461
16105.894998888816
16122.829998886105
16135.404998884092
16166.809998879065
16339.799998851375
16349.619998849803
16530.904998874226
16609.16499889017
16624.514998893297
16657.504998900018
16679.774998904555
16701.569998908995
16709.74999891066
16736.919998916197
16810.229998931132
16830.354998935232
16911.119998951686
16984.979998966734
17006.724998971164
17015.814998973015
17027.874998975472
17054.31999898086
17149.219999000194
17192.63999900904
17206.52999901187
17227.329999016107
17236.639999018003
17379.199999047047
17389.71499904919
17405.349999052374
17463.039999064127
17477.48999906707
17552.304999082313
17572.02499908633
17582.349999088434
17597.524999091525
17626.8449990975
17682.044999108744
17694.319999111245
17703.594999113135
17715.134999115486
17795.824999131924
17809.64999913474
17819.194999136686
17834.514999139807
17843.829999141704
17855.464999144075
17899.639999153074
17993.354999172167
18016.859999176955
18127.0399991994
18224.30999921922
18252.324999224926
18263.419999227186
18280.249999230615
18289.69999923254
18308.01499923627
18343.229999243445
18358.12999924648
18373.949999249704
18402.814999255585
18502.024999275796
18537.559999283036
18557.814999287162
18615.38999929889
18638.09999930352
18647.959999305527
18666.939999309394
18684.34499931294
18813.404999339233
18947.78999936661
18970.384999371214
19012.099999379712
19039.5199993853
19090.12999939561
19117.72499940123
19631.174999505834
19941.689999569095
19949.65999957072
20017.289999584496
20045.059999590154
20058.68499959293
20105.89999960255
20299.29999964195
20519.194999686748
20658.8449997152
20675.10499971851
20686.174999720766
20698.95499972337
20886.694999761618
21012.534999787254
21024.759999789745
21033.829999791593
21045.29499979393
21184.179999822223
21216.624999828833
21296.974999845203
21372.489999860587
21384.149999862962
21405.549999867322
21691.154999925508
21743.724999936218
21768.599999941285
21797.82999994724
21867.304999961394
21966.554999981614
21979.654999984283
21996.02999998762
22024.289999993376
22040.339999996646
22131.785000015276
22156.365000020283
22222.060000033667
22298.905000049323
22402.060000070338
22419.225000073835
22497.420000089765
22609.16500011253
22620.65500011487
22756.785000142605
22854.900000162594
22872.170000166112
22930.925000178082
22939.230000179774
23098.79000021228
23181.45000022912
23195.28500023194
23207.27000023438
23357.995000265088
23412.14500027612
23600.510000314494
23633.690000321254
23641.800000322906
23678.255000330333
23714.17000033765
23860.30500036742
24139.360000424273
24148.28500042609
24160.000000428478
24179.140000432377
24276.070000452124
24407.870000478975
24421.29500048171
24509.575000499695
24526.67500050318
24562.70500051052
24593.410000516775
24977.010000594924
25028.665000605448
25040.11500060778
25190.525000638423
25231.425000646756
25418.36500068484
25427.480000686697
25442.07500068967
25451.815000691655
25776.865000757876
25888.910000780703
25905.700000784123
25919.860000787008
25969.10500079704
25980.63000079939
26237.35000085169
26333.030000871182
26343.33000087328
26353.455000875343
26387.270000882232
26748.005000955724
26768.935000959988
26778.77000096199
26853.96500097731
26967.215001000382
26997.850001006624
27228.250001053562
27334.86000107528
27646.01000113867
27841.690001178536
27871.175001184543
27887.475001187864
28211.690001253915
28248.955001261507
28438.97500130022
28453.965001303273
28462.765001305066
28555.420001323942
28628.44500133882
28732.765001360072
28750.045001363593
28865.81500138718
29158.585001446823
29340.42500148387
29441.485001504458
30164.760001651808
30260.68500167135
30273.365001673934
30285.750001676457
30379.02000169546
30465.330001713042
30601.990001740884
30612.860001743098
30718.195001764558
30733.410001767657
30743.250001769662
30803.605001781958
30814.180001784112
30964.445001814725
30980.410001817978
31190.785001860837
31206.65500186407
31214.40500186565
31227.02000186822
31347.57000189278
31360.375001895387
31443.260001912273
31454.225001914507
31576.140001939344
31650.890001954573
31664.710001957388
31723.170001969298
31740.280001972784
32171.045002060542
32232.605002073084
32308.81500208861
32518.31000213129
32570.075002141835
32667.025002161587
33079.94000201874
33098.805002008856
33119.18000199818
33130.29500199236
33141.11500198669
33190.18000196099
33206.99500195218
33273.34500191742
33287.520001909994
33321.75500189206
33338.655001883206
33347.34500187865
33365.09000186936
33379.02000186206
33390.120001856245
33461.14000181904
33546.94500177409
33674.865001707076
33683.95000170232
33701.21500169327
33747.940001668794
33763.42500166068
33947.800001564094
33962.77000155625
34019.65500152645
34059.00000150584
34068.765001500724
34248.47500140658
34267.5250013966
34308.51000137513
34535.500001256216
34560.55500124309
34758.56500113936
34891.71000106961
34941.64000104345
34977.97000102442
35332.6800008386
35346.8000008312
35355.53000082663
35462.870000770396
35597.120000700066
35857.31500056376
36210.32000037883
36222.82000037228
36232.40000036726
36406.7950002759
36585.63000018222
36619.59500016442
36633.25500015727
36649.11500014896
36667.02000013958
36686.38000012944
36706.615000118836
36717.420000113176
36923.76500000508
36934.419999999496
36947.13999999283
36955.69499998835
37014.634999957474
37050.574999938646
37496.55499970501
37917.02999948474
37935.414999475106
38489.52999918482
38609.514999121966
38622.63999911509
38656.17499909752
38771.80499903695
38812.3599990157
39043.364998894685
39073.92999887867
39095.04499886761
39237.68499879289
39258.80999878182
39273.744998774
39408.534998703384
39430.159998692056
39441.939998685884
39496.82499865713
39513.64499864832
39684.01499855907
39864.794998464364
39946.84999842138
40012.654998386904
40073.03499835527
40106.32999833783
40140.5549983199
40148.429998315776
40157.97999831077
40175.19999830175
40250.81999826214
40354.94999820759
40527.63499811712
40545.94999810753
40574.17499809274
40648.01999805406
40657.63999804902
40697.81999802797
40758.29499799629
40848.81999794886
40963.159997888964
41036.2049978507
41096.244997819245
41123.68999780487
41223.93499775235
41234.55999774679
41252.0949977376
41620.534997544586
41655.50499752627
41750.09999747671
41762.23999747035
41775.94499746317
41793.00999745423
41883.904997406615
41902.05499739711
41950.389997371785
42026.439997331945
42035.199997327356
42205.929997237916
42233.99999722321
42454.559997107666
42466.86999710122
42551.25499705701
42720.73999696822
42732.339996962146
42832.54999690965
42954.364996845834
42962.48999684158
42979.579996832625
43007.334996818085
43301.204996664135
43331.35499664834
43346.44999664043
43359.13499663379
43369.199996628515
43486.89499656686
43496.82999656165
43509.9099965548
43524.75999654702
43564.514996526195
43578.0649965191
43599.68999650777
43762.93499642225
43771.05999641799
43783.71499641136
43795.319996405284
43898.65999635115
43919.89499634002
43931.384996334
43947.89999632535
43969.10499631424
43981.88499630755
44096.08999624772
44113.25499623873
44461.19499605645
44525.92499602254
44548.50999601071
44573.98999599736
44627.49499596933
44843.55999585614
44859.84999584761
44988.81499578005
45069.04499573802
45136.40499570273
45162.78999568891
45255.34499564042
45267.46999563407
45440.40999554347
45470.029995527955
45480.27499552259
45489.64499551768
45498.91999551282
45508.63499550773
45549.479995486334
45560.63999548049
45600.1299954598
45635.55499544124
45761.784995375114
45799.87999535516
45819.61499534482
45834.489995337026
45845.754995331125
45857.12499532517
45990.45999525532
46008.26999524599
46102.95999519638
46225.0999951324
46236.26499512655
46381.06999505069
46552.35499496096
46563.84499495494
46637.84999491617
46675.634994896376
46695.21499488612
46737.39499486402
46757.659994853406
46767.38499484831
46777.034994843256
46788.52499483724
46803.21999482954
46853.41999480324
46877.9349947904
46939.3999947582
46999.86499472652
47071.75499468886
47082.854994683046
47135.504994655465
47400.02499451689
47408.359994512524
47418.46499450723
47432.23499450002
47441.154994495344
47587.144994418864
47611.35499440618
47622.17499440051
47633.48499439459
47641.794994390235
47650.90499438546
47661.99999437965
47859.23999427632
47931.654994238386
47941.5499942332
48105.839994147136
48153.66499412208
48261.37999406565
48269.374994061465
48281.1449940553
48393.0099939967
48409.57499398802
48464.61999395918
48708.74499383129
48723.98499382331
48735.68999381718
48917.27499372205
49125.009993613225
49431.45499345269
49443.47499344639
49455.84499343991
49722.84499330004
49742.92499328952
49755.40999328298
49922.0099931957
49984.22499316311
50021.24999314371
50030.274993138984
50165.69499306804
50179.42999306085
50191.47499305454
50247.69999302508
50277.719993009356
50291.88999300193
50595.22999284302
50707.39499278426
50717.83499277879
50727.854992773544
50765.89999275361
50780.88999274576
50800.38499273555
50886.154992690615
50919.43999267318
51041.634992609164
51083.40999258728
51271.654992488664
51462.90999238847
51531.049992352775
51582.48999232583
51789.74999221725
51860.634992180116
51873.94999217314
51883.79999216798
51922.43999214774
52011.47999210109
52026.21999209337
52040.46499208591
52059.389992075994
52110.914992049
52225.54499198895
52377.64499190927
52821.31999167684
52832.899991670776
52842.674991665655
52852.24499166064
52862.564991655236
52960.09999160414
53080.749991540935
53099.799991530956
53109.86999152568
53158.18999150037
53630.524991252925
53648.47499124352
53712.94499120975
53935.32499109325
53945.93999108769
54010.33999105395
54020.239991048766
54030.64999104331
54040.149991038335
54363.44499086897
54390.85999085461
54529.40999078203
54545.369990773666
54555.34499076844
54648.40499071969
54667.03499070993
54761.31999066054
54783.16499064909
54800.3299906401
54881.93499059735
55119.71999047278
55306.01499037519
55334.16499036044
55450.51999029949
55459.4649902948
55468.944990289834
55588.02999022745
55605.88999021809
55618.37999021155
55643.644990198314
55657.15499019124
55667.03499018606
55676.99999018084
55723.19499015664
55743.59999014595
55796.01499011849
55814.33999010889
55854.4099900879
56157.38498992918
56189.884989912156
56201.52498990606
56298.079989855476
56313.964989847154
56459.03498977116
56565.859989715194
56626.43998968346
56770.759989607854
56788.794989598406
56886.78498954707
56919.05498953017
56945.18498951648
57118.90998942547
57135.239989416914
57148.314989410064
57155.94498940607
57166.91998940032
57179.51998939372
57283.03498933949
57296.194989332595
57591.17998917806
57655.424989144405
57747.049989096406
57851.639989041614
57900.044989016256
58022.55498895208
58034.41998894586
58068.714988927895
58318.279988797156
58326.949988792614
58335.85498878795
58356.669988777045
58828.104988530074
58845.30998852106
58928.414988477525
58961.98498845994
59077.05498839966
59222.38998832352
59286.29998829004
59309.15498827807
59345.43998825906
59359.88998825149
59410.369988225044
59418.879988220586
59434.28998821251
59538.06498815815
59556.60998814843
59567.90998814251
59577.17498813766
59599.25498812609
59784.4049880291
59931.184987952205
59947.08998794387
60117.454987854624
60329.52498774353
60337.984987739095
60423.16998769447
60437.82998768679
60448.17498768137
60459.03498767568
60504.724987651745
60514.67998764653
60551.379987627304
60564.894987620224
60578.20498761325
60598.7299876025
60719.76998753909
60730.15998753365
60819.44998748687
60828.02498748238
60836.584987477894
61071.28498735494
61094.394987342836
61175.71998730023
61191.519987291955
61273.39498724906
61323.48498722282
61334.054987217285
61343.864987212146
61359.48998720396
61373.59498719657
61384.809987190696
61394.87498718542
61764.4799869918
61828.93998695803
62264.24498672999
62273.24998672527
62489.23998661212
62497.359986607866
62505.99998660334
62546.57998658208
62582.30998656336
62595.06498655668
62751.07998647495
62764.30998646802
62864.894986415326
62874.88998641009
63006.3899863412
63037.45498632493
63102.95998629061
63117.269986283114
63269.959986203125
63348.89498616177
63366.529986152535
63625.30498601697
63635.57998601159
63647.25498600547
63772.604985939804
63783.32498593419
63797.25498592689
63856.88498589565
63966.679985838135
63982.57498582981
63998.26498582159
64113.28998576133
64121.619985756966
64132.389985751324
64355.41498563449
64366.88498562848
64423.32498559891
64435.85498559235
64625.89498549279
64632.434985489366
64640.53998548512
64648.99998548069
64663.08498547331
64671.989985468645
64747.959985428846
64856.77498537184
64871.849985363944
65086.999985251234
65100.4299852442
65182.249985201335
65224.76998517906
65273.5649851535
65564.21498504229
65591.31498506753
65599.83998507546
65609.4349850844
65626.70498510048
65814.01998527494
65884.23498534033
66077.65498552046
66092.89498553466
66118.19998555823
66199.57498563401
66222.77998565562
66262.22998569236
66272.09998570156
66451.54498586868
66481.91498589696
66502.49998591613
66695.12498609553
66850.98998624069
66863.14498625201
66901.58498628781
66929.11998631345
66972.0049863534
67009.00498638785
67045.05998642143
67083.97498645767
67177.32498654461
67187.49498655408
67205.4449865708
67255.054986617
67405.86498675746
67427.03498677717
67467.95498681528
67484.46498683066
67513.02998685726
67653.80998698837
67700.29498703167
67752.81498708058
67784.21998710983
67795.11498711997
67809.79498713365
67843.94498716545
67858.47998717899
67952.7749872668
68024.57998733368
68036.06998734438
68049.8399873572
68063.55998736998
68275.3149875672
68317.34998760634
68452.75998773245
68618.53498788684
68632.41998789978
68739.1749879992
69072.76498830988
69083.40498831979
69180.88998841058
69369.79498858651
69408.20998862229
69702.67998889653
69717.47498891031
69763.23498895293
69773.5099889625
69794.06998898165
69936.90998911468
69948.21998912521
69973.27498914854
69981.94998915662
70144.46498930798
70421.24498956575
70430.87498957472
70468.95998961019
70492.51998963213
70504.64498964342
70526.82998966408
70540.24498967658
70553.6999896891
70566.96498970146
70748.88998987089
70909.71999002068
70942.3899900511
70970.06499007688
71106.19499020366
71129.48499022535
71472.43999054475
71503.04999057326
71578.87499064388
71588.16999065253
71724.56999077956
71890.84999093442
71911.56499095372
72029.96499106399
72046.81999107968
72310.83499132557
72347.5949913598
72360.13999137148
72377.04999138723
72506.90999150818
72527.28499152715
72538.53499153763
72547.6299915461
72565.65999156289
72580.09499157633
72604.78499159933
72618.12499161175
72923.50999189616
72937.69499190937
72996.51999196416
73071.49999203399
73139.96499209775
73182.36499213724
73192.13999214635
73200.29999215394
73211.67499216454
73375.08999231673
73580.41999250796
73665.73499258742
73691.07999261102
73702.7699926219
73723.74499264144
73835.29499274533
74005.32999290369
74022.98999292013
74150.81499303918
74176.44999306306
74202.21999308706
74436.05999330484
74517.6299933808
74661.1799935145
75273.94499408518
75483.51999428036
75496.81999429275
75806.24999458092
75919.48499468638
76076.95499483304
76154.57499490533
76166.38999491633
76176.4549949257
76302.12499504274
76456.74499518675
76640.86499535822
76681.04999539565
77058.81999574747
77150.51999583287
77176.47999585705
77243.70499591966
77360.20499602816
77374.4249960414
77646.60499629489
77666.73999631364
77854.25999648828
77865.18499649846
77878.79999651114
77926.67999655573
78058.5099966785
78074.54499669344
78130.41999674548
78142.49999675673
78166.99999677954
78179.27999679098
78189.33999680035
78237.0599968448
78250.83499685762
78341.60999694216
78358.37999695778
78797.17999736645
78948.9649975078
78961.12999751914
78970.16499752755
78980.18499753688
78990.41499754641
79047.79999759985
79132.38499767863
79171.92499771545
79182.57999772538
79206.18999774737
79230.7149977702
79255.4099977932
79288.24999782379
79448.76499797328
79461.95499798557
79513.29999803338
79520.91999804048
79560.39499807724
79771.49999827385
79784.08999828558
79815.86999831517
79897.66499839135
80515.56499896682
80530.794998981
80578.77999902569
80616.93499906122
80779.32999921247
80788.23999922076
80796.93999922887
80827.37999925722
80844.17499927286
80854.03499928204
80865.86499929306
80911.67999933573
80922.36999934568
80932.5899993552
80942.11999936408
80956.60999937757
80977.22999939678
80999.3749994174
81009.01499942638
81021.33499943785
81048.11499946279
81141.73999954999
81155.99999956327
81191.73499959655
81220.62499962345
81236.19999963796
81307.6499997045
81331.45499972667
81348.24499974231
81373.33499976568
81450.57999983762
81459.86999984627
81519.20999990153
81537.40499991848
81548.93999992922
81560.42999993992
81568.73499994766
81584.29499996215
81596.33999997337
81604.22999998071
81616.81999999244
81775.21500013996
81792.07000015565
81888.59500024555
82018.80500036682
82048.44500039442
82235.31500056846
82261.28500059264
82356.75000068155
82370.120000694
82379.48000070272
82393.68500071595
82783.25000107876
82819.1500011122
82854.1500011448
82875.46500116464
83502.34000174847
83513.35000175872
83525.08500176965
83549.87000179273
83621.48000185943
83713.82500194543
83929.20000214601
83941.30500215729
84104.45000230923
84113.96500231809
84126.31000232958
84138.4600023409
84212.39500240976
84279.16000247194
84295.08000248676
84370.55000255705
84384.20000256976
84415.4850025989
84425.22500260797
84531.56500270701
84540.41500271525
84548.85500272311
84557.07500273077
84783.37000294152
84794.66000295203
84895.6700030461
84982.40000312688
85157.70500329015
85294.52000341757
85307.48000342963
85489.07500359876
85680.455003777
85689.03000378498
85721.96000381565
85771.70500386198
85780.56500387023
85790.67000387964
85827.01000391348
85838.18000392389
85995.80000407068
86126.89000419277
86140.28000420524
86188.72000425035
86233.50500429206
86301.42000435531
86328.27000438032
86375.88000442466
86463.35500450613
86601.2000046345
86612.02500464459
86626.0000046576
86659.00000468834
86668.07000469678
86741.34500476503
86871.69000488642
86882.9450048969
86900.8800049136
86974.47000498214
86986.92000499374
87051.13000505354
87064.35000506585
87076.76500507741
87091.0400050907
87129.76500512677
87230.71500522079
87243.22000523243
87258.76500524691
87306.9700052918
87326.60500531009
87367.8450053485
87378.1600053581
87713.52500567044
87925.16500586754
88002.43500593951
88015.55500595173
88036.64000597136
88047.22000598122
88087.00500601827
88204.6100061278
88261.48500618077
88289.40000620676
88382.38000629336
88390.74500630115
88414.99500632373
88431.64500633924
88543.14000644308
88607.485006503
88667.30500655872
88684.29000657453
88801.49500668369
88813.73500669509
88822.3300067031
88946.31500681856
88962.27000683342
88989.96500685922
89040.71000690648
89059.00000692351
89167.81000702485
89258.53500710934
89296.16500714439
89405.5950072463
89515.91500734905
89523.76000735635
89532.26000736427
89547.84500737878
89622.05000744789
89638.57000746328
89681.70000750344
89691.79500751285
89708.31500752823
89791.34500760556
89928.65500773344
89937.08500774129
89986.88000778767
90012.20000781125
90175.73500796355
90190.08500797692
90423.24000819406
90453.94000822265
90462.07500823023
90520.5600082847
90570.11000833084
90696.980008449
90710.53000846162
90790.17000853579
90800.05000854499
91007.290008738
91050.4600087782
91060.28000878735
91266.11000897904
91276.76000898896
91286.38000899792
91296.86000900768
91326.67500903545
91338.50500904646
91353.9000090608
91381.30000908632
91390.53500909492
91399.72500910348
91422.69000912487
91478.37000917672
91730.7850094118
91782.65500946011
91881.27000955195
91892.68000956258
91939.00000960572
92065.34500972339
92089.96500974632
92106.57500976179
92127.07000978087
92158.5650098102
92168.15000981913
92229.58000987634
92238.36500988452
92249.56500989496
92292.73000993516
92304.76500994636
92340.6650099798
92480.82001011033
92503.05001013103
92681.28501029703
93138.18501072255
93148.2300107319
93158.02001074102
93189.38001077023
93209.46001078893
93219.15501079796
93244.2250108213
93295.59001086914
93310.2550108828
93351.5900109213
93362.06501093105
93379.23501094704
93397.11001096369
93428.07001099252
93479.99001104088
93768.51501130959
93863.56501139811
93975.31001150218
94116.9600116341
94127.40501164383
94170.1100116836
94180.29501169309
94209.3000117201
94217.73001172795
94239.71501174843
94542.34001203027
94560.39501204708
94596.03501208028
94606.28501208982
94646.8550121276
94673.29001215223
94684.36001216253
94859.18001232535
94874.4850123396
94898.78501236223
95076.86001252808
95167.30001261231
95184.7900126286
95193.4950126367
95381.2950128116
95404.24001283298
95595.45501301106
95712.99001312052
95734.26001314033
95747.36501315254
95806.13001320726
95818.53001321881
95942.7550133345
95956.51501334732
96004.65501339216
96138.64501351694
96316.11001368222
96333.050013698
96343.78001370799
96373.14501373534
96389.6450137507
96401.04001376132
96408.62001376838
96418.87501377793
96450.44501380733
96516.20001386857
96526.8650138785
96540.98001389165
96555.2150139049
96575.67001392395
96689.58001403004
96815.28501414711
96825.09001415625
96993.13501431275
97005.74001432449
97023.43001434096
97034.55001435132
97049.43001436518
97065.49501438014
97096.55501440907
97107.60001441935
97118.47001442948
97257.98501455941
97339.63001463545
97446.60501473508
97464.29001475155
97477.30501476367
97607.18001488462
97622.24501489865
97636.10501491156
97727.82001499698
97741.46501500969
97784.6450150499
97799.21001506347
98050.13001529715
98145.69501538615
98200.92001543759
98247.59501548106
98645.30001585145
98676.86501588085
98696.77001589938
98742.32501594181
98751.92501595075
98763.17501596123
98962.51001614687
98989.29501617182
98998.79501618067
99011.79001619277
99201.94501636986
99213.27501638042
99301.77001646283
99534.55501667963
99543.80501668825
99554.36001669808
99579.11501672113
99596.17001673701
99653.13501679007
99743.0350168738
99761.52001689101
99971.19501708628
100594.13001766644
100635.17001770466
100768.51501782885
100902.96501795406
100920.37501797028
101108.49501814548
101188.48001821997
101260.0300182866
101269.11501829507
101278.77501830406
101288.24001831288
101754.52001874713
101768.28001875995
101779.2800187702
101841.04001882771
101861.31001884659
101963.17501894146
101976.645018954
102013.71501898853
102031.71501900529
102041.01501901395
102054.85501902684
102145.28501911106
102194.13001915655
102401.27501934947
102474.67501941783
102578.28001951432
102744.49501966912
102798.72501971963
102809.90001973003
102959.4400198693
102973.98001988285
103107.69502000738
103142.95002004021
103274.86002016306
103323.48002020834
103331.95002021623
103341.73502022534
103382.47002026328
103456.77502033248
103467.12502034212
103498.27502037113
103514.50002038624
103556.04002042493
103846.48002069542
104025.94002086256
104203.64002102806
104213.16502103693
104225.23002104816
104832.31502161355
104842.68002162321
104852.20502163208
105317.1650220651
105526.81002226035
105547.10002227925
105564.17002229515
105710.24502243119
105743.71502246236
105761.95002247934
105827.63002254051
106012.24502271245
106025.725022725
106108.55002280214
106122.77502281539
106211.35002289788
106233.4850229185
106332.21002301044
106369.66002304532
106380.85002305574
106468.02002313692
106610.63502326974
106619.69502327818
106642.06502329902
106652.17002330843
106762.29002341098
106954.8350235903
106990.9100236239
107007.9850236398
107020.14502365113
107030.80002366105
107060.02002368827
107096.46502372221
107234.33502385061
107247.05002386245
107347.15002395568
107354.57002396259
107365.66502397292
107378.11002398451
107400.50002400536
107416.91002402065
107597.4600241888
107701.13002428535
107715.97502429917
108001.82002456539
108019.17002458154
108160.56002471322
108227.15002477524
108552.60502507834
108633.02002515324
108679.67502519669
108717.14502523158
108727.28502524103
108777.6100252879
108914.48002541537
109006.12502550072
109109.62502559711
109222.255025702
109230.84502571
109254.32502573187
109424.44502589031
109436.79502590181
109707.16502615361
109721.9700261674
109841.00002627826
109860.00502629596
109889.33002632327
109898.6000263319
109913.40002634568
110139.36002655613
110203.42002661579
110365.72502676694
110374.92502677551
110495.93502688821
110507.24502689874
110580.71002696716
110593.38002697896
110963.1150273233
111010.70002736762
111039.2350273942
111048.50002740283
111157.28002750414
111166.97502751317
111199.35002754332
111214.50502755743
111229.12002757104
111254.99002759514
111554.11002787371
111647.92502796109
111662.29002797446
111681.47002799233
111694.59502800455
111863.77002816211
111906.02502820146
111917.5500282122
112022.32002830977
112037.55502832396
112137.63002841716
112235.23002850806
112251.93002852361
112351.7700286166
112368.28502863197
112404.85002866603
112609.12502885627
112617.46502886404
112625.0500288711
112634.51002887991
112710.23002895043
112838.9300290703
112872.99502910202
112893.0450291207
112911.22002913762
112918.67502914456
113244.64502944815
113254.83502945764
113320.84002951911
113335.06502953236
113522.64002970705
113558.46502974042
113584.85002976499
113606.25502978492
114040.83003018965
114081.76003022777
114129.39003027213
114343.20003047126
114378.92503050453
114607.95003071782
114676.50503078167
114978.33003106277
115238.34503130493
115256.38003132172
115269.76003133418
115323.76003138447
115498.21003154694
115625.63503166562
115644.2000316829
115657.89503169566
115994.5550320092
116042.71003205405
116089.52503209765
116184.41003218602
116255.260032252
116267.09003226302
116566.60503254196
116576.21503255091
116681.07003264857
116691.45503265824
116861.05503281619
116873.17003282747
116893.89503284678
117053.01003299496
117201.6550331334
117370.7750332909
117393.89503331244
117450.52503336518
117461.57003337546
117479.2150333919
117544.87503345305
117555.3500334628
117600.38503350475
117642.44503354392
117656.50003355701
118008.91503388522
118473.58503431798
118498.26003434096
118517.98503435933
118598.8150344346
118700.26503452909
118823.46503464383
118871.23503468832
118880.78503469721
118895.590034711
118911.43503472576
118993.12503480184
119168.97503496561
119177.3350349734
119205.88503499998
119268.04503505788
119294.4900350825
119305.72503509297
119460.90003523749
119483.83003525884
119494.27503526857
119535.82503530727
119545.89003531664
119559.92503532971
119597.15503536438
119614.27503538033
119632.86003539764
119973.87503571523
119985.85503572639
120036.27503577335
120092.76503582596
120463.39003617113
120578.20003627805
120609.54503630725
120624.29003632098
120669.79503636336
120681.64003637439
120950.12003662443
121050.12503671757
121195.03003685252
121239.82503689424
121385.52003702993
121508.39003714436
121543.23503717681
121617.06003724557
121630.55003725813
121641.40003726823
121658.18503728387
121750.84003737016
121878.30003748887
122091.2600376872
122103.23003769835
122130.90503772412
122265.48503784946
122436.21003800846
122628.33503818739
122641.67003819981
122655.91003821307
122789.54003833752
122938.53503847629
123127.71003865247
123627.95503911836
123645.38003913459
123664.67503915256
123676.55503916362
123693.32003917923
123706.12003919116
123861.39003933576
124049.51003951096
124094.79503955314
124113.45503957052
124389.76503982785
124418.42003985454
124600.39504002401
124608.25504003133
124622.55504004465
124642.94504006364
124661.46004008088
125549.06004090753
125557.92504091578
125568.20504092536
125589.93004094559
125601.63004095649
125722.45004106901
125772.07004111522
125880.23504121596
125890.4750412255
125927.72004126018
125935.96504126786
125949.51504128048
125963.08504129312
125978.83004130778
126255.38504156534
126268.84004157787
126433.0350417308
126457.93504175398
126479.34504177392
126585.34504187264
126606.0150418919
126636.27004192007
126664.50004194636
126683.29004196386
126702.84004198207
126715.85504199419
126725.14004200284
126742.48004201899
126762.70004203782
126824.25004209514
127319.78004255664
127335.78004257154
127346.89004258189
127390.96004262293
127409.04004263977
127707.43004291767
127720.7850429301
127751.04504295829
127797.08504300116
127810.61504301376
127921.2450431168
128008.95504319848
128018.9650432078
128052.08504323865
128367.89004353277
128552.59504370479
128744.67004388367
128760.76004389866
128773.99004391098
128785.92004392209
128803.7650439387
128816.3200439504
128826.36504395975
128834.48504396732
128892.4450440213
128919.21004404622
128940.95504406648
129055.32004417299
129410.80504450406
129425.5550445178
129448.01504453871
129455.69004454586
129466.33004455577
129477.50504456618
129791.48004485859
129802.46504486882
129940.24504499714
129952.61004500865
129974.07004502864
129989.76004504325
130146.24004518898
130260.67004529556
130313.09004534438
130339.94004536938
130349.6200453784
130360.67504538869
130387.41004541359
130397.92504542338
130409.52004543418
130420.76004544465
130438.59504546126
130575.55504558882
130656.45004566415
130666.11504567316
130740.66004574258
130802.73004580039
130906.80004589731
131111.41004608787
131168.26004614081
131179.88504615164
131205.2800461753
131216.17004618543
131226.51004619506
131344.1350463046
131532.43504647998
131542.17504648905
131553.48504649958
131565.50004651077
131661.66504660033
131680.5250466179
131751.58004668407
131768.7900467001
131794.07504672365
131842.84004676907
131857.31504678255
132096.99004700576
132257.3450471551
132268.02004716505
132284.55004718044
132298.84504719375
132397.10504728527
132415.8350473027
132453.96004733822
132681.32504754997
132762.18004762527
132864.80004772084
132873.25504772871
132903.79504775716
133132.29004796996
133255.40004808462
133277.00504810474
133369.38504819077
133392.9450482127
133432.2150482493
133714.75004851242
133728.6750485254
133739.4250485354
133830.73504862044
133881.4700486677
133892.4450486779
133904.30004868895
133929.5800487125
133944.6200487265
134283.44004904205
134306.73004906374
134318.12004907435
134393.60004914465
134657.52004939044
134969.98504968145
134984.72504969517
135113.40504981502
135183.8250498806
135263.14504995447
135279.1700499694
135338.9700500251
135348.6450500341
135364.7400500491
135431.13505011093
135586.77005025587
135699.92505036126
135745.21505040344
135831.65005048394
135859.22505050962
135965.77505060885
136078.42505071376
136276.85005089856
136345.35005096236
136355.0750509714
136375.7800509907
136520.90505112585
136531.35005113558
136678.33505127247
136688.32005128177
136702.58505129506
136729.01505131967
136809.5650513947
136912.63505149068
136923.54005150084
137171.70505173196
137179.8050517395
137190.25005174923
137214.12005177146
137227.77505178418
137245.6150518008
137341.9250518905
137352.00005189987
137366.090051913
137410.84005195467
137441.54505198327
137569.4600521024
137636.62005216494
137879.25505239092
137888.83505239984
138069.34005256795
138089.34005258657
138410.13505288534
138423.5250528978
138432.7450529064
138470.0050529411
138478.8200529493
138487.90005295776
138495.95005296526
138508.60505297704
138539.34005300567
138603.42005306535
138724.7100531783
138733.87505318684
138768.22005321883
138808.05005325592
138841.430053287
138936.17005337524
138946.30505338468
138956.92505339457
138969.91005340667
138970.23005340697
139010.77005344472
139020.8300534541
139029.82505346247
139049.6100534809
139202.3950536232
139217.62505363737
139402.21505380928
139772.51005415415
139783.2000541641
139801.2300541809
139814.92005419364
139831.76005420933
140390.34005472955
140417.58505475492
140428.01505476463
140549.37005487765
140693.5150550119
140701.84505501966
140862.81005516957
140876.150055182
141165.38005545136
141195.8150554797
141303.7200555802
141331.410055606
141575.46505583328
141662.71005591453
141733.90505598084
141747.5000559935
141759.77505600493
141769.4200560139
141784.93005602836
142201.9150564167
142212.81505642686
142441.86005664017
142493.95005668869
142505.05505669903
142524.355056717
142546.905056738
142749.45005692664
142764.49005694065
142789.9900569644
142798.50505697232
142816.13505698874
142991.29005715187
143083.5650572378
143105.82005725853
143120.77005727246
143154.1050573035
143216.2850573614
143332.75505746988
143341.1500574777
143352.13005748793
143370.33005750488
143379.9050575138
143755.03505786316
143896.89505799528
143968.0950580616
144015.64505810587
144028.69005811802
144050.2450581381
144063.36505815032
144113.79005819728
144129.57005821198
144435.00005849643
144544.02505859797
144557.33005861036
144618.77005866758
144876.7000589078
144964.3350589894
144976.2300590005
144988.30505901173
145000.33005902293
145012.70005903445
145036.7950590569
145122.93505913712
145224.77005923196
145240.13005924626
145296.84505929908
145327.09505932726
145439.83005943225
145451.370059443
145461.81505945273
145609.15005958994
145619.70505959977
145847.30505981174
145862.12505982554
145869.85005983274
145885.5000598473
145915.08005987486
146145.2300600892
146468.21006039
146662.10506057058
146758.20006066008
146773.38506067422
146812.2200607104
146893.80006078637
147189.26006106153
147210.40006108122
147229.5850610991
147371.1300612309
147382.88006124186
147393.3400612516
147552.11506139947
147696.74506153417
147759.40506159252
147809.7250616394
147819.5150616485
147845.1850616724
147890.99006171507
148205.510062008
148230.6550620314
148279.8250620772
148297.5300620937
148736.95006250293
148746.10506251146
148854.24506261217
148949.38006270077
148959.91006271058
149064.04006280756
149094.01506283547
149103.76006284455
149186.21506292134
149324.65006305027
149338.47006306314
149351.8450630756
149402.91006312316
149416.22506313556
149512.65006322536
149535.51006324665
149670.06506337196
149682.20006338326
149692.83506339317
149998.05506367743
150047.49506372347
150071.670063746
150091.51506376447
150105.25506377727
150113.4500637849
150122.5700637934
150135.8850638058
150158.655063827
150171.91506383935
150184.0050638506
150193.32006385928
150201.2750638667
150217.2850638816
150235.955063899
150442.27006409114
150615.58006425254
150725.4750643549
150744.42006437253
150756.725064384
151202.48006479914
151494.04006507067
151505.64506508148
151518.41506509337
151598.81006516825
151618.11006518622
151777.6400653348
151843.27006539592
151874.21506542474
151943.91506548965
152082.96006561915
152230.29006575636
152248.7950657736
152393.6600659085
152935.5550664132
152945.3300664223
152959.59006643557
152996.1150664696
153007.13506647985
153020.03006649186
153046.7950665168
153063.63006653247
153077.23506654514
153119.14006658416
153239.48006669624
153250.63006670662
153278.88006673293
153355.48506680428
153409.49006685457
153420.34006686468
153672.71506709972
153705.16006712994
154039.89506744168
154082.9600674818
154436.60006781114
154472.1950678443
154504.67506787454
154512.54006788187
154529.78506789793
154563.8850679297
154837.79006818478
155198.73506852094
155222.55006854312
155235.46506855515
155294.52506861015
155348.40006866032
155360.8250686719
155372.88506868313
155413.94506872137
155527.54506882717
155539.25506883807
155559.16506885662
155691.2300689796
156034.57006929937
156218.6350694708
156237.45506948832
156245.89506949618
156308.7300695547
156492.32006972568
156682.2750699026
156818.68507002963
156860.34007006843
156868.77507007628
156921.4000701253
157026.4150702231
157086.51507027907
157294.58007047285
157876.710071015
157888.4250710259
157898.9350710357
157908.20007104432
157941.15507107502
158217.8450713327
158229.46507134353
158246.66507135954
158257.7700713699
158274.2200713852
158313.68507142196
158416.89007151808
158431.76007153193
158443.7500715431
158478.17007157515
158612.79507170053
158626.65507171344
158670.24507175403
158700.7000717824
158709.37507179048
158717.41507179796
158901.23507196916
158918.6750719854
158928.42007199448
159076.76007213263
159123.4500721761
159178.70007222757
159273.15007231553
159304.42507234466
159323.5850723625
159347.45507238474
159357.22007239383
159374.75007241016
159665.40507268085
159877.93507287878
159886.71507288696
159894.36507289408
159907.00507290586
160021.25507301226
160033.71507302386
160041.00507303065
160048.9850730381
160454.39507341565
160748.99007369002
160789.00007372728
160799.3200737369
161066.97507398616
161077.48007399595
161212.44507412164
161369.585074268
161525.75507441344
161608.99007449095
161861.34007472597
161895.03507475735
161905.87507476745
162115.07507496228
162163.28507500718
162172.48007501574
162182.70507502527
162483.88507530576
162510.36007533042
162522.52007534174
162718.4350755242
162737.38507554185
162754.47007555777
162774.02507557598
162848.4700756453
162899.65007569297
162913.47507570585
162965.65507575445
162995.62007578235
163125.42007590324
163136.02507591312
163383.935076144
163397.0300761562
163978.41007669765
163990.23007670866
164055.69507676963
164064.81507677812
164076.5950767891
164140.00507684815
164149.8250768573
164299.1950769964
164312.42507700872
164323.59007701912
164392.6000770834
164417.61007710668
164433.13007712114
164536.00007721694
164545.48007722577
164574.63507725293
164593.58507727057
164833.43007749395
164845.9350775056
164854.4250775135
164866.08507752436
164929.17507758312
165076.2500777201
165169.7750778072
165182.3350778189
165194.32007783005
165297.09507792577
165470.7650780875
165480.940078097
165561.11507817166
165569.58007817954
165667.3600782706
165699.8850783009
165796.9450783913
165904.56007849152
166052.53007862932
166112.87007868552
166161.01507873036
166175.94507874426
166426.34007897746
166639.06507917558
166649.13007918495
166660.61507919565
166674.65507920872
167345.98007983394
167529.41508000478
167754.63508021453
167763.2050802225
167857.16508031002
167881.87508033303
167891.05008034158
167912.3300803614
167923.75508037204
167934.84508038237
168052.70508049213
168108.22508054384
168250.32008067617
168280.7400807045
168291.84008071484
168299.16008072166
168312.76508073433
168530.09008093673
168537.95508094406
168546.66008095216
168570.08008097397
168648.64008104714
168664.10008106154
168748.64508114028
168761.3550811521
168807.56008119514
168993.00508136785
169002.3950813766
169016.0200813893
169030.2200814025
169247.46008160483
169294.6550816488
169452.33508179564
169465.97508180834
169583.33508191764
169643.70008197386
169907.4450822195
169921.60508223268
169931.06008224149
169975.56008228293
170151.43008244672
170335.4400826181
170510.38508278102
170711.00008296786
170842.94008309074
170855.1400831021
170879.58508312487
170963.78008320328
171076.6400833084
171263.3700834823
171309.8650835256
171336.85508355073
171347.71508356085
171357.7550835702
171506.73008370894
172005.2350841732
172017.08008418424
172029.68508419598
172058.51008422283
172069.2150842328
172115.89008427627
172127.17008428677
172233.79508438607
172498.47508463258
172689.0900848101
172813.36508492584
172864.2150849732
173029.4550851271
173042.94508513965
173051.5950851477
173063.55008515884
173153.45508524257
173166.13508525438
173176.29008526384
173199.29008528526
173211.3650852965
173457.15508552542
173469.25008553668
173720.71008577087
173731.6900857811
173741.4700857902
173756.24008580396
173794.2900858394
173811.08008585504
173824.42508586746
173855.08508589602
173957.36008599127
174302.86008631304
174560.85508655332
174574.94008656644
174811.6550867869
174827.1350868013
174836.7900868103
174910.59008687903
174921.26008688897
175008.5800869703
175032.89008699293
175042.59008700197
175068.67008702626
175668.3000875847
175687.7200876028
175713.2800876266
175853.38508775708
175862.82008776587
175875.57008777774
175882.96508778463
175954.4600878512
175997.31508789113
176061.88008795126
176076.5250879649
176105.12008799153
176226.26508810435
176292.48008816602
176307.87008818035
176341.6250882118
176441.44008830475
176531.01008838817
176540.54008839704
176552.07008840778
176636.72008848662
176647.39008849656
176734.18008857738
176746.70508858905
177100.28008891834
177170.3600889836
177202.59508901363
177218.29008902825
177346.62508914777
177508.96508929896
177530.94508931943
177597.67008938157
177898.73508966196
177909.01008967153
177977.35508973518
177988.05008974514
178000.1400897564
178016.58508977172
178075.98508982704
178182.07508992584
178200.09008994262
178212.16508995387
178258.2550899968
178329.9950900636
178416.08509014378
178495.2550902175
178989.36009067768
179000.67509068822
179158.41509083513
179170.090090846
179222.46009089478
179739.54509137635
179747.79009138403
180040.74009165686
180225.19009182864
180241.12509184348
180320.09509191703
180393.43509198533
180403.65509199485
180576.3700921557
180598.68509217649
180638.36509221344
180660.49509223405
180750.7450923181
180760.14509232686
180807.78509237122
180825.56009238778
180842.7500924038
180971.0800925233
180983.3050925347
180998.17009254853
181007.21509255696
181052.8950925995
181063.77009260963
181084.01509262848
181095.5350926392
181175.80009271397
181252.2750927852
181261.76509279403
181269.5800928013
181281.88009281276
181301.480092831
181396.78509291977
181408.69509293087
181429.48009295022
181482.11009299924
181509.75009302498
181548.2200930608
181592.46509310202
181721.97009322263
181738.39509323792
181747.56509324646
181759.99509325804
181771.8750932691
181864.88509335573
181874.13509336434
181886.96009337628
182129.5400936022
182246.48509371112
182257.085093721
182339.4550937977
182363.2800938199
182380.48509383592
182407.45509386103
182501.77509394888
182635.09009407304
182650.46009408735
182659.35009409563
182676.12009411125
182918.45509433694
182929.5750943473
183025.21509443637
183044.86509445467
183591.29509496357
183634.04009500338
183649.0950950174
183696.70009506174
183714.8200950786
183758.24009511905
183856.45009521052
183875.18009522796
183905.13009525585
183957.98009530507
183968.70009531506
183978.9350953246
183988.42009533342
184131.08009546628
184267.17509559303
184396.04009571305
184492.39509580279
184514.67509582354
184531.55509583926
184606.09509590868
184640.51009594073
184656.51009595563
184685.86509598297
184741.5250960348
184795.6300960852
185131.3950963979
185140.13509640604
185182.23509644525
185342.57009659457
185503.21009674418
185849.0700970663
186414.25509759266
186438.5700976153
186451.74009762757
186785.26009793818
186812.42009796348
186822.94009797327
186832.78009798244
187016.70509815373
187192.24509831722
187203.1800983274
187213.20009833673
187267.58009838738
187276.03509839525
187354.70509846852
187532.0700986337
187586.42009868432
187695.73509878613
187705.95009879564
187733.96009882173
187767.36009885283
187992.61009906261
188060.58509912592
188113.67009917536
188188.80009924533
188337.23509938357
188648.89509967383
188657.17509968154
188748.7250997668
188763.63009978068
188791.3550998065
188799.78009981435
188813.30009982694
188882.8350998917
189012.29510001227
189184.37010017253
189295.09510027565
189307.270100287
189317.35010029637
189326.8251003052
189338.28010031587
189475.1251004433
189585.57010054617
189603.8401005632
189670.08010062488
189698.15010065102
189793.3801007397
189805.63510075113
189815.4801007603
189824.05510076828
189832.84510077647
189879.88010082027
190244.05510115944
190263.990101178
190279.74510119268
190360.76010126813
190452.18510135327
190471.3351013711
190484.66510138352
190639.23010152747
190647.45010153513
190677.56510156317
190767.00010164647
190801.87010167894
190817.62510169361
190834.95010170975
190844.85010171897
190865.63010173832
191033.61510189477
191070.76010192937
191082.8251019406
191102.06010195852
191117.21010197263
191128.0351019827
191140.86510199466
191189.92010204034
191200.89010205056
191317.92010215955
191330.88010217162
191910.34010271128
192274.95010305085
192298.4001030727
192447.5351032116
192460.66510322382
192479.80510324164
192602.43010335584
192616.560103369
192807.87510354718
192827.3351035653
192841.0751035781
192986.16510371323
193121.225103839
193132.2601038493
193145.0501038612
193165.15510387992
193201.57010391384
193242.7701039522
193256.63510396512
193267.51010397525
193610.5201042947
193672.1401043521
193681.56010436086
193707.39010438492
193759.51510443346
193771.1551044443
193800.98510447209
193809.32510447985
193820.8701044906
193835.0451045038
193847.8051045157
193892.03010455688
194207.50010485068
194398.4451050285
194517.95510513982
194528.75010514987
194539.1051051595
194550.35010517
194566.1401051847
194576.74510519457
194592.1251052089
194607.56010522327
194752.08510535787
194763.75510536873
194931.9851055254
195070.4901056544
195147.1651057258
195158.33510573622
195525.05010607775
195533.34010608547
195803.68010633724
195831.53510636318
195989.5951065104
196073.62010658864
196120.7201066325
196149.180106659
196182.8901066904
196286.47010678687
196423.66010691464
196442.54010693223
196489.15510697564
196771.4051072385
196781.5051072479
196839.62010730203
197002.2601074535
197505.1851079219
197518.56510793435
197576.175107988
197587.8851079989
197617.53510802652
197679.65010808437
197717.60510811972
197731.80010813294
197743.2501081436
197756.94510815636
197767.05510816578
198010.8201083928
198025.98010840692
198089.1901084658
198097.6751084737
198108.90010848414
198126.8851085009
198215.02010858298
198388.37510874443
198471.54510882188
198563.97010890796
198572.10510891554
198642.59010898118
198708.6401090427
198825.9051091519
198942.3051092603
199081.16510938964
199093.0451094007
199699.3951099654
199718.31010998302
199841.25011009752
199863.75511011848
199878.7051101324
199892.0201101448
199905.02511015692
200059.45011030074
200111.40511034912
200124.35011036118
200144.72511038015
200167.04011040094
200232.5101104619
200239.8951104688
200249.00011047727
200257.47511048516
200270.70511049748
200389.4651106081
200404.8301106224
200551.90011075936
200941.74011112243
200954.41011113423
200966.02011114504
200974.92011115333
200993.83011117094
201007.68011118384
201144.90011131164
201284.70011144184
201380.88511153142
201403.45011155243
201760.4351118849
201781.67511190468
201794.6801119168
201834.625111954
201844.8451119635
201896.86011201196
201966.04011207639
202040.34011214558
202060.78511216462
202072.62011217565
202118.48011221836
202250.43511234125
202265.66511235543
202276.02511236508
202288.9251123771
202300.620112388
202365.52511244843
202435.62011251372
202528.19011259993
202541.34011261218
202610.1851126763
202620.44011268584
202630.95011269563
202907.77511295344
202989.58511302964
203420.94011343137
203572.86511357286
203651.05011364567
203668.590113662
203678.94011367165
203694.91511368653
203720.05011370993
203737.22511372593
203747.41511373542
203800.4501137848
203941.6301139163
204092.57011405687
204102.28511406592
204124.35511408647
204137.62011409883
204148.45511410892
204366.13011431164
204468.6401144071
204480.20511441788
204585.3351145158
204599.26011452876
204645.0501145714
204659.5301145849
204680.4601146044
204754.120114673
204765.71011468378
204874.4851147851
204887.96511479764
205143.64011503576
205153.44011504488
205170.2051150605
205187.940115077
205209.5201150971
205286.0601151684
205309.5851151903
205343.7351152221
205355.3201152329
205377.3301152534
205391.68011526676
205405.21011527936
205521.03511538723
205538.7201154037
205695.53011554974
205945.19511578226
205954.3751157908
206001.53511583473
206083.55511591112
206101.1301159275
206114.3401159398
206437.58511624084
206452.93011625513
206552.8801163482
206572.3051163663
206668.53011645592
206704.63011648954
206719.9301165038
206867.5951166413
206878.4201166514
206905.21011667635
206926.9501166966
207153.89511690795
207164.1551169175
207173.8201169265
207183.9101169359
207199.08511695004
207659.53511737887
207715.1851174307
207729.7851174443
207858.27011756395
208059.5401177514
208191.2951178741
208201.63011788373
208209.83011789137
208222.49511790316
208241.39511792077
208396.7901180655
208469.95011813362
208477.99511814112
208690.77011833928
208724.35011837055
208762.43511840602
208776.03011841868
208790.36011843203
208817.67511845747
208829.87011846883
208839.710118478
208855.2751184925
208868.31511850463
208974.5751186036
208985.15011861344
208995.48511862307
209120.89511873986
209194.04011880798
209552.1551191415
209621.75511920633
209757.755119333
209768.2901193428
209869.6501194372
210174.52511972113
210196.5151197416
210233.61511977616
210242.51511978445
210251.1451197925
210398.45011992968
210410.32511994074
210616.5451201328
210709.9551202198
210747.31512025459
210757.98012026452
210768.55512027437
210804.27512030763
210873.84012037242
210943.24512043706
211077.9301205625
211097.97012058116
211350.8901208167
211821.0751212546
211836.14512126864
211865.77512129623
212217.76512162405
212226.7301216324
212237.86012164276
212247.48512165173
212260.32012166368
212284.7201216864
212435.71512182703
212450.48012184078
212459.93012184958
212468.975121858
212502.81512188952
212516.66512190242
212648.56012202526
212662.39512203814
212672.83012204786
212698.765122072
212830.42012219463
212907.00512226595
212998.57012235123
213023.1251223741
213062.91012241115
213164.46512250573
213201.95512254065
213355.91512268403
213378.25012270483
213498.31512281665
213510.3951228279
213943.24512323103
213954.40012324142
213997.68512328173
214034.75012331625
214111.4651233877
214158.90512343188
214248.19012351503
214282.59012354707
214315.64512357785
214356.69512361608
214416.43012367171
214468.54012372025
214774.4051240051
215357.19512454787
215372.10512456176
215388.9051245774
215403.23512459075
215419.23012460564
215427.4351246133
215442.21512462705
215462.8951246463
215477.24512465968
215486.64512466843
215589.08012476383
215618.1451247909
215627.45512479957
215792.00512495282
215986.41012513387
216362.59512548422
216446.13512556202
216458.97012557398
216470.85012558504
216482.34512559575
216634.81012573774
216767.31512586115
216779.90512587287
216931.42012601398
216958.3851260391
216990.3951260689
217088.07512615988
217099.7951261708
217238.51012629998
217257.93512631807
217272.32012633147
217286.22512634442
217296.59512635408
217306.67512636347
217321.8651263776
217336.41012639116
217346.78012640082
217357.31512641063
217366.97012641962
217380.07012643182
217520.13012656226
217641.12512667495
217694.80512672494
217711.91512674087
218037.42012704402
218066.78512707137
218141.40512714087
218229.3751272228
218242.51012723503
218300.30012728885
218726.02012768533
218735.2201276939
218744.18012770225
218752.25012770976
218772.1651277283
218782.1301277376
218803.32012775732
218835.9201277877
218845.45512779657
218855.9001278063
218992.03512793308
219003.49012794375
219016.04012795544
219062.64512799884
219173.93012810248
219497.3551284037
219586.3701284866
219838.61512872152
219858.42512873997
219872.68512875325
220014.8051288856
220025.47012889554
220096.14512896136
220108.72512897308
220366.78512921341
220377.80012922367
220457.26512929768
220472.61012931197
220482.71012932138
220493.13012933108
220537.00512937194
220549.8551293839
220567.39512940025
220598.4851294292
220638.7401294667
220725.68512954767
220850.02512966347
221152.5451299452
221172.16512996348
221213.7301300022
221420.765130195
221458.8801302305
221487.66513025732
221525.47513029253
221542.55013030843
221554.39513031946
221630.51013039035
221829.56513057573
221886.60013062885
222093.47013082152
222218.0051309375
222233.77013095218
222257.190130974
222290.39513100492
222609.8301313024
222632.1351313232
222848.7101315249
222954.01013162296
222966.05513163417
223405.31013204326
223415.49513205275
223459.4751320937
223528.46013215795
223538.78013216757
223618.94513224222
223776.99513238942
223790.15513240168
223839.22513244738
223854.51513246162
223992.0551325897
224018.54013261438
224586.00013314286
224636.67513319006
224739.01013328537
224749.16513329482
224758.1651333032
224779.5401333231
224792.86013333552
224848.58513338742
224859.86513339792
224880.83013341745
225185.90513370157
225205.9051337202
225273.17513378285
225355.99513385998
225455.5451339527
225470.02513396618
225486.9201339819
225507.77013400133
225893.1151343602
225917.7951343832
225935.13013439934
226415.24513484648
226509.16513493395
226574.00513499434
226581.85513500165
226594.2651350132
226605.80013502395
226649.30013506446
226663.28013507748
226679.69513509277
226786.97513519268
226874.53513527423
227020.78513541044
227096.95013548137
227157.9601355382
227301.77513567213
227633.420135981
227657.95513600385
227746.23013608606
227846.43013617938
227938.70513626531
228139.0651364519
228153.27013646514
228184.74513649446
228197.3601365062
228223.3351365304
228389.5401366852
228407.0651367015
228416.34013671015
228434.47013672703
228634.66013691347
228780.15013704897
229052.41513730254
229280.09013751458
229552.50013776828
229702.97513790842
229809.11513800727
229817.04513801466
230080.96513826045
230089.6001382685
230098.3001382766
230461.21013861458
230597.65013874165
230843.96013897104
230897.51013902092
231033.950139148
231042.1151391556
231057.1701391696
231231.62513933209
231254.36013935326
231285.3151393821
231295.4201393915
231307.93013940315
231317.28513941186
231338.29513943143
231468.67013955285
231651.5901397232
231662.55013973342
231705.73013977363
231759.88513982407
231817.0501398773
231912.54513996624
232028.16514007392
232113.76514015364
232123.77514016296
232153.6651401908
232274.97514030378
232349.90014037356
232456.41014047276
232496.79014051036
232506.69014051958
232669.08514067082
232680.78514068172
232733.77014073107
232742.1951407389
232754.3051407502
232763.78514075902
232776.67514077103
232792.6401407859
232801.19514079386
232811.52014080348
233065.35514103988
233079.0151410526
233126.98514109728
233139.7751411092
233182.45014114893
233194.05014115974
233205.1751411701
233215.20014117943
233341.99514129752
233371.10514132463
233401.81514135323
233417.96014136827
233435.69014138478
233444.32014139282
233452.73514140066
233463.00514141022
234182.62514208042
234226.02014212083
234320.75014220906
234332.52514222002
234343.29514223005
234555.60514242778
234572.11014244315
234765.84514262358
235124.7101429578
235165.8251429961
235333.89514315262
235358.06014317513
235371.30514318746
235388.3151432033
235397.27514321165
235421.46014323417
235443.02514325426
235628.38014342688
235661.34014345758
235671.01014346658
235678.94514347397
235834.64514361898
235919.41014369793
235928.77014370664
235996.6901437699
236009.5801437819
236711.5901444357
237308.19014499133
237321.32014500356
237368.99514504796
237414.32014509017
237422.60014509788
237439.60514511372
237638.89514529932
237655.9601453152
237666.9101453254
237852.82514549856
237868.94514551357
237896.51514553925
237922.6601455636
237936.58014557656
237953.32514559216
237991.1601456274
238167.1601457913
238184.2401458072
238199.73014582164
238413.06014602032
238432.88514603878
238502.74014610384
238522.1301461219
238533.55514613254
238552.0951461498
238581.77014617744
238750.90514633496
238761.21514634456
238837.29514641542
238855.72514643258
238950.7701465211
238960.6551465303
238971.52014654042
238981.98514655017
239265.5951468143
239817.15514732798
239833.96514734364
239946.29014744825
240048.19014754315
240058.19514755247
240299.53014777723
240441.5451479095
240456.35514792328
240519.74514798232
240573.34514803224
240586.8301480448
240779.69514822442
240839.5951482802
240848.8301482888
240900.92014833732
240916.73014835204
241074.88014849933
241087.22014851082
241118.26014853973
241197.16514861322
241213.1601486281
241384.42514878762
241576.7101489667
241679.08514906204
241689.6751490719
241811.100149185
241997.21514935832
242044.9851494028
242066.28514942265
242107.48014946101
242129.55014948157
242188.94514953688
242200.07014954725
242481.115149809
242490.87514981808
242498.4101498251
242506.30014983244
242523.80514984875
242631.5551499491
242645.79014996235
242654.67514997063
242663.1351499785
242703.02515001566
242771.91515007982
242785.33515009232
243037.1001503268
243053.47515034204
243066.05015035375
243248.87015052402
243262.34015053656
243273.61015054706
243288.4851505609
243302.14015057363
243459.4151507201
243493.8801507522
243503.67515076132
243855.8401510893
244011.30015123409
244296.15515149938
244371.11015156918
244395.0801515915
244410.2251516056
244422.30515161686
244446.3001516392
244786.84515195637
244794.74515196373
244812.62015198037
244825.5351519924
244971.94515212876
245103.78515225154
245123.32015226973
245136.2801522818
245201.8901523429
245361.36015249143
245483.8401526055
245622.87015273498
245825.56015292375
245843.73015294067
246007.26515309297
246018.2501531032
246088.00515316817
246097.0651531766
246265.16515333316
247139.09015414707
247152.36015415943
247163.46515416977
247210.49515421357
247530.75515451183
247539.51015452
247552.14015453175
247668.73015464033
247688.69015465892
247699.98015466944
247769.65515473433
247801.4051547639
248012.03515496006
248042.52015498845
248053.77015499893
248076.43515502004
248187.8401551238
248275.96015520586
248594.33015550236
248657.75015556143
248803.68015569734
248811.88515570498
248867.67015575693
249051.75515592837
249161.81515603088
249171.05015603948
249182.35015605
249274.43515613576
249294.47015615442
249330.1951561877
249343.04515619966
249491.6801563381
249540.0101563831
249564.08015640551
249573.81015641458
249582.48015642265
249608.46515644685
249638.30515647464
249709.70515654114
249865.0201566858
