26.549999999999002
45.60500000000488
97.43499999998387
115.05499999996785
148.7549999999372
176.7999999999117
229.88999999986342
269.34499999982756
312.6149999997882
362.9899999997424
425.3149999996857
505.3449999996129
522.6849999995972
551.3599999995711
661.0399999994713
684.6599999994498
762.1849999993793
784.1299999993594
817.7849999993288
878.7099999992734
899.5499999992544
961.9599999991976
988.9799999991731
1020.2299999991446
1094.0600000006705
1128.4050000014201
1204.6600000030846
1259.2500000042762
1338.8000000060126
1448.955000008417
1488.1850000092734
1514.0200000098373
1537.7250000103547
1580.165000011281
1649.015000012784
1673.4300000133169
1763.2000000152764
1788.245000015823
1860.8700000174083
1880.285000017832
1940.2100000191401
1975.5800000199122
2010.4200000206727
2113.5550000229237
2134.880000023389
2156.5650000238625
2211.8700000250697
2226.1500000253814
2273.2450000264093
2376.0600000286536
2393.7050000290387
2446.5250000301917
2467.605000030652
2632.715000034256
2650.555000034645
2668.2000000350304
2710.475000035953
2732.1100000364254
2758.90000003701
2775.8750000373807
2800.7850000379244
2821.1400000383687
2840.525000038792
2892.030000039916
2919.470000040515
2947.5250000411274
2976.415000041758
3001.6250000423083
3057.3000000435236
3083.665000044099
3104.730000044559
3167.4300000459275
3197.1650000465766
3224.1900000471664
3252.625000047787
3303.2300000488917
3334.065000049565
3386.620000050712
3424.5400000515397
3499.5350000531766
3540.2150000540646
3589.160000055133
3613.2350000556585
3641.570000056277
3677.6950000570655
3796.8500000596664
3871.425000061294
3902.0300000619623
3921.675000062391
3944.9700000628995
3967.035000063381
3986.445000063805
4008.0600000642767
4046.1250000651075
4075.3050000657445
4218.030000068859
4362.975000072023
4411.355000073079
4428.475000073453
4479.010000074556
4543.985000075974
4573.810000076625
4634.575000077952
4711.8050000796375
4755.44000008059
4777.8250000810785
4821.005000082021
4852.725000082713
4880.325000083316
4934.4100000844965
5069.3750000874425
5143.725000089065
5263.340000091676
5290.935000092279
5387.535000094387
5426.59500009524
5452.540000095806
5468.170000096147
5523.390000097353
5668.065000100511
5731.745000101901
5767.170000102674
5833.335000104118
5866.8450001048495
5920.635000106024
5962.17000010693
5989.740000107532
6013.295000108046
6041.315000108658
6092.515000109775
6118.320000110339
6260.105000113434
6279.6650001138605
6331.40000011499
6373.060000115899
6453.080000117646
6472.285000118065
6528.585000119294
6570.245000120203
6614.150000121162
6641.020000121748
6673.125000122449
6705.615000123158
6741.570000123943
6780.9950001248035
6802.445000125272
6868.81000012672
6897.010000127336
6915.54000012774
6956.1400001286265
6997.08000012952
7071.970000131155
7093.380000131622
7156.495000133
7224.550000134485
7242.475000134877
7268.145000135437
7323.310000136641
7388.685000138068
7407.735000138484
7438.300000139151
7493.415000140354
7602.175000142728
7644.030000143642
7670.655000144223
7710.075000145083
7734.700000145621
7769.105000146372
7886.915000148943
7937.16500015004
8039.855000152282
8066.125000152855
8104.865000153701
8142.455000154521
8169.020000155101
8209.340000152826
8294.365000139216
8362.945000128238
8433.235000116987
8465.630000111802
8485.26000010866
8510.99500010454
8627.540000085884
8649.110000082432
8680.270000077444
8717.515000071482
8741.95000006757
8776.370000062061
8911.045000040504
9022.900000022599
9088.820000012047
9114.625000007916
9139.560000003925
9175.809999998122
9250.564999986156
9365.374999967778
9413.704999960042
9436.554999956385
9455.534999953346
9477.19499994988
9498.61499994645
9519.404999943123
9550.414999938159
9584.364999932724
9610.989999928463
9651.529999921973
9702.46499991382
9720.849999910877
9749.549999906283
9772.294999902642
9797.579999898595
9883.299999884874
9924.92499987821
9950.689999874086
9975.069999870184
9997.349999866618
10081.29999985318
10231.929999829068
10298.059999818483
10360.279999808523
10380.504999805285
10453.909999793535
10531.96999978104
10556.109999777176
10660.369999760487
10684.14999975668
10700.369999754084
10719.069999751091
10783.444999740786
10824.15499973427
10839.764999731771
10986.569999708272
11037.099999700184
11063.254999695997
11195.044999674901
11223.989999670268
11246.919999666598
11361.34999964828
11384.699999644543
11408.669999640706
11425.334999638038
11457.259999632928
11560.669999616375
11576.494999613842
11601.99999960976
11623.559999606308
11676.509999597833
11723.25499959035
11760.704999584355
11790.774999579542
11879.324999565368
11980.01999954925
12034.944999540458
12109.779999528479
12133.934999524612
12174.36499951814
12210.34999951238
12240.39999950757
12262.944999503961
12309.92999949644
12335.659999492322
12368.259999487103
12387.264999484061
12550.074999458
12615.249999447567
12715.704999431488
12736.264999428196
12765.91499942345
12813.539999415827
12880.759999405067
12937.52499939598
12994.364999386882
13061.699999376104
13122.81999936632
13147.24499936241
13300.9899993378
13329.254999333276
13348.609999330178
13367.08999932722
13394.429999322843
13414.169999319683
13440.624999315449
13476.464999309712
13499.479999306028
13539.714999299587
13576.87499929364
13613.284999287811
13663.089999279839
13911.314999240105
13930.509999237032
13985.014999228308
14140.034999203493
14262.724999183854
14279.314999181199
14329.049999173238
14355.504999169003
14400.664999161774
14430.329999157026
14516.619999143213
14559.914999136283
14641.27499912326
14796.024999098488
14831.694999092779
14854.159999089183
14919.684999078694
14956.559999072791
14991.654999067174
15048.394999058091
15071.774999054349
15108.75499904843
15176.294999037618
15213.359999031685
15299.249999017937
15347.32999901024
15383.074999004519
15444.444998994695
15465.574998991313
15520.894998982458
15548.43499897805
15630.484998964916
15659.964998960197
15778.69999894119
15829.11499893312
15851.649998929513
15872.949998926104
15904.984998920976
15939.519998915448
15970.564998910479
16097.804998890111
16130.934998884808
16150.114998881738
16188.869998875534
16225.924998869603
16270.554998862459
16300.739998857627
16392.084998845945
16520.239998872054
16683.654998905346
16705.62499890982
16744.719998917786
16806.77499893043
16828.149998934783
16878.97999894514
16903.299998950093
17018.804998973625
17114.63999899315
17158.069999001997
17188.91999900828
17226.60499901596
17259.44999902265
17301.95999903131
17390.929999049436
17426.994999056784
17455.364999062564
17534.314999078648
17569.56999908583
17610.99999909427
17701.669999112743
17750.479999122686
17776.12499912791
17813.004999135424
17860.43999914509
17903.584999153878
17989.174999171315
18063.26499918641
18097.47499919338
18125.529999199094
18151.13499920431
18183.564999210917
18296.204999233865
18338.804999242544
18360.789999247023
18408.259999256694
18447.204999264628
18474.639999270217
18501.824999275756
18556.0349992868
18604.419999296657
18631.33499930214
18654.874999306936
18705.68999931729
18730.304999322303
18752.12499932675
18767.98499932998
18791.49499933477
18808.214999338175
18833.149999343255
18870.114999350786
18894.614999355777
18931.474999363287
18955.324999368146
18991.054999375425
19008.789999379038
19109.844999399626
19150.934999407997
19230.86499942428
19294.90999943733
19321.954999442838
19346.574999447854
19425.894999464013
19471.08499947322
19539.11999948708
19674.914999514745
19702.509999520367
19737.91499952758
19762.969999532685
19841.394999548662
19892.88499955915
19935.92499956792
20018.659999584776
20068.50499959493
20086.379999598572
20145.989999610716
20244.51999963079
20435.299999669656
20467.054999676126
20542.874999691572
20601.344999703484
20618.879999707056
20644.46499971227
20662.914999716028
20726.699999729022
20746.144999732984
20823.219999748686
20853.889999754934
20877.389999759722
20973.499999779302
21006.014999785926
21034.819999791795
21073.064999799586
21102.449999805573
21129.864999811158
21152.39999981575
21181.02999982158
21250.394999835713
21270.60499983983
21324.909999850894
21368.18999985971
21407.98999986782
21461.474999878716
21483.544999883212
21522.094999891066
21553.03999989737
21595.084999905936
21658.92499991894
21689.534999925178
21741.594999935784
21756.58999993884
21779.234999943452
21855.764999959043
21910.28999997015
21942.18499997665
22085.015000005747
22112.61500001137
22173.805000023836
22319.9050000536
22353.43500006043
22376.68500006517
22455.315000081187
22482.440000086714
22654.060000121677
22688.935000128782
22742.445000139684
22834.26500015839
22925.90000017706
23014.4550001951
23044.860000201294
23108.480000214255
23183.580000229555
23322.000000257754
23418.08000027733
23458.97000028566
23489.185000291815
23585.95500031153
23607.895000316
23642.080000322963
23828.420000360926
23884.275000372305
23927.59500038113
23999.385000395756
24023.880000400746
24070.860000410317
24100.18500041629
24216.440000439976
24291.780000455325
24320.635000461203
24342.375000465632
24364.94000047023
24400.97000047757
24457.385000489063
24488.870000495477
24519.625000501743
24560.85000051014
24593.5350005168
24615.010000521175
24638.44500052595
24672.65500053292
24717.81500054212
24757.09500055012
24778.210000554423
24812.085000561325
24863.64500057183
24947.450000588902
24968.275000593145
25005.985000600827
25024.690000604638
25043.78500060853
25071.465000614167
25163.785000632975
25185.385000637376
25206.580000641694
25314.94500066377
25418.535000684875
25443.770000690016
25500.545000701582
25567.43000071521
25655.125000733075
25682.59500073867
25722.34500074677
25750.905000752588
25767.910000756052
25812.02500076504
25842.090000771164
25875.805000778033
25897.570000782467
25936.830000790465
25960.925000795374
25985.55000080039
26025.910000808613
26114.865000826736
26162.69000083648
26192.500000842552
26220.385000848233
26252.830000854843
26277.99500085997
26314.590000867425
26336.880000871966
26384.75000088172
26406.425000886135
26434.645000891884
26505.625000906344
26538.465000913035
26575.925000920666
26663.400000938487
26731.670000952396
26770.750000960357
26787.39500096375
26808.350000968017
26831.18000097267
26913.910000989523
26935.330000993887
26951.39000099716
26968.72000100069
26996.180001006283
27011.360001009376
27054.550001018175
27076.535001022654
27156.945001039036
27240.07000105597
27262.365001060512
27337.375001075794
27362.4300010809
27398.785001088305
27444.575001097634
27506.06500111016
27590.2000011273
27618.71000113311
27654.925001140487
27723.775001154514
27772.635001164468
27789.610001167926
27805.520001171168
27845.710001179355
27923.740001195252
27953.340001201283
28013.21000121348
28174.275001246293
28196.620001250845
28220.570001255724
28235.96500125886
28289.1750012697
28352.275001282556
28415.41500129542
28436.445001299704
28467.725001306077
28538.140001320422
28647.770001342757
28670.66500134742
28698.39000135307
28745.245001362615
28767.2600013671
28795.655001372885
28831.5550013802
28891.83500139248
28922.350001398696
28950.425001404416
28965.490001407485
29001.265001414773
29020.34500141866
29072.72500142933
29170.815001449315
29237.615001462924
29343.875001484572
29370.43000148998
29396.5300014953
29414.530001498966
29437.52000150365
29507.895001517987
29535.58500152363
29585.685001533835
29612.470001539292
29738.035001564873
29770.690001571525
29790.920001575647
29834.440001584513
29863.990001590533
29891.55500159615
29930.34500160405
29948.55500160776
29965.300001611173
30023.170001622962
30133.415001645422
30165.490001651957
30223.6150016638
30353.185001690195
30401.11000169996
30432.92500170644
30453.270001710585
30479.475001715924
30655.120001751708
30701.310001761118
30784.255001778016
30821.53500178561
30915.155001804684
30973.45500181656
31000.21000182201
31077.17500183769
31102.090001842767
31155.930001853736
31200.690001862855
31227.920001868402
31256.3700018742
31345.800001892418
31401.6750019038
31489.375001921668
31536.70500193131
31724.425001969554
31790.780001983072
31818.74500198877
31885.36500200234
31947.715002015044
32018.96000202956
32070.31500204002
32089.830002043997
32113.31500204878
32211.78000206884
32313.23500208951
32393.53000210587
32447.05000211677
32472.890002122036
32615.60000215111
32641.455002156377
32705.63000216945
32744.39500217735
32788.47000217143
32885.510002120594
32973.25500207463
33016.37000205204
33069.29000202432
33126.30500199445
33158.15000197777
33179.8450019664
33360.41000187181
33387.47000185763
33450.995001824354
33500.22000179857
33518.265001789114
33576.81500175844
33602.62500174492
33654.440001717776
33685.825001701334
33716.01500168552
33748.52000166849
33809.14500163673
34014.66000152907
34075.540001497175
34113.010001477545
34194.62000143479
34294.20500138262
34357.51000134946
34386.46500133429
34430.44000131125
34484.345001283014
34502.26000127363
34587.39500122903
34620.1000012119
34703.235001168345
34820.9050011067
34843.84500109468
34880.6500010754
34928.100001050545
34957.91000103493
34997.850001014005
35095.05500096308
35130.85000094433
35159.380000929385
35203.435000906306
35240.165000887064
35258.13000087765
35403.13500080169
35447.065000778675
35632.1800006817
35694.550000649026
35718.97000063623
35739.72500062536
35769.25000060989
35822.390000582054
35848.99000056812
35884.49500054952
35929.745000525814
35956.38000051186
35998.500000489796
36087.37000044324
36177.43500039606
36401.0700002789
36424.655000266546
36443.290000256784
36491.99500023127
36540.97500020561
36561.49000019486
36678.670000133476
36722.955000110276
36757.25000009231
36780.415000080175
36940.09999999652
36993.919999968326
37172.439999874805
37199.09999986084
37227.02499984621
37250.68999983381
37282.62499981708
37371.71499977041
37398.48499975639
37424.68999974266
37455.069999726744
37653.95999962255
37710.62499959287
37762.36499956576
37814.65499953837
37842.109999523986
37897.72999949485
37943.244999471004
37971.42999945624
37993.294999444784
38017.1249994323
38081.309999398676
38138.214999368865
38308.05999927989
38388.354999237825
38449.08499920601
38558.2949991488
38606.1999991237
38631.65499911037
38651.50499909997
38675.239999087535
38782.42999903138
38803.649999020265
38869.77999898562
38944.87999894628
38980.774998927474
39012.76999891071
39041.954998895424
39061.959998884944
39093.29499886853
39107.8549988609
39179.26499882349
39198.18499881358
39215.48499880452
39296.099998762285
39382.14499871721
39531.96999863872
39634.944998584775
39673.999998564315
39756.919998520876
39806.44499849493
39824.29499848558
39858.11499846786
39960.85499841404
39980.53499840373
40006.27499839025
40037.049998374125
40071.88999835587
40121.67499832979
40149.784998315066
40173.12999830284
40202.86499828726
40219.89499827834
40366.634998201465
40401.91499818298
40440.354998162846
40491.32999813614
40518.674998121816
40582.97499808813
40618.414998069566
40637.504998059565
40683.30499803557
40779.08999798539
40799.10499797491
40818.63499796468
40848.88499794883
40871.459997937
40891.519997926494
40917.44999791291
40967.88499788649
41003.84999786765
41042.75499784727
41115.14999780934
41148.359997791944
41186.744997771835
41261.974997732425
41283.26499772127
41337.31999769295
41358.28499768197
41379.18499767102
41475.72499762045
41495.05499761032
41636.26999753634
41671.024997518136
41689.274997508575
41742.019997480944
41756.07499747358
41785.84999745798
41855.384997421555
41881.15999740805
41907.06499739448
41980.55499735598
41997.82999734693
42014.24999733833
42045.529997321944
42134.9449972751
42160.22499726186
42199.8499972411
42261.33499720889
42292.03499719281
42314.14999718122
42354.424997160124
42391.834997140526
42459.644997105
42562.03999705136
42621.80499702005
42662.25499699886
42683.49999698773
42738.06499695915
42770.959996941914
42923.554996861974
42950.909996847644
42986.40999682905
43014.00499681459
43076.414996781896
43101.27499676887
43126.334996755744
43145.27499674582
43225.12999670399
43260.219996685606
43297.96499666583
43349.41999663888
43406.12499660917
43479.19499657089
43502.52499655867
43560.65499652822
43589.369996513175
43620.139996497055
43718.57499644549
43759.07499642427
43841.704996380984
43870.15499636608
44060.37999626643
44086.284996252856
44143.209996223035
44213.66999618612
44274.92999615403
44301.58499614007
44330.679996124825
44354.484996112355
44386.229996095724
44437.85999606868
44548.234996010855
44563.20999600301
44584.55499599183
44619.76499597338
44652.439995956265
44689.929995936625
44713.809995924115
44744.774995907894
44775.41499589184
44797.03499588052
44853.69999585083
44882.65499583566
44908.3599958222
44949.67999580055
44982.20999578351
45022.20499576256
45057.97499574382
45083.22999573059
45111.334995715864
45218.479995659734
45285.574995624585
45331.064995600755
45360.7599955852
45393.584995568
45490.724995517114
45517.674995502995
45571.53499547478
45590.0099954651
45671.44999542244
45689.82999541281
45712.83499540076
45743.12999538489
45763.10499537442
45875.17999531571
45900.5899953024
45951.50999527572
45988.97999525609
46044.48999522701
46073.194995211976
46141.1099951764
46273.69499510694
46319.79999508279
46380.829995050815
46403.29499503905
46456.87499501098
46498.09999498938
46522.94999497636
46620.40999492531
46650.899994909334
46725.4049948703
46744.55999486027
46775.889994843856
46820.404994820536
46876.50499479115
46895.62499478113
46929.8549947632
46957.63999474864
47034.72999470826
47062.04499469395
47158.93999464319
47191.98499462588
47242.19499459957
47262.24499458907
47280.48999457951
47314.73499456157
47368.37499453347
47450.19499449061
47497.49999446583
47645.51999438828
47672.2099943743
47713.2499943528
47734.50499434167
47754.70999433108
47880.90999426497
47920.759994244094
47946.61999423055
48040.079994181586
48069.75499416604
48096.99499415177
48115.90999414186
48138.29999413013
48171.164994112914
48205.06999409515
48317.764994036115
48376.46999400536
48413.57999398592
48434.66999397487
48458.68999396229
48535.164993922226
48556.87999391085
48613.69499388109
48642.999993865735
48686.864993842755
48760.61999380412
48808.3799937791
48827.0799937693
48853.2349937556
48874.8049937443
48900.239993730975
48972.889993692916
49040.08999365771
49092.479993630266
49227.994993559274
49258.59999354324
49295.05499352414
49334.03499350372
49419.91999345873
49466.91999343411
49486.67999342376
49509.224993411946
49542.50999339451
49559.009993385866
49582.204993373714
49610.27999335901
49679.56499332271
49729.089993296766
49802.409993258356
49853.13499323178
49916.22499319873
49967.83999317169
50022.559993143026
50044.779993131386
50071.754993117254
50149.43999307656
50165.81999306798
50197.57999305134
50233.299993032626
50266.95999301499
50379.10499295624
50416.799992936496
50464.28999291162
50516.74499288414
50553.34999286496
50594.23499284354
50691.354992792665
50729.70999277257
50851.059992709
50910.91999267764
50936.32999266433
50980.149992641374
51018.39999262134
51046.7249926065
51106.954992574945
51126.37999256477
51154.53999255002
51178.864992537274
51243.78999250326
51270.64999248919
51327.20999245956
51417.49499241226
51433.36499240395
51479.98499237953
51583.659992325214
51621.77499230525
51647.86999229158
51664.289992282975
51794.624992214696
51827.804992197314
51994.22499211013
52019.63499209682
52050.57499208061
52079.51499206545
52191.2849920069
52444.2099918744
52537.20499182568
52571.45499180774
52614.124991785386
52638.18499177278
52717.489991731236
52745.399991716615
52824.064991675405
52843.61999166516
52868.744991652
52900.344991635444
52950.0549916094
53007.144991579495
53088.92499153665
53120.91999151989
53170.47499149393
53253.55499145041
53277.88999143766
53308.00999142188
53332.51999140904
53385.07499138151
53459.78499134237
53489.27999132692
53536.33499130227
53554.62499129269
53569.039991285135
53731.20499120018
53770.084991179814
53810.99999115838
53832.51499114711
53859.10499113318
53882.189991121086
54027.13999104515
54061.63999102708
54109.04999100224
54203.434990952795
54220.44999094388
54259.81999092326
54277.844990913814
54315.49999089409
54346.0249908781
54365.649990867816
54391.10999085448
54428.15999083507
54448.364990824484
54549.25499077163
54569.52999076101
54623.999990732475
54651.314990718165
54675.91499070528
54696.594990694444
54735.96499067382
54761.934990660215
54833.649990622645
54887.73999059431
54928.23999057309
54946.999990563265
54969.72499055136
55105.52499048022
55129.714990467546
55162.42999045041
55191.11999043538
55206.279990427436
55282.07999038773
55313.139990371455
55335.55999035971
55370.57499034137
55390.639990330856
55433.39499030846
55540.64499025227
55582.81499023018
55631.979990204425
55669.49499018477
55715.52499016066
55767.34499013351
55789.139990122094
55810.86999011071
55834.44999009836
55860.93499008448
55892.66499006786
55913.919990056726
55941.4599900423
55964.259990030354
56033.23498999422
56153.844989931036
56217.15998989787
56245.20998988317
56307.48998985055
56424.11998978945
56452.91498977436
56483.354989758416
56739.56998962419
56790.209989597664
56823.689989580125
56983.899989496196
57019.064989477774
57058.044989457354
57134.63498941723
57187.91998938932
57219.67498937268
57273.62498934442
57323.03998931853
57342.444989308366
57367.43998929527
57404.789989275705
57466.24998924351
57489.944989231095
57526.03498921219
57567.90998919025
57625.49998916008
57653.554989145385
57746.92998909647
57807.62498906467
57841.56998904689
57867.674989033214
57912.15498900991
58096.59998891329
58201.994988858074
58234.61998884098
58261.074988827124
58328.59498879175
58355.9849887774
58386.03498876166
58404.49498875199
58425.22998874113
58468.67498871837
58501.359988701246
58521.289988690805
58540.44498868077
58554.36498867348
58633.684988631925
58660.32998861797
58684.76998860516
58705.01498859456
58730.41498858125
58764.879988563196
58797.29998854621
58828.87498852967
58859.84498851345
58886.10998849969
58919.33498848228
58985.58998844757
59074.689988400896
59150.42998836122
59213.96998832793
59252.52998830773
59272.07498829749
59305.819988279814
59345.09498825924
59368.97498824673
59400.88998823001
59535.644988159416
59639.98998810475
59698.13998807429
59736.66498805411
59756.51498804371
59813.66498801377
59851.36998799402
59894.50998797142
59916.809987959736
59949.489987942616
59999.849987916234
60087.12498787051
60144.06998784068
60165.10998782966
60326.38498774517
60355.699987729815
60390.16998771176
60438.20998768659
60467.5899876712
60494.874987656905
60531.59498763767
60563.9799876207
60604.70498759937
60671.01498756463
60790.98998750178
60847.0699874724
60891.064987449354
60912.56498743809
60969.839987408086
61004.40498738998
61060.60498736054
61123.639987327515
61171.94998730221
61213.10498728065
61241.71998726566
61304.92998723254
61333.2649872177
61463.94998714924
61497.44498713169
61527.16998711612
61553.154987102505
61631.0449870617
61697.289987027
61722.43998701382
61773.75998698694
61825.3749869599
61856.799986943435
61887.99498692709
61915.97998691243
62060.169986836896
62085.47498682364
62117.02498680711
62139.789986795186
62163.214986782914
62188.07498676989
62319.90498670083
62351.70498668417
62405.87998665579
62429.3349866435
62468.78998662283
62503.98998660439
62557.88498657616
62724.264986489
62750.08498647547
62938.14998637695
62978.09998635602
63149.21998626638
63225.9049862262
63302.46998618609
63330.124986171606
63521.0299860716
63566.78498604763
63608.52998602576
63647.27998600546
63679.05998598881
63718.449985968175
63769.204985941586
63786.20498593268
63828.82498591035
63857.069985895556
63885.38998588072
63988.48998582671
64026.08998580701
64050.75498579409
64076.724985780485
64096.30498577023
64150.66498574175
64177.55998572766
64214.429985708346
64243.79998569296
64275.914985676136
64319.17998565347
64399.1049856116
64420.989985600136
64466.04998557653
64593.50498550976
64656.489985476765
64737.9349854341
64869.41498536522
64913.79498534197
64938.87498532883
64955.36998532019
64986.88998530368
65016.92998528794
65050.459985270376
65098.184985245374
65117.2199852354
65180.34498520233
65208.90498518737
65269.84498515545
65298.06498514066
65319.21498512958
65369.44998510327
65442.449985065025
65470.69498505023
65500.744985034486
65569.74498504744
65629.77498510334
65658.6049851302
65683.85998515371
65701.5549851702
65721.58998518885
65742.48998520832
65798.36498526036
65897.85498535301
65923.73498537712
65964.90998541546
66037.60998548317
66122.06998556183
66229.96498566231
66259.86498569016
66333.29998575855
66366.16998578917
66387.05498580862
66405.98498582625
66442.9849858607
66531.46498594311
66562.62998597213
66587.41998599522
66610.88998601708
66649.6799860532
66699.37998609949
66742.59498613974
66765.35998616094
66807.0899861998
66829.24998622044
66882.8849862704
66949.52998633246
66994.95998637477
67023.57998640143
67060.95998643624
67079.50498645351
67096.3449864692
67211.7749865767
67238.80998660187
67302.27998666099
67379.5049867329
67405.39998675702
67515.99998686003
67538.35998688085
67556.16498689743
67581.17498692073
67622.11998695886
67662.81498699676
67682.88498701545
67702.794987034
67718.97998704907
67735.39998706436
67846.49498716783
68006.70498731703
68044.249987352
68074.77998738043
68104.84498740843
68169.49998746865
68194.81998749223
68261.4699875543
68308.8249875984
68334.30998762214
68425.89498770743
68461.939987741
68487.0599877644
68505.12498778122
68526.90998780151
68545.19498781854
68574.00998784538
68688.82998795231
68708.18998797034
68723.41998798453
68742.54498800234
68783.11998804013
68808.8549880641
68840.30498809338
68925.44498817268
68996.659988239
69012.78998825402
69063.88998830161
69080.409988317
69141.5099883739
69165.84998839657
69222.53998844937
69242.07498846756
69268.98998849263
69313.03498853365
69333.51998855273
69398.35998861311
69430.18998864276
69445.0499886566
69468.48498867842
69505.89998871327
69557.75498876156
69834.20998901903
69867.7899890503
69972.08998914744
70061.82498923101
70102.1849892686
70173.44498933497
70381.22498952848
70418.53498956322
70437.0899895805
70461.36498960311
70483.93998962414
70555.9449896912
70686.00998981233
70707.4449898323
70722.02998984588
70745.47998986772
70796.07998991484
70832.06498994835
70983.15999008907
71078.4349901778
71105.78999020328
71143.12999023806
71195.24499028659
71224.51999031386
71244.76999033272
71261.22999034805
71307.80999039143
71329.2599904114
71381.78999046033
71410.45499048702
71444.11499051837
71496.0049905667
71515.0099905844
71536.11499060405
71588.54999065289
71635.38999069651
71712.77499076858
71799.78999084962
71821.36999086972
71844.4399908912
71949.78499098931
71985.26999102236
72055.03499108733
72077.0149911078
72134.7699911616
72259.18999127747
72344.88999135728
72363.81499137491
72437.97499144397
72554.11499155214
72580.01999157626
72631.06999162381
72686.71499167563
72724.89499171119
72753.71999173803
72773.03499175602
72801.12999178219
72822.21999180183
72846.26999182423
72868.96999184537
72904.50499187846
72931.66499190376
72949.62999192049
72972.89999194216
73092.72499205376
73164.26499212038
73181.50499213644
73217.61499217007
73244.73999219533
73269.3949922183
73306.4499922528
73446.85999238357
73507.3449924399
73531.64499246253
73613.14499253844
73753.51999266917
73780.53999269434
73805.92499271798
73829.09499273956
73854.6899927634
73895.3849928013
73960.72999286215
73987.35999288695
74022.36499291955
74042.3799929382
74069.16499296314
74091.74499298417
74118.75499300932
74202.62999308744
74271.26499315136
74492.48499335739
74518.12499338127
74581.87499344064
74611.77999346849
74635.92499349097
74704.16999355453
74747.30999359471
74778.84999362408
74814.03999365686
74839.94499368098
74867.70999370684
74901.89499373868
74951.44999378483
74999.10999382922
75049.71999387635
75091.74499391549
75122.16999394383
75153.03999397258
75186.2399940035
75226.98499404144
75332.82499414001
75358.50999416393
75545.86499433842
75666.70999445097
75740.24499451945
75795.86499457125
75831.29499460425
75913.33499468066
75974.81499473791
76024.66499478434
76206.79999495397
76238.0749949831
76269.61999501247
76334.90999507328
76363.2849950997
76449.9249951804
76464.91499519435
76487.57499521546
76509.44999523583
76528.71999525378
76562.31999528507
76606.20999532595
76655.08999537147
76676.04499539098
76699.9049954132
76735.03499544592
76787.35499549465
76809.27999551507
76831.81499553606
76858.04499556049
76876.14499557734
76918.69499561697
76940.5249956373
77008.18499570031
77031.65499572217
77096.94999578298
77176.46999585704
77224.17999590148
77327.819995998
77415.02499607921
77478.15499613801
77514.50999617187
77556.50499621098
77580.31499623315
77666.98999631387
77795.31999643339
77889.66999652126
77952.81999658007
78005.80499662942
78053.25999667362
78118.11499673402
78154.57999676798
78180.23999679188
78225.6849968342
78271.17999687657
78326.85999692843
78383.32499698101
78424.8649970197
78473.9299970654
78549.23499713553
78607.79999719007
78642.04999722197
78701.70999727753
78802.15999737108
78832.14999739901
78869.05999743339
78907.90499746957
78934.20499749406
78987.75999754394
79026.83499758033
79076.01499762613
79189.59499773191
79214.56999775517
79475.87999799853
79500.18999802117
79522.67999804212
79546.53999806434
79687.61499819573
79729.69499823492
79767.11499826977
79818.35499831749
79836.59999833448
79896.76999839052
79924.43999841629
79951.12999844115
79980.7199984687
80017.36999850284
80049.12999853241
80071.25999855303
80200.1899986731
80231.95999870269
80251.91499872127
80282.24499874952
80328.99499879306
80354.40499881672
80425.89999888331
80489.70499894273
80539.0599989887
80575.89999902301
80638.02999908087
80668.47499910922
80909.31499933352
80990.41999940906
81019.65999943629
81065.89499947935
81093.73999950528
81120.66499953036
81168.78499957517
81189.36499959434
81218.39999962138
81375.80999976798
81408.45499979838
81436.40499982442
81471.31499985693
81493.45999987755
81648.01500002149
81678.93500005029
81714.55500008346
81743.3650001103
81839.73500020005
81880.03000023757
81933.4200002873
82031.28000037844
82147.5300004867
82173.28500051069
82191.9750005281
82231.58500056498
82253.64500058553
82379.17000070243
82439.44500075857
82470.1900007872
82553.48500086478
82583.81500089302
82607.54000091512
82770.0850010665
82802.840001097
82839.14500113082
82924.58500121039
82973.29000125575
82999.15000127984
83043.10500132077
83192.42500145984
83342.77000159986
83370.5200016257
83426.13000167749
83459.71500170877
83519.6550017646
83549.05000179197
83604.46000184357
83652.39500188822
83706.13500193827
83804.03500202944
83905.94500212435
84057.2850022653
84108.94000231341
84140.83500234311
84159.22000236023
84253.1300024477
84292.57500248443
84326.96500251646
84351.10500253894
84369.54500255611
84416.96500260028
84445.660002627
84495.64000267355
84553.85000272776
84678.05000284343
84776.11000293476
84856.1550030093
84879.25000303081
84910.09000305954
84945.08500309213
84991.60000313545
85046.23500318633
85235.63500336272
85318.83500344021
85346.46000346594
85366.8150034849
85386.1400035029
85426.3000035403
85447.95500356046
85516.98000362475
85558.35500366328
85648.44000374718
85684.37000378064
85740.28000383271
85802.40500389057
85887.94000397023
85939.88500401861
85974.5650040509
85995.21000407013
86014.2850040879
86037.78500410978
86077.58500414685
86189.21000425081
86214.40000427427
86238.805004297
86275.310004331
86328.54000438057
86374.97500442382
86421.68000446731
86450.04500449373
86470.2050045125
86489.33500453032
86514.03000455332
86553.16500458977
86580.4700046152
86611.97500464454
86633.67000466475
86741.62000476528
86779.84500480088
86884.60500489845
86921.9250049332
86946.71000495629
86968.01500497613
87000.48500500637
87032.18000503589
87058.68000506057
87137.08500513359
87185.845005179
87249.00000523782
87272.37500525959
87293.17000527895
87324.86500530847
87391.20000537025
87530.05500549957
87556.08500552381
87584.39000555017
87629.90500559256
87664.50500562479
87680.24000563944
87757.91000571178
87812.23000576237
87829.65000577859
87848.76500579639
87927.75000586995
87965.01500590466
88001.85000593896
88050.84000598459
88170.94500609644
88212.51000613515
88263.96000618307
88326.47000624129
88378.75000628998
88407.54000631679
88450.91000635718
88496.80000639992
88530.76500643155
88564.67500646313
88592.5550064891
88625.29000651959
88707.9800065966
88765.73000665038
88896.87500677252
88921.91000679584
88976.97500684712
89029.51000689605
89046.72000691207
89074.05000693753
89101.49000696308
89184.89500704076
89222.05000707536
89298.70000714675
89347.36500719207
89437.09000727563
89475.94500731182
89505.54500733939
89525.1000073576
89543.55500737479
89586.1950074145
89615.44000744174
89635.65500746056
89771.34500758693
89807.8150076209
89888.1400076957
89931.68000773626
89957.0700077599
89996.55000779667
90032.14500782982
90106.99500789953
90134.58000792522
90195.38000798185
90346.04500812216
90460.46000822872
90540.47500830324
90614.2000083719
90704.35500845587
90739.23500848835
90816.36500856018
90848.08000858972
90862.17000860284
90889.23000862804
91024.0450087536
91076.78000880271
91094.75000881945
91142.46500886389
91208.70000892557
91239.15000895393
91288.58000899997
91321.23500903038
91341.220009049
91385.05000908981
91420.63500912295
91450.88000915112
91471.71000917052
91488.67500918632
91514.61500921048
91550.84500924422
91573.23500926507
91664.04500934965
91714.3450093965
91778.89500945661
91910.68500957935
91944.10000961047
91970.58000963513
91999.51500966208
92041.96500970161
92062.27000972052
92087.44000974396
92143.51500979619
92200.83500984957
92250.85500989616
92275.19000991882
92368.07001000532
92414.77001004881
92443.60001007566
92539.39501016488
92658.9300102762
92719.73501033284
92804.60501041188
92824.50501043041
92851.4400104555
92884.05501048587
92957.36501055415
92979.10001057439
93001.61001059535
93031.48501062318
93115.49001070141
93136.87501072133
93183.26001076453
93214.6850107938
93234.30001081206
93262.3600108382
93389.85001095693
93448.5500110116
93484.45501104504
93505.65501106478
93538.79501109564
93585.80001113942
93602.12501115463
93627.17501117795
93666.2050112143
93766.80001130799
93815.65501135349
93849.13001138467
93893.32501142583
93932.57001146238
93987.27501151332
94067.50001158804
94127.9150116443
94175.905011689
94258.62001176603
94346.05501184746
94433.20501192863
94499.84501199069
94532.91001202149
94557.15001204406
94791.52001226234
94820.59501228941
94841.89001230925
94911.82501237438
94980.7750124386
95004.6250124608
95033.99501248816
95056.1600125088
95080.90001253184
95107.95501255704
95171.23501261597
95211.47001265344
95288.0850127248
95315.51001275034
95341.46501277451
95489.8400129127
95522.15501294279
95557.24501297547
95657.58001306892
95681.81501309149
95728.94501313538
95816.77001321717
95906.94501330116
95923.97001331701
96061.68501344527
96102.45001348323
96143.07501352107
96179.26001355477
96198.92001357308
96225.83501359815
96268.1950136376
96297.18001366459
96319.75501368562
96362.59001372551
96421.88001378073
96450.08001380699
96530.92001388228
96550.93501390092
96570.10501391877
96598.95501394564
96618.83501396416
96651.22501399432
96676.44501401781
96711.52001405047
96778.85001411318
96804.1050141367
96828.38501415931
96882.0600142093
96922.28001424676
96992.14501431183
97037.23501435382
97126.08001443656
97175.25501448236
97241.74501454429
97283.55001458322
97301.5700146
97377.0450146703
97452.69501474075
97564.34501484473
97632.80501490849
97666.15501493955
97683.86001495604
97732.27501500113
97770.9000150371
97809.11001507269
97859.60001511971
97888.48501514661
97910.4850151671
97982.09001523379
98058.85001530527
98252.21501548536
98273.46501550515
98330.45501555823
98347.64501557424
98409.37001563172
98429.35501565033
98462.53501568123
98537.47001575102
98602.02001581114
98648.85001585475
98687.90001589112
98755.15501595376
98886.25001607585
98988.44001617102
99098.89001627389
99126.68501629977
99164.05501633458
99180.3000163497
99206.12501637376
99295.2950164568
99320.17501647997
99356.01501651335
99393.08501654788
99448.00501659903
99487.75001663604
99536.87001668179
99571.81001671433
99590.96001673216
99625.77501676459
99666.7050168027
99721.33001685358
99775.77001690428
99801.49501692824
99843.35501696722
99865.64501698798
99930.37001704826
99966.7000170821
100018.34001713019
100042.80501715298
100109.84501721541
100153.9650172565
100181.6700172823
100415.84001750039
100666.10501773347
100703.10001776792
100748.72501781042
100843.21001789841
100878.3150179311
100907.48501795827
101073.27501811268
101094.14501813211
101192.77001822396
101225.00001825398
101254.47001828143
101292.00001831638
101345.80001836648
101370.38001838938
101391.17501840874
101409.93501842621
101451.82501846523
101499.29501850944
101542.08001854928
101587.66501859174
101620.54501862236
101641.79001864215
101714.50501870987
101854.00001883978
101894.42501887743
101946.51001892594
101983.78001896065
102075.24501904583
102109.23001907748
102147.77501911338
102228.37501918845
102245.080019204
102273.55001923052
102300.99001925607
102320.05501927383
102342.18001929444
102429.16001937544
102451.73001939646
102486.91001942923
102507.87501944875
102536.62501947553
102556.45001949399
102600.79501953529
102657.02001958765
102678.5500196077
102697.10001962498
102724.73501965072
102769.88001969276
102804.88501972536
102824.75501974387
102863.21501977969
102911.70001982484
102945.5800198564
102985.14001989324
103008.505019915
103034.45501993917
103058.23001996131
103091.90001999267
103139.78002003726
103161.53002005751
103255.97502014547
103292.89502017986
103325.44002021017
103385.97502026655
103421.7850202999
103475.19502034964
103568.15502043621
103591.59002045804
103610.5550204757
103640.31002050341
103688.4050205482
103713.23002057133
103740.42002059665
103766.80002062122
103795.15502064762
103860.47002070845
103920.51002076437
103938.22002078086
104023.85002086061
104169.08002099587
104201.07002102566
104225.53002104844
104257.30502107803
104276.25002109568
104301.65002111933
104328.40502114425
104357.96002117178
104378.73502119113
104433.29002124193
104469.07002127526
104549.44502135011
104571.90002137102
104619.36502141523
104660.3500214534
104688.71502147982
104831.13002161245
104927.25002170197
104952.7350217257
104973.72502174525
105020.9150217892
105045.32002181193
105081.41502184555
105157.23502191616
105198.14502195426
105212.21502196736
105236.50502198999
105300.28002204938
105327.3550220746
105355.90002210118
105385.8750221291
105419.54502216046
105489.12002222525
105514.3050222487
105566.5850222974
105736.30002245546
105758.96002247656
105786.8100225025
105822.05502253532
105840.91002255288
105866.74502257694
105948.9500226535
105987.37002268928
106018.13002271793
106059.93002275686
106134.37502282619
106159.57502284966
106275.95502295805
106329.98002300836
106366.15502304205
106638.7250232959
106737.66002338805
106770.85502341896
106806.16002345184
106823.25002346776
106843.2750234864
106873.58002351463
106890.36502353026
106952.23002358788
107022.19502365304
107043.7300236731
107072.99002370035
107110.54002373532
107153.96502377576
107251.38502386649
107354.77502396278
107377.29002398375
107534.02002412971
107596.05002418748
107622.20002421184
107661.00002424797
107683.53002426896
107703.05002428713
107746.34502432746
107772.21002435155
107815.8600243922
107840.59502441523
107866.49002443935
107928.23502449685
107956.46502452315
108026.73002458859
108056.44002461625
108094.23502465145
108167.15002471936
108196.01002474624
108263.33002480894
108320.11002486182
108361.25002490013
108417.94002495293
108438.61502497218
108459.43002499157
108552.04002507782
108607.46502512944
108632.4450251527
108677.35002519452
108701.83002521732
108721.62502523576
108765.76502527687
108785.55002529529
108820.49502532784
108860.33002536494
108883.12502538617
108943.23002544214
108961.95002545958
109002.96502549778
109044.96002553689
109139.73502562515
109163.97002564772
109194.69002567633
109237.55002571625
109255.90502573334
109297.47502577206
109344.63002581598
109416.89002588327
109447.40502591169
109493.96502595505
109520.56002597982
109544.39502600202
109662.17002611171
109697.71502614481
109727.16002617223
109750.40002619388
109790.28002623102
109828.53002626664
109851.72502628824
109871.67502630682
109910.68002634315
110018.08002644317
110055.67002647818
110156.36002657196
110196.55502660939
110272.38502668001
110298.76002670458
110411.95502681
110436.29002683266
110535.90002692543
110656.25002703752
110675.65502705559
110729.4600271057
110759.44502713362
110797.01002716861
110836.74502720562
110902.2250272666
110921.04502728413
111000.24502735789
111028.78502738447
111051.51502740564
111078.98002743121
111107.2000274575
111294.42002763186
111361.60002769443
111422.5600277512
111458.01002778421
111537.68002785841
111555.54502787505
111586.51002790389
111605.50002792157
111625.1800279399
111669.25002798095
111689.79502800008
111714.65502802323
111738.36002804531
111759.505028065
111861.02502815955
111898.38502819435
111935.64002822904
111971.85002826276
112007.47002829594
112025.03002831229
112060.13502834499
112098.24002838047
112125.33502840571
112154.79502843315
112176.8650284537
112244.13502851635
112262.1150285331
112279.98002854973
112312.19002857973
112328.43502859486
112348.81002861384
112366.51002863032
112393.24002865521
112420.78002868086
112443.62502870214
112470.89002872753
112552.88002880389
112583.21002883214
112691.49502893299
112730.33002896915
112752.20502898953
112772.99502900889
112796.58502903086
112835.86502906744
112895.42502912291
112923.81002914935
112997.08502921759
113145.98002935626
113165.12502937409
113207.43002941349
113237.09002944111
113259.22502946173
113323.72002952179
113347.94002954435
113403.70502959628
113461.52002965013
113512.95002969803
113567.51502974884
113613.94002979208
113692.69002986542
113718.45502988942
113753.27502992185
113787.13502995338
113893.27503005223
113925.05003008182
113960.90503011522
114158.90003029961
114220.65503035713
114265.87503039924
114282.64503041486
114298.42503042956
114345.89503047377
114408.17003053176
114463.34003058315
114481.71503060026
114497.57503061503
114531.98503064708
114558.71503067197
114585.78003069718
114621.00003072998
114648.67003075575
114673.36003077874
114715.46503081796
114733.53003083478
114795.25503089227
114814.25003090996
114844.75003093836
114904.64503099414
114921.07003100944
114982.41003106657
115040.73503112089
115093.22503116977
115205.2400312741
115339.96503139957
115375.35503143253
115400.94503145636
115428.36003148189
115480.49003153044
115501.52503155003
115589.9700316324
115626.38003166631
115722.7850317561
115849.29003187391
115875.07503189793
115894.33503191586
115922.31503194192
115968.38503198483
116027.38503203978
116047.52003205853
116090.36503209843
116136.10503214103
116156.49003216001
116182.29003218404
116266.93003226287
116321.78003231395
116360.17503234971
116412.18503239815
116472.55503245437
116500.54503248044
116578.48503255303
116694.84003266139
116718.6850326836
116767.2150327288
116826.08003278362
116875.1350328293
116925.95003287663
117030.67003297416
117138.58503307466
117182.04503311514
117234.21503316372
117338.19503326056
117502.64003341371
117523.82503343344
117556.80003346415
117579.37503348518
117619.54503352259
117662.77003356285
117837.28003372537
117906.48003378982
117928.49503381032
118015.15503389103
118077.04503394867
118097.83003396803
118154.31003402063
118195.2900340588
118375.41503422655
118399.98003424943
118482.78003432654
118512.78003435448
118700.61003452941
118731.56003455824
118802.3850346242
118860.30503467814
118897.93003471318
118987.14003479626
119027.07003483345
119050.56503485533
119088.96003489109
119106.7900349077
119165.24503496214
119196.0200349908
119365.31003514846
119384.7800351666
119407.27503518754
119510.50003528368
119536.67503530806
119596.1050353634
119712.69503547199
119736.55503549421
119774.81003552984
119823.98003557563
119851.96003560169
119867.78003561642
119941.89503568545
119976.93003571808
120033.5450357708
120114.09003584582
120136.54003586672
120151.9700358811
120194.40003592061
120249.00503597147
120336.77503605321
120382.81003609608
120442.37003615155
120488.73503619473
120511.86503621627
120562.34003626328
120587.90503628709
120619.44003631646
120723.60503641347
120757.27003644482
120796.17003648105
120853.25503653422
120909.10503658623
120973.09003664582
121096.1150367604
121129.7200367917
121198.03003685531
121280.56503693218
121371.75503701711
121470.30003710889
121488.54503712588
121513.85503714945
121608.63503723772
121635.97503726318
121681.7300373058
121717.48003733909
121731.58503735223
121762.41003738093
121795.89003741211
121813.21503742825
121883.30503749353
121973.21503757726
121998.97503760125
122027.84503762814
122059.74003765784
122096.70003769227
122205.30503779341
122245.22503783059
122341.56503792031
122386.59003796225
122460.87003803143
122497.0350380651
122547.79503811238
122565.0950381285
122671.03503822716
122695.49503824994
122722.04003827466
122748.12003829895
122825.34503837087
122887.38503842865
122979.21003851417
123004.5900385378
123038.72003856959
123081.17003860913
123105.80503863207
123244.31503876107
123288.56003880227
123323.12003883446
123362.51503887115
123385.56503889262
123409.64003891504
123438.06503894151
123465.17503896676
123498.09003899741
123525.72003902314
123543.23503903946
123579.77003907348
123678.58503916551
123697.30503918295
123724.25503920804
123756.12503923773
123965.68003943289
123986.68003945245
124027.83003949077
124051.97503951326
124130.37503958627
124156.58003961068
124179.98503963248
124306.08503974992
124369.23003980872
124390.49003982852
124405.30003984232
124426.34503986192
124535.08503996319
124641.9300400627
124676.38504009478
124698.76004011562
124733.99004014843
124766.05004017829
124778.31504018971
124839.5050402467
124884.43504028855
124909.04004031146
124927.2250403284
124951.58004035108
125028.40504042263
125069.48504046089
125121.18004050903
125150.21004053607
125194.6950405775
125242.78004062228
125285.09504066169
125313.57504068821
125334.02504070726
125350.91004072299
125379.8150407499
125473.00004083669
125509.75504087092
125533.96004089346
125575.0150409317
125613.3500409674
125650.11004100164
125711.94004105922
125795.92504113744
125817.10004115716
125859.06004119624
125888.5550412237
125918.0700412512
125965.47504129534
126018.08504134434
126048.90504137304
126072.23004139477
126109.15004142915
126141.22004145902
126182.82504149777
126230.04504154174
126288.88004159654
126351.52004165488
126380.15004168154
126409.8450417092
126436.28504173382
126473.32004176831
126576.97504186485
126773.86004204821
126802.46504207485
126888.86504215532
126906.33504217159
126926.25004219013
126947.46004220989
127047.0100423026
127154.20504240243
127178.79504242534
127242.38004248455
127324.34004256089
127370.53504260391
127455.01004268258
127540.22004276194
127566.17504278611
127726.10504293506
127784.16004298913
127818.48004302109
127937.0400431315
127964.31504315691
128015.87504320493
128039.55004322698
128067.66004325316
128093.17504327692
128118.47004330048
128177.63004335557
128202.09504337836
128223.4050433982
128246.40004341962
128277.05004344817
128307.24004347628
128407.50504356966
128428.21004358894
128450.04004360928
128493.97004365019
128554.31004370638
128577.59504372807
128650.81504379626
128761.32004389918
128784.37004392064
128809.74004394427
128884.3900440138
128963.65004408761
128984.80004410731
129020.1200441402
129234.52004433988
129265.05504436832
129283.17004438519
129302.00504440273
129319.33004441886
129369.23504446534
129419.05504451174
129504.46004459128
129540.10004462447
129558.45004464156
129621.13004469994
129641.30004471872
129687.09004476137
129776.7750448449
129797.25504486397
129818.71004488395
129853.6600449165
129937.00504499412
129954.53004501044
129994.1000450473
130054.11004510318
130082.92504513002
130244.66504528065
130283.89504531719
130331.1550453612
130389.01504541509
130446.28004546842
130498.31004551688
130543.21004555869
130572.62004558608
130604.81004561606
130629.2250456388
130674.05504568055
130722.9650457261
130760.79504576133
130795.96504579409
130828.38504582428
130849.65004584409
130949.54504593712
130972.14504595817
130999.30504598346
131039.87504602125
131093.1800460709
131138.52504611312
131168.21004614077
131192.76004616363
131265.67504623154
131283.73504624836
131325.230046287
131374.97504633333
131405.4300463617
131539.93004648696
131573.06504651782
131651.05504659045
131692.445046629
131710.96504664625
131737.2150466707
131793.1650467228
131818.66004674655
131857.795046783
131911.61504683312
132151.01504705608
132188.47504709096
132227.04004712688
132249.89004714816
132285.63504718145
132319.6250472131
132360.8400472515
132452.37004733674
132484.94504736707
132512.33004739258
132592.05004746682
132631.955047504
132693.6100475614
132758.3450476217
132803.70004766394
132822.80504768173
132855.67504771234
132887.3050477418
132907.56004776066
132942.11504779285
132976.80504782515
133006.76504785306
133046.8650478904
133077.96504791937
133117.17504795588
133368.49004818994
133401.90004822105
133436.205048253
133472.33004828665
133511.06004832272
133577.4000483845
133601.8900484073
133676.43004847673
133700.9900484996
133738.44004853448
133779.74504857295
133860.26504864794
133892.07004867756
133914.9700486989
133937.88504872023
134031.5950488075
134060.74004883465
134136.5050489052
134152.74504892033
134170.50504893687
134202.93504896708
134248.24504900927
134331.31504908664
134367.06004911993
134485.3700492301
134562.86004930228
134649.535049383
134739.66504946694
134765.13504949067
134794.13504951767
134838.21504955873
134865.64004958427
134924.8250496394
135012.1200497207
135035.5250497425
135060.73004976596
135093.2100497962
135117.94004981924
135137.57004983752
135212.13504990697
135242.86004993558
135261.6650499531
135360.76005004538
135446.86505012558
135487.5750501635
135515.23505018925
135644.27505030943
135747.41505040549
135772.90005042922
135807.5600504615
135834.7250504868
135885.02505053364
135922.5550505686
135940.65505058545
135962.36005060567
136052.98505069007
136087.7950507225
136106.33005073975
136131.31505076302
136180.98505080928
136203.5500508303
136254.770050878
136316.8350509358
136347.4350509643
136382.72505099716
136501.39505110768
136550.02005115297
136638.16505123506
136660.9700512563
136730.71005132125
136777.97005136526
136829.96005141368
136845.62005142827
136985.43505155848
137031.32505160122
137049.75005161838
137081.6500516481
137127.26005169057
137159.95505172102
137174.68005173473
137277.44505183044
137406.96505195106
137432.36505197472
137581.19505211333
137617.59005214722
137705.2800522289
137779.65505229816
137810.91005232726
137851.0050523646
137906.58505241637
137929.99005243817
137949.08005245595
137990.00505249406
138055.93505255546
138132.50005262677
138158.6350526511
138184.80505267548
138211.85505270067
138247.87505273422
138288.2200527718
138342.3300528222
138361.96505284047
138422.16005289654
138464.4400529359
138486.08505295607
138583.65005304693
138628.5900530888
138718.92505317292
138868.4700533122
138943.44505338202
138970.94505340763
138998.54005343333
139058.78005348943
139113.46505354036
139178.0300536005
139235.88005365437
139252.74505367008
139309.92005372333
139342.61505375378
139364.29005377396
139454.6200538581
139496.35505389696
139523.47505392222
139596.88505399058
139649.90005403996
139702.1300540886
139732.59505411697
139758.4900541411
139862.80505423824
139943.86505431373
139984.14005435124
140086.07005444617
140149.14505450492
140171.5650545258
140220.4300545713
140285.62505463202
140325.95505466958
140505.74505483703
140537.77005486685
140580.5700549067
140599.79505492462
140619.8500549433
140723.71005504002
140759.2250550731
140811.3100551216
140830.6200551396
140849.33505515702
140870.01505517628
140887.8600551929
140911.19505521463
140938.3350552399
140956.98505525728
141076.3150553684
141182.6200554674
141226.25005550805
141271.91005555057
141297.6150555745
141326.03005560098
141357.79505563056
141410.61505567975
141437.35005570465
141485.37005574937
141638.9600558924
141674.97005592595
141778.8600560227
141803.70005604584
141869.2750561069
141974.94005620532
141998.8600562276
142020.8600562481
142120.1000563405
142144.70005636342
142168.32505638542
142237.9800564503
142278.41505648795
142317.30005652417
142340.69505654596
142391.78505659354
142430.25005662936
142489.15505668422
142553.8650567445
142586.04005677445
142612.25005679886
142658.1550568416
142679.38005686138
142766.82005694282
142830.10005700175
142883.15005705116
143098.03505725128
143143.39505729353
143206.6200573524
143309.63005744835
143352.88505748863
143459.1650575876
143498.6750576244
143539.63505766256
143559.59005768114
143580.75505770085
143604.26505772275
143635.80505775212
143665.29005777958
143688.295057801
143753.51505786175
143771.23505787825
143792.5400578981
143823.93505792733
143848.9200579506
143894.64505799318
143934.55505803035
144062.18505814922
144077.86505816382
144092.84505817777
144154.4050582351
144168.82005824853
144194.17505827214
144208.24505828525
144237.1900583122
144280.3650583524
144300.28005837096
144358.23005842493
144502.14505855896
144525.805058581
144550.55505860405
144613.2150586624
144646.33505869325
144684.99005872925
144766.7400588054
144830.99505886523
144850.79505888367
144897.80505892745
144971.1800589958
145122.00005913625
145172.66505918343
145260.09005926485
145302.25005930412
145328.3350593284
145386.940059383
145465.36005945603
145583.47505956603
145614.41505959484
145651.71005962958
145680.7350596566
145749.58505972073
145824.85005979083
145851.71005981584
145922.99005988223
145983.06505993818
146012.85005996592
146030.07005998195
146050.97506000142
146114.2900600604
146166.34506010887
146204.2650601442
146234.32506017218
146351.89006028167
146412.0600603377
146437.02006036096
146490.0100604103
146510.97506042983
146537.5650604546
146573.47506048804
146621.57506053284
146666.22506057442
146729.36506063322
146781.05506068136
146817.04506071488
146860.6500607555
146907.86506079946
146932.8150608227
146959.29506084736
146982.59006086906
147025.34006090887
147040.77506092325
147121.2450609982
147228.7300610983
147434.75506129017
147482.2350613344
147650.03006149066
147687.49006152555
147730.930061566
147757.16506159044
147784.78506161616
147827.82006165624
147855.73506168224
147901.5450617249
148005.3750618216
148051.56506186462
148088.98506189947
148107.61506191682
148131.25506193883
148179.01506198331
148324.52506211883
148346.12006213894
148376.05006216682
148410.37006219878
148657.43006242887
148713.55506248114
148767.14506253105
148785.26006254792
148815.31506257592
148838.4800625975
148864.33006262156
148934.8200626872
148979.5900627289
149003.46506275114
149065.19006280863
149089.6450628314
149113.3600628535
149139.2550628776
149167.63006290403
149226.50506295887
149259.67006298975
149330.4950630557
149388.10006310936
149536.60006324766
149566.50506327552
149585.94006329362
149624.29006332933
149745.8100634425
149767.56506346277
149802.73006349552
149869.835063558
150018.27006369625
150056.79006373213
150110.7550637824
150153.21506382193
150182.86506384955
150210.75506387552
150242.91006390547
150346.84506400226
150389.3900640419
150438.31006408745
150495.52006414073
150580.1000642195
150598.66006423678
150623.2550642597
150668.1450643015
150715.5100643456
150740.64506436902
150757.805064385
150795.76006442035
150845.07506446628
150935.5000645505
150982.1050645939
151117.90006472036
151189.70006478723
151300.4800648904
151333.56506492122
151410.57006499293
151446.91006502678
151498.61006507493
151540.8800651143
151560.82506513287
151586.01006515633
151635.85006520274
151675.4200652396
151703.61506526585
151751.2450653102
151819.33006537362
151840.20006539306
151868.78006541968
151898.73006544757
151931.7150654783
151957.0800655019
152023.23506556352
152045.30006558407
152085.1650656212
152102.92506563774
152125.80006565904
152186.48006571556
152234.18506576
152293.55506581528
152366.08006588282
152398.35006591288
152432.38006594457
152482.3350659911
152564.51006606763
152618.31506611774
152643.45506614115
152709.02506620222
152727.71506621962
152761.86506625143
152800.24006628717
152842.86006632686
152878.5450663601
152897.43006637768
153208.2050666671
153236.39506669337
153261.63506671687
153285.52506673912
153313.97506676562
153338.13006678812
153378.5850668258
153430.0400668737
153462.83506690426
153485.09006692498
153508.92506694718
153533.62006697018
153575.59006700927
153613.88506704493
153641.4500670706
153664.72506709228
153700.4950671256
153737.0050671596
153756.2250671775
153783.45006720285
153802.7250672208
153857.87506727217
153948.08506735618
153998.6900674033
154023.29006742622
154060.77506746113
154140.22006753512
154165.88506755902
154221.17506761051
154247.9950676355
154267.9800676541
154292.71006767714
154333.92006771552
154389.77506776754
154414.28506779036
154433.68506780843
154470.96006784315
154523.03506789164
154545.2200679123
154583.67006794811
154607.65006797045
154636.84006799763
154693.55006805045
154738.98506809276
154759.1050681115
154779.32506813033
154812.30006816104
155043.57506837643
155087.8750684177
155150.01006847556
155180.73006850417
155198.33506852057
155216.43506853742
155260.48006857844
155326.8950686403
155436.68506874255
155493.72506879567
155557.2250688548
155614.7650689084
155631.16006892367
155669.2100689591
155755.14006903913
155803.05506908376
155824.86006910406
155881.02506915637
155904.0200691778
155931.32506920322
156015.0500692812
156087.57506934874
156246.3550694966
156274.22506952257
156393.25506963342
156433.96506967134
156452.04506968817
156473.93006970856
156531.83506976248
156565.97506979428
156589.45006981614
156678.80006989936
156882.8700700894
156901.83507010707
156943.00507014542
157065.68007025967
157085.53007027815
157116.20007030672
157155.78007034358
157364.30507053778
157399.3400705704
157531.38007069338
157568.24507072772
157632.67507078772
157653.86007080745
157692.33007084328
157718.6500708678
157743.3500708908
157763.66507090972
157789.8400709341
157852.80507099273
157900.53007103718
157925.08507106005
157954.17007108714
157981.37507111247
158017.4850711461
158049.32507117576
158156.6400712757
158229.99507134402
158464.22507156216
158544.28007163672
158570.38007166103
158590.15507167944
158639.7150717256
158668.5950717525
158763.5100718409
158818.77007189236
158885.4850719545
158951.44007201592
158984.03007204627
159025.70507208508
159077.32007213315
159125.18007217773
159207.8300722547
159238.13007228292
159275.0400723173
159318.3150723576
159366.78507240274
159424.97007245693
159482.40507251042
159499.94507252675
159529.6250725544
159698.16507271136
159800.3200728065
159869.2650728707
159940.7700729373
160025.40007301612
160046.66507303593
160120.98007310514
160150.53507313266
160178.88507315906
160198.0450731769
160273.43007324712
160297.7750732698
160348.17007331672
160422.6650733861
160440.44507340266
160485.5800734447
160513.00507347024
160556.3300735106
160634.23007358314
160678.5400736244
160718.28507366142
160769.50507370912
160834.49007376964
160899.43507383013
160924.60507385357
160943.98507387162
160967.62007389363
160987.79507391242
161020.22007394262
161053.0700739732
161114.31007403025
161134.0250740486
161214.3400741234
161328.9000742301
161344.22507424437
161372.825074271
161447.07507434016
161467.8500743595
161495.10007438489
161608.84507449082
161715.0250745897
161768.8050746398
161801.30007467006
161885.06507474807
161951.37507480982
161972.37507482938
162040.27507489262
162084.44007493375
162143.5600749888
162177.00007501995
162198.35007503984
162223.49507506326
162258.650075096
162325.40507515817
162379.69007520872
162395.89507522382
162417.43507524388
162443.325075268
162465.62007528875
162492.715075314
162607.03007542045
162658.36007546826
162685.31507549336
162713.33507551946
162777.12007557886
162800.885075601
162823.73507562227
162989.17007577635
163043.1350758266
163064.67007584666
163106.1550758853
163126.5600759043
163169.42007594422
163270.91007603874
163291.76507605816
163322.725076087
163522.85007627337
163588.98007633496
163628.29007637157
163651.1750763929
163668.41507640894
163704.82007644285
163733.68507646973
163816.26007654663
163875.69007660198
163933.28507665562
163970.39007669018
164087.47507679922
164116.06007682584
164135.72507684416
164167.37507687364
164187.89007689274
164205.4700769091
164230.6750769326
164404.72507709468
164472.67007715796
164508.83507719164
164573.4300772518
164598.49007727514
164632.97507730726
164659.60007733206
164716.91007738543
164747.6900774141
164768.01507743302
164804.19507746672
164828.2300774891
164851.82007751107
164905.76507756131
164938.41507759172
165013.69507766183
165036.16507768276
165083.2400777266
165160.73507779877
165217.1200778513
165348.32507797348
165412.81007803354
165441.42007806018
165489.29007810476
165521.72007813497
165546.5500781581
165582.88507819193
165642.9750782479
165660.0450782638
165919.2650785052
165983.74007856526
166066.86007864267
166273.10507883475
166308.74507886794
166328.3400788862
166372.73507892754
166396.24007894943
166424.19007897546
166499.26507904538
166572.59507911367
166635.4400791722
166715.18007924646
166859.34507938073
166889.2850794086
166916.89507943433
166936.5300794526
166971.8450794855
166988.24507950078
167050.9900795592
167085.42007959128
167113.87507961778
167145.92007964762
167168.82507966895
167217.27507971408
167291.67507978337
167317.62507980753
167342.0750798303
167441.30507992272
167503.0250799802
167609.07508007897
167709.24008017225
167735.3750801966
167812.30508026824
167826.68508028163
167910.44008035964
167936.74508038413
167958.04008040397
167974.6100804194
168015.03008045704
168077.12508051487
168107.2200805429
168130.00008056412
168183.10508061358
168299.69508072216
168336.28008075623
168354.1900807729
168402.87508081825
168432.91508084623
168473.41008088394
168503.56008091202
168530.43508093705
168565.56008096976
168586.59008098935
168618.73008101928
168640.3400810394
168688.26008108404
168818.86008120567
168855.69008123997
168888.27508127032
168913.09508129343
168933.4750813124
168986.6150813619
169008.56008138234
169180.1050815421
169241.55508159933
169279.66008163482
169357.4850817073
169377.42008172587
169415.81008176162
169479.41008182085
169525.5100818638
169549.355081886
169578.30508191296
169767.95008208958
169876.29008219048
169912.98508222465
169960.99508226936
170071.39008237218
170130.06508242682
170210.64008250186
170277.87508256448
170322.11008260568
170349.86008263152
170375.25508265517
170414.795082692
170532.28008280142
170609.4650828733
170634.62508289673
170679.53008293855
170799.81508305058
170820.27508306963
170850.9450830982
170891.05508313555
170911.0950831542
170936.70008317806
170963.2750832028
171064.6250832972
171115.27008334437
171196.44508341997
171244.01008346427
171268.14008348674
171291.9300835089
171524.54508372553
171539.78008373972
171564.3500837626
171615.16508380993
171646.7000838393
171716.03008390387
171739.33008392557
171764.08508394862
171821.42008400202
171864.08008404175
171888.0900840641
171916.02008409012
171954.41508412588
171979.69508414943
172078.52008424146
172178.65508433472
172213.315084367
172239.91508439177
172258.7250844093
172281.1900844302
172366.46008450963
172431.21508456994
172456.7200845937
172484.45508461952
172522.75008465518
172541.870084673
172614.60508474073
172661.63508478453
172712.62008483201
172747.8350848648
172769.64508488512
172798.23008491175
172913.48508501909
172941.4300850451
172961.1850850635
173017.07508511556
173053.76508514973
173118.30008520983
173153.89508524298
173199.35008528532
173227.48008531152
173271.66508535267
173297.93508537713
173325.2950854026
173386.57508545968
173408.40008548
173431.3650855014
173487.32508555352
173506.83008557168
173535.21508559812
173580.3000856401
173668.1350857219
173703.41508575476
173805.0300858494
173825.8750858688
173853.15008589422
173885.04508592392
173964.63508599804
173997.3350860285
174027.99008605705
174068.03508609434
174115.31508613838
174149.3850861701
174238.44508625305
174370.7700863763
174390.79508639494
174444.82008644525
174471.87508647045
174498.1150864949
174521.28008651646
174560.17508655268
174598.46508658835
174612.8050866017
174674.30008665897
174691.2850866748
174764.06508674257
174812.7450867879
174847.45008682023
174927.37008689466
174952.7400869183
175047.38508700643
175110.66508706537
175171.83508712234
175247.95008719323
175313.8550872546
175333.76508727315
175359.23008729686
175402.58008733724
175420.29008735373
175450.07508738147
175560.41508748423
175594.02008751553
175634.66508755338
175679.58508759522
175806.99508771388
175831.52008773672
175849.52508775349
175914.75508781424
175950.9150878479
176115.47508800117
176157.8000880406
176177.9850880594
176217.11508809583
176344.9750882149
176522.86008838058
176545.5350884017
176574.34508842853
176591.48008844448
176610.31508846203
176633.92508848401
176747.8200885901
176769.6350886104
176902.90508873452
176925.58508875564
176947.96008877648
177011.7600888359
177030.9700888538
177064.8050888853
177101.49008891947
177125.62508894195
177148.96508896368
177175.58508898848
177201.01008901215
177234.60008904344
177291.74008909665
177334.29508913629
177378.95008917787
177407.59008920455
177443.9450892384
177461.38008925464
177506.60508929676
177555.34008934215
177634.8650894162
177659.96008943958
177706.65008948307
177735.27508950973
177797.87508956803
177818.235089587
177875.24008964008
177961.36008972029
177982.70508974016
178018.75008977373
178250.68008998974
178307.9900900431
178325.84509005974
178385.8350901156
178426.7250901537
178460.52009018516
178536.63009025605
178580.53509029694
178606.1550903208
178691.79009040055
178718.7900904257
178747.3450904523
178825.5250905251
178879.02509057493
178941.9100906335
178970.8050906604
179006.19509069336
179064.48509074765
179231.14509090286
179252.05009092233
179291.88009095943
179315.10509098106
179364.36509102694
179408.6700910682
179446.29509110324
179520.09509117197
179547.44009119744
179582.88009123044
179621.8000912667
179763.67509139882
179886.09009151283
179951.18509157345
179979.28009159962
179996.27009161544
180044.89009166072
180078.72509169223
180130.24509174022
180163.6300917713
180197.05009180243
180227.8450918311
180296.95509189548
180351.0950919459
180442.54009203106
180486.87009207235
180521.42509210453
180544.24009212578
180631.04509220662
180649.33509222366
180668.31009224133
180783.3800923485
180902.7750924597
180950.1400925038
180983.05009253445
181019.5050925684
181090.20009263424
181129.15509267052
181154.86509269447
181206.985092743
181226.89509276155
181260.7550927931
181305.20509283448
181424.17509294528
181459.15509297786
181484.77509300172
181539.91009305307
181567.40009307867
181599.62009310868
181615.57509312354
181635.395093142
181669.04509317334
181756.54509325483
181775.34509327234
181808.0550933028
181828.53009332187
181891.72009338072
181946.63509343186
181970.24009345385
182005.2050934864
182158.37009362906
182186.29509365506
182204.9200936724
182292.61509375408
182310.32509377057
182381.13009383652
182419.4550938722
182494.84509394242
182628.47509406687
182681.63509411638
182718.28509415052
182747.77509417798
182836.1500942603
182878.2550942995
182899.37009431917
182932.65009435016
183050.8200944602
183102.49009450834
183123.73009452812
183170.2050945714
183231.85509462882
183261.19509465614
183288.4150946815
183325.22009471577
183357.4750947458
183398.89509478438
183433.79009481688
183455.51509483712
183489.40509486868
183542.11009491776
183571.65009494527
184102.34009543952
184164.74509549764
184198.87509552942
184292.02509561618
184329.82509565138
184381.86009569984
184419.80009573518
184458.3650957711
184515.7000958245
184564.7700958702
184586.94509589084
184604.49009590718
184687.69509598467
184725.59509601997
184752.32509604486
184887.04009617033
184979.9000962568
185021.1150962952
185051.8250963238
185119.24509638658
185172.91509643657
185230.13009648985
185287.0900965429
185313.35009656736
185368.75509661896
185388.5600966374
185429.52009667555
185444.22509668925
185513.81009675405
185734.94009696
185790.71509701194
185837.76009705575
185953.80509716383
185974.10009718273
186074.7950972765
186121.32509731984
186171.26009736635
186257.2050974464
186370.20009755163
186395.20509757492
186535.5350977056
186551.93009772088
186609.16009777418
186630.58009779413
186664.97509782616
186748.560097904
186789.95009794255
186896.32509804162
186961.4950981023
186985.3250981245
187015.46009815257
187059.97009819403
187095.01509822666
187161.35509828845
187185.29009831074
187214.7800983382
187237.2300983591
187267.98009838775
187285.68009840423
187325.94009844173
187377.1150984894
187414.35509852407
187431.21009853977
187450.9900985582
187508.48509861174
187546.71009864734
187573.8300986726
187605.37509870197
187689.30009878014
187777.82509886258
187876.1000989541
187975.2150990464
188003.06509907235
188071.34009913594
188091.29509915452
188116.7050991782
188263.33009931474
188284.84009933478
188309.96009935817
188334.95009938144
188406.18009944778
188427.94009946805
188653.61009967822
188725.81009974546
188751.48509976937
188788.11009980348
188882.55009989144
188912.93009991973
188968.91509997187
188997.4150999984
189037.47010003572
189062.3751000589
189092.3301000868
189117.48010011023
189139.1451001304
189177.48510016612
189222.3451002079
189252.2151002357
189274.37510025635
189294.37510027498
189325.6351003041
189344.82510032196
189385.21010035957
189405.46510037844
189427.71510039916
189453.02510042273
189476.46510044456
189548.73510051187
189575.98510053725
189641.06510059786
189688.8851006424
189714.28510066605
189743.47510069323
189784.3551007313
189814.36010075925
189838.00010078127
189865.50510080688
189884.7501008248
189904.88010084355
189991.4601009242
190014.79010094592
190054.0851009825
190098.06010102347
190267.05010118085
190364.11010127125
190381.75510128768
190448.33010134968
190517.00510141364
190531.08510142675
190609.3051014996
190671.63010155765
190710.31010159367
190744.76010162575
190876.59010174853
190920.30010178924
190965.8001018316
190989.4001018536
191058.1351019176
191096.53510195337
191150.21510200336
191200.32510205003
191217.28510206583
191284.7801021287
191358.58510219742
191382.47010221967
191472.5801023036
191528.5251023557
191560.16510238516
191579.83510240348
191602.34510242444
191624.93510244548
191687.84010250407
191750.2601025622
191858.10510266264
191895.88510269782
191933.17510273255
191954.31010275224
191977.2601027736
192008.5101028027
192049.64010284102
192069.66510285967
192098.02010288608
192215.10010299511
192238.96510301734
192298.99510307325
192326.7601030991
192391.54510315944
192415.5601031818
192435.9551032008
192610.83510336367
192669.45510341827
192695.53510344255
192720.83510346612
192761.35510350385
192780.23510352144
192799.77010353963
192836.09010357346
192860.04510359577
192979.54510370706
193041.60010376485
193098.75010381808
193118.25010383624
193133.2301038502
193153.2201038688
193225.71510393632
193250.5001039594
193267.48510397522
193312.2451040169
193356.21010405786
193391.18010409042
193423.0351041201
193466.78010416083
193540.42010422942
193571.93510425877
193599.71510428464
193669.65010434977
193722.8301043993
193744.86510441982
193843.7451045119
193888.53510455362
193921.23010458407
193947.51510460855
193987.16510464548
194009.190104666
194067.89010472066
194089.13010474044
194206.36510484962
194228.4551048702
194305.7551049422
194403.41010503314
194425.67010505387
194442.38510506944
194474.0101050989
194584.96010520222
194675.8901052869
194862.47010546067
195011.8701055998
195202.89510577772
195233.51510580623
195269.78510584
195294.42010586296
195315.14510588226
195338.46510590398
195438.42510599707
195462.58510601957
195576.29510612547
195672.08510621468
195784.16510631907
195802.9901063366
195913.44510643947
195938.00510646234
196013.28010653245
196190.38010669738
196244.47010674776
196292.01010679203
196345.41010684177
196414.14010690578
196473.77510696132
196492.62510697887
196511.42010699637
196551.12010703335
196574.74510705535
196591.58010707103
196707.7401071792
196739.23010720854
196782.93510724924
196902.930107361
196967.0451074207
196989.40010744153
197020.25510747026
197079.5501075255
197114.28510755784
197175.30510761467
197212.87510764966
197257.93510769162
197297.69510772865
197390.45010781504
197453.63010787388
197518.63510793442
197609.53010801907
197645.99510805303
197707.3951081102
197750.48510815034
197842.3401082359
197915.75510830426
197947.96510833426
198053.0251084321
198091.08010846755
198132.52510850615
198191.38010856096
198249.03510861465
198284.830108648
198622.90510896285
198663.35510900052
198690.69510902598
198718.4201090518
198744.410109076
198795.49010912358
198850.690109175
198877.93010920036
198905.7801092263
198948.0751092657
199016.55010932946
199040.14510935143
199077.61010938633
199101.60010940867
199134.87510943966
199176.3551094783
199203.25510950334
199239.89010953746
199277.2951095723
199334.0951096252
199368.51510965725
199395.24510968215
199420.855109706
199441.77510972548
199458.62010974117
199511.21010979015
199541.49510981835
199573.17010984785
199654.0701099232
199690.09010995674
199716.54510998138
199772.25511003326
199788.7251100486
199804.4101100632
199858.01511011313
199891.99511014478
199974.66511022177
