111.0349999999715
132.8199999999517
162.37499999992482
236.03499999985783
269.92999999982703
280.8299999998171
334.0599999997687
361.7699999997435
413.28999999969665
509.2449999996094
518.1149999996013
609.4549999995182
627.2299999995021
644.3749999994865
700.6149999994353
719.7299999994179
744.0249999993958
939.534999999218
1984.140000020099
2111.880000022887
2138.360000023465
2177.06500002431
2187.3050000245335
2206.110000024944
2234.525000025564
2257.4100000260637
2280.840000026575
2304.4900000270914
2458.220000030447
2466.880000030636
2483.000000030988
2494.225000031233
2509.255000031561
2522.3300000318463
2607.305000033701
2695.800000035633
2748.3300000367794
2792.8050000377502
2803.835000037991
2992.640000042112
3022.495000042764
3032.715000042987
3448.38500005206
3486.630000052895
3649.1500000564424
3793.535000059594
3927.13000006251
3939.260000062775
3966.5050000633696
4117.315000066661
4127.110000066875
4146.450000067297
4156.000000067505
4187.765000068199
4212.805000068745
4223.450000068978
4262.350000069827
4334.450000071401
4370.17000007218
4453.820000074006
4464.595000074241
4513.625000075312
4536.515000075811
4623.880000077718
4849.505000082643
4873.735000083172
4978.915000085468
5124.150000088638
5168.645000089609
5177.790000089809
5199.085000090274
5556.555000098077
5631.110000099704
5680.780000100788
5989.62500010753
6402.5350001165425
6447.150000117516
6457.655000117746
6752.43000012418
6782.800000124843
6793.900000125085
6802.210000125267
7046.8950001306075
7218.075000134344
7228.155000134564
7244.835000134928
7274.68500013558
7300.4700001361425
7366.640000137587
7426.7850001389
7485.930000140191
7508.975000140694
7522.07500014098
7804.30500014714
7883.060000148859
7913.485000149523
8062.1100001527675
8184.875000155447
8198.57500015455
8245.395000147055
8588.905000092069
8598.060000090603
8628.435000085741
8717.360000071507
8744.82500006711
8867.255000047513
9005.53000002538
9015.440000023793
9055.910000017315
9128.055000005766
9143.285000003329
9161.730000000376
9174.644999998309
9454.164999953566
9474.359999950333
9561.96999993631
9573.739999934425
9584.004999932782
9632.99999992494
9655.48999992134
9673.969999918381
9740.50999990773
10035.574999860499
10046.724999858714
10069.23999985511
10139.164999843917
10156.709999841109
10165.669999839674
10224.48499983026
10240.644999827673
10258.934999824745
10327.579999813757
10468.104999791263
10481.134999789178
10491.73499978748
10503.509999785596
10511.504999784316
10521.47499978272
10761.259999744338
10923.304999718399
10944.609999714989
11183.044999676822
11198.7999996743
11477.394999629705
11489.349999627791
11565.894999615539
11684.984999596476
11846.754999570581
11861.664999568195
12044.644999538905
12064.159999535781
12229.694999509284
12316.79999949534
12330.034999493222
12368.079999487132
12393.314999483093
12414.614999479683
12425.874999477881
12438.2549994759
12533.744999460614
12551.369999457793
12591.654999451344
12603.914999449382
12702.849999433545
12717.304999431231
12877.414999405602
12904.519999401264
12951.924999393676
12962.279999392018
13250.624999345862
13282.99999934068
13311.594999336103
13523.609999302165
13538.474999299786
13704.324999273238
13946.089999234538
13963.409999231766
14011.79999922402
14054.199999217233
14236.844999187997
14266.989999183172
14280.289999181043
14301.29499917768
14506.289999144867
14532.534999140666
14557.099999136733
14588.989999131629
14608.024999128582
14631.15499912488
14733.929999108428
14745.21999910662
14762.269999103892
14772.324999102282
14782.95999910058
14851.524999089605
14884.484999084329
14915.539999079358
14976.574999069588
14990.709999067325
15019.859999062659
15057.014999056712
15095.44999905056
15244.56499902669
15261.204999024027
15362.924999007744
15417.939998998938
15434.094998996352
15444.249998994726
15452.994998993327
15467.704998990972
15571.954998974285
15851.1149989296
15925.739998917654
16050.624998897663
16066.834998895069
16174.049998877907
16229.43999886904
16283.899998860323
16308.96999885631
16853.774998940004
16871.044998943522
16946.954998958987
17008.784998971583
17144.509998999234
17290.694999029016
17302.83499903149
17328.02499903662
17353.4399990418
17376.499999046497
17432.944999057996
17461.374999063788
17472.08999906597
17484.219999068442
17495.924999070827
17515.03499907472
17564.144999084725
17573.924999086717
17582.42499908845
17597.609999091543
17740.904999120736
17813.974999135622
17826.594999138193
17900.734999153297
17910.96499915538
17922.58499915775
17941.014999161504
18040.93499918186
18059.13999918557
18148.394999203752
18158.434999205798
18335.44499924186
18387.97499925256
18410.854999257223
18468.579999268983
18480.73999927146
18672.089999310443
18686.544999313388
18821.03999934079
18882.414999353292
18971.124999371365
19006.54999937858
19021.869999381703
19220.89499942225
19244.764999427112
19412.33499946125
19460.664999471097
19514.47499948206
19561.864999491714
19574.144999494216
19751.279999530303
19764.21999953294
19789.40999953807
19799.11999954005
19818.924999544084
19866.114999553698
19899.0049995604
19919.839999564643
19981.779999577262
20005.154999582024
20121.76499960578
20374.039999657176
20713.014999726234
20779.279999739734
20798.20499974359
20810.604999746116
20881.439999760547
20901.97999976473
20976.789999779972
20989.6849997826
21004.354999785588
21018.73999978852
21175.494999820454
21431.90499987269
21458.189999878046
21590.69499990504
21608.924999908755
21699.71499992725
21714.344999930232
21763.184999940182
21783.8899999444
21800.789999947843
21810.854999949894
22028.164999994166
22072.31500000316
22081.915000005116
22295.330000048594
22305.32500005063
22530.18000009644
22634.070000117605
22950.125000181994
22959.560000183916
22980.560000188194
23010.855000194366
23021.315000196497
23037.18500019973
23099.945000212516
23110.970000214762
23240.68500024119
23574.61500030922
23655.725000325743
23718.360000338504
23942.545000384176
24044.105000404867
24077.965000411765
24125.225000421393
24149.51000042634
24162.81000042905
24178.095000432164
24189.825000434554
24212.78500043923
24238.01000044437
24286.640000454277
24414.350000480295
24426.140000482697
24438.71000048526
24465.945000490807
24735.850000545794
24942.200000587833
24960.25000059151
24974.68500059445
25026.200000604946
25038.175000607385
25060.09000061185
25305.86500066192
25565.62500071484
25577.40000071724
25593.660000720552
25667.66500073563
25937.9800007907
25980.070000799275
25994.805000802276
26057.615000815073
26114.280000826617
26379.580000880665
26484.225000901984
26568.050000919062
26577.750000921038
26708.290000947633
27096.715001026765
27110.08500102949
27287.52500106564
27334.980001075306
27400.355001088625
27410.325001090656
27928.79000119628
28273.66500126654
28476.78000130792
28764.8000013666
28786.030001370924
28845.98500138314
29009.710001416493
29033.180001421275
29107.460001436408
29220.745001459487
29284.455001472466
29332.37500148223
29344.280001484654
29354.42500148672
29363.50000148857
29376.430001491204
29432.880001502705
29445.020001505178
29480.090001512322
29489.030001514144
29510.61500151854
29878.040001593396
29891.55500159615
29916.120001601153
30147.125001648215
30165.515001651962
30252.83000166975
30320.625001683562
30449.22000170976
30468.285001713644
30662.455001753202
30682.540001757294
30698.400001760525
30717.155001764346
30871.16500179572
30954.07000181261
30969.650001815786
30989.31000181979
31002.375001822453
31016.10500182525
31267.27000187642
31349.00000189307
31481.29000192002
31659.545001956336
31675.0700019595
31773.53500197956
31832.120001991494
31842.06000199352
31932.500002011944
31947.870002015075
32020.455002029863
32039.620002033767
32059.81500203788
32526.185002132894
32537.440002135187
32546.675002137068
32783.270002174155
32956.56500208337
33058.20000203013
33114.26500200076
33123.52000199591
33195.25500195833
33324.20000189078
33335.97500188461
33413.55000184397
33452.235001823705
33471.47000181363
33513.87500179141
33524.49000178585
33565.85500176418
33746.050001669784
33759.260001662864
33782.57500165065
33796.96500164311
33856.535001611905
33952.96000156139
34076.48500149668
34396.59000132899
34414.00500131986
34430.7400013111
34441.530001305444
34500.400001274604
34509.97000126959
34565.28500124061
34927.90000105065
34941.595001043475
34957.305001035245
34972.140001027474
34984.63500102093
35097.48500096181
35373.89500081701
35407.81000079924
35419.96500079287
35433.8450007856
35629.16500068328
35721.41500063495
35769.48500060977
35780.80000060384
35808.52500058932
35821.225000582665
35838.480000573625
35934.84500052314
35945.25000051769
35959.02000051048
35988.70000049493
36028.890000473875
36088.32500044274
36113.92000042933
36129.985000420915
36145.42000041283
36214.015000376894
36474.86500024024
36486.49500023415
36511.070000221276
36546.195000202875
36557.6050001969
36567.09000019193
36577.865000186284
36779.9850000804
36788.390000076
36801.97500006888
36948.354999992196
37086.96499991958
37097.02999991431
37119.619999902476
37151.93499988555
37162.37499988008
37485.034999711046
37568.82999966715
37926.05999948001
37947.27999946889
38376.85999924385
38582.26999913624
39032.93499890015
39044.04499889433
39315.07999875234
39338.32999874016
39353.02999873246
39416.79499869906
39432.68499869073
39446.18499868366
39466.999998672756
39676.56999856297
39718.66499854092
39733.249998533276
39865.25499846412
39875.099998458965
40044.74999837009
40061.40999836136
40270.79999825167
40286.56499824341
40578.51499809047
40607.479998075294
40757.42499799674
40869.21999793818
40885.2049979298
40896.11499792409
40922.48999791027
41045.30999784593
41255.24999773595
41272.719997726796
41287.2199977192
41394.09999766321
41465.14499762599
41585.84999756276
41765.784997468494
41956.07499736881
41973.09999735989
42142.3899972712
42322.619997176786
42388.92999714205
42449.66999711023
42461.1799971042
42543.28999706118
42747.764996954065
42777.97499693824
42791.23999693129
42799.33499692705
42812.27999692027
42828.569996911734
42846.169996902514
42887.89999688065
42923.23999686214
42987.56499682844
43038.49999680176
43060.7549967901
43101.72499676864
43355.4849966357
43451.109996585605
43481.02499656993
43504.289996557745
43516.19499655151
43530.344996544096
43539.929996539075
43689.374996460785
43710.66499644963
43765.26499642103
43780.544996413024
43819.004996392876
43868.49499636695
44014.47999629047
44028.05499628336
44211.989996187
44388.10499609474
44397.32999608991
44554.419996007615
44572.40499599819
44588.21499598991
44625.77999597023
44918.71999581677
44930.83499581042
44944.174995803434
44962.64499579376
45186.43499567652
45459.55499553344
45482.67499552133
45507.5449955083
45520.58499550147
45665.29999542566
45877.60999531444
45888.969995308486
45905.00999530008
46101.19499519731
46568.359994952574
46578.06999494749
46609.56499493099
46844.16499480809
46984.65999473449
47060.04999469499
47072.52499468846
47086.58499468109
47204.74999461919
47215.14499461374
47228.88999460654
47304.02999456718
47320.129994558745
47362.48499453656
47378.959994527926
47412.49499451036
47526.50499445063
47545.684994440584
47758.8749943289
47772.34999432184
47808.059994303134
47847.229994282614
47985.72499421006
48001.89999420159
48129.35499413482
48454.29499396459
48624.809993875264
48661.45499385607
48673.62999384969
48716.57999382719
48805.77999378046
48975.774993691404
48989.879993684015
49271.744993536355
49358.66999349082
49452.78999344151
49466.42499343437
49568.50499338089
49587.29499337105
49817.79999325029
49831.349993243195
49844.64499323623
49884.9849932151
49920.379993196555
50034.509993136766
50054.46499312631
50491.0499928976
50513.26999288596
50562.87999285997
50635.31999282202
50656.77999281078
50752.89999276042
51120.489992567855
51175.83999253886
51182.90499253516
51200.699992525835
51212.67999251956
51250.614992499686
51437.97999240153
51552.09999234175
51562.13499233649
51571.12999233178
51584.46499232479
51676.93999227635
51764.924992230255
51791.92499221611
51973.314992121086
51990.379992112146
52006.719992103586
52016.70999209835
52039.30999208651
52058.49999207646
52072.064992069354
52226.5899919884
52304.60499194753
52333.579991932354
52421.41999188634
52616.32499178423
52652.454991765306
52666.68999175785
52692.46999174434
52895.319991638076
53018.40999157359
53036.199991564274
53120.5249915201
53130.039991515114
53165.77999149639
53654.979991240114
53736.53499119739
53749.12999119079
53764.964991182496
53884.654991119794
53900.25499111162
53917.69999110248
54022.12499104778
54047.88999103428
54058.50999102872
54069.38999102302
54081.97999101642
54097.4899910083
54112.249991000564
54371.034990864995
54446.76999082532
54772.644990654604
54785.319990647964
54801.14999063967
54851.72499061318
54878.80999059899
54890.02499059311
54898.85499058849
54927.28499057359
55135.96999046427
55150.82499045649
55252.65999040314
55287.34499038497
55336.89999035901
55392.63499032981
55576.16999023366
55664.99999018713
55677.13999018077
55842.049990094376
55853.00499008864
56032.86998999441
56228.464989891945
56239.98998988591
56252.13998987954
57286.30998933777
57411.014989272444
57427.39998926386
57625.86498915989
57748.959989095405
57820.674989057836
57855.84498903941
57937.154988996816
57954.87498898753
57964.57998898245
58074.70498892476
58119.529988901275
58209.5799888541
58254.15998883075
58356.344988777215
58366.64498877182
58376.77998876651
58390.93998875909
58449.02498872866
58491.91998870619
58852.47498851731
58865.839988510306
58952.544988464884
58990.04998844524
59138.28998836758
59149.64998836163
59417.87998822111
59431.2549882141
59606.35498812237
59746.43498804899
59969.974987931884
60015.64498790796
60034.29998789819
60064.864987882174
60095.82998786595
60214.98998780353
60224.43998779858
60579.00998761283
60591.02998760653
60654.974987573034
60753.32498752151
60763.76498751604
60941.61498742287
60950.81498741805
61061.314987360165
61070.51998735534
61081.54498734957
61095.864987342065
61170.70498730286
61203.794987285524
61332.334987218186
61396.64998718449
61657.86498704765
61738.83998700523
61748.41998700021
61764.22498699193
61852.06998694591
62146.84498679149
62189.37998676921
62256.404986734095
62639.284986533516
62733.28498648427
62748.85998647611
62781.074986459236
62996.934986346154
63079.55498630287
63094.06998629527
63127.31998627785
63145.22998626847
63164.65498625829
63176.31998625218
63213.55498623267
63297.98998618844
63406.13498613179
63472.21498609717
63486.139986089875
63499.37498608294
63595.31498603268
63780.0549859359
63796.309985927386
63869.24498588918
63890.704985877936
63902.179985871924
63914.644985865394
63982.464985829865
64153.30498574037
64317.53498565433
64344.7049856401
65344.24498511647
65890.31498534599
65908.91498536331
65987.73498543672
66180.3449856161
66291.2649857194
66301.09498572856
66624.94998603017
66778.87998617353
66788.53998618253
66845.21498623531
66859.72998624883
66868.66998625715
66924.7699863094
66973.28998635459
66985.94498636638
67007.29998638626
67165.64498653373
67266.73498662788
67323.90498668113
67480.73498682718
67531.90498687484
67551.70998689329
67563.54498690431
67581.20498692075
67605.88498694374
67618.95498695591
67661.55998699559
67672.9449870062
67742.80998707126
67756.40998708393
67830.2599871527
67844.24998716573
67856.40498717705
67865.76998718578
68086.28498739115
68175.82998747454
68184.94998748304
68223.4549875189
68332.27498762024
68345.04498763214
68481.12998775888
68595.95498786581
68607.09498787619
68876.7299881273
69170.39998840081
69287.23498850962
69298.36998851999
69314.44498853496
69391.30998860655
69441.24498865305
69515.12498872186
69525.2599887313
69566.75498876994
69926.48998910497
69977.78498915274
70087.1499892546
70102.36498926877
70156.10998931882
70171.30498933297
70209.65498936869
70227.72998938552
70257.19498941296
70388.26498953503
70538.25498967472
70739.11998986179
70793.19998991216
70807.49498992547
70917.33499002777
70930.90999004041
70957.94499006559
70974.72999008122
71038.55499014066
71071.47999017133
71111.16999020829
71141.75499023678
71165.59999025898
71209.65499030001
71223.34999031277
71469.21499054175
71550.04499061703
71566.03999063192
71576.83999064198
71774.24999082583
71786.47999083722
71891.40499093494
71928.48999096948
71949.99499098951
72112.02999114041
72178.05999120191
72297.29499131296
72334.18999134732
72768.65499175194
72780.05999176257
72822.86499180243
72835.26499181398
72962.7399919327
73070.40999203298
73112.7399920724
73182.66499213752
73191.45499214571
73202.23999215575
73218.27999217069
73343.60999228741
73355.59499229857
73373.39999231516
73400.14999234007
73560.82499248971
73579.2849925069
73595.15499252168
73695.79499261541
73708.58499262732
73731.50499264867
73766.22999268101
73779.56499269343
73794.9949927078
73917.58499282197
73930.62499283411
73946.47499284887
74094.10999298637
74337.3499932129
74350.64999322529
74373.78999324684
74396.31999326783
74747.80499359517
74758.04999360471
74874.66499371332
74925.7549937609
74936.24499377067
75111.12999393354
75136.8499939575
75251.78999406454
75263.71499407565
75274.11499408534
75352.92499415873
75480.92499427794
75507.25999430247
75642.77499442868
75689.01499447174
75865.97999463655
75896.04999466456
75926.3799946928
75947.37999471236
76183.50499493227
76204.27999495162
76254.8299949987
76279.75999502192
76316.45499505609
76435.07999516657
76513.84999523993
76630.54999534861
76644.36999536149
76699.96499541326
76879.69499558065
76980.5749956746
77020.90499571216
77032.69499572314
77043.1799957329
77305.13499597687
77481.74499614135
77568.4499962221
77627.47499627707
77637.88499628677
77748.5149963898
77793.1749964314
77802.27499643987
77810.80499644781
77830.37999646604
77842.49999647733
77964.06999659055
78452.58499704552
78676.17499725375
78710.35999728559
78722.52499729692
78882.45999744587
78931.24999749131
79076.06499762618
79094.40999764326
79143.7299976892
79151.96999769687
79188.16999773058
79207.1899977483
79217.86999775824
79229.02499776863
79243.51999778213
79393.45999792177
79572.01999808807
79589.6549981045
79622.98499813554
79648.47999815928
79753.20499825681
79780.41499828215
79792.71499829361
79923.52999841544
80035.21499851946
80116.6549985953
80128.87499860668
80242.22999871225
80389.14499884908
80509.55999896122
80528.73999897909
80635.33499907836
80666.35499910725
80704.3149991426
80731.22999916767
80860.8699992884
80880.79499930696
80892.66999931802
80908.98499933322
80949.3449993708
80976.09499939572
80989.74499940843
81000.62999941857
81179.61499958526
81190.48499959538
81209.2849996129
81270.08999966952
81282.07499968068
81445.92999983329
81454.6349998414
81466.92499985284
81476.31499986158
81498.02999988181
81510.8049998937
81551.3849999315
82094.57000043738
82418.1150007387
82427.91500074783
82499.24500081426
82581.83500089118
82651.60000095615
82807.83000110165
82957.7800012413
83120.84500139317
83135.44000140677
83276.59500153823
83344.59500160156
83377.14500163187
83510.1000017557
83595.72000183543
83616.36500185466
83641.83500187838
83673.09000190749
83684.14500191779
83693.87000192684
83710.45500194229
83733.41000196367
83764.17000199232
83842.220002065
83888.57500210818
83908.51500212675
83947.29500216286
83978.1450021916
84222.29000241897
84358.97000254627
84417.6300026009
84559.6900027332
84573.04500274564
84594.66500276577
84609.03500277916
84713.14500287612
84852.55500300595
84862.96000301564
84998.39500314178
85039.1150031797
85049.47500318935
85086.77500322409
85664.33000376198
85714.02000380825
85730.57500382367
85769.00000385946
85821.49000390834
86001.74500407622
86015.05000408861
86058.62000412919
86126.68000419257
86145.65000421024
86157.37500422116
86213.34000427328
86277.55000433308
86302.78500435658
86393.7500044413
86436.2600044809
86859.36000487494
86966.39000497462
87083.71000508388
87241.13000523049
87253.45500524197
87264.64000525238
87529.52000549907
87537.91000550688
87551.30000551936
87565.12500553223
87802.95500575373
88086.2800060176
88216.78500613914
88229.42500615091
88244.59000616503
88265.78000618477
88278.23000619636
88289.49000620685
88315.25500623084
88332.07500624651
88374.82500628632
88397.96000630787
88416.00500632467
88427.49000633537
88438.32000634546
88551.80500645115
88568.1850064664
88586.29000648326
88648.03000654076
88665.2500065568
88865.53500674333
88881.10500675783
88918.80500679294
89135.2250069945
89148.9750070073
89203.46000705805
89223.01500707626
89286.81500713568
89304.73500715237
89321.98500716843
89354.98000719916
89634.5200074595
89645.60000746982
89662.22500748531
90059.21000785503
90068.23000786343
90078.52500787302
90089.96000788367
90104.7100078974
90413.92000818538
90430.76000820106
90481.95500824874
90545.52000830794
90712.9850084639
90828.26000857126
90947.25000868208
91069.565008796
91112.2000088357
91202.33000891964
91359.54000906606
91705.73500938847
91728.92000941007
91777.05000945489
91942.88500960934
92006.03500966815
92017.43000967876
92276.08500991965
92438.585010071
92512.69001014001
92527.33001015364
92544.23501016939
92569.54501019296
92646.49001026462
92801.18001040869
93100.79001068772
93110.59501069685
93119.50001070515
93205.50501078524
93222.7400108013
93295.17001086875
93349.91501091974
93380.25001094799
93451.59501101443
93633.29501118365
93712.67501125758
93860.99501139572
93876.56001141021
94045.09501156717
94146.920011662
94159.84501167404
94168.6050116822
94179.3350116922
94502.77501199342
94707.2000121838
94792.44001226319
94972.66501243104
95052.99001250585
95234.21501267463
95274.58001271222
95351.89501278423
95412.78001284093
95610.51501302508
95650.54001306236
95667.02501307771
95687.48501309677
95715.8700131232
95886.8050132824
95917.42501331092
95926.98501331982
95958.70501334936
95974.95001336449
96192.27001356689
96300.83001366799
96324.05001368962
96352.00001371565
96364.0900137269
96517.3100138696
96560.24501390959
96570.42001391907
96621.87501396699
96641.17501398496
96875.69501420337
96978.87001429946
96990.37001431017
97030.40001434745
97233.925014537
97261.67501456285
97279.60001457954
97329.19501462573
97613.18501489022
97764.39501503104
97774.4500150404
97807.20501507091
97906.04001516296
98059.92501530627
98103.64001534699
98114.52001535712
98196.54001543351
98207.84001544403
98220.28501545562
98245.14501547877
98353.85501558002
98364.87501559028
98393.570015617
98556.39501576865
98566.24001577782
98581.33501579188
98776.10501597327
98785.66501598217
98897.2550160861
99032.17001621175
99060.70501623832
99070.57501624752
99518.5250166647
99549.26501669333
99877.61501699913
99894.78001701512
99969.00001708424
100017.88501712977
100476.10001755651
100588.285017661
100694.20501775964
100714.58501777862
100847.47501790238
100856.46001791075
100869.1900179226
101040.84501808247
101057.06501809758
101071.38501811092
101084.60501812323
101182.51501821441
101200.59001823125
101527.99001853616
101638.25501863885
101661.57501866057
101967.64001894562
102011.77501898672
102089.20001905883
102174.8450191386
102254.08501921239
102271.69001922879
102350.77001930244
102454.52501939907
102534.46001947351
102607.16501954122
102722.01001964818
102769.7000196926
102845.87001976353
103038.91501994332
103166.83002006245
103184.41502007883
103196.61002009019
103280.34502016817
103300.76502018719
103402.74002028216
103539.05002040911
103784.9250206381
103937.13002077985
103955.03502079652
103965.91502080666
104246.39002106787
104261.18502108165
104444.4250212523
104609.04502140562
104673.81502146594
104776.45502156153
104870.11002164875
104885.9400216635
104900.82002167735
104911.14502168697
105169.64502192772
105350.77502209641
105535.73502226867
105552.205022284
105850.1650225615
105865.0950225754
106204.00002289104
106332.26502301049
106368.3500230441
106378.78002305381
106392.95002306701
106480.7800231488
106585.9950232468
106728.81502337981
106848.50502349128
106859.02502350108
106888.62002352864
107016.93002364814
107038.51502366824
107107.55002373253
107120.85502374492
107198.28502381704
107216.72502383421
107248.03002386336
107383.37002398941
107503.01502410084
107682.01002426754
107691.16502427607
107702.00002428616
107831.3250244066
108258.28002480423
108279.69002482417
108304.68502484745
108365.66502490424
108378.36502491607
108425.22002495971
108444.36002497753
108475.59002500662
108487.85502501804
108556.76002508221
108655.07502517378
108670.93002518854
108692.23502520839
108705.79502522101
108790.30002529972
108810.97502531897
108820.9950253283
108836.85002534307
109045.45002553734
109055.42502554663
109065.13502555568
109077.6200255673
109126.69502561301
109215.6000256958
109477.62002593983
109508.09002596821
109580.42002603557
109591.53502604592
109603.35002605693
109614.165026067
109628.89502608072
109648.92502609937
109927.09002635843
110111.40502653009
110124.60502654238
110158.7600265742
110170.84502658545
110182.77502659656
110204.55502661684
110226.72002663749
110302.68502670823
110310.43002671545
110319.41502672381
110327.6700267315
110335.6050267389
110348.02502675046
110368.20002676925
110495.87002688815
110534.05002692371
110913.83502727741
110925.07002728787
110935.41502729751
111042.43002739717
111054.2700274082
111070.7000274235
111274.76002761355
111284.21502762235
111302.42002763931
111329.98002766498
111350.45002768404
111364.39502769703
111386.58002771769
111434.12502776197
111543.64002786396
111733.26002804056
111749.48002805567
111874.12002817175
111892.60502818896
111981.75002827198
112006.00002829457
112057.33002834237
112072.56002835656
112087.01502837002
112106.57002838823
112246.14502851822
112273.05002854328
112287.26502855652
112360.61502862483
112409.67502867052
112465.29002872232
112482.65502873849
112496.48502875137
112627.23502887314
112649.99002889433
112879.12002910773
112986.21002920746
113057.83002927416
113123.68002933549
113138.52002934931
113160.26002936956
113173.69002938207
113186.73502939421
113196.65002940345
113219.83502942504
113235.71002943983
113249.72502945288
113416.20002960792
113800.64502996596
113960.97503011528
113995.07003014704
114056.52503020427
114095.06503024016
114107.21503025148
114120.81503026414
114141.32503028325
114231.13003036688
114274.210030407
114300.45003043144
114382.30003050767
114396.20503052062
114407.40003053105
114769.57503086835
114782.96503088082
114798.26503089507
114818.28503091371
114830.37503092497
114865.02503095724
114873.96503096557
114977.78003106226
115096.86003117316
115116.74003119167
115133.74503120751
115193.14003126282
115218.52003128646
115229.37503129657
115238.60503130517
115249.77003131557
115340.61503140017
115353.24003141193
115418.64503147284
115556.5750316013
115577.66003162094
115598.84503164067
115609.25503165036
115651.65503168985
115799.73003182776
115811.89503183909
115936.6850319553
115977.62503199343
115988.61003200366
116006.3650320202
116022.69503203541
116148.13503215223
116162.31503216544
116178.67503218068
116190.32003219152
116298.60503229237
116715.7850326809
116803.28003276238
117311.820033236
117322.29503324575
117338.46003326081
117430.21503334626
117438.48503335397
117447.79503336264
117543.01003345131
117556.25003346364
117703.9550336012
117745.89003364026
117778.75003367086
117790.73003368202
117991.7100338692
118020.14003389567
118033.0500339077
118229.02503409021
118236.34503409703
118244.71503410483
118256.78003411606
118303.86503415991
118601.99503443757
118620.79503445508
118635.39503446867
118724.83503455197
118740.90003456693
118751.72003457701
118764.9200345893
118774.38503459812
118926.60503473989
118954.98503476632
118978.23003478796
119219.2100350124
119263.70003505383
119284.79003507347
119355.39003513922
119366.44503514952
119640.41503540467
119657.86003542092
119742.47003549972
119753.50503551
119765.5350355212
119775.17503553018
119797.67003555113
119811.47503556398
120067.54003580246
120125.25003585621
120138.91003586893
120296.57503601577
120308.3150360267
120321.96003603941
120332.29503604904
120438.42003614787
120535.8350362386
120548.1850362501
120733.27003642247
120765.9400364529
120942.55503661738
120956.97003663081
121000.86503667169
121015.42003668525
121087.18503675208
121179.81003683835
121236.4550368911
121252.39003690594
121385.88003703026
121404.46503704757
121436.51003707742
121450.31503709027
121484.9150371225
121651.6750372778
121673.20003729785
121719.94003734138
121739.31003735942
121917.51503752539
121934.46503754117
122257.71503784222
122340.40003791923
122353.06503793102
122550.31003811472
123225.81503874384
123234.83503875224
123245.43503876211
123262.37503877789
123276.01003879058
123600.4000390927
123712.42503919703
123729.38003921282
123783.31003926304
123795.49003927439
124044.85003950662
124134.47503959009
124287.24003973237
124316.67003975977
124329.51503977174
124539.04003996687
124617.6600400401
124641.97504006274
124877.82504028239
124971.94004037004
125061.6550404536
125078.18504046899
125108.71504049742
125121.08004050894
125267.72004064551
125279.77504065674
125293.34004066937
125303.51004067884
125417.94004078541
125512.97004087392
125528.2050408881
125623.52504097688
125632.38004098512
125673.54504102346
125687.75004103669
125698.04004104628
125723.67004107015
125823.92504116351
125834.68004117353
125848.90504118678
125868.48504120501
125882.71004121826
125973.9100413032
126059.14504138258
126256.24004156614
126271.63504158048
126379.96004168136
126401.92504170182
126421.6650417202
126571.4500418597
126644.65504192788
126717.16504199541
126746.43004202266
126858.52004212706
126877.31504214456
127054.94004230999
127066.21004232048
127313.24004255055
127323.87004256045
127336.89004257257
127347.85504258279
127459.37004268664
127515.49504273891
128034.6300432224
128371.74004353635
128510.26004366536
128757.47004389559
128828.75504396198
128848.7450439806
128866.1450439968
128888.07004401722
128971.89504409529
129075.05004419136
129125.27504423814
129274.51004437712
129285.92004438775
129302.52504440321
129556.80004464003
129614.37504469365
129653.05004472967
129904.5600449639
130170.70504521177
130309.27004534082
130320.60004535137
130375.8300454028
130415.95504544018
130443.3550454657
130509.01004552684
130527.05004554364
130599.57004561118
130676.20504568255
130772.50504577224
130783.91504578287
130801.63004579936
131299.81004626333
131553.5100464996
131664.57004660304
131676.6750466143
131845.93504677195
131874.4450467985
132023.7000469375
132116.6800470241
132222.96004712308
132275.03004717157
132347.40004723897
132592.33004746708
132609.71004748327
132622.58504749526
132632.88004750485
132671.1650475405
132685.8600475542
132696.24504756386
132726.6700475922
132824.19504768302
132896.2150477501
133151.14504798752
133183.46504801762
133267.01004809543
133277.90504810557
133485.78004829917
133498.86004831136
133507.26004831918
133518.41004832956
133553.37004836212
133578.18504838523
133601.570048407
133697.9950484968
133717.07004851458
133751.08004854625
134155.8150489232
134206.01504896994
134220.63004898356
134238.5000490002
134551.95004929212
134602.25004933897
134622.77504935808
134664.20004939666
134679.34004941076
134815.81004953786
134826.50504954782
134845.14504956518
135073.1350497775
135236.18504992937
135282.46504997247
135499.01005017414
135615.38505028252
135647.1300503121
135661.7450503257
135681.89505034446
135693.3050503551
135711.43505037198
135753.50505041116
135769.26005042583
135785.4550504409
135878.84005052788
135906.05505055323
135916.09505056258
136043.18005068094
136057.35005069413
136086.49505072128
136455.69505106512
136468.86005107738
136492.02005109895
136502.29505110852
136528.62005113304
136668.40505126322
136684.6000512783
136900.55505147943
137087.30005165335
137276.95005182998
137360.75005190802
137371.42005191796
137725.41505224764
137737.13505225856
137758.3200522783
137791.58505230927
138555.11005302035
138689.51505314553
138717.3900531715
138991.68505342695
139011.43505344534
139079.55505350878
139202.2950536231
139221.77505364123
139271.62005368766
139288.37505370326
139452.02005385567
139472.44005387468
139843.5350542203
139867.45005424257
139876.24505425076
140016.43505438132
140025.29005438957
140044.52005440748
140067.7350544291
140398.79505473742
140473.35505480686
140748.23505506286
140782.04005509435
140864.85005517147
140984.610055283
140993.0850552909
141002.68005529983
141014.3350553107
141278.25005555648
141344.77005561843
141648.3950559012
141661.55505591346
141695.07505594468
141978.59005620872
142000.10505622876
142013.43505624117
142223.12005643646
142267.3000564776
142524.8750567175
142536.84005672863
142551.32505674212
143034.66505719227
143044.29005720123
143215.11505736032
143359.02505749435
143373.06005750742
143479.5600576066
143617.89505773544
143669.1800577832
143698.78505781078
143758.4050578663
143769.5750578767
143851.2800579528
143868.95005796925
143895.28005799378
144032.3150581214
144042.48505813087
144309.8650583799
144328.240058397
144368.15005843417
144465.63005852496
144515.97005857184
144528.89505858388
144679.8850587245
144693.01005873672
144767.00005880563
144799.05005883548
144810.62505884626
144819.20505885425
144830.01505886432
145240.22505924635
145389.49505938537
145410.7800594052
145506.4550594943
145632.4100596116
145654.92505963257
145680.57505965646
145700.18005967472
145798.67005976645
145908.82505986904
145978.86505993427
145989.98005994462
146099.21006004635
146131.93506007682
146262.95506019884
146334.1950602652
146498.0500604178
147109.8600609876
147307.5650611717
147321.6250611848
147336.47506119864
147356.27506121708
147404.45506126195
147423.48506127967
147478.0550613305
147500.98006135185
147513.74006136373
147543.69506139163
147554.92006140208
147733.25506156817
147748.40006158227
147882.330061707
147911.04006173374
148069.56006188138
148084.46506189526
148096.4250619064
148110.85006191983
148124.980061933
148184.08006198803
148203.0650620057
148226.07506202714
148254.34506205347
148490.9250622738
148509.65006229124
148540.16006231966
148557.67006233596
148632.13506240532
148883.64506263955
148897.41506265238
149060.210062804
149080.79506282316
149108.51506284898
149144.6000628826
149210.69006294414
149226.17006295855
149244.13506297529
149264.91506299464
149283.08506301156
149360.49006308365
149422.75506314164
149449.36506316642
149609.35506331542
149630.43506333506
149640.21506334416
149657.08506335987
149765.2500634606
149863.95006355253
150180.53506384738
150339.19006399513
150351.7200640068
150451.95006410015
150464.2550641116
150484.51006413047
150514.35006415827
150527.93506417092
150586.13006422512
150771.8750643981
150940.39506455505
150963.69506457675
151053.9400646608
151068.80006467464
151144.51006474515
151166.40506476554
151195.0350647922
151207.65506480396
151300.9100648908
151316.17006490502
151434.34006501507
151463.23006504198
151475.5900650535
151491.2800650681
151509.90506508545
151711.21006527293
151831.38006538484
152140.07006567233
152223.59006575012
152239.33006576478
152253.0000657775
152278.61506580136
152347.00506586506
152379.71006589552
152452.77506596356
152922.06506640062
152935.22006641288
152949.97506642662
152958.99506643502
152968.03506644344
152981.58506645606
153145.73006660893
153164.02006662596
153544.29006698012
153669.01006709627
153827.88506724423
153847.15006726218
153866.01506727975
153919.5450673296
153940.5900673492
153984.44006739004
153993.27006739826
154015.6600674191
154027.17506742984
154036.65006743866
154298.77006768278
154326.03006770817
154344.9600677258
154370.4100677495
154438.23006781266
154449.61006782326
154458.8850678319
154469.2900678416
154661.47506802058
154875.02506821946
154889.17506823264
155025.69006835978
155104.6300684333
155118.63006844633
155129.39006845636
155191.8100685145
155204.9150685267
155225.13006854552
155236.57506855618
155257.60506857577
155530.22506882966
155662.67506895302
155787.4150690692
155813.11006909312
156081.68006934325
156096.7750693573
156117.3850693765
156150.0300694069
156575.51006980316
156599.8250698258
156625.9050698501
156824.94007003546
156923.16507012694
157350.50507052493
157532.88507069479
157545.31007070636
157567.87507072737
157584.35007074272
157612.06007076852
157621.21507077705
157679.6800708315
157805.38507094857
157999.9650711298
158278.68007138936
158292.9050714026
158311.10007141955
158366.26507147093
158403.5000715056
158464.39007156232
158490.3500715865
158512.5800716072
158535.05007162812
158553.0600716449
158569.74507166044
159067.02007212356
159150.13507220097
159162.8550722128
159193.94507224177
159208.5850722554
159366.3100724023
159378.18507241335
159387.21507242176
159404.2250724376
159595.48007261573
159754.21507276356
159765.3300727739
159781.22507278871
159906.77507290564
159950.4350729463
159998.90507299145
160008.26007300016
160028.78007301927
160362.6300733302
160372.2000733391
160384.27007335034
160458.76507341972
160499.81507345795
160529.67007348576
160543.06507349823
160633.31007358228
160643.750073592
160657.53007360484
160680.49007362622
160694.05507363885
160709.15507365292
160718.66507366177
160736.58007367846
160755.45507369604
161254.5050741608
161264.78007417038
161280.75007418526
161294.7600741983
161368.71007426718
161419.18507431418
161744.14507461683
161781.31007465144
162205.4100750464
162261.92007509904
162278.98007511493
162293.28507512825
162305.07007513923
162386.62007521518
162588.9250754036
162701.83507550874
162745.24007554917
162764.1750755668
162777.67007557937
162820.51507561927
162853.81007565028
162864.32507566008
163094.5600758745
163132.41007590975
163148.32007592457
163162.9500759382
163297.88507606386
163462.46507621714
163823.2050765531
164017.58507673413
164131.88007684058
164166.19507687254
164887.86507754464
164965.07507761655
165072.91007771698
165112.0250777534
165125.68007776613
165133.44007777335
165366.05507799
165383.74507800647
165536.83507814904
165549.61507816095
165577.09507818654
165689.4800782912
165920.4300785063
165934.9350785198
165952.82007853646
166251.86007881496
166353.81507890992
166450.19507899968
166609.06007914763
166621.64507915935
166638.2350791748
166661.72507919668
166684.44507921784
166694.98507922766
166876.5950793968
166886.57007940608
167087.75007959345
167277.8700797705
167314.4800798046
167332.27507982118
167588.35008005967
167607.0800800771
167635.28008010337
167820.78508027614
167835.81508029014
167901.75508035155
167913.02008036204
168134.2800805681
168153.02508058556
168239.52008066612
168247.2300806733
168257.1150806825
168272.7800806971
168287.63008071092
168373.620080791
168485.75508089544
168569.55508097349
168797.65508118592
168820.290081207
168991.1250813661
169010.60508138424
169355.16008170514
169511.85008185107
169527.6750818658
169553.83508189017
169567.20508190262
169625.8250819572
169682.51008201
169697.8550820243
169730.55508205475
170052.7300823548
170195.8600824881
170232.32508252206
170248.76008253737
170283.51008256973
170358.07008263917
170373.33008265338
170383.8800826632
170398.00008267636
170411.2600826887
170612.370082876
170668.0800829279
170748.0900830024
170830.28008307895
170843.15508309094
170862.0050831085
170961.02508320072
171019.33508325502
171037.80008327222
171379.79008359072
171396.90008360666
171490.30508369365
171501.99508370453
171516.52008371806
171688.4550838782
171798.15008398035
171808.2850839898
171875.6150840525
171886.6850840628
172102.02008426335
172213.34508436703
172272.96508442255
172300.7150844484
172424.04508456326
172649.7750847735
172667.22508478974
172685.79508480703
172886.6600849941
172899.2300850058
172990.73508509103
173108.96508520114
173207.1550852926
173221.75508530618
173243.3700853263
173256.5650853386
173271.64508535265
173283.24508536345
173296.54008537583
173310.81508538913
173334.64508541132
173561.0800856222
173574.24508563447
173595.70008565445
173664.2600857183
173673.1850857266
173753.08008580102
173763.66008581087
173791.8350858371
173813.36508585716
173866.30008590646
173884.84508592373
173932.5900859682
173951.36008598568
173982.825086015
174012.01508604217
174021.34008605086
174035.58008606412
174057.65508608468
174087.3250861123
174287.52008629875
174309.0450863188
174333.60508634167
174549.58508654282
174749.79008672928
174768.88508674706
174825.53008679982
174837.06508681056
174865.39008683694
174909.89008687838
175047.94508700696
175060.90008701902
175088.1600870444
175102.0950870574
175113.1600870677
175255.94508720067
175271.5600872152
175370.68008730753
175389.95008732547
175409.88508734404
175419.98008735344
175641.09508755937
175670.93508758716
175716.73508762982
175805.06508771208
175833.975087739
175864.45008776739
175993.87508788792
176051.7200879418
176067.5000879565
176129.6950880144
176258.13508813403
176271.69508814666
176310.98008818325
176323.54508819495
176368.39508823672
176382.18508824956
176521.87508837966
176541.52008839796
176564.27008841914
176666.73508851457
176677.6050885247
176877.83508871117
176890.82008872327
176907.5950887389
177037.3200888597
177058.28508887923
177078.3400888979
177331.54008913372
177342.00508914347
177350.090089151
177360.97508916113
177374.72508917394
177388.08008918638
177398.37008919596
177408.53008920542
177491.33008928254
177663.90508944326
177755.5400895286
177765.9650895383
177776.97008954856
177881.93508964631
177944.33008970442
177968.19508972665
177991.7650897486
178076.72508982773
178091.28008984128
178123.42508987122
178249.20008998836
178263.67009000183
178275.80009001313
178289.8300900262
178300.6900900363
178332.97009006637
178474.38509019808
178605.60509032028
178691.87509040063
178839.35509053798
179230.46009090223
179594.77509124152
179661.17509130336
179671.88009131333
179689.3550913296
179735.33009137242
179947.96009157045
179972.7200915935
179998.35509161738
180027.66509164468
180050.7650916662
180210.48009181494
180296.80509189534
180361.940091956
180376.25509196933
180389.82509198197
180454.9250920426
180464.6900920517
180476.22509206244
180490.98009207618
180500.00009208458
180514.47509209806
180526.80509210954
180537.32009211933
180549.3050921305
180561.67509214202
180590.56509216892
180601.5950921792
180770.0750923361
180783.23509234836
180797.4450923616
180973.90009252593
181022.05509257078
181032.6950925807
181110.9700926536
181134.43009267544
181267.4150927993
181323.6950928517
181333.08509286045
181466.11009298434
181688.25009319122
181709.83509321132
181731.4900932315
181743.65009324282
181771.19009326847
181941.15509342676
182078.81009355496
182091.0800935664
182145.76509361732
182173.93509364355
182529.95509397512
182552.78009399638
182681.7600941165
182697.04509413074
182725.71009415743
182742.3250941729
182861.2750942837
182977.74509439216
182998.02009441104
183028.23009443918
183149.9050945525
183167.36509456876
183181.44009458186
183292.05009468488
183348.93509473786
183359.84509474802
183410.91509479558
183424.0450948078
183502.05009488045
183521.17509489827
183561.21509493556
183586.47509495908
183990.90509533574
184194.84009552567
184208.4000955383
184339.88509566075
184364.68009568384
184410.74009572674
184454.7150957677
184477.590095789
184513.4700958224
184573.4700958783
184742.46509603568
184753.62009604607
184875.45009615953
185152.975096418
185384.21509663336
185395.16509664356
186032.41009723704
186041.23509724526
186050.65009725402
186071.1450972731
186141.7850973389
186171.67009736673
186184.37009737856
186272.75009746087
186296.7250974832
186340.9500975244
186624.4200977884
186693.06509785232
186705.15509786358
186834.0400979836
187084.05509821646
187179.90509830572
187221.89009834483
187232.4000983546
187242.21009836375
187265.030098385
187405.11009851546
187472.76009857847
187529.03009863087
187549.15509864961
187567.77509866696
187580.98509867926
187680.93009877234
187692.08509878273
187732.4150988203
187745.15509883215
187761.085098847
187775.9250988608
187789.2350988732
187799.5350988828
187841.2000989216
187854.02009893354
187924.1950989989
187961.64009903377
188143.8900992035
188313.6400993616
188348.1100993937
188450.7750994893
188461.97009949974
188475.22009951208
188495.60509953107
188790.7000998059
188828.21009984083
189224.32010020973
189245.38010022935
189448.43010041845
189620.19010057842
190191.12510111014
190210.16510112787
190219.89510113694
190230.1801011465
190242.53010115802
190469.84510136972
190479.6001013788
190490.46510138892
190502.4801014001
190592.09510148357
190790.41010166827
190801.01510167815
190818.30510169425
190837.355101712
190878.76510175056
190907.98510177777
190918.985101788
191143.4951019971
191161.33510201372
191171.77510202344
191367.1501022054
191687.21010250348
191731.6951025449
191742.61010255507
191867.5101026714
192137.84010292316
192156.49010294053
192453.31510321697
192463.08010322606
192525.1951032839
192701.0651034477
192736.76510348095
192796.23010353633
193026.89010375115
193055.1801037775
193205.66010391765
193221.55510393245
193454.42010414932
193467.7001041617
193538.45510422759
193549.4301042378
193617.0751043008
193625.1251043083
193635.0001043175
193645.89510432765
193889.46010455448
193929.4301045917
193941.9701046034
194005.14510466222
194141.46510478918
194284.42010492232
194298.9901049359
194309.7301049459
194324.7851049599
194369.63010500168
194380.6051050119
194518.6901051405
194877.40510547458
195233.19010580593
195706.18510624644
195715.66010625527
195758.9551062956
195966.92510648927
195977.1451064988
196045.84010656277
196113.92510662618
196242.3701067458
196632.18010710884
196647.6001071232
196661.350107136
196817.1301072811
196834.41010729718
197059.2551075066
197069.38010751602
197079.64010752557
197134.40510757657
197146.61510758795
197161.1801076015
197176.12510761543
197193.47010763158
197252.0101076861
197361.1101077877
197417.22510783997
197667.425108073
197708.6701081114
197734.85010813578
197840.9601082346
197867.28510825912
197877.1301082683
197963.06010834832
197973.82510835835
198093.26510846958
198105.88510848134
198173.58010854438
198188.14010855794
198330.1651086902
198340.59010869992
198356.38010871463
198368.46510872588
198490.3401088394
198504.23510885233
198670.44510900712
198843.6101091684
198852.48010917666
198868.0901091912
198881.6351092038
199121.7001094274
199181.70510948327
199194.300109495
199391.3201096785
199412.62510969833
199463.98510974617
199694.93510996125
199732.61510999635
199835.34511009202
199858.1851101133
199866.09011012065
199875.22011012916
199891.85011014465
200131.92511036823
200151.5251103865
200257.59011048527
200268.63011049555
200281.81011050782
200309.09011053323
200532.45511074126
200544.59011075256
200555.39511076262
200568.28511077462
200583.67511078896
200596.26011080068
200722.16511091794
200854.47011104116
200872.73511105817
201249.71011140925
201257.43511141645
201792.36011191463
201807.64511192887
201914.89511202875
201926.35011203942
202061.5151121653
202085.43011218758
202106.63011220732
202134.90511223365
202164.94511226163
202289.905112378
202329.03511241445
202339.74511242443
202409.24511248915
202639.58511270367
202651.76511271502
202666.60511272884
202681.815112743
202705.74011276528
202804.8751128576
202931.96011297597
202965.68011300737
203018.18511305627
203326.53511334345
203348.10011336353
203359.9901133746
203405.13011341664
203430.6301134404
203440.24511344935
203460.4901134682
203478.90011348535
203829.92011381226
203841.440113823
203924.9801139008
204111.37011407438
204360.055114306
204371.7701143169
204476.4751144144
204489.5651144266
204499.71011443605
204674.94511459925
204688.98011461232
204812.25511472713
204869.84011478076
205322.87011520268
205334.30511521333
205407.1851152812
205419.69011529285
205437.1351153091
205649.99011550733
206163.04511598515
206174.96011599625
206341.73511615157
206439.910116243
206456.70011625864
206476.3001162769
206489.35011628905
206739.97511652246
206881.205116654
206956.46511672408
206974.50511674088
206995.11511676008
207154.18011690822
207174.6701169273
207644.34511736472
207657.36511737684
207673.92511739227
207687.8101174052
208171.2201178554
208186.3501178695
208202.38011788443
208372.15011804254
208486.9901181495
208601.65511825628
208619.68011827307
208709.6801183569
208942.5951185738
209356.45011895924
209528.2001191192
209591.62011917826
209603.60011918942
209653.58511923597
209791.45011936437
209910.09011947486
209924.39011948818
209939.28011950204
210313.0151198501
210329.47511986544
210827.62012032937
210902.33512039896
210916.92512041255
211389.89512085303
211401.53512086387
211413.8001208753
211431.54512089182
211559.91512101138
211622.83012106997
211726.0501211661
212011.545121432
212020.3501214402
212163.68512157368
212177.37512158643
212430.56512182223
212592.60512197315
212603.91512198368
212655.94012203213
212683.5151220578
212695.22512206872
212715.04012208717
212723.85512209538
212734.0751221049
212797.38512216386
212808.55012217426
212819.79512218473
212886.53012224688
212896.44512225612
212949.81512230582
213402.94012272783
213412.41512273665
213497.9201228163
213551.38012286607
213566.58512288023
213575.93012288894
213640.44512294902
213866.2351231593
213913.7001232035
214025.2451233074
214034.86012331635
214193.38012346398
214329.26012359053
214442.510123696
214453.40512370615
214496.98512374674
214544.38012379088
214697.27012393327
214708.51012394374
214719.71512395417
214727.95512396184
214742.4051239753
214765.79012399708
215355.23012454604
215370.81012456055
215382.82512457174
215394.55012458266
215403.23012459074
215464.53012464783
215488.70512467035
215606.72512478026
215618.07512479083
215921.42012507335
216002.665125149
216017.29512516264
216030.4601251749
216154.6801252906
216224.83512535592
216241.61012537155
216325.06512544927
216405.28512552398
216424.77012554213
216497.7501256101
216512.50512562384
216644.06512574636
216656.2551257577
216673.68012577394
216700.84512579924
216716.9051258142
216729.76512582618
216796.88012588868
216842.36012593104
216858.24012594583
216962.93012604333
216982.93012606195
217107.82012617827
217117.6301261874
217195.02012625948
217227.22012628947
217240.18512630154
217396.5701264472
217432.9901264811
217819.7601268413
217854.47012687364
217975.2201269861
218062.9551270678
218749.9301277076
218854.45512780495
218868.0551278176
218988.9351279302
219005.0601279452
219016.1051279555
219028.74512796727
219081.66012801655
219228.98512815376
219544.3901284475
219557.15012845938
219585.735128486
220502.56012933986
220521.01512935705
220532.5501293678
220775.0151295936
220790.97012960847
220801.72512961848
221023.87512982538
221167.0351299587
221179.55512997037
221192.63012998254
221211.4751300001
221231.33013001858
221298.94013008155
221306.44513008854
221319.90513010108
221333.9851301142
221347.2051301265
221510.5051302786
221529.13513029594
221640.36013039952
221649.97513040848
221670.46013042756
221679.8351304363
221726.74513047998
221887.1901306294
221898.53513063997
221906.59513064747
222104.9551308322
222123.96513084992
222131.6851308571
222142.34513086703
222152.33013087633
222183.5301309054
222196.24513091723
222366.74013107602
222912.2801315841
222923.48013159452
223061.56513172312
223155.0751318102
223200.4701318525
223229.5651318796
223243.92513189296
223257.86513190594
223539.53013216826
223550.38513217837
223592.8351322179
223657.76013227837
223821.8451324312
223923.8651325262
224140.07513272756
224470.02013303485
224540.21013310022
224550.65013310994
224730.75513327768
224826.49513336684
224865.24013340293
224925.59013345913
224937.66013347037
224952.85513348453
225048.22513357335
225073.25013359665
225173.48513369
225187.79513370333
225252.80013376387
225526.745134019
225555.25513404555
226027.07013448497
226201.19013464713
226215.3451346603
226743.16013515188
226753.57513516158
226764.0201351713
226805.60013521003
227056.26013544347
227074.79013546073
227274.12513564638
227304.77513567492
227331.2851356996
227466.50513582554
227512.98013586883
227701.78013604466
227711.76513605396
227879.0901362098
227894.31513622397
228004.33013632643
228096.5351364123
228323.5101366237
228333.34013663285
228346.0701366447
228391.0551366866
228399.20013669418
228422.47513671586
228455.24513674638
228465.96013675636
228595.1901368767
228627.41013690672
228641.93513692025
228652.24013692985
228661.66513693862
228699.1001369735
228723.40013699612
228731.5251370037
228780.180137049
228828.2951370938
228847.63013711182
228925.60013718443
228939.34513719723
228951.92513720895
228981.43513723643
229178.25013741973
229206.465137446
229216.16013745504
229227.58513746568
229345.10513757513
229354.7251375841
229397.77013762417
229406.20013763203
229451.10013767384
229586.8901378003
229596.20513780898
229620.18513783131
229637.3501378473
229650.40513785946
229741.7301379445
229894.14513808646
229912.3251381034
229929.44513811934
229945.2951381341
229963.3501381509
229971.12513815815
229982.32013816858
230042.2501382244
230214.73013838503
230411.05513856787
230421.89513857797
230453.77513860766
230467.20013862016
230481.98513863393
230506.9601386572
230669.48513880855
230681.6651388199
230698.6301388357
230896.61513902008
230914.90513903712
230927.0201390484
230939.00013905956
230951.02013907075
231159.9101392653
231171.00013927562
231183.28013928706
231220.2451393215
231293.19013938942
231327.56013942143
231338.915139432
231440.62513952673
231527.92513960804
231717.20513978432
231780.225139843
231815.0051398754
231828.05513988755
231848.66013990674
231878.62013993465
231895.9601399508
231909.63013996353
231934.12513998634
232184.08014021913
232195.50514022977
232205.22514023882
232318.6001403444
232330.45514035545
232380.58014040213
232434.09014045197
232443.5601404608
232624.42014062923
232721.19514071936
233041.41514101758
233123.17014109372
233153.82014112227
233191.5501411574
233302.2601412605
233319.90514127695
233329.92514128628
233763.40014168998
233771.77014169778
233781.00014170638
234123.62014202547
234541.41014241456
235115.270142949
235382.98514319834
235399.78014321398
235660.0801434564
235982.98014375713
235992.77514376625
236006.76514377928
236036.15014380665
236266.13514402084
236300.5701440529
236319.7951440708
236546.6751442821
236602.395144334
236615.63514434634
236633.40014436288
236644.18514437292
236692.78014441818
236733.14514445578
236848.34014456306
236910.14014462061
236980.09014468576
237015.785144719
237054.6651447552
237155.92514484952
237169.325144862
237270.07014495583
237284.3251449691
237328.6601450104
237379.75514505798
237395.5651450727
237510.81514518004
237531.4851451993
237580.43014524487
237619.71514528146
237793.00014544284
237806.22014545515
237912.4701455541
237940.83514558052
237962.32514560054
238292.94014590845
238320.52514593414
238370.45514598064
238471.15014607442
238498.37014609977
238649.0401462401
238659.48514624982
238670.27514625987
238692.92514628096
238708.16514629516
238905.8901464793
238961.88014653145
238975.4701465441
239002.79014656955
239592.3201471186
239646.11014716869
239679.13514719944
239692.0951472115
239861.64514736942
239873.60014738055
239896.5301474019
239947.44514744933
240197.30514768203
240208.95514769288
240248.53514772974
240331.9101478074
240429.8651478986
240443.41514791123
240454.28514792136
240606.65514806326
240618.04014807387
240687.91014813894
240775.11514822015
240787.80014823197
240992.73514842283
241027.5101484552
241266.76514867804
241380.24014878372
241401.24514880328
241418.3251488192
241436.98514883657
241447.99514884682
241466.58514886413
241516.8051489109
241610.34514899802
241624.6951490114
241634.2701490203
241642.79014902824
241655.90514904045
242238.05014958262
242287.87014962902
242748.0601500576
242884.01015018421
243021.67515031243
243032.15515032219
243043.63515033288
243060.6201503487
243375.85515064228
243392.58515065786
243711.630150955
244233.67015144118
244397.9601515942
244444.33015163738
244453.86515164626
244473.6601516647
244523.20515171083
244689.2851518655
244855.78015202057
244871.26015203499
244961.98015211947
245044.31015219615
245058.81515220966
245144.27515228925
245232.24515237118
245259.79015239683
245345.04015247623
245462.4701525856
245496.47015261726
245512.9501526326
245584.17015269893
245614.0751527268
245879.7251529742
245960.045153049
246307.14015337225
246441.07015349698
246490.23515354277
246844.11015387235
246854.64015388215
247168.9801541749
247220.7151542231
247232.2251542338
247254.1351542542
247725.58015469328
247739.4501547062
247762.03515472723
247797.14515475993
247964.10015491542
247976.7401549272
248023.60515497084
248057.42015500233
248193.3351551289
248464.7651553817
248559.1451554696
248570.6451554803
248705.73515560612
248719.8801556193
248843.81515573472
249110.7451559833
249260.88515612314
249326.0151561838
249475.72515632323
249554.91515639698
249761.5201565894
249771.3901565986
249789.67515661562
249818.39515664236
249843.41515666567
