31.32999999999805
42.88500000000349
53.93000000000914
64.35500000001396
102.45499999997931
113.09999999996963
145.4749999999402
196.72999999989358
206.07999999988508
345.6299999997582
359.72999999974536
376.5349999997301
452.32999999966114
527.5699999995927
583.1649999995421
657.4099999994746
705.0949999994313
890.2149999992629
901.2849999992528
929.709999999227
945.3399999992128
1077.865000000317
1094.5500000006812
1209.805000003197
1233.0650000037047
1243.665000003936
1258.325000004256
1267.7950000044627
1278.6450000046996
1296.715000005094
1306.4200000053058
1322.5850000056587
1398.4100000073138
1525.6700000100916
1537.1200000103415
1552.4200000106755
1591.0550000115188
1601.8400000117542
1616.4600000120734
1628.8400000123436
1832.3950000167868
1893.8050000181272
1921.5800000187335
1972.095000019836
1982.7300000200682
1992.3600000202784
2022.895000020945
2053.0750000216035
2163.6150000240164
2175.4350000242744
2289.955000026774
2303.4350000270683
2413.8600000294787
2426.7250000297595
2436.0600000299632
2492.345000031192
2549.6800000324433
2563.3050000327407
2583.665000033185
2592.7400000333832
2604.180000033633
2618.0350000339354
2632.315000034247
2653.5350000347103
2699.285000035709
2773.4950000373287
2976.1650000417526
3072.4200000438536
3185.275000046317
3272.5750000482226
3287.530000048549
3356.475000050054
3368.575000050318
3452.685000052154
3466.4050000524535
3485.5000000528703
3501.2800000532147
3512.9850000534702
3545.0200000541695
3673.1600000569665
3856.245000060963
3881.260000061509
4150.950000067395
4221.520000068936
4261.7400000698135
4270.7200000700095
4310.450000070877
4363.76000007204
4374.765000072281
4398.700000072803
4439.32500007369
4451.575000073957
4622.445000077687
4672.035000078769
4693.685000079242
4761.715000080727
4777.845000081079
4856.7000000828
4873.920000083176
4967.910000085228
5017.685000086314
5050.300000087026
5065.055000087348
5076.100000087589
5092.335000087944
5187.315000090017
5207.500000090457
5239.520000091156
5264.245000091696
5277.475000091985
5311.305000092723
5324.350000093008
5354.770000093672
5373.085000094072
5383.570000094301
5395.90500009457
5406.780000094807
5419.975000095095
5584.19500009868
5633.305000099752
5646.660000100043
5659.990000100334
5669.41000010054
5685.720000100896
5770.805000102753
5801.220000103417
5813.965000103695
5831.12500010407
5922.76500010607
5995.765000107664
6006.400000107896
6253.850000113297
6269.780000113645
6351.630000115431
6360.420000115623
6373.9950001159195
6403.80500011657
6412.04500011675
6423.145000116992
6524.985000119215
6569.320000120183
6644.695000121828
6662.275000122212
6692.505000122872
6719.305000123457
6743.5200001239855
6967.5450001288755
7054.025000130763
7070.105000131114
7087.460000131493
7110.270000131991
7129.47500013241
7138.775000132613
7152.9500001329225
7225.495000134506
7249.595000135032
7276.735000135624
7442.040000139233
7479.730000140055
7499.535000140488
7526.985000141087
7540.725000141387
7555.835000141717
7567.46500014197
7576.820000142175
7604.515000142779
7638.370000143518
7659.500000143979
7683.225000144497
7772.475000146445
7790.290000146834
7810.025000147265
7825.435000147601
7842.440000147973
7863.085000148423
7899.815000149225
7942.000000150146
7953.680000150401
7968.200000150718
7981.495000151008
8028.550000152035
8038.590000152254
8083.635000153237
8111.24000015384
8148.1000001546445
8270.500000143036
8293.330000139382
8469.33000011121
8537.195000100346
8576.105000094118
8599.475000090377
8831.470000053241
8847.320000050704
8943.020000035385
9112.2250000083
9124.765000006293
9145.510000002972
9155.940000001303
9171.594999998797
9186.179999996462
9220.04999999104
9241.154999987662
9253.949999985614
9264.604999983909
9312.19999997629
9324.549999974313
9361.124999968459
9373.409999966492
9393.859999963219
9408.059999960946
9433.004999956953
9496.169999946842
9545.259999938984
9596.789999930736
9610.344999928566
9748.359999906474
9779.05499990156
9981.664999869128
9997.969999866518
10007.234999865035
10028.929999861562
10052.924999857722
10110.129999848565
10182.109999837043
10228.904999829552
10269.604999823037
10344.594999811034
10411.004999800403
10423.789999798357
10441.019999795599
10451.029999793996
10466.169999791573
10547.519999778551
10560.159999776528
10578.624999773572
10600.359999770093
10630.959999765195
10659.29499976066
10769.794999742971
10791.724999739461
10838.58499973196
10872.749999726491
10910.329999720476
10926.019999717964
10943.094999715231
10985.32999970847
11102.314999689745
11135.464999684438
11206.944999672996
11221.254999670706
11242.829999667252
11259.794999664537
11270.934999662753
11360.574999648405
11445.114999634872
11465.104999631672
11483.704999628695
11493.284999627162
11548.509999618322
11573.084999614388
11610.904999608334
11683.5849995967
11694.664999594926
11929.879999557275
11971.664999550587
11983.57999954868
12021.489999542611
12031.259999541047
12042.60999953923
12058.559999536677
12100.304999529995
12114.284999527757
12166.404999519415
12180.209999517205
12191.759999515356
12247.979999506357
12296.114999498652
12321.49499949459
12335.664999492321
12407.349999480846
12446.509999474578
12461.644999472155
12511.959999464101
12550.664999457906
12565.614999455513
12575.704999453897
12600.699999449896
12705.119999433182
12744.564999426868
12821.964999414478
12983.164999388675
12997.669999386353
13010.084999384366
13027.67499938155
13051.899999377672
13062.169999376028
13092.624999371154
13153.204999361456
13165.49499935949
13174.409999358062
13186.534999356121
13197.559999354356
13226.724999349688
13256.32999934495
13378.659999325368
13391.419999323325
13532.709999300709
13586.634999292077
13920.474999238639
13952.939999233442
13973.13499923021
13989.079999227657
14048.264999218183
14066.034999215339
14080.644999213
14151.36999920168
14164.159999199632
14191.71999919522
14211.39999919207
14234.689999188342
14278.024999181405
14293.034999179003
14319.859999174709
14433.849999156462
14449.834999153903
14545.05999913866
14562.959999135795
14607.269999128703
14625.289999125818
14701.759999113578
14717.269999111095
14724.899999109874
14802.07999909752
14822.614999094232
14842.05499909112
14860.2999990882
14891.174999083258
14901.439999081615
14943.734999074844
15180.58999903693
15212.364999031844
15252.74499902538
15265.039999023413
15288.504999019657
15354.26499900913
15442.554998994998
15505.6349989849
15521.06499898243
15547.979998978122
15569.184998974728
15663.364998959652
15884.879998924194
15905.364998920915
15934.644998916228
15949.774998913806
15984.36499890827
15998.364998906029
16009.214998904292
16020.84999890243
16036.419998899937
16051.164998897577
16061.524998895919
16072.959998894088
16160.53499888007
16174.459998877841
16198.929998873924
16212.244998871793
16231.654998868686
16279.28999886106
16357.904998848477
16802.819998929623
16814.9799989321
16903.13999895006
16913.68499895221
16926.314998954782
16958.279998961294
17166.219999003657
17182.48499900697
17199.66999901047
17286.374999028136
17296.539999030207
17307.134999032365
17323.474999035694
17350.584999041217
17547.48499908133
17579.079999087768
17659.714999104195
17677.919999107904
17686.704999109694
17711.484999114742
17874.724999148
17942.534999161813
18103.449999194596
18117.56499919747
18152.039999204495
18170.95499920835
18189.344999212095
18206.179999215525
18401.66999925535
18411.199999257293
18490.919999273534
18564.07999928844
18616.914999299202
18644.83999930489
18694.384999314985
18704.71999931709
18718.134999319824
18727.469999321725
18796.099999335707
18806.824999337892
18821.894999340962
18864.2999993496
18994.724999376172
19010.5649993794
19034.36999938425
19076.229999392777
19087.28999939503
19101.46999939792
19119.014999401494
19257.344999429675
19297.07499943777
19348.834999448314
19444.549999467814
19456.06999947016
19481.00999947524
19492.319999477546
19515.25999948222
19534.98999948624
19576.559999494708
19588.619999497165
19598.579999499194
19613.114999502155
19674.39999951464
19775.02999953514
19788.02499953779
19861.549999552768
20054.844999592147
20087.634999598828
20100.719999601493
20127.674999606985
20139.024999609297
20147.464999611017
20330.75999964836
20343.154999650884
20417.289999665987
20500.2999996829
20711.584999725943
20730.42499972978
20752.049999734187
20814.80499974697
20889.674999762225
20903.809999765104
20920.67999976854
20951.3999997748
20970.19999977863
20992.77499978323
21023.11999978941
21048.34499979455
21089.744999802984
21107.374999806576
21119.534999809053
21137.754999812765
21152.05999981568
21164.274999818168
21174.024999820154
21185.24499982244
21199.654999825376
21219.15499982935
21259.634999837595
21415.834999869418
21439.269999874192
21561.78499989915
21575.654999901977
21591.344999905174
21601.7849999073
21614.229999909836
21627.64499991257
21638.20499991472
21658.67999991889
21673.84499992198
21690.33999992534
21705.44499992842
21725.159999932435
21748.614999937214
21771.774999941932
21798.209999947318
21830.684999953934
21934.19499997502
21988.979999986183
21998.129999988047
22008.909999990243
22023.02999999312
22043.194999997228
22129.06500001472
22397.235000069355
22413.41500007265
22479.910000086198
22493.190000088904
22531.285000096665
22586.165000107845
22609.915000112684
22628.610000116492
22639.10000011863
22657.40500012236
22728.175000136776
22910.370000173894
22932.77500017846
22953.68500018272
22966.365000185302
22991.98500019052
23002.09000019258
23076.120000207662
23126.930000218013
23146.220000221943
23177.780000228373
23275.905000248364
23294.20000025209
23409.70000027562
23584.97000031133
23598.685000314123
23628.785000320255
23651.605000324904
23713.495000337512
23984.765000392777
24022.96000040056
24061.665000408444
24073.360000410827
24427.97500048307
24442.510000486032
24451.890000487943
24461.180000489836
24473.110000492266
24489.27000049556
24510.210000499825
24684.160000535263
24723.395000543256
24794.475000557737
24828.880000564746
24966.350000592753
24980.290000595593
25035.780000606897
25052.060000610214
25093.940000618746
25329.235000666682
25342.17500066932
25391.000000679265
25468.215000694996
25525.975000706763
25591.305000720073
25603.340000722525
25612.30000072435
25692.330000740654
25792.73000076111
25824.530000767587
25836.52500077003
25848.11500077239
25880.040000778896
25942.630000791647
25971.005000797428
25988.59000080101
26003.330000804013
26016.71500080674
26029.33500080931
26041.235000811736
26071.5000008179
26115.645000826895
26173.760000838734
26186.770000841385
26198.47500084377
26422.275000889364
26431.03500089115
26454.965000896023
26549.28500091524
26560.3750009175
26702.465000946446
26774.080000961036
26783.86500096303
26794.5150009652
26941.24000099509
26966.62000100026
27134.950001034555
27164.345001040543
27188.52000104547
27265.94000106124
27331.140001074524
27402.330001089027
27414.600001091527
27425.450001093737
27440.005001096702
27466.705001102142
27618.56500113308
27636.8200011368
27656.595001140828
27816.695001173444
27848.270001179877
27858.220001181904
27868.775001184054
27878.360001186007
27890.55000118849
27907.305001191904
27918.78000119424
27982.68000120726
28206.635001252886
28303.94500127271
28322.165001276422
28343.1600012807
28367.885001285737
28381.045001288418
28641.730001341526
28893.84500139289
28906.725001395513
28920.465001398312
28934.725001401217
28984.580001411374
28995.280001413554
29063.075001427365
29151.44500144537
29161.870001447493
29291.820001473967
29322.355001480188
29334.14000148259
29348.065001485425
29362.6650014884
29376.145001491146
29507.820001517972
29528.510001522187
29540.59500152465
29550.550001526677
29562.9300015292
29607.49500153828
29832.70500158416
29842.37500158613
29856.630001589034
29872.51000159227
29927.34500160344
30103.75500163938
30244.225001667997
30295.93000167853
30305.775001680537
30319.715001683377
30388.69500169743
30434.79000170682
30453.555001710643
30478.57000171574
30500.16500172014
30513.08500172277
30525.615001725324
30542.28500172872
30553.930001731092
30575.400001735467
30736.845001768357
30748.950001770823
30766.56000177441
30989.41000181981
31073.765001836997
31087.32500183976
31103.210001842996
31117.32000184587
31136.70000184982
31196.39000186198
31228.340001868488
31295.120001882093
31313.880001885915
31364.645001896257
31378.785001899138
31431.650001909908
31450.970001913844
31495.790001922975
31593.235001942827
31623.065001948904
31636.505001951642
31738.260001972372
31851.48500199544
32048.330002035542
32171.62500206066
32256.99000207805
32291.280002085037
32420.645002111392
32431.710002113647
32440.51000211544
32478.36500212315
32559.290002139638
32573.500002142533
32624.510002152925
32634.84500215503
32671.620002162523
32692.17500216671
32706.530002169635
32722.635002172916
32736.05000217565
32751.95500217889
32762.775002181093
32831.11500214909
32841.06000214388
32856.74500213566
32871.41500212798
32880.185002123384
32890.665002117894
32899.60500211321
32918.130002103506
32929.54000209753
32980.09000207105
33003.54500205876
33012.20500205422
33024.51000204778
33033.905002042855
33095.49000201059
33256.210001926396
33359.350001872364
33387.99000185736
33396.06500185313
33406.60000184761
33516.05500179027
33582.935001755235
33630.025001730566
33710.45500168843
33725.225001680694
33766.20000165923
33776.92500165361
33787.86000164788
33805.94000163841
33833.84500162379
33871.4300016041
33898.09500159013
33910.39000158369
33926.83000157508
34002.81500153527
34096.27500148631
34180.0950014424
34200.02500143196
34308.54000137511
34429.23000131189
34440.15000130617
34577.77500123407
34663.77000118902
34725.01000115694
34894.64500106807
34920.91000105431
34941.060001043756
34954.85500103653
34967.615001029844
34982.63000102198
34994.2350010159
35008.770001008284
35033.105000995536
35056.96500098304
35069.50000097647
35084.79000096846
35113.68500095332
35139.55500093977
35201.3450009074
35216.550000899435
35249.135000882365
35265.13500087398
35297.65000085695
35311.57000084966
35394.15500080639
35440.135000782306
35453.23500077544
35591.1400007032
35821.95500058228
35882.175000550735
35900.100000541344
35909.46500053644
35920.86000053047
35979.52000049974
36000.00500048901
36010.5200004835
36026.20500047528
36052.27000046163
36073.97500045026
36114.51000042902
36130.155000420826
36208.610000379726
36216.34500037567
36226.18000037052
36239.170000363716
36254.80000035553
36324.68000031892
36337.575000312165
36590.91000017945
36619.54500016445
36691.345000126836
36714.53500011469
36731.48500010581
36778.28500008129
36854.11000004157
36868.545000034006
36936.98999999815
36949.634999991526
36986.15999997239
37035.69499994644
37057.38499993508
37103.034999911164
37113.66999990559
37132.24999989586
37145.02499988917
37162.534999879994
37187.994999866656
37202.9849998588
37222.82499984841
37238.31999984029
37328.76999979291
37377.11999976758
37500.21999970309
37519.34499969307
37540.6649996819
37552.06499967593
37608.6249996463
37624.94499963775
37691.75999960275
37743.54999957562
37792.37499955004
37806.08499954286
37935.05999947529
37946.74999946917
38029.76499942568
38066.45499940646
38081.409999398624
38110.594999383335
38122.83499937692
38134.224999370956
38187.99499934279
38254.119999308146
38278.479999295385
38330.86999926794
38352.09499925682
38490.1449991845
38557.05499914945
38655.14999909806
38788.434999028235
38800.12499902211
38829.27499900684
38870.27999898536
38910.32499896438
38918.64999896002
38930.264998953935
39132.27499884811
39155.65999883586
39206.10499880943
39257.67999878241
39271.59999877512
39287.44999876682
39304.33999875797
39314.10999875285
39337.89499874039
39371.899998722576
39395.324998710304
39406.259998704576
39417.45999869871
39427.069998693674
39441.269998686235
39455.49499867878
39585.504998610675
39647.64499857812
39757.759998520436
39768.09999851502
39793.989998501456
39871.719998460736
39952.75999841828
39990.129998398705
39999.959998393555
40038.59999837331
40051.12499836675
40092.15499834526
40120.484998330416
40134.67999832298
40241.19499826718
40263.33499825558
40285.834998243794
40299.7549982365
40323.96499822382
40359.859998205015
40434.67999816582
40450.549998157505
40461.164998151944
40537.90999811174
40552.8799981039
40576.459998091545
40585.47999808682
40593.85999808243
40609.959998073995
40623.27499806702
40638.709998058934
40679.98499803731
40721.094998015775
40730.43999801088
40741.12999800528
40752.324997999414
40841.924997952476
40859.65499794319
40885.23499792979
40949.37999789618
40965.1949978879
41004.64499786723
41023.709997857244
41033.62499785205
41042.569997847364
41054.31999784121
41074.654997830556
41090.83499782208
41101.74999781636
41112.9349978105
41131.674997800685
41148.03999779211
41159.8949977859
41182.659997773975
41259.82999773355
41337.449997692886
41402.504997658805
41426.174997646405
41529.30499759238
41538.57499758752
41565.45999757344
41606.27499755206
41618.44499754568
41775.33999746349
41849.91999742442
41864.184997416945
41890.07999740338
41901.16999739757
41911.30499739226
41923.81499738571
41970.05499736148
41983.51499735443
42083.9849973018
42129.634997277884
42143.65499727054
42151.679997266336
42162.01999726092
42295.78499719084
42352.29999716124
42378.35499714759
42504.43499708154
42521.36499707267
42545.31999706012
42558.83999705304
42583.294997040226
42704.40499697678
42717.11499697012
42728.849996963974
42739.56499695836
42749.64999695308
42772.24499694124
42800.59999692639
42818.564996916975
42833.29499690926
42912.41999686781
42947.73499684931
42973.07999683603
43015.33999681389
43168.96499673341
43185.47999672476
43196.58999671894
43274.49499667813
43286.599996671786
43313.73499665757
43410.334996606965
43495.63999656228
43667.88999647204
43699.32499645557
43767.55499641983
43810.399996397384
43831.46499638635
43902.01499634939
43951.09499632368
43978.27499630944
43992.56499630195
44006.209996294805
44101.86999624469
44134.23499622774
44152.924996217946
44187.05999620006
44222.35999618157
44272.019996155555
44286.46499614799
44313.33499613391
44325.374996127604
44339.18999612037
44402.09499608741
44494.269996039126
44598.5399959845
44690.12499593652
44704.54499592897
44817.4949958698
44833.78999586126
44843.29499585628
44865.89499584444
44877.82499583819
44914.66999581889
44932.759995809414
44993.76999577745
45005.99499577105
45022.10499576261
45060.07499574272
45115.35499571376
45187.764995675825
45209.28999566455
45226.72999565541
45283.874995625476
45305.93499561392
45334.2249955991
45342.519995594754
45350.114995590775
45360.26499558546
45376.744995576824
45484.95499552014
45499.769995512375
45586.64999546686
45595.919995462005
45607.699995455834
45689.894995412775
45712.494995400935
45727.784995392925
45777.664995366795
45786.83499536199
45795.63499535738
45808.40499535069
45823.20499534294
45847.10499533042
45856.4949953255
45870.44499531819
45891.69499530706
45976.99499526237
46104.064995195804
46135.85499517915
46180.284995155875
46200.174995145455
46223.994995132976
46525.18499497519
46557.19499495842
46582.01499494542
46597.86499493712
46640.20499491494
46651.06499490925
46668.75999489998
46688.85499488945
46725.10999487046
46750.714994857044
46764.51999484981
46786.544994838274
46796.93999483283
46812.77999482453
46839.5599948105
46859.73499479993
46968.85499474277
47056.13999469704
47070.13499468971
47103.69499467213
47146.16499464988
47321.10999455823
47340.50499454807
47436.93999449755
47447.51499449201
47464.534994483096
47495.87499446668
47507.26999446071
47530.64999444846
47568.82999442846
47584.239994420386
47595.88999441428
47610.61499440657
47629.53499439666
47710.549994354216
47720.229994349145
47766.079994325126
47784.13499431567
47814.0399943
47826.324994293565
47902.834994253484
47932.48499423795
47944.809994231495
47965.56999422062
48012.099994196244
48046.24999417835
48073.0699941643
48196.67499409955
48211.86499409159
48306.9149940418
48455.66999396387
48610.38999388282
48622.90499387626
48685.71499384336
48875.9449937437
48893.26499373463
48972.70499369301
48985.65499368623
49054.454993650186
49089.49999363183
49120.504993615585
49135.29499360784
49147.094993601655
49164.389993592595
49182.179993583275
49195.90999357608
49238.394993553826
49249.81999354784
49273.404993535485
49291.77999352586
49305.14499351886
49390.33499347423
49402.85499346767
49417.49999346
49441.539993447404
49458.354993438596
49473.27499343078
49614.58999335675
49671.04999332717
49718.06999330254
49730.18499329619
49817.53499325043
49969.3549931709
49981.7599931644
50101.57499310163
50112.79999309575
50128.39499308758
50219.29499303996
50228.68999303504
50271.61999301255
50298.604992998415
50308.05999299346
50335.60499297903
50348.17499297245
50359.23999296665
50380.88999295531
50391.36999294982
50492.429992896876
50539.79999287206
50618.779992830685
50655.43499281148
50674.04999280173
50690.17999279328
50704.80999278562
50732.77499277097
50764.24999275448
50906.26499268008
50931.264992666984
50943.69499266047
50957.93999265301
50985.21999263872
50996.61499263275
51041.59999260918
51052.359992603546
51071.124992593715
51131.864992561896
51147.06999255393
51170.2249925418
51184.80999253416
51203.49499252437
51225.17999251301
51254.67499249756
51385.229992429166
51395.44999242381
51463.27499238828
51476.35499238143
51486.41499237616
51504.79999236653
51537.28499234951
51546.0799923449
51553.92999234079
51562.31999233639
51573.179992330704
51583.79499232514
51745.5549922404
51768.21999222853
51834.96999219356
52010.76499210147
52133.70499203706
52157.69999202449
52172.679992016645
52184.6049920104
52255.164991973434
52339.2199919294
52349.744991923886
52365.19999191579
52443.92499187455
52463.14499186448
52494.84999184787
52676.58999175266
52697.179991741876
52715.62499173221
52762.789991707505
52803.61499168612
52814.784991680266
52827.81999167344
52854.95999165922
52982.65999159232
52994.3399915862
53089.53999153633
53132.06999151405
53144.43999150757
53156.76999150111
53176.31999149087
53221.70499146709
53238.2999914584
53254.69499144981
53265.224991444295
53285.08999143389
53297.17499142756
53324.10999141345
53356.12999139667
53368.43999139022
53390.08999137888
53405.05499137104
53450.04499134747
53544.0999912982
53641.80999124701
53652.019991241665
53701.61999121568
53720.80999120563
53741.03499119503
53755.004991187714
53815.23999115616
53827.48999114974
53932.51999109472
53946.18999108756
53984.22999106763
53996.114991061404
54020.80999104847
54096.9099910086
54197.09499095612
54320.829990891296
54329.44499088678
54344.51499087889
54485.99499080477
54510.304990792036
54518.894990787536
54584.10999075337
54599.869990745116
54624.034990732456
54633.64499072742
54645.814990721046
54668.79499070901
54691.11999069731
54754.014990664364
54843.90499061727
54861.17999060822
54894.99499059051
54927.57499057344
54940.354990566746
55035.359990516976
55118.914990473204
55141.609990461315
55186.09999043801
55199.77999043084
55322.55499036652
55377.5749903377
55394.33499032892
55412.63499031933
55426.68499031197
55516.739990264796
55589.97999022643
55601.11999022059
55618.904990211275
55631.60999020462
55682.449990177985
55710.69499016319
55741.35499014713
55752.56999014125
55763.58999013548
55782.01499012583
55798.42999011723
55812.0299901101
55828.46499010149
55838.7599900961
55857.87999008608
55878.36499007535
56029.55498999615
56053.879989983405
56070.13998997489
56096.31998996117
56245.759989882885
56273.38498986841
56299.00498985499
56310.739989848844
56369.64998981798
56385.604989809624
56398.10998980307
56475.854989762345
56563.11498971663
56585.90998970469
56613.334989690324
56656.82998966754
56736.21498962595
56765.52998961059
56782.00498960196
56799.124989592994
56811.40998958656
56921.274989529
56932.37498952319
56947.93498951504
56961.34998950801
56975.66998950051
57002.91998948623
57028.284989472944
57061.30998945564
57249.72498935694
57281.07998934051
57366.44998929579
57394.539989281075
57464.10498924463
57635.87498915465
57645.099989149814
57658.27498914291
57669.589989136985
57696.45998912291
57707.60998911707
57729.029989105846
57748.85998909546
57761.80998908867
57800.384989068465
57835.89998904986
57898.979989016814
57913.964989008964
57960.844988984405
57978.67998897506
57992.28998896793
58052.84498893621
58185.81498886655
58200.24498885899
58211.98998885284
58223.889988846604
58242.69998883675
58315.29998879872
58325.52998879336
58340.10498878572
58420.43998874364
58449.154988728595
58523.904988689435
58536.389988682895
58548.74998867642
58622.919988637565
58640.20498862851
58657.584988619405
58985.78498844747
59089.639988393064
59098.74998838829
59112.99998838083
59123.3549883754
59149.16498836188
59162.41498835494
59178.64498834644
59192.03498833942
59207.38998833138
59347.909988257765
59363.91498824938
59382.62498823958
59401.07998822991
59413.10498822361
59478.4099881894
59490.66998818298
59504.80998817557
59534.329988160105
59561.89998814566
59612.404988119204
59626.04498811206
59797.104988022445
59826.73998800692
59882.44498797774
59943.10498794596
59965.85998793404
60177.584987823124
60193.37498781485
60223.224987799214
60237.20498779189
60252.14998778406
60381.01998771655
60481.334987664
60501.39998765349
60515.03998764634
60525.45998764088
60571.404987616814
60583.159987610656
60676.11498756196
60714.38998754191
60724.00498753687
60782.789987506076
60801.27998749639
60813.45498749001
60823.07498748497
60842.94998747456
60855.06498746821
60869.38998746071
60943.13998742207
60959.779987413356
61026.859987378215
61043.524987369485
61116.63998733118
61127.26998732561
61139.09498731942
61150.99998731318
61221.70498727614
61233.74998726983
61246.324987263244
61293.37998723859
61313.11998722825
61541.779987108464
61554.74998710167
61776.304986985604
61788.24998697935
61803.4249869714
61814.45498696562
61832.03498695641
61848.399986947836
61858.98998694229
62030.05498685267
62039.04998684796
62051.159986841616
62065.73998683398
62101.89498681504
62126.33998680223
62206.504986760236
62281.64498672087
62308.43498670684
62328.5549866963
62380.23998666922
62399.57498665909
62590.169986559245
62605.1399865514
62636.78998653482
62648.19498652885
62665.83498651961
62675.804986514384
62723.70998648929
62742.75498647931
62755.209986472786
62776.054986461866
63098.68498629285
63262.92498620681
63276.92998619947
63304.09998618524
63374.754986148226
63388.41498614107
63454.79998610629
63529.069986067385
63640.42498600905
63651.19498600341
63660.629985998465
63671.8299859926
63800.72498592507
63814.81498591769
63833.77498590776
63846.30998590119
63963.374985839866
63981.279985830486
63991.71498582502
64066.40998578589
64123.0849857562
64207.634985711906
64220.234985705305
64401.10998561055
64414.91498560332
64443.169985588516
64498.85998555934
64556.484985529154
64566.96998552366
64576.87998551847
64595.85498550853
64674.72498546721
64707.149985450225
64892.824985352956
64924.67998533627
64952.51998532168
65037.48498527717
65094.09498524752
65124.389985231646
65243.969985169
65262.23498515943
65275.69998515238
65285.464985147264
65295.68498514191
65449.204985061486
65498.224985035806
65547.1499850264
65567.14498504502
65577.5449850547
65602.65998507809
65617.44498509186
65634.36498510762
65793.34998525569
65808.34498526965
65829.88998528972
65838.8899852981
65855.72498531378
65879.86498533626
65940.59998539282
65951.50498540298
65961.50498541229
65976.8699854266
65992.88998544152
66006.84998545452
66016.83998546383
66025.63498547202
66045.55498549057
66066.29498550989
66076.74498551962
66095.11498553673
66107.56998554833
66125.98498556548
66137.4999855762
66148.8749855868
66159.52998559672
66169.26998560579
66184.53998562001
66198.97998563346
66213.66998564714
66262.53998569265
66271.35998570087
66444.13998586178
66458.45998587512
66528.50498594035
66570.42498597939
66587.36998599517
66632.22998603695
66657.4099860604
66670.32998607244
66692.87498609343
66708.42998610792
66726.2349861245
66738.60498613602
66748.87998614559
66768.24498616363
66805.45498619828
66816.23998620833
66825.52498621697
66844.54998623469
67026.1249864038
67039.00498641579
67187.31498655392
67201.42498656706
67224.89998658892
67242.18998660502
67257.14998661896
67340.40498669649
67353.97498670913
67366.11998672044
67376.26498672989
67386.35998673929
67416.66498676752
67559.22998690029
67569.24998690962
67597.08998693555
67815.33998713881
67832.74498715502
67946.23498726072
67957.90498727158
67968.25998728123
68028.06998733693
68118.5599874212
68133.43998743506
68160.59998746036
68180.20498747862
68194.39998749184
68223.01498751849
68246.95998754079
68256.48498754966
68283.10998757445
68300.6599875908
68310.09498759959
68318.76498760766
68495.01998777181
68517.47998779273
68573.62498784502
68602.96998787235
68613.74498788238
68622.70998789073
68639.22998790612
68673.45498793799
68687.7399879513
68699.82998796256
68738.68498799874
68764.15498802246
68776.26498803374
68790.22498804674
68809.59498806478
68825.19998807932
68836.75498809008
68860.38998811209
68981.46498822485
69019.98498826072
69051.56998829014
69064.04498830176
69073.80498831085
69124.88998835842
69266.03998848988
69280.11498850299
69289.87998851208
69312.29998853296
69323.91998854378
69339.20998855802
69350.17998856824
69362.53998857975
69374.69498859107
69388.52498860395
69397.52998861234
69408.51498862257
69424.17498863715
69530.57498873625
69614.26498881419
69758.3799889484
69775.61498896446
69786.92498897499
69841.23498902557
69855.5399890389
69880.59498906223
69923.68998910236
69937.249989115
70008.91498918174
70021.06498919305
70034.28998920537
70056.19998922577
70068.43998923717
70084.99498925259
70098.00998926471
70121.71498928679
70135.83998929994
70164.39498932654
70274.45498942904
70358.65498950746
70374.32498952205
70384.60498953162
70551.25998968683
70575.43998970935
70631.88498976192
70787.64498990698
70870.19498998387
70879.79998999281
70988.2399900938
71012.88499011676
71048.58999015001
71063.23499016365
71073.9199901736
71193.06999028457
71226.56999031577
71239.82499032811
71252.11499033956
71280.76499036624
71292.25999037694
71324.14499040664
71352.0149904326
71362.14499044203
71380.13999045879
71391.49499046936
71403.26499048033
71412.2549904887
71429.78999050503
71443.33499051764
71459.59499053279
71518.42499058758
71536.24499060417
71582.53499064728
71599.24999066285
71615.54999067803
71697.64499075449
71723.81499077886
71733.42499078781
71743.94999079761
71780.67499083182
71795.62999084574
71861.23499090684
72041.9999910752
72123.15999115078
72152.9299911785
72164.47999118926
72177.60999120149
72201.28999122354
72271.3599912888
72285.97499130241
72483.81499148667
72572.70499156945
72590.13999158569
72700.36999168835
72810.51499179093
72825.80499180517
72842.89999182109
72855.19499183254
72924.89999189746
72939.46999191103
72959.77999192994
72998.8099919663
73051.19999201508
73070.61499203317
73132.65499209095
73147.18499210448
73165.6849921217
73182.62999213749
73251.23999220139
73263.3899922127
73294.00999224122
73381.1749923224
73392.06499233254
73401.93499234173
73421.47999235993
73436.91999237431
73447.03499238373
73462.25499239791
73512.11999244435
73522.8049924543
73652.13999257475
73681.54499260214
73700.5049926198
73719.27499263728
73788.73999270197
73799.88999271236
73877.01499278418
73938.64499284158
73949.15999285138
73968.45499286935
74083.33499297634
74100.74499299255
74109.7099930009
74119.50499301002
74129.4699930193
74242.34999312443
74258.00499313901
74269.73999314994
74289.26499316812
74319.45999319624
74330.75999320677
74348.88999322365
74377.55499325035
74393.89499326557
74416.82999328693
74471.93499333825
74669.81999352254
74695.004993546
74789.18999363371
74810.91499365395
74829.19499367097
74845.53499368619
74890.32999372791
74918.11999375379
74928.40999376337
74942.14999377617
74958.33499379124
75059.38499388535
75104.81999392767
75161.53999398049
75180.42999399808
75242.42999405583
75258.90999407117
75270.83499408228
75310.97499411966
75351.1699941571
75431.10999423155
75444.33499424387
75653.47999443865
75665.83499445015
75684.98499446799
75726.41499450657
75743.97499452293
75809.60999458405
75829.81499460287
75857.34999462852
75874.9449946449
75919.44999468635
75931.959994698
76101.94499485631
76187.64999493613
76261.63499500504
76313.03999505291
76333.57499507203
76346.07499508368
76360.30499509693
76380.84999511606
76410.83499514399
76441.0199951721
76474.07499520289
76483.0099952112
76506.95999523351
76582.44999530382
76593.6999953143
76665.74499538139
76677.95999539277
76699.7849954131
76731.69499544281
76767.90499547654
76777.28999548528
76796.38499550306
76882.60499558336
76893.18999559322
76923.60499562154
76937.02499563404
76982.31999567623
76991.98499568523
77005.39499569772
77018.19999570964
77027.40999571822
77084.38999577129
77097.97499578394
77107.04499579238
77120.74999580515
77143.7799958266
77158.45499584026
77186.96999586682
77197.77499587688
77302.87999597477
77344.98999601399
77358.05499602616
77389.06999605504
77482.57999614213
77517.6599961748
77528.7149961851
77539.8849961955
77633.01499628223
77882.74499651481
77890.9949965225
77902.38999653311
77988.87499661365
78094.20999671175
78113.95999673015
78125.47499674087
78181.80499679333
78229.91999683814
78243.27999685059
78271.29499687668
78285.32499688974
78365.31999696424
78379.48999697744
78393.59999699058
78485.89499707654
78497.53999708738
78728.99499730294
78818.22999738605
78836.26999740285
78858.70999742375
78875.9499974398
78887.56499745062
78902.64999746467
78922.82999748347
78989.47999754554
78999.93499755528
79014.60999756894
79032.0599975852
79051.94499760371
79067.75999761844
79095.89999764465
79272.57499780919
79314.1299978479
79355.10499788605
79368.15499789821
79391.02999791951
79457.55999798147
79517.2949980371
79571.67499808775
79594.51499810902
79643.3449981545
79763.48499826639
79773.66999827587
79804.47999830457
79819.70999831875
79863.94499835995
79875.47499837069
79909.49499840237
79920.93999841303
79939.27999843011
79960.06499844947
79970.02499845874
80064.20999854646
80120.26499859866
80157.81999863364
80172.86499864765
80294.47499876091
80326.80499879102
80362.06999882386
80390.17499885004
80401.81999886088
80433.64999889053
80497.66499895015
80600.33999904577
80610.83499905554
80736.3049991724
80756.74499919143
80767.94499920186
80965.17999938555
81180.31499958591
81190.83999959572
81217.25999962032
81236.9949996387
81249.99499965081
81390.38499978156
81422.80999981175
81519.5999999019
81529.81999991141
81590.7949999682
81602.54499997915
81615.71499999141
81623.63499999879
81768.09000013332
81809.5150001719
81822.19500018371
81833.8850001946
81886.91500024399
81898.62500025489
81916.65500027168
82006.20000035508
82036.05000038288
82068.62000041321
82079.4500004233
82168.50000050623
82194.31500053027
82212.58000054728
82230.58000056405
82268.23500059912
82279.55500060966
82349.05000067438
82366.90500069101
82379.46500070271
82442.97500076186
82454.46500077256
82574.75500088459
82586.34000089538
82603.38000091125
82710.41000101093
82783.7150010792
82798.85000109329
82965.73000124871
82979.94000126194
82991.05000127229
83009.06000128906
83141.35000141227
83220.93000148638
83245.31000150909
83297.0800015573
83369.28500162455
83540.69500178419
83557.83500180015
83628.38000186585
83671.68000190618
83684.0450019177
83702.74500193511
83850.2600020725
83873.19000209385
83884.2000021041
83911.87000212987
84015.39500222629
84025.43500223564
84035.0600022446
84051.2700022597
84069.94500227709
84082.4100022887
84177.07500237686
84194.76000239333
84265.1600024589
84350.7350025386
84361.52000254864
84379.88000256574
84398.11500258272
84538.3250027133
84557.17500273086
84570.35500274313
84589.04500276054
84644.0900028118
84665.98000283219
84686.02500285086
84773.92000293272
84804.38500296109
84819.61000297527
84934.7500030825
85063.01000320195
85155.7300032883
85172.2550033037
85200.59500333009
85290.96500341425
85318.0650034395
85351.04500347021
85392.9200035092
85448.27000356076
85636.13500373572
85660.82000375871
85676.39500377321
85689.78500378568
85746.78000383876
85757.00000384828
85774.21000386431
85821.4400039083
85901.1100039825
85919.32000399946
85931.58500401088
86103.85000417131
86127.81000419363
86149.01000421337
86269.74500432581
86428.15500447334
86452.30000449583
86495.87500453641
86512.0700045515
86596.96000463056
86607.94500464079
86631.35500466259
86658.62500468799
86671.89000470034
86701.53500472795
86824.06500484206
86861.00000487646
86871.36500488612
86945.5500049552
86963.9000049723
86972.48500498029
87013.82000501879
87026.7250050308
87130.45500512741
87190.60000518343
87205.84000519762
87219.40000521025
87237.03500522667
87249.07000523788
87264.25500525202
87284.72500527109
87437.3100054132
87445.89500542119
87456.93500543147
87614.03000557778
87624.51000558754
87700.02500565787
87877.88500582351
87892.83000583743
87918.26000586111
87985.785005924
88021.13000595692
88070.56500600296
88102.27500603249
88122.0400060509
88141.89000606938
88153.8250060805
88484.23500638822
88500.04000640294
88569.95000646805
88593.22000648972
88613.40000650851
88673.64500656462
88766.86000665143
88786.87500667007
88805.9100066878
88821.13000670198
88836.27500671608
88927.6700068012
88948.84000682092
88964.63000683562
88974.47500684479
89083.34500694618
89146.45000700495
89354.62000719883
89362.7450072064
89374.92500721774
89439.99500727834
89554.8450073853
89601.00500742829
89626.53500745207
89729.05500754755
89843.94000765454
89988.05500778876
90004.57000780414
90026.12500782422
90083.48000787763
90095.37500788871
90126.5100079177
90143.95000793395
90156.94000794605
90194.85000798135
90254.64500803704
90301.04500808025
90374.02000814822
90389.05500816222
90519.75500828394
90543.31000830588
90581.53000834148
90593.84000835294
90608.31000836642
90617.86000837531
90636.66000839282
90651.63500840677
90714.34000846517
90723.830008474
90748.56500849704
90767.72500851488
90781.11500852735
90807.4650085519
90861.11000860186
90886.63000862562
90896.88000863517
90906.1500086438
90918.86500865564
91041.5450087699
91093.6250088184
91106.26500883017
91151.79500887258
91163.70000888366
91174.99000889418
91196.11500891385
91207.71500892466
91219.49000893562
91229.57500894502
91246.36000896065
91291.0850090023
91306.13500901632
91342.16500904987
91353.3650090603
91381.23500908626
91399.82500910357
91419.81500912219
91473.300009172
91485.26500918315
91498.92500919587
91556.10500924912
91621.96000931045
91633.99500932166
91771.46000944969
91781.85000945936
91835.82000950963
91865.94000953768
91948.36000961444
91966.33000963117
92087.38500974391
92115.11500976974
92125.22000977915
92136.21000978939
92194.77000984392
92277.535009921
92289.9900099326
92367.47001000476
92420.7700100544
92458.42001008947
92468.40001009876
92623.08001024282
92793.3600104014
92809.93501041684
92820.24501042644
92829.03001043462
92843.57501044817
92965.88501056208
93143.81001072779
93167.97501075029
93248.68001082545
93285.0150108593
93299.23001087253
93427.00501099153
93438.62501100235
93611.55501116341
93632.85501118324
93666.47501121456
93675.39501122286
93799.83001133875
93809.4400113477
93825.51501136267
93844.28001138015
93894.09001142654
94099.16001161753
94114.47501163179
94136.63001165242
94155.50501167
94185.62501169805
94221.2150117312
94275.39501178166
94288.42501179379
94305.85001181002
94355.49501185626
94368.60001186846
94398.90501189668
94414.89501191158
94435.28501193057
94694.9450121724
94735.77501221042
94879.38001234416
94897.5700123611
94923.9800123857
94978.70001243666
94989.1500124464
95005.6950124618
95033.38501248759
95047.99001250119
95144.15001259075
95248.4600126879
95290.86501272739
95345.24001277803
95408.33501283679
95423.42501285084
95479.17001290276
95490.32501291315
95555.80001297413
95704.56501311267
95730.63001313695
95824.47001322435
95844.8200132433
95898.14001329296
95907.94001330208
95959.37501334999
95973.11001336278
95984.16501337307
95998.40501338633
96010.21001339733
96026.76001341274
96038.05001342326
96055.93501343991
96066.24001344951
96075.59001345822
96106.52501348703
96118.74501349841
96129.34501350828
96246.47501361737
96491.83501384588
96501.7350138551
96522.16501387412
96606.37501395255
96656.09001399885
96726.27501406422
96739.02001407609
96753.11001408921
96764.53001409984
96794.61001412786
96937.43001426087
96948.42501427111
96962.0450142838
96979.28501429985
96989.66001430951
97011.32001432969
97021.8650143395
97030.62501434766
97043.1150143593
97092.23501440504
97120.88001443172
97131.43501444155
97218.71501452284
97258.1850145596
97280.23001458013
97391.11001468339
97413.05501470383
97527.00001480995
97612.4100148895
97682.76001495501
97692.93501496449
97707.1150149777
97719.08501498884
97738.82501500723
97837.53001509915
97860.38501512044
97876.81001513574
97965.56001521839
97994.28501524514
98027.93501527648
98198.54501543537
98210.39501544641
98223.20501545834
98260.0900154927
98272.7650155045
98293.10001552344
98358.4450155843
98369.48501559458
98387.84001561167
98496.07501571247
98515.90001573093
98571.10501578235
98596.03501580557
98619.20001582714
98635.85501584265
98660.6050158657
98671.7650158761
98684.19501588767
98706.08501590806
98744.37501594372
98807.90001600288
98836.79001602979
98846.20001603855
98856.65001604828
98867.04001605796
98875.37501606572
98884.60501607432
98933.34501611971
99166.1200163365
99184.45501635358
99220.14001638681
99249.64501641429
99281.45501644391
99291.95001645369
99402.85501655698
99419.22001657222
99431.92501658405
99445.81501659699
99488.09501663636
99500.26001664769
99566.79501670966
99575.81501671806
99591.4250167326
99623.78001676273
99656.11001679284
99722.850016855
99731.90001686342
99740.75501687167
99817.5550169432
99851.87001697515
99899.52501701954
99910.09001702938
100115.3100172205
100198.0950172976
100234.53501733154
100248.59501734463
100282.30501737603
100317.78001740907
100368.80001745658
100378.00501746516
100393.36001747946
100439.55001752247
100455.55001753737
100663.72001773125
100679.8800177463
100692.64001775818
100708.14501777262
100735.01501779765
100744.96501780691
100873.49501792662
100884.99001793732
100949.05501799699
100962.7050180097
100973.50501801976
100981.72501802741
100993.14501803805
101008.41501805227
101072.92001811235
101085.13501812372
101102.25501813967
101115.02001815155
101130.1050181656
101154.81001818861
101211.08501824102
101223.63501825271
101239.16001826717
101327.51001834945
101337.59501835884
101352.10501837236
101380.12001839845
101398.17001841526
101426.04501844122
101446.40001846018
101566.45501857199
101631.03501863213
101645.2800186454
101836.00501882302
101863.27001884842
101896.12001887901
101944.28001892386
101955.78001893457
101966.51501894457
102004.74001898017
102046.14001901873
102065.58001903683
102106.91501907533
102135.37501910183
102155.8450191209
102187.22501915012
102212.42501917359
102337.44501929003
102369.18001931958
102378.61001932836
102577.97501951404
102608.71001954266
102626.66501955938
102659.6500195901
102681.30501961027
102739.09501966409
102775.17001969769
102788.51501971012
102858.54501977534
102883.54501979862
102898.2350198123
102911.99501982512
102924.6500198369
102935.1650198467
102944.85001985572
102961.87501987157
103093.89501999452
103149.10002004594
103178.84502007364
103196.08002008969
103209.35502010206
103283.62502017122
103294.68002018152
103310.21502019599
103344.59502022801
103373.1550202546
103383.79502026452
103400.79502028035
103412.94002029166
103426.14502030396
103464.00502033922
103472.7950203474
103483.24002035713
103685.14002054516
103708.29502056673
103731.04502058792
103778.53002063214
103790.31502064312
103821.95502067258
103848.35002069717
103873.80002072087
103885.13002073142
103894.7700207404
103909.07502075372
103931.66002077475
103944.43002078665
103958.80002080003
103975.75502081582
103996.70002083533
104014.52502085193
104051.5450208864
104075.75502090895
104112.00002094271
104228.74502105144
104241.74002106354
104251.53002107266
104271.40002109116
104294.16002111236
104304.4050211219
104655.10502144851
104666.95002145955
104751.67502153845
104786.71002157108
104796.74502158043
104840.7400216214
104891.4150216686
104922.2400216973
104996.3200217663
105005.31002177467
105019.60002178798
105028.48002179625
105044.34502181102
105131.8350218925
105155.73002191476
105237.34502199077
105259.13002201106
105374.84502211882
105434.2000221741
105468.07002220565
105477.52002221445
105557.2400222887
105565.96502229682
105588.30502231763
105600.23002232873
105656.91002238152
105706.75502242794
105720.28002244054
105749.2250224675
105766.16002248327
105786.32502250205
105855.45002256642
105964.97502266843
105980.49002268288
106008.09002270858
106022.16002272168
106087.60002278263
106098.60002279287
106113.60502280685
106126.16002281854
106175.87002286484
106205.1500228921
106230.64502291585
106270.79002295324
106465.37502313446
106669.08502332418
106681.86502333608
106692.20002334571
106762.92002341157
106773.41002342134
106838.90002348233
106886.20502352639
106955.96502359136
106966.15002360084
106977.23002361116
107094.6250237205
107143.88002376637
107153.93502377573
107171.8350237924
107194.1650238132
107283.9350238968
107314.77002392552
107340.81502394978
107352.74002396088
107367.21502397436
107477.3150240769
107557.6350241517
107643.60502423177
107659.68502424675
107672.60002425878
107689.89502427488
107705.09502428904
107717.26002430037
107729.05502431135
107766.31002434605
107783.93002436246
107809.61002438638
107844.15502441855
107862.86502443597
108018.38502458081
108087.8400246455
108099.93002465676
108109.47002466564
108186.70502473757
108219.73002476833
108290.21002483397
108352.92502489238
108375.40002491331
108466.68002499832
108508.14502503694
108582.0800251058
108592.11502511514
108611.73502513341
108626.78002514743
108693.24002520932
108730.3750252439
108744.06002525665
108788.44502529799
108801.14002530981
108813.85502532165
108827.94002533477
108864.04002536839
108876.95002538041
108889.0600253917
108904.39502540597
108927.75002542773
108944.37502544321
108989.3500254851
109044.69002553663
109060.15502555104
109172.65502565581
109222.4700257022
109254.52502573206
109501.58002596215
109553.48502601049
109591.38502604578
109668.930026118
109682.36502613052
109731.87002617662
109742.61002618662
109879.33002631395
110032.74502645683
110202.71502661513
110219.9650266312
110229.98502664053
110258.06002666667
110271.01502667874
110293.47002669965
110496.81502688903
110509.43002690078
110530.91002692078
110609.18002699368
110653.42002703488
110680.40002706001
110792.9200271648
110802.48502717371
110861.58002722875
110950.5500273116
111014.18002737086
111057.09002741083
111079.0750274313
111096.00002744707
111106.31502745667
111136.13502748444
111151.37502749864
111162.85502750933
111177.28502752277
111458.63002778479
111468.55002779403
111482.63002780714
111506.100027829
111685.37502799596
111738.19002804515
111789.33002809278
111804.09502810653
112019.65502830729
112129.87002840993
112145.13002842414
112195.83002847136
112248.2750285202
112272.29002854257
112692.0450289335
112706.57502894703
112731.62002897036
112898.29502912558
112915.45502914157
112969.74502919213
112985.0700292064
113025.7700292443
113039.98502925754
113095.6600293094
113147.78002935793
113157.99002936744
113199.19002940581
113216.71002942213
113238.83502944274
113290.53502949089
113369.8950295648
113388.70002958231
113434.31002962479
113444.22502963402
113457.4150296463
113498.38002968446
113510.90002969612
113545.94002972875
113569.70002975088
113583.63002976385
113599.24002977839
113620.8350297985
113758.52502992674
113776.5300299435
113790.93002995691
113801.66502996691
113825.45502998907
113836.27002999914
113846.5350300087
113882.8250300425
113954.20503010898
114147.11503028864
114206.90503034432
114250.53003038495
114266.85503040015
114278.68503041117
114336.98003046546
114353.73003048106
114376.38503050216
114443.61003056477
114458.49003057863
114469.7300305891
114485.07003060338
114549.06503066298
114560.93003067403
114573.0300306853
114583.1250306947
114593.07503070397
114608.71003071853
114621.4600307304
114638.81003074656
114756.48003085615
114845.90503093944
114890.20003098069
115062.94503114157
115088.41503116529
115098.36003117455
115113.78003118892
115176.20503124705
115196.29003126576
115269.73003133415
115287.64503135084
115296.46003135905
115313.35503137478
115352.62503141136
115360.84003141901
115370.83503142832
115383.08003143972
115395.16503145098
115411.21503146592
115438.30003149115
115448.62503150076
115463.60503151471
115496.16003154503
115512.7600315605
115544.59503159014
115554.47503159934
115563.19003160746
115651.13003168936
115803.61503183137
115835.45003186102
115883.11503190541
115942.12003196037
115963.19003197999
116007.80503202154
116022.73503203545
116044.84503205604
116128.64003213408
116140.87003214547
116150.19003215415
116164.64503216761
116196.03503219684
116215.65503221512
116238.9350322368
116248.91003224609
116261.12503225746
116275.61003227095
116292.0950322863
116352.27003234235
116371.47503236023
116415.7900324015
116431.22003241588
116440.46503242449
116449.69003243308
116465.31503244763
116488.83503246953
116501.82503248163
116539.50503251672
116555.61503253173
116729.0000326932
116889.50503284269
116900.94503285334
116922.94003287383
116936.79003288673
116950.8250328998
116970.375032918
117104.52503304294
117115.17003305285
117126.58003306348
117179.40503311268
117195.46003312763
117208.35503313964
117413.87503333105
117426.19503334252
117439.35503335478
117538.85503344744
117553.44003346103
117565.14003347192
117576.75003348273
117600.83503350517
117611.51503351511
117626.3150335289
117718.03503361432
117731.31503362668
117784.00003367575
117794.52503368555
117911.17003379419
117932.04503381363
117958.61503383837
118010.41503388662
118080.39003395179
118160.14503402606
118185.70003404986
118219.28503408114
118349.97503420286
118362.33503421437
118406.9350342559
118427.19503427477
118436.07503428304
118461.53003430675
118475.9700343202
118511.95003435371
118523.2150343642
118641.50503447436
118715.65503454342
118919.33503473311
118962.57003477338
118979.89003478951
118996.1950348047
119010.54503481806
119024.57003483112
119052.70003485732
119071.35003487469
119091.72003489366
119141.60003494011
119151.82503494964
119165.94503496279
119185.25503498077
119262.73003505293
119275.77003506507
119360.56503514404
119381.84003516386
119563.90503533342
119649.05503541272
119662.30503542506
119679.03003544064
119690.25003545108
119703.73003546364
119719.65503547847
119794.33003554802
120041.51003577822
120102.71503583522
120157.70503588644
120182.3650359094
120195.94003592205
120281.51503600174
120339.69003605592
120349.78003606532
120395.96003610833
120412.23003612348
120431.95003614185
120450.64503615926
120496.78503620223
120618.21503631532
120636.6600363325
120648.8000363438
120665.92503635975
120690.61003638274
120703.74003639497
120715.44003640587
120723.87503641372
120819.3100365026
120841.56503652333
120855.63003653643
120868.98003654886
120879.6550365588
120907.61003658484
120951.94003662613
120981.27503665345
121000.85003667168
121017.89003668755
121034.88503670337
121043.94503671181
121063.03003672959
121075.74003674142
121088.94003675372
121143.19503680425
121166.90503682633
121180.87503683934
121220.69003687642
121386.58003703092
121402.97503704618
121456.75503709627
121482.90003712062
121545.16503717861
121562.03003719432
121572.62503720418
121633.40003726078
121647.65003727406
121663.98503728927
121676.28003730072
121687.50503731117
121710.84503733291
121724.64003734576
121905.24003751396
122084.78003768116
122249.47503783455
122258.9750378434
122268.94003785268
122288.01503787044
122423.5800379967
122436.4750380087
122502.55503807025
122546.46503811114
122559.04503812286
122570.71003813372
122624.70503818401
122636.11003819463
122647.50503820524
122677.69503823336
122688.75503824366
122700.0700382542
122842.665038387
122859.33003840252
122875.38503841747
122885.33503842674
123142.71503866644
123153.81503867678
123255.63503877161
123274.16503878887
123285.91503879981
123331.6500388424
123339.80503885
123349.465038859
123385.60503889265
123416.11503892107
123426.59003893082
123477.0350389778
123491.54503899132
123512.2550390106
123529.1100390263
123619.5100391105
123645.78503913496
123695.70503918146
123722.07503920601
123745.21503922757
123772.48503925296
123790.5600392698
123807.4250392855
123822.09003929916
123836.12003931223
123882.35003935528
123898.92003937071
123913.25003938406
123923.57503939368
123936.51003940572
123960.57503942813
124019.51503948303
124032.4750394951
124041.5000395035
124053.76503951492
124210.41003966081
124218.63503966847
124229.6200396787
124251.60503969918
124481.38003991317
124517.22503994656
124528.16503995674
124589.3150400137
124625.53504004743
124646.96504006739
124674.88504009339
124838.99004024622
124855.38504026149
124918.46504032024
124937.49504033796
124978.8750403765
124989.3950403863
124999.65504039585
125010.85004040628
125023.40004041797
125065.04504045675
125109.36004049802
125134.82004052174
125147.89004053391
125161.87504054693
125173.61004055786
125250.12004062912
125264.2800406423
125284.48504066112
125297.235040673
125318.86504069314
125426.71504079358
125440.27004080621
125497.8150408598
125508.32504086959
125577.63504093414
125589.59504094528
125643.66004099563
125673.03504102299
125685.59504103468
125724.19004107063
125736.05004108167
125747.05004109192
125833.1400411721
125852.83504119044
125893.9100412287
125904.92504123895
125999.3550413269
126019.88504134602
126039.3050413641
126193.97004150815
126240.15004155115
126362.94004166551
126437.96004173538
126450.3250417469
126665.99504194775
126680.8550419616
126812.85504208453
126823.27504209423
126849.73004211887
126861.8900421302
126873.6050421411
126929.51504219318
126939.59504220256
126959.75504222134
126971.11004223191
126998.66504225758
127008.69004226691
127020.40004227782
127173.43004242034
127183.23004242947
127195.80504244118
127221.77004246536
127244.07504248613
127420.66004265059
127500.15004272462
127522.99004274589
127624.69504284061
127637.87004285288
127651.81004286587
127661.96004287532
127671.81004288449
127682.18004289415
127710.37504292041
127849.77004305023
127861.96004306158
127875.06504307379
127888.88504308666
127991.18504318193
128022.23504321085
128038.00504322554
128121.05004330288
128148.83004332875
128165.10504334391
128190.80504336784
128207.05504338298
128239.63504341332
128256.73004342924
128320.895043489
128336.82504350384
128349.00004351517
128453.19004361221
128461.58004362002
128470.87004362867
128478.85504363611
128491.17504364758
128535.79004368914
128544.94504369766
128590.65504374023
128718.91004385968
128758.59004389663
128792.1600439279
128804.33004393923
128818.70004395262
128838.13504397072
128851.78504398343
128943.1300440685
128955.84004408034
129069.295044186
129155.00504426582
129174.23504428373
129187.04004429566
129211.30004431825
129239.72004434472
129251.54504435573
129262.38004436583
129271.8050443746
129287.0550443888
129339.7700444379
129355.8750444529
129377.12004447269
129387.25504448212
129410.23504450353
129420.6200445132
129429.38004452136
129438.74004453007
129489.16004457703
129499.16504458635
129522.69504460826
129533.8950446187
129589.00504467002
129686.78004476108
129702.39504477562
129716.09004478838
129726.08004479768
129734.85504480585
129744.88004481519
129809.19504487509
129826.69504489138
129954.39504501031
129976.53004503093
129992.93504504621
130003.84004505636
130092.0350451385
130103.27004514897
130118.07004516275
130130.08004517393
130188.18504522805
130204.71504524344
130222.83004526031
130236.70504527324
130251.81504528731
130264.55004529917
130327.26504535758
130371.57504539884
130382.22004540876
130391.14504541707
130418.83504544286
130443.39504546573
130581.4450455943
130591.47004560364
130615.04004562559
130739.70504574169
130800.35504579818
130877.44504586997
130893.29504588473
130902.87004589365
130918.0600459078
130941.08504592924
130950.44504593796
131085.3550460636
131151.0650461248
131217.0900461863
131389.46004634682
131410.42504636635
131442.76004639646
131474.3650464259
131504.68004645413
131565.13004651043
131581.61004652578
131593.48504653684
131613.3000465553
131634.16004657472
131642.81504658278
131655.04004659416
131898.69004682108
131909.04504683072
131920.24004684115
131939.53504685912
132018.07004693226
132054.70504696638
132069.19004697987
132092.23004700133
132107.81004701584
132141.08504704683
132291.605047187
132307.96504720225
132321.79504721513
132337.16004722944
132430.095047316
132440.830047326
132456.44504734053
132472.7250473557
132658.00004752824
132667.00504753663
132679.99004754872
132809.5750476694
132831.4800476898
132846.97504770424
132890.16504774446
132925.6300477775
132977.35504782567
133036.48504788073
133046.43004789
133065.57504790783
133074.8950479165
133084.06504792505
133123.01504796132
133144.40004798124
133153.7050479899
133171.93004800688
133199.14004803222
133209.47004804184
133224.12004805548
133264.11504809273
133278.365048106
133297.86004812416
133412.81004823121
133422.40004824015
133429.99504824722
133449.090048265
133493.17504830606
133505.95004831796
133520.45504833147
133560.82504836906
133577.6150483847
133691.8700484911
133705.32004850364
133718.84004851623
133744.2600485399
133753.30004854832
133792.63504858495
133838.23004862742
133855.11504864314
133881.4850486677
133892.59504867805
133906.19504869072
133953.27004873456
134067.27504884073
134085.85504885804
134129.27004889847
134149.01504891686
134213.7100489771
134223.260048986
134238.63504900032
134249.69504901062
134293.1550490511
134391.2900491425
134420.4950491697
134596.45004933357
134604.78504934133
134662.9400493955
134717.11504944594
134733.280049461
134762.67004948837
134778.84504950343
134832.7250495536
134896.6000496131
135235.3500499286
135252.89004994492
135262.46004995384
135270.87504996167
135280.28504997044
135291.4200499808
135448.58505012718
135516.13005019008
135566.15005023667
135587.4350502565
135599.795050268
135655.03505031945
135669.88505033328
135744.38505040266
135791.6550504467
135841.36005049298
135856.23005050683
136041.27005067916
136057.3150506941
136127.08505075908
136138.65505076986
136299.39505091956
136371.4800509867
136397.65505101107
136411.27505102375
136429.33505104057
136509.83505111554
136519.08505112416
136542.8500511463
136747.22005133663
136758.38505134702
136769.89505135774
136794.61505138077
136855.77505143773
136868.0950514492
136954.6300515298
136965.94005154032
136981.45005155477
137076.01505164284
137092.92005165858
137105.80005167058
137118.5950516825
137141.0500517034
137152.66505171423
137167.47505172802
137179.97505173966
137292.16005184414
137353.26505190105
137384.19505192986
137394.89005193982
137495.31505203334
137528.92505206465
137540.72005207563
137549.73505208403
137559.360052093
137579.8650521121
137672.69005219854
137723.84005224617
137751.4700522719
137808.40505232493
137835.72505235038
137847.40505236125
137914.5500524238
137931.79505243985
137940.555052448
137949.40005245624
137961.7950524678
138026.50005252805
138038.54005253926
138065.18005256407
138116.83505261218
138129.55505262403
138203.21505269263
138253.40005273937
138369.6100528476
138665.59005312325
138690.2350531462
138707.66005316243
138718.44505317247
138809.88005325763
138846.790053292
138884.5750533272
138925.12505336496
139021.75505345495
139036.56005346874
139076.80005350622
139087.1000535158
139136.89505356218
139147.73505357228
139175.6750535983
139304.0950537179
139315.1600537282
139341.33005375258
139393.03005380073
139401.88005380897
139413.00505381933
139430.3600538355
139450.47505385423
139543.98505394132
139573.95505396923
139589.9200539841
139601.9500539953
139612.83505400544
139649.34505403944
139683.47505407123
139703.50505408988
139759.01505414158
139769.36505415122
139782.4300541634
139935.09505430557
139946.65505431633
140006.01505437162
140022.23005438672
140038.62005440198
140058.4950544205
140179.44005453313
140189.6000545426
140303.34005464852
140352.08505469392
140362.30005470343
140378.00505471806
140393.77505473275
140483.51005481632
140499.13505483087
140508.45505483955
140531.9200548614
140549.37005487765
140566.23505489336
140599.97505492478
140610.65505493473
140660.4500549811
140686.7550550056
140711.81505502894
140722.5200550389
140738.48005505378
140756.5450550706
140796.34505510767
140819.82505512954
140831.40005514032
140897.55005520192
140908.73505521234
140948.77005524962
140978.72505527752
141033.27005532832
141045.79005533998
141209.5450554925
141220.63505550282
141235.51005551667
141343.62505561736
141480.43505574478
141489.20005575294
141503.15505576594
141515.2350557772
141531.09005579195
141543.32505580335
141552.22005581163
141608.83505586436
141625.2150558796
141654.78505590715
141663.99005591572
141710.94005595945
141723.59005597123
141732.7750559798
141748.59005599451
141774.65005601879
141793.4600560363
141904.61505613982
141959.61005619104
142022.7050562498
142044.4850562701
142064.54505628877
142089.09005631163
142117.67505633825
142145.92005636456
142167.38505638455
142189.2300564049
142253.68505646492
142300.1650565082
142321.72005652828
142338.4900565439
142363.8300565675
142374.93505657784
142415.96505661606
142426.28505662567
142468.77505666524
142531.78005672392
142646.04505683033
142656.7600568403
142691.26005687244
142722.1300569012
142818.54005699098
142870.07505703898
142879.9850570482
142894.0500570613
142918.38505708397
142927.19005709217
143047.39505720412
143073.62505722855
143088.15505724208
143109.52505726198
143121.92005727353
143135.82005728647
143145.6350572956
143187.44505733455
143350.76505748666
143426.13505755685
143517.54005764198
143582.7400577027
143601.5400577202
143635.16005775152
143651.96505776717
143674.88505778852
143695.55005780776
143778.72005788522
143791.4850578971
143810.02005791437
143822.6000579261
143877.72005797742
143893.33005799196
144013.0950581035
144055.44505814294
144162.9800582431
144184.01505826268
144482.30505854049
144528.68505858368
144599.65005864977
144612.00005866127
144623.9350586724
144636.8200586844
144661.79005870764
144686.62005873077
144808.16005884396
144820.08005885506
144831.0700588653
144844.01005887735
144870.76005890226
144926.34505895403
144940.09505896684
144950.1550589762
144966.33505899127
144995.3450590183
145019.64005904092
145049.6900590689
145065.23005908338
145102.89005911845
145116.5800591312
145133.94505914737
145147.8400591603
145169.06505918008
145269.02005927317
145329.9250593299
145396.4100593918
145420.95505941467
145552.15005953686
145561.28505954536
145671.7150596482
145682.89505965862
145701.09005967557
145730.48005970294
145776.1900597455
145785.32505975402
145794.71505976276
145806.775059774
145861.34505982482
146039.44505999068
146067.45006001677
146079.77506002825
146169.90506011219
146225.83006016427
146278.77006021357
146655.95506056485
146667.57506057568
146679.64506058692
146690.76506059727
146763.7050606652
146775.53506067622
146846.78006074257
146937.17506082676
147006.08006089093
147053.5950609352
147064.32506094518
147083.72006096324
147162.5000610366
147173.83006104716
147321.77006118494
147337.3900611995
147366.76006122684
147387.63506124628
147494.53506134584
147505.0050613556
147517.41506136715
147580.8100614262
147652.82506149326
147668.57006150793
147680.7850615193
147717.46006155346
147736.64006157132
147747.7800615817
147779.76006161148
147792.79506162362
147804.54506163456
147836.65506166447
147871.22506169666
148061.9500618743
148113.63506192242
148122.5350619307
148143.10006194987
148171.14506197599
148183.02506198705
148199.47506200237
148226.61506202765
148241.44506204146
148253.99006205314
148283.01506208017
148297.83506209397
148384.825062175
148403.66006219253
148419.59006220737
148429.01006221614
148438.81006222527
148449.4800622352
148479.08006226277
148495.57006227813
148878.81506263505
148915.63006266934
148952.3100627035
148962.7100627132
148976.3650627259
148990.76506273932
149071.67006281466
149152.32506288978
149191.5450629263
149202.78506293677
149233.3050629652
149286.2350630145
149304.33506303135
149322.07006304787
149336.94006306172
149347.37506307143
149360.7450630839
149386.4250631078
149401.48506312183
149517.06006322947
149596.60506330355
149606.24506331253
149628.59006333334
149655.98006335885
149666.31506336847
149676.19006337767
149690.6100633911
149703.54006340314
149716.6050634153
149735.54006343294
149789.52506348322
149822.580063514
149893.82506358036
