29.064999999998502
77.7250000000018
127.39499999995662
178.15499999991047
226.87499999986616
276.72499999982085
327.31999999977484
376.21999999973036
426.47999999968465
476.2149999996394
524.9149999995951
574.7149999995498
625.3699999995038
674.2349999994593
724.4199999994137
774.3499999993683
823.1299999993239
873.1249999992784
923.4799999992326
972.3999999991881
1022.6899999991424
1072.3450000001965
1121.0150000012588
1170.725000002344
1221.4650000034515
1270.235000004516
1320.215000005607
1370.6000000067068
1419.5250000077747
1469.8200000088725
1519.455000009956
1568.1200000110182
1617.8050000121027
1668.5550000132105
1717.2950000142744
1767.2000000153637
1817.7150000164663
1866.6400000175342
1916.935000018632
1966.5700000197155
2015.2300000207777
2064.910000021862
2115.6650000229697
2164.4000000240335
2214.2900000251225
2264.8300000262257
2313.7500000272935
2364.035000028391
2413.690000029475
2462.3600000305373
2512.0650000316223
2562.80500003273
2611.5700000337943
2661.540000034885
2711.9450000359852
2760.8750000370533
2811.175000038151
2860.7950000392343
2909.4550000402965
2959.1250000413806
3009.8850000424886
3058.605000043552
3108.45500004464
3159.0500000457446
3207.950000046812
3258.210000047909
3307.9500000489948
3356.6500000500578
3406.450000051145
3457.1050000522505
3505.970000053317
3556.1650000544128
3606.0800000555023
3654.850000056567
3704.835000057658
3755.2150000587576
3804.1400000598255
3854.4300000609232
3904.070000062007
3952.735000063069
4002.4250000641537
4053.1750000652614
4101.915000066325
4151.830000067414
4202.330000068517
4251.260000069585
4301.555000070683
4351.180000071766
4399.840000072828
4449.515000073912
4500.27500007502
4548.995000076084
4598.860000077172
4649.435000078276
4698.345000079344
4748.610000080441
4798.325000081526
4847.015000082589
4896.790000083675
4947.4700000847815
4996.310000085848
5046.450000086942
5096.5000000880345
5145.3250000891
5195.435000090194
5245.555000091288
5294.4100000923545
5344.570000093449
5394.560000094541
5443.365000095606
5493.4200000966985
5543.655000097795
5592.550000098862
5642.785000099959
5692.585000101046
5741.305000102109
5791.175000103198
5841.745000104302
5890.655000105369
5940.930000106467
5990.6300001075515
6039.315000108614
6089.0750001097
6139.770000110807
6188.595000111873
6238.705000112966
6288.8250001140605
6337.675000115127
6387.835000116222
6437.830000117313
6486.635000118378
6536.695000119471
6586.925000120567
6635.8150001216345
6686.045000122731
6735.855000123818
6784.585000124882
6834.4600001259705
6885.020000127074
6933.935000128142
6984.215000129239
7033.890000130324
7082.570000131386
7132.300000132472
7183.020000133579
7231.815000134644
7281.855000135736
7332.1250001368335
7381.025000137901
7431.275000138998
7481.030000140084
7529.740000141147
7579.555000142234
7630.19000014334
7679.070000144407
7729.290000145503
7779.135000146591
7827.880000147655
7877.795000148744
7928.295000149847
7977.2200001509145
8027.5200001520125
8077.145000153096
8125.800000154158
8175.470000155242
8226.230000150123
8274.950000142324
8324.805000134344
8375.395000126246
8424.300000118417
8474.555000110373
8524.295000102411
8572.995000094616
8622.795000086644
8673.450000078536
8722.315000070714
8772.50500006268
8822.425000054689
8871.200000046882
8921.19000003888
8971.560000030817
9020.485000022985
9070.775000014935
9120.420000006989
9169.084999999199
9218.779999991244
9269.524999983121
9318.274999975318
9368.209999967325
9418.679999959246
9467.609999951414
9517.909999943362
9567.52499993542
9616.179999927632
9665.839999919683
9716.604999911557
9765.30999990376
9815.119999895787
9865.759999887681
9914.639999879857
9964.84499987182
10014.719999863837
10063.479999856032
10113.424999848037
10163.869999839962
10212.79999983213
10263.104999824078
10312.714999816137
10361.369999808348
10411.0299998004
10461.794999792273
10510.499999784477
10560.309999776504
10610.954999768397
10659.829999760574
10710.029999752538
10759.914999744553
10808.674999736748
10858.629999728751
10909.064999720678
10957.994999712846
11008.294999704794
11057.909999696853
11106.564999689064
11156.224999681115
11206.98999967299
11255.699999665192
11305.514999657218
11356.149999649113
11405.029999641289
11455.24499963325
11505.09999962527
11553.844999617468
11603.764999609477
11654.254999601395
11703.184999593563
11753.484999585511
11803.104999577568
11851.75999956978
11901.42499956183
11952.189999553704
12000.899999545907
12050.73499953793
12101.349999529828
12150.239999522002
12200.47999951396
12250.27499950599
12298.99499949819
12348.85499949021
12399.434999482113
12448.344999474284
12498.609999466238
12548.32499945828
12597.019999450486
12646.794999442518
12697.474999434406
12746.319999426587
12796.46999941856
12846.494999410552
12895.309999402738
12945.39499939472
12995.56499938669
13044.439999378867
13094.634999370832
13144.534999362844
13193.299999355038
13243.274999347039
13293.67999933897
13342.604999331139
13392.904999323087
13442.529999315144
13491.189999307355
13540.859999299404
13591.619999291279
13640.33999928348
13690.199999275499
13740.779999267403
13789.689999259574
13839.954999251528
13889.66999924357
13938.364999235775
13988.139999227807
14038.819999219695
14087.659999211877
14137.80499920385
14187.84499919584
14236.664999188026
14286.759999180007
14336.90499917198
14385.769999164158
14435.944999156127
14485.894999148131
14534.679999140322
14584.694999132316
14635.014999124262
14683.929999116432
14734.199999108385
14783.89499910043
14832.579999092637
14882.329999084674
14933.034999076557
14981.849999068743
15031.934999060726
15082.104999052695
15130.974999044873
15181.164999036839
15231.07499902885
15279.844999021043
15329.824999013043
15380.214999004977
15429.139998997145
15479.434998989094
15529.06999898115
15577.72999897336
15627.409998965408
15678.164998957283
15726.899998949482
15776.784998941497
15827.329998933406
15876.249998925576
15926.534998917527
15976.194998909577
16024.864998901787
16074.57499889383
16125.309998885708
16174.079998877902
16224.059998869901
16274.444998861836
16323.369998854005
16373.664998845954
16423.299998852304
16471.96499886222
16521.64499887234
16572.39999888268
16621.13499889261
16671.034998902775
16721.559998913068
16770.484998923035
16820.77499893328
16870.419998943395
16919.08499895331
16968.774998963432
17019.52499897377
17068.269998983702
17118.199998993874
17168.679999004158
17217.609999014127
17267.909999024374
17317.524999034482
17366.179999044394
17415.83999905451
17466.609999064854
17515.314999074777
17565.134999084927
17615.76499909524
17664.6499991052
17714.86999911543
17764.709999125585
17813.449999135515
17863.359999145683
17913.869999155973
17962.79499916594
18013.094999176188
18062.719999186298
18111.37999919621
18161.05499920633
18211.814999216673
18260.5399992266
18310.41499923676
18360.97999924706
18409.889999257026
18460.16999926727
18509.85499927739
18558.53499928731
18608.279999297443
18658.989999307774
18707.799999317718
18757.86999932792
18808.074999338147
18856.954999348105
18907.169999358335
18957.01999936849
19005.76499937842
19055.689999388593
19106.17999939888
19155.104999408846
19205.404999419094
19255.024999429203
19303.684999439116
19353.349999449234
19404.109999459575
19452.8249994695
19502.659999479652
19553.274999489964
19602.164999499924
19652.40499951016
19702.194999520303
19750.91999953023
19800.774999540386
19851.359999550692
19900.264999560655
19950.529999570896
20000.249999581025
20048.944999590945
20098.724999601087
20149.39999961141
20198.24499962136
20248.39499963158
20298.41499964177
20347.224999651713
20397.304999661916
20447.49499967214
20496.369999682098
20546.579999692327
20596.449999702487
20645.20499971242
20695.149999722595
20745.599999732873
20794.52999974284
20844.83499975309
20894.449999763197
20943.09999977311
20992.759999783226
21043.52999979357
21092.22999980349
21142.039999813638
21192.684999823956
21241.554999833912
21291.75499984414
21341.649999854304
21390.409999864238
21440.374999874417
21490.79499988469
21539.724999894657
21590.024999904905
21639.639999915013
21688.299999924926
21737.959999935043
21788.724999945385
21837.43999995531
21887.26999996546
21937.884999975773
21986.779999985734
22037.009999995968
22086.815000006114
22135.54000001604
22185.4100000262
22235.975000036502
22284.890000046467
22335.16500005671
22384.860000066834
22433.54000007675
22483.290000086887
22533.995000097217
22582.81000010716
22632.900000117366
22683.065000127586
22731.935000137542
22782.125000147767
22832.040000157936
22880.810000167872
22930.795000178055
22981.17500018832
23030.100000198287
23080.395000208533
23130.030000218645
23178.69500022856
23228.38000023868
23279.13000024902
23327.87000025895
23377.775000269117
23428.29000027941
23477.215000289376
23527.510000299622
23577.145000309734
23625.81000031965
23675.49500032977
23726.24500034011
23774.98500035004
23824.880000360205
23875.405000370498
23924.330000380465
23974.62000039071
24024.265000400825
24072.93000041074
24122.620000420862
24173.3700004312
24222.115000441132
24272.040000451303
24322.52500046159
24371.455000471557
24421.755000481804
24471.370000491912
24520.030000501825
24569.695000511943
24620.455000522285
24669.17000053221
24719.00000054236
24769.620000552673
24818.510000562634
24868.740000572867
24918.545000583013
24967.27000059294
25017.1450006031
25067.710000613402
25116.620000623367
25166.89500063361
25216.590000643733
25265.27000065365
25315.015000663785
25365.725000674116
25414.53500068406
25464.615000694263
25514.800000704487
25563.675000714444
25613.880000724672
25663.760000734834
25712.520000744767
25762.470000754944
25812.91000076522
25861.840000775188
25912.140000785435
25961.755000795543
26010.410000805456
26060.070000815573
26110.835000825915
26159.540000835837
26209.355000845986
26259.995000856303
26308.87000086626
26359.08000087649
26408.95000088665
26457.70500089658
26507.645000906756
26558.100000917035
26607.030000927003
26657.33500093725
26706.95000094736
26755.60000095727
26805.260000967388
26856.03000097773
26904.730000987653
26954.5400009978
27005.185001008118
27054.055001018074
27104.2550010283
27154.150001038466
27202.9100010484
27252.87500105858
27303.29500106885
27352.22500107882
27402.525001089067
27452.140001099175
27500.800001109088
27550.460001119205
27601.225001129547
27649.940001139472
27699.770001149624
27750.385001159935
27799.280001169896
27849.51500118013
27899.315001190276
27948.040001200203
27997.90500121036
28048.475001220664
28097.39000123063
28147.66000124087
28197.360001250996
28246.045001260914
28295.80000127105
28346.50000128138
28395.320001291326
28445.420001301532
28495.560001311747
28544.4200013217
28594.590001331922
28644.5550013421
28693.34500135204
28743.375001362234
28793.66500137248
28842.575001382444
28892.835001392683
28942.560001402813
28991.255001412734
29041.035001422875
29091.7100014332
29140.56000144315
29190.71500145337
29240.720001463556
29289.5250014735
29339.5950014837
29389.80500149393
29438.69000150389
29488.91000151412
29538.745001524272
29587.4850015342
29637.39000154437
29687.90500155466
29736.830001564627
29787.125001574874
29836.760001584986
29885.4250015949
29935.110001605022
29985.86000161536
30034.60000162529
30084.500001635457
30135.02000164575
30183.945001655717
30234.240001665963
30283.880001676076
30332.54500168599
30382.235001696114
30432.98000170645
30481.725001716382
30531.645001726552
30582.14000173684
30631.070001746808
30681.365001757054
30730.990001767164
30779.645001777077
30829.315001787196
30880.075001797537
30928.79000180746
30978.635001817616
31029.240001827926
31078.135001837887
31128.385001848124
31178.150001858263
31226.860001868186
31276.685001878337
31327.31000188865
31376.19500189861
31426.425001908843
31476.245001918993
31524.97500192892
31574.860001939083
31625.40500194938
31674.325001959347
31724.61000196959
31774.27000197971
31822.940001989624
31872.65000199975
31923.385002010087
31972.160002020024
32022.145002030207
32072.52000204047
32121.445002050437
32171.740002060684
32221.380002070797
32270.04500208071
32319.735002090834
32370.485002101173
32419.230002111104
32469.155002121275
32519.64000213156
32568.57000214153
32618.870002151776
32668.490002161885
32717.145002171797
32766.805002181914
32817.570002156186
32866.285002130666
32916.110002104564
32966.730002078046
33015.620002052434
33065.85000202612
33115.66500200002
33164.395001974495
33214.275001948365
33264.82500192188
33313.745001896255
33364.025001869915
33413.695001843895
33462.37500181839
33512.10000179234
33562.82500176577
33611.61500174021
33661.640001714004
33711.935001687656
33760.84500166203
33811.105001635704
33860.830001609655
33909.52000158415
33959.30500155807
34009.97500153152
34058.82500150593
34108.98000147966
34158.99000145346
34207.80000142789
34257.87000140166
34308.07500137536
34356.95500134975
34407.170001323444
34457.02000129733
34505.76500127179
34555.68500124564
34606.18000121919
34655.10500119356
34705.40500116721
34755.02500114121
34803.68500111572
34853.350001089704
34904.11500106311
34952.83000103759
35002.67500101148
35053.27500098497
35102.17500095935
35152.42500093303
35202.18500090696
35250.90000088144
35300.72500085534
35351.34500082882
35400.23500080321
35450.465000776894
35500.2800007508
35549.00500072527
35598.88500069914
35649.44000067266
35698.36000064703
35748.64000062069
35798.315000594666
35846.99000056917
35896.720000543115
35947.440000516544
35996.23500049098
36046.27000046477
36096.55000043843
36145.45000041281
36195.705000386486
36245.450000360426
36294.15500033491
36343.96000030882
36394.60500028229
36443.47500025669
36493.67500023039
36543.57500020425
36592.3400001787
36642.305000152526
36692.71500012612
36741.645000100485
36791.945000074134
36841.56500004814
36890.22500002265
36939.89499999663
36990.65499997004
37039.37499994451
37089.2199999184
37139.814999891896
37188.719999866276
37238.97499983995
37288.71999981389
37337.424999788374
37387.22999976228
37437.87499973575
37486.74999971015
37536.94999968385
37586.83999965771
37635.59999963217
37685.564999605995
37735.98499957958
37784.91499955395
37835.2149995276
37884.8349995016
37933.489999476114
37983.1549994501
38033.9199994235
38082.629999397985
38132.45499937188
38183.07999934536
38231.96499931975
38282.19499929344
38332.00999926734
38380.739999241814
38430.61999921568
38481.1699991892
38530.089999163574
38580.369999137234
38630.04499911121
38678.71999908571
38728.44499905966
38779.16999903309
38827.95999900753
38877.98499898132
38928.279998954975
38977.18999892935
39027.45499890302
39077.17499887697
39125.864998851466
39175.64499882539
39226.31999879884
39275.16999877325
39325.31999874698
39375.339998720774
39424.149998695204
39474.234998668966
39524.41499864268
39573.289998617074
39623.49499859077
39673.37499856464
39722.1349985391
39772.08999851293
39822.52499848651
39871.454998460875
39921.754998434524
39971.36999840853
40020.02499838304
40069.68499835703
40120.45499833043
40169.15999830492
40218.97499827882
40269.609998252294
40318.48999822669
40368.69999820038
40418.56499817426
40467.31499814872
40517.244998122565
40567.714998096126
40616.64499807049
40666.94999804414
40716.56499801815
40765.21999799266
40814.874997966646
40865.64499794005
40914.349997914534
40964.15999788844
41014.79999786191
41063.679997836305
41113.884997810004
41163.759997783876
41212.50999775834
41262.449997732176
41312.90999770574
41361.83999768011
41412.13999765376
41461.754997627766
41510.40999760228
41560.064997576264
41610.83499754967
41659.53999752415
41709.34499749806
41759.98999747153
41808.864997445926
41859.06499741963
41908.95499739349
41957.719997367945
42007.67999734177
42058.09999731536
42107.02999728973
42157.329997263376
42206.94999723738
42255.60499721189
42305.269997185875
42356.03499715928
42404.74499713376
42454.57499710766
42505.19499708114
42554.08499705553
42604.31999702921
42654.11999700312
42702.849996977595
42752.71999695147
42803.28499692498
42852.199996899355
42902.46999687302
42952.16499684699
43000.84999682148
43050.59999679542
43101.29999676886
43150.119996743284
43200.204996717046
43250.37499669076
43299.239996665165
43349.43499663887
43399.34499661272
43448.114996587174
43498.09499656099
43548.48499653459
43597.40999650896
43647.704996482615
43697.33999645661
43745.99999643112
43795.68499640509
43846.434996378506
43895.17499635297
43945.069996326834
43995.59999630036
44044.519996274736
44094.80999624839
44144.45999622238
44193.124996196886
44242.81999617085
44293.56499614427
44342.31499611873
44392.25499609257
44442.71999606613
44491.6449960405
44541.94999601415
44591.564995988156
44640.21999596267
44689.874995936654
44740.64499591006
44789.344995884545
44839.15499585845
44889.79999583192
44938.674995806316
44988.87499578002
45038.76499575388
45087.51999572834
45137.47999570217
45187.90999567575
45236.839995650116
45287.139995623766
45336.754995597774
45385.409995572285
45435.06999554627
45485.83999551967
45534.54499549416
45584.36499546806
45634.994995441535
45683.879995415926
45734.09499538962
45783.944995363505
45832.68499533797
45882.59999531182
45933.09999528537
45982.029995259734
46032.324995233386
46081.94999520739
46130.6099951819
46180.27999515588
46231.039995129286
46279.75999510376
46329.614995077645
46380.20499505114
46429.10999502552
46479.364994999196
46529.09999497314
46577.79999494763
46627.59499492154
46678.254994895
46727.11499486941
46777.29499484312
46827.239994816955
46876.0249947914
46926.0349947652
46976.36499473883
47025.27999471321
47075.55499468687
47125.23999466084
47173.91999463534
47223.65999460928
47274.36999458272
47323.17499455715
47373.23999453092
47423.459994504614
47472.349994479
47522.57499445269
47572.39499442659
47621.12999440106
47671.019994374925
47721.55999434845
47770.47999432282
47820.76499429648
47870.42499427046
47919.094994244966
47968.79999421893
48019.539994192346
48068.3049941668
48118.28499414062
48168.67499411422
48217.604994088586
48267.89999406224
48317.52999403624
48366.18999401075
48415.86999398472
48466.62499395813
48515.354993932604
48565.23499390647
48615.78999387999
48664.704993854364
48714.98999382802
48764.659993802
48813.3349937765
48863.054993750455
48913.77999372388
48962.564993698325
49012.58499367212
49062.89999364576
49111.80999362014
49162.0849935938
49211.77999356777
49260.464993542264
49310.2199935162
49360.91999348964
49409.73999346406
49459.83999343782
49509.98499341155
49558.84499338595
49609.01999335967
49658.9749933335
49707.75999330794
49757.779993281736
49808.08999325538
49857.004993229755
49907.27499320342
49956.974993177384
50005.65999315188
50055.414993125814
50106.114993099254
50154.93499307368
50205.03499304743
50255.174993021166
50304.03499299557
50354.209992969285
50404.16999294311
50452.954992917556
50502.984992891346
50553.279992865
50602.189992839376
50652.454992813044
50702.169992787
50750.86499276149
50800.63499273542
50851.319992708864
50900.15999268328
50950.29999265701
51000.344992630795
51049.16999260522
51099.26999257897
51149.40499255271
51198.25999252711
51248.42999250083
51298.39999247465
51347.19499244909
51397.22999242288
51447.50999239654
51496.41499237092
51546.66999234459
51596.409992318535
51645.10999229302
51694.909992266934
51745.5649922404
51794.4299922148
51844.6249921885
51894.539992162354
51943.3149921368
51993.29999211062
52043.67499208423
52092.5999920586
52142.88999203225
52192.53499200624
52241.19999198075
52290.88999195472
52341.63999192813
52390.384991902596
52440.31499187644
52490.794991849994
52539.72499182436
52590.02499179801
52639.63999177202
52688.29499174653
52737.95999172051
52788.72499169392
52837.4349916684
52887.2549916423
52937.88499161578
52986.76999159017
53036.98999156386
53086.82499153775
53135.55999151222
53185.45999148608
53235.98499145961
53284.90999143398
53335.19999140764
53384.83999138163
53433.50499135614
53483.19499133011
53533.94499130352
53582.68499127799
53632.59999125184
53683.09999122538
53732.02999119975
53782.3249911734
53831.949991147405
53880.60999112191
53930.27999109589
53981.0399910693
54029.75999104378
54079.61499101766
54130.20499099116
54179.10999096554
54229.36999093921
54279.09999091316
54327.79499088765
54377.584990861564
54428.24999083502
54477.109990809426
54527.27999078314
54577.24499075697
54626.039990731406
54676.074990705194
54726.354990678854
54775.259990653234
54825.519990626904
54875.25499060085
54923.95499057534
54973.75499054925
55024.40999052271
55073.27499049711
55123.45999047082
55173.389990444666
55222.16999041911
55272.16499039292
55322.51999036654
55371.439990340914
55421.72499031457
55471.384990288556
55520.05499026306
55569.769990237015
55620.50499021044
55669.27499018489
55719.2649901587
55769.63499013231
55818.55999010668
55868.849990080336
55918.49499005433
55967.159990028835
56016.8549900028
56067.59998997622
56116.34998995068
56166.28498992452
56216.75498989808
56265.68498987245
56315.984989846096
56365.599989820104
56414.254989794616
56463.9149897686
56514.684989742
56563.38998971649
56613.199989690394
56663.839989663866
56712.71998963826
56762.929989611956
56812.79498958583
56861.544989560294
56911.48498953413
56961.949989507695
57010.87998948206
57061.17998945571
57110.79498942972
57159.44998940423
57209.10498937822
57259.87498935162
57308.57998932611
57358.384989300015
57409.029989273484
57457.90498924788
57508.10498922158
57557.994989195446
57606.7549891699
57656.70998914373
57707.13998911731
57756.06998909168
57806.36998906533
57855.98498903934
57904.64498901385
57954.30498898783
58005.06998896124
58053.77498893572
58103.59498890962
58154.2299888831
58203.10998885749
58253.32998883118
58303.17498880507
58351.914988779536
58401.82998875339
58452.32998872693
58501.2599887013
58551.55498867495
58601.17998864895
58649.83998862346
58699.51498859744
58750.27498857085
58798.994988545324
58848.854988519204
58899.43498849271
58948.344988467084
58998.60998844075
59048.32498841471
59097.0199883892
59146.79498836312
59197.47498833657
59246.319988310985
59296.464988284715
59346.494988258506
59395.31498823293
59445.40498820669
59495.56498818041
59544.429988154814
59594.61998812852
59644.53998810237
59693.31498807682
59743.30498805063
59793.67498802424
59842.59998799861
59892.88998797227
59942.53498794626
59991.199987920765
60040.89498789473
60091.63998786815
60140.38998784261
60190.31998781645
60240.79498779001
60289.72498776438
60340.02498773803
60389.639987712035
60438.294987686546
60487.95498766053
60538.71998763394
60587.42498760842
60637.239987582325
60687.879987555796
60736.75998753019
60786.969987503886
60836.83498747776
60885.584987452225
60935.51498742607
60985.98498739963
61034.914987373995
61085.21998734764
61134.83498732165
61183.48998729616
61233.14498727015
61283.91498724355
61332.61998721804
61382.42998719194
61433.069987165414
61481.94998713981
61532.15498711351
61582.02498708738
61630.77998706184
61680.71998703568
61731.17998700924
61780.10998698361
61830.40998695726
61880.02498693127
61928.67998690578
61978.33498687977
62029.10498685317
62077.80498682766
62127.614986801564
62178.25998677503
62227.13498674943
62277.32998672313
62327.224986696994
62375.98998667145
62425.949986645275
62476.36998661886
62525.29998659323
62575.59998656688
62625.219986540884
62673.874986515395
62723.53998648938
62774.30498646278
62823.014986437265
62872.84998641116
62923.46498638464
62972.35998635903
63022.59498633271
63072.389986306625
63121.1099862811
63170.96998625498
63221.549986228485
63270.45998620286
63320.72498617653
63370.44498615048
63419.13498612498
63468.9149860989
63519.58998607235
63568.43998604676
63618.58998602049
63668.60498599429
63717.419985968714
63767.49498594248
63817.68498591619
63866.56498589058
63916.77498586428
63966.639985838156
64015.394985812614
64065.33498578645
64115.79498576002
64164.724985734385
64215.024985708034
64264.63998568204
64313.294985656554
64362.94998563054
64413.719985603944
64462.42498557843
64512.22998555234
64562.87498552581
64611.7499855002
64661.949985473904
64711.83998544777
64760.599985422225
64810.55998539605
64860.984985369636
64909.914985344
64960.21498531765
65009.83498529166
65058.48998526617
65108.149985240154
65158.91498521356
65207.62498518804
65257.44998516194
65308.07498513542
65356.96498510981
65407.189985083496
65457.014985057394
65505.744985031866
65555.6399850343
65606.17498508136
65655.09498512693
65705.38498517376
65755.03498522
65803.70498526533
65853.40998531162
65904.14998535888
65952.90998540429
66002.87498545082
66053.29498549778
66102.21998554334
66152.51998559019
66202.1399856364
66250.79998568172
66300.46498572797
66351.22998577525
66399.93998582062
66449.77498586703
66500.38998591417
66549.2799859597
66599.51998600649
66649.30998605286
66698.02998609823
66747.88498614467
66798.46998619178
66847.37998623733
66897.63498628413
66947.36998633045
66996.0699863758
67045.85998642218
67096.51998646936
67145.37998651486
67195.5599865616
67245.51498660812
67294.29998665355
67344.31998670014
67394.629986747
67443.53998679254
67493.80998683936
67543.51498688565
67592.199986931
67641.96498697734
67692.65498702455
67741.48498707003
67791.5999871167
67841.70498716336
67890.55498720886
67940.70498725557
67990.71998730215
68039.53498734761
68089.60998739424
68139.79998744099
68188.67998748651
68238.88498753327
68288.75998757972
68337.50998762512
68387.45498767163
68437.90998771862
68486.8399877642
68537.13998781104
68586.75498785725
68635.40998790256
68685.0649879488
68735.83498799609
68784.53998804145
68834.34498808783
68884.989988135
68933.86498818052
68984.06498822727
69033.95498827373
69082.71998831915
69132.68498836568
69183.09998841264
69232.0299884582
69282.32998850505
69331.94998855126
69380.60498859658
69430.26998864283
69481.03498869011
69529.74998873548
69579.58498878189
69630.19498882903
69679.08998887456
69729.32998892135
69779.11998896772
69827.8399890131
69877.69498905953
69928.27998910664
69977.18498915219
70027.449989199
70077.17498924531
70125.87498929066
70175.65998933703
70226.32498938421
70275.18498942972
70325.34998947644
70375.32498952298
70424.11998956843
70474.15998961503
70524.42998966185
70573.3349897074
70623.5899897542
70673.33498980053
70722.03998984589
70771.84998989227
70822.49498993944
70871.36998998496
70921.57499003172
70971.44999007817
71020.20999012358
71070.1549901701
71120.59999021707
71169.52999026264
71219.8349903095
71269.4499903557
71318.09999040101
71367.75999044726
71418.52999049454
71467.2299905399
71517.03999058629
71567.68499063345
71616.55999067897
71666.75999072572
71716.64499077218
71765.4049908176
71815.36499086412
71865.79499091109
71914.72499095666
71965.0249910035
72014.63999104971
72063.29499109503
72112.95499114128
72163.72499118856
72212.42999123392
72262.24999128032
72312.87999132747
72361.764991373
72411.97999141976
72461.82999146619
72510.56999151158
72560.48499155807
72610.9849916051
72659.91499165067
72710.20999169751
72759.83499174373
72808.49499178905
72858.1649918353
72908.92499188258
72957.64499192795
73007.49999197439
73058.0899920215
73106.99499206705
73157.24999211385
73206.98499216017
73255.68499220553
73305.4799922519
73356.13999229908
73404.99999234459
73455.17999239132
73505.12499243784
73553.90999248327
73603.92499252985
73654.24499257671
73703.15999262227
73753.4399926691
73803.12499271537
73851.8049927607
73901.54999280703
73952.25999285426
74001.06499289972
74051.13499294635
74101.34499299311
74150.22499303863
74200.4449930854
74250.28999313182
74299.02999317722
74348.9399932237
74399.44499327074
74448.3749933163
74498.66999336315
74548.29999340937
74596.95999345469
74646.62999350094
74697.38999354822
74746.1149935936
74795.97999364004
74846.55499368714
74895.46499373269
74945.73499377951
74995.4349938258
75044.12499387114
75093.87999391748
75144.5799939647
75193.40499401017
75243.51499405684
75293.62999410351
75342.48499414901
75392.64499419573
75442.63999424229
75491.44499428774
75541.49999433436
75591.73499438114
75640.62499442667
75690.85499447346
75740.65999451984
75789.38999456522
75839.25999461167
75889.82499465876
75938.73999470432
75989.01499475114
76038.69999479741
76087.37999484275
76137.12499488908
76187.8349949363
76236.63999498176
76286.70999502839
76336.91999507515
76385.80499512068
76436.02999516745
76485.85999521386
76534.59999525925
76584.50499530573
76635.01999535278
76683.94499539834
76734.23999544518
76783.87999549141
76832.53999553673
76882.224995583
76932.97999563027
76981.71999567567
77031.62499572214
77082.13999576919
77131.06499581476
77181.3599958616
77230.99499590782
77279.65499595314
77329.33499599941
77380.08999604668
77428.82499609207
77478.71999613853
77529.2499961856
77578.17499623116
77628.464996278
77678.11499632424
77726.77999636956
77776.47999641584
77827.2249964631
77875.97999650851
77925.93499655504
77976.369996602
78025.29999664758
78075.59999669442
78125.21999674063
78173.87499678595
78223.5349968322
78274.29999687948
78323.00499692484
78372.81999697123
78423.45499701839
78472.33999706391
78522.54999711068
78572.40499715711
78621.15499720251
78671.079997249
78721.56499729602
78770.48999734159
78820.79499738844
78870.40999743465
78919.06499747996
78968.72999752621
79019.49499757349
79068.20499761886
79118.02999766526
79168.65499771241
79217.54499775794
79267.76999780472
79317.58999785112
79366.3199978965
79416.19999794295
79466.74999799003
79515.66999803559
79565.94999808242
79615.61999812868
79664.289998174
79714.00999822031
79764.73999826756
79813.51999831299
79863.52499835956
79913.86499840644
79962.779998452
80013.06499849883
80062.73499854509
80111.40999859042
80161.13499863673
80211.85999868397
80260.64999872941
80310.669998776
80360.97499882284
80409.8849988684
80460.1499989152
80509.86499896151
80558.55499900685
80608.3199990532
80659.00999910041
80707.84499914589
80757.97499919258
80808.04499923921
80856.87499928469
80906.99499933136
80957.08999937802
81005.9299994235
81056.0699994702
81106.11499951681
81154.93499956228
81205.03499960894
81255.17499965563
81304.03499970114
81354.20999974787
81404.16499979439
81452.95499983983
81502.97499988641
81553.28499993327
81602.19499997882
81652.46500002564
81702.17000007193
81750.85500011727
81800.62000016362
81851.31000021083
81900.1400002563
81950.25500030298
82000.36000034964
82049.20500039513
82099.35000044183
82149.38000048843
82198.19500053389
82248.28000058053
82298.45000062726
82347.32500067278
82397.52000071952
82447.420000766
82496.18500081141
82546.15500085795
82596.5600009049
82645.49000095046
82695.79000099731
82745.41500104353
82794.07000108884
82843.7450011351
82894.50500118238
82943.22500122775
82993.08000127418
83043.6650013213
83092.57500136684
83142.83500141365
83192.56000145996
83241.25500150531
83291.03500155167
83341.71000159887
83390.56000164436
83440.72000169108
83490.71500173764
83539.5200017831
83589.58500182972
83639.8100018765
83688.69500192202
83738.9250019688
83788.7400020152
83837.47000206058
83887.35500210704
83937.90500215412
83986.82000219967
84037.1050022465
84086.77500229276
84135.44500233809
84185.1650023844
84235.89500243164
84284.68000247708
84334.69000252365
84385.01500257052
84433.93000261608
84484.2100026629
84533.89500270918
84582.57500275451
84632.31500280084
84683.02500284807
84731.83500289352
84781.90000294015
84832.11500298692
84881.00000303244
84931.22000307922
84981.05500312563
85029.79500317102
85079.6950032175
85130.21500326454
85179.14000331011
85229.43500335695
85279.07000340318
85327.7350034485
85377.42000349477
85428.17000354204
85476.91000358743
85526.8150036339
85577.33000368095
85626.25500372652
85676.55000377336
85726.18500381958
85774.8500038649
85824.53000391118
85875.28500395844
85924.02000400383
85973.92500405031
86024.44500409736
86073.37000414293
86123.66000418976
86173.30000423599
86221.96500428132
86271.6550043276
86322.40500437486
86371.15000442025
86421.06500446674
86471.56500451377
86520.49000455934
86570.79000460618
86620.4100046524
86669.07000469771
86718.74000474397
86769.50000479125
86818.22000483662
86868.07000488305
86918.66500493017
86967.56500497571
87017.82500502252
87067.56500506884
87116.2650051142
87166.07000516058
87216.72000520775
87265.59000525327
87315.78000530001
87365.6950053465
87414.46500539192
87464.44500543847
87514.83000548539
87563.75500553095
87614.0500055778
87663.68500562402
87712.35000566934
87762.03500571562
87812.78500576288
87861.52500580827
87911.43500585476
87961.9450059018
88010.87000594736
88061.1650059942
88110.80000604043
88159.46000608575
88209.14000613202
88259.89500617929
88308.63000622467
88358.51500627113
88409.0600063182
88457.98000636377
88508.2650064106
88557.92500645685
88606.59500650218
88656.30500654847
88707.04000659572
88755.81500664115
88805.8000066877
88856.17500673461
88905.10000678018
88955.39000682702
89005.03500687325
89053.70000691857
89103.39000696485
89154.14000701212
89202.88500705751
89252.81000710401
89303.29500715103
89352.2250071966
89402.52500724344
89452.14000728965
89500.79500733496
89550.46000738122
89601.2250074285
89649.93500747386
89699.76000752026
89750.38500756741
89799.27000761294
89849.49500765972
89899.32000770612
89948.0550077515
89997.94500779797
90048.48000784504
90097.4050078906
90147.69500793744
90197.34500798368
90246.015008029
90295.71500807529
90346.45500812255
90395.21500816796
90445.17500821449
90495.60000826145
90544.53000830702
90594.83000835386
90644.45000840008
90693.10500844539
90742.76500849164
90793.53000853892
90842.24000858428
90892.06500863069
90942.69000867783
90991.57500872336
91041.80000877014
91091.63000881654
91140.37000886194
91190.27000890841
91240.79000895546
91289.71500900103
91340.01000904787
91389.6500090941
91438.31000913942
91488.0000091857
91538.75000923296
91587.49000927835
91637.40500932484
91687.91000937187
91736.83500941744
91787.13500946428
91836.7600095105
91885.42000955582
91935.09000960208
91985.85000964935
92034.57500969473
92084.43500974117
92135.01500978827
92183.92000983382
92234.19000988064
92283.90500992694
92332.59500997228
92382.36501001864
92433.05001006584
92481.89001011132
92532.03001015802
92582.07501020463
92630.9000102501
92681.00001029676
92731.13501034345
92779.99001038895
92830.16001043568
92880.13501048222
92928.92501052766
92978.96501057426
93029.24001062108
93078.14501066663
93128.40001071343
93178.14001075976
93226.84501080512
93276.6450108515
93327.29501089867
93376.16501094418
93426.36001099093
93476.27001103741
93525.03501108283
93575.01501112938
93625.41001117631
93674.33501122188
93724.63001126872
93774.26001131494
93822.92001136026
93872.60001140652
93923.3550114538
93972.08501149918
94021.96501154563
94072.52001159271
94121.43501163827
94171.7150116851
94221.39001173136
94270.06501177669
94319.79501182301
94370.51501187024
94419.31001191569
94469.34501196229
94519.62501200911
94568.53001205466
94618.79001210147
94668.52501214779
94717.22501219314
94767.02501223952
94817.6800122867
94866.54501233221
94916.73001237895
94966.66001242545
95015.43501247087
95065.43501251744
95115.79001256434
95164.7100126099
95214.99501265673
95264.65501270298
95313.3250127483
95363.0350127946
95413.77001284185
95462.54001288727
95512.52001293382
95562.90501298074
95611.83501302631
95662.12501307315
95711.76001311938
95760.4250131647
95810.11001321097
95860.86001325824
95909.60001330363
95959.4950133501
96010.02001339715
96058.94501344272
96109.24001348956
96158.88001353579
96207.54501358111
96257.23501362739
96307.98501367465
96356.73001372005
96406.65501376655
96457.14001381357
96506.07001385913
96556.37001390598
96605.99001395219
96654.6450139975
96704.31001404376
96755.07001409103
96803.7850141364
96853.61501418281
96904.23501422995
96953.12001427548
97003.35501432227
97053.16001436865
97101.89001441404
97151.76501446048
97202.32501450757
97251.24001455313
97301.51501459995
97351.20001464622
97399.88001469156
97449.62001473788
97500.33001478511
97549.13501483056
97599.19501487719
97649.42501492397
97698.3150149695
97748.54501501628
97798.35501506267
97847.08501510805
97896.9650151545
97947.52001520159
97996.43501524715
98046.71501529397
98096.39001534024
98145.06501538557
98194.79501543188
98245.51501547912
98294.31001552456
98344.34001557116
98394.62501561799
98443.53001566353
98493.79001571034
98543.52501575666
98592.22001580201
98642.01501584839
98692.67501589557
98741.54001594108
98791.71501598781
98841.66501603433
98890.45001607976
98940.46501612634
98990.7850161732
99039.70001621876
99089.97501626558
99139.66501631186
99188.3500163572
99238.09501640353
99288.80001645075
99337.61501649622
99387.70001654286
99437.87501658959
99486.75001663511
99536.95001668186
99586.84001672833
99635.60501677374
99685.56501682027
99735.98501686723
99784.9150169128
99835.21501695964
99884.83501700585
99933.49001705117
99983.15501709742
100033.9200171447
100082.63001719007
100132.46001723647
100183.08001728362
100231.97001732915
100282.20501737593
100332.00501742231
100380.7300174677
100430.60001751414
100481.17001756123
100530.08001760679
100580.35501765361
100630.05001769989
100678.73501774523
100728.49001779157
100779.19001783879
100828.01001788425
100878.11001793091
100928.25501797762
100977.11501802312
101027.29001806985
101077.24501811637
101126.03001816181
101176.04501820839
101226.36001825525
101275.2750183008
101325.54501834762
101375.2450183939
101423.93001843925
101473.68501848559
101524.3850185328
101573.20501857827
101623.30501862493
101673.44501867163
101722.30501871713
101772.48001876386
101822.43501881039
101871.22501885582
101921.25501890242
101971.55001894926
102020.46001899481
102070.72501904162
102120.44001908792
102169.13501913327
102218.91001917963
102269.59001922683
102318.43001927232
102368.57501931902
102418.61001936562
102467.43501941109
102517.53001945774
102567.67501950444
102616.54001954995
102666.72001959669
102716.6650196432
102765.44501968863
102815.46001973521
102865.78501978208
102914.70001982764
102964.98001987446
103014.66001992073
103063.34001996607
103113.08002001239
103163.79502005962
103212.59502010507
103262.6550201517
103312.88502019848
103361.77502024401
103412.00502029079
103461.81502033718
103510.54502038256
103560.42502042901
103610.9800204761
103659.89502052165
103710.17502056848
103759.85002061474
103808.53002066008
103858.2600207064
103908.98002075363
103957.77502079908
104007.81502084568
104058.0850208925
104106.98502093804
104157.24002098484
104206.99002103118
104255.69502107654
104305.51002112293
104356.15002117009
104405.02502121561
104455.23502126237
104505.10502130882
104553.85502135422
104603.79002140072
104654.25502144772
104703.1850214933
104753.49002154014
104803.10002158635
104851.75502163166
104901.41502167791
104952.18002172519
105000.88502177055
105050.69502181694
105101.3400218641
105150.21502190962
105200.42002195638
105250.30002200283
105299.05502204824
105349.01002209476
105399.45002214174
105448.38002218731
105498.68002223416
105548.29502228036
105596.95002232568
105646.61002237193
105697.3750224192
105746.08002246456
105795.89002251095
105846.53002255812
105895.41002260364
105945.6150226504
105995.49002269685
106044.24502274225
106094.18502278876
106144.64002283575
106193.57002288132
106243.87502292817
106293.48502297438
106342.14002301969
106391.80002306594
106442.56502311322
106491.27002315858
106541.07502320496
106591.72002325213
106640.59502329765
106690.7950233444
106740.69002339087
106789.45002343628
106839.41502348281
106889.83002352976
106938.76002357533
106989.06002362218
107038.68002366839
107087.3350237137
107137.00002375996
107187.76502380724
107236.48002385261
107286.31002389902
107336.92502394615
107385.82002399169
107436.05502403848
107485.85002408485
107534.57502413023
107584.43502417667
107635.01502422377
107683.92502426932
107734.19002431614
107783.90002436243
107832.59502440778
107882.36502445413
107933.04502450133
107981.88502454682
108032.02002459351
108082.08002464013
108130.9050246856
108181.02002473228
108231.13002477895
108279.98002482444
108330.13002487115
108380.14502491773
108428.95502496319
108479.03002500982
108529.22502505657
108578.1050251021
108628.32002514886
108678.17502519529
108726.9250252407
108776.85002528719
108827.3350253342
108876.26002537977
108926.56502542662
108976.18002547283
109024.83502551814
109074.49502556439
109125.26502561168
109173.97002565704
109223.79502570344
109274.42002575059
109323.30502579611
109373.53002584289
109423.3600258893
109472.10002593469
109522.00502598117
109572.52002602821
109621.44502607378
109671.74002612062
109721.38002616685
109770.04002621217
109819.72502625844
109870.48002630571
109919.2150263511
109969.12002639758
110019.64002644463
110068.56502649019
110118.86002653703
110168.49502658326
110217.15502662858
110266.84002667485
110317.59002672211
110366.33002676751
110416.23002681398
110466.75502686104
110515.6750269066
110565.97002695344
110615.61002699967
110664.27502704499
110713.96502709127
110764.71502713853
110813.46002718393
110863.38002723042
110913.87002727744
110962.80002732301
111013.10002736986
111062.72002741607
111111.37502746138
111161.04002750764
111211.80502755492
111260.52002760029
111310.3550276467
111360.96502769383
111409.86002773937
111460.10502778617
111509.88502783253
111558.6000278779
111608.45002792432
111659.04502797144
111707.94502801698
111758.20002806379
111807.95502811013
111856.66002815549
111906.47502820188
111957.11002824904
112005.99002829456
112056.20502834133
112106.06002838776
112154.80502843315
112204.73002847965
112255.21502852667
112304.14502857224
112354.44502861908
112404.0650286653
112452.72002871061
112502.38502875686
112553.15002880414
112601.86502884951
112651.70002889592
112702.31002894306
112751.2050289886
112801.44502903539
112851.23502908176
112899.95502912713
112949.81002917356
113000.39502922067
113049.30502926622
113099.56502931303
113149.29002935934
113197.98502940469
113247.77002945106
113298.44002949825
113347.29002954374
113397.45002959046
113447.44502963702
113496.25002968247
113546.3100297291
113596.54002977588
113645.43002982141
113695.66002986819
113745.47002991458
113794.20002995996
113844.07503000641
113894.6350300535
113943.55003009905
113993.83003014588
114043.50503019214
114092.18503023748
114141.9150302838
114192.63503033103
114241.43003037648
114291.47003042308
114341.7400304699
114390.64003051544
114440.89503056224
114490.64503060858
114539.35003065394
114589.16003070032
114639.80003074749
114688.68003079301
114738.89003083977
114788.76003088622
114837.51003093162
114887.45003097813
114937.91003102512
114986.8400310707
115037.14003111754
115086.75503116375
115135.41003120906
115185.0650312553
115235.83503130259
115284.54003134795
115334.34503139433
115384.9900314415
115433.86503148702
115484.06503153377
115533.95503158023
115582.72003162565
115632.68003167218
115683.10003171914
115732.0300317647
115782.33003181155
115831.95003185776
115880.60503190308
115930.27003194933
115981.03503199661
116029.74503204197
116079.57503208838
116130.19503213553
116179.08503218106
116229.31503222784
116279.12503227423
116327.8500323196
116377.72503236606
116428.28503241314
116477.2000324587
116527.48003250553
116577.1600325518
116625.84003259713
116675.58003264345
116726.29503269069
116775.09503273614
116825.15503278276
116875.38503282954
116924.27503287507
116974.51003292185
117024.31503296824
117073.04003301362
117122.91003306006
117173.47503310716
117222.39003315271
117272.66503319953
117322.35503324581
117371.04003329115
117420.78503333748
117471.4900333847
117520.30503343017
117570.3850334768
117620.57003352355
117669.44503356906
117719.65003361582
117769.53003366227
117818.29003370769
117868.2400337542
117918.68003380118
117967.61003384675
118017.9100338936
118067.5250339398
118116.18003398512
118165.84003403137
118216.60503407865
118265.310034124
118315.1250341704
118365.76503421756
118414.64003426308
118464.84503430984
118514.72003435629
118563.4750344017
118613.4150344482
118663.8700344952
118712.80003454076
118763.10503458761
118812.71503463382
118861.37003467913
118911.03003472538
118961.79503477266
119010.50003481802
119060.3050348644
119110.95503491157
119159.82503495709
119210.02503500384
119259.92003505031
119308.68003509572
119358.64503514225
119409.06503518921
119457.99003523478
119508.29003528162
119557.91003532783
119606.57003537315
119656.2300354194
119706.99503546668
119755.71003551205
119805.54003555846
119856.1550356056
119905.05003565113
119955.28503569792
120005.0850357443
120053.80503578967
120103.67503583612
120154.24503588321
120203.15503592876
120253.43003597559
120303.13003602187
120351.81503606722
120401.57503611356
120452.27003616077
120501.09503620624
120551.2000362529
120601.32503629959
120650.18003634509
120700.34503639181
120750.33003643836
120799.13003648381
120849.18003653042
120899.43003657722
120948.32503662276
120998.56503666955
121048.34503671591
121097.06503676128
121146.9100368077
121197.51003685483
121246.41003690037
121296.66003694717
121346.41503699351
121395.12503703887
121444.94503708527
121495.57503713242
121544.45503717795
121594.67503722472
121644.52003727114
121693.26003731653
121743.17503736302
121793.67503741005
121842.60503745562
121892.90003750246
121942.53003754868
121991.190037594
122040.86003764026
122091.62003768753
122140.34503773291
122190.21503777936
122240.78503782646
122289.695037872
122339.96503791882
122389.66503796511
122438.35503801046
122488.1100380568
122538.80503810401
122587.63503814948
122637.74003819615
122687.86503824283
122736.72003828833
122786.88503833505
122836.8650383816
122885.66503842705
122935.71003847366
122985.97003852046
123034.865038566
123085.1100386128
123134.88003865915
123183.59503870452
123233.43003875093
123284.04003879806
123332.9350388436
123383.17503889039
123432.96503893676
123481.68503898213
123531.54003902856
123582.12503907568
123631.03003912122
123681.29003916803
123731.02503921435
123779.7200392597
123829.51003930607
123880.17503935326
123929.03503939876
123979.20503944549
124029.17003949202
124077.96003953746
124127.98503958405
124178.28003963089
124227.19003967644
124277.45503972325
124327.17503976956
124375.8650398149
124425.64503986127
124476.32003990846
124525.17003995395
124575.32004000066
124625.34004004725
124674.1500400927
124724.23004013934
124774.41504018608
124823.2900402316
124873.49504027836
124923.37504032481
124972.13004037022
125022.08004041674
125072.52504046372
125121.45504050929
125171.75504055613
125221.37004060234
125270.02504064766
125319.6850406939
125370.45004074118
125419.15504078654
125468.96504083293
125519.6100408801
125568.48504092562
125618.68504097237
125668.57004101883
125717.32504106424
125767.28004111076
125817.71504115773
125866.6450412033
125916.95004125015
125966.56504129636
126015.22004134167
126064.87504138792
126115.6450414352
126164.35004148056
126214.16004152695
126264.80004157411
126313.68004161963
126363.8900416664
126413.76004171284
126462.51004175824
126512.45004180475
126562.91004185175
126611.84004189732
126662.14004194416
126711.75504199037
126760.41004203568
126810.06504208193
126860.83504212921
126909.54004217457
126959.34504222096
127009.99004226812
127058.86504231364
127109.0650423604
127158.95504240686
127207.71504245227
127257.6800424988
127308.10004254576
127357.03004259133
127407.33004263818
127456.95004268439
127505.6050427297
127555.27004277596
127606.03504282323
127654.7450428686
127704.570042915
127755.19504296215
127804.08004300768
127854.31004305446
127904.12504310085
127952.85504314624
128002.73504319269
128053.29004323977
128102.20504328533
128152.49004333216
128202.16004337842
128250.83004342375
128300.55504347006
128351.2800435173
128400.06504356273
128450.08504360932
128500.40004365618
128549.31504370173
128599.58504374855
128649.28004379483
128697.96504384017
128747.7150438865
128798.42004393373
128847.2400439792
128897.33004402585
128947.48504407256
128996.35004411807
129046.54004416481
129096.4650442113
129145.24504425674
129195.2400443033
129245.5950443502
129294.51504439575
129344.80504444259
129394.46004448883
129443.13004453416
129492.84004458046
129543.58004462771
129592.34504467313
129642.33004471968
129692.7150447666
129741.64004481217
129791.93504485901
129841.57004490524
129890.23004495056
129939.91504499683
129990.6700450441
130039.40504508949
130089.30504513596
130139.83004518301
130188.75504522858
130239.04504527542
130288.69004532165
130337.35504536697
130387.04504541325
130437.79504546052
130486.54004550591
130536.47004555241
130586.95004559943
130635.87504564499
130686.18004569184
130735.79504573805
130784.45004578336
130834.11004582961
130884.8800458769
130933.58504592226
130983.41004596866
131034.03504601581
131082.92004606134
131133.1450461081
131182.98004615452
131231.7150461999
131281.6200462464
131332.14004629344
131381.065046339
131431.35504638584
131480.99504643207
131529.6550464774
131579.34004652366
131630.09504657093
131678.83004661632
131728.7300466628
131779.25504670985
131828.1800467554
131878.47004680225
131928.11004684848
131976.7750468938
132026.46004694008
132077.21004698734
132125.95504703274
132175.86504707922
132226.37004712626
132275.29504717182
132325.59504721867
132375.22004726488
132423.8800473102
132473.55504735647
132524.31504740374
132573.04004744912
132622.90504749556
132673.47504754266
132722.3900475882
132772.66004763503
132822.36004768132
132871.04504772666
132920.805047773
132971.5000478202
133020.32504786568
133070.43504791235
133120.55504795903
133169.40504800453
133219.57004805125
133269.5600480978
133318.36504814326
133368.42504818988
133418.65504823666
133467.5450482822
133517.78004832898
133567.58504837536
133616.31004842074
133666.1850484672
133716.74504851428
133765.66004855983
133815.93504860665
133865.62504865293
133914.30504869827
133964.0500487446
134014.76004879182
134063.57004883728
134113.64504888392
134163.84004893067
134212.7200489762
134262.93504902296
134312.7950490694
134361.5400491148
134411.4700491613
134461.9500492083
134510.87504925387
134561.18004930072
134610.79504934693
134659.45004939224
134709.1100494385
134759.88004948577
134808.58504953113
134858.40504957753
134909.03504962468
134957.9200496702
135008.14004971698
135057.9800497634
135106.7200498088
135156.62504985527
135207.14004990231
135256.06504994788
135306.36004999472
135355.99005004094
135404.65505008626
135454.33005013253
135505.0900501798
135553.8200502252
135603.70505027164
135654.25005031872
135703.17005036428
135753.4550504111
135803.11505045736
135851.7900505027
135901.505050549
135952.23505059624
136001.01505064167
136051.01005068823
136101.36505073513
136150.2850507807
136200.57005082752
136250.23005087377
136298.9050509191
136348.6150509654
136399.35005101265
136448.12005105807
136498.10505110462
136548.48505115154
136597.4100511971
136647.70005124394
136697.34005129017
136746.0050513355
136795.69505138177
136846.44505142904
136895.18505147443
136945.10505152092
136995.60005156795
137044.53005161352
137094.83005166036
137144.45005170658
137193.1100517519
137242.78005179815
137293.54005184543
137342.2600518908
137392.11005193723
137442.70005198434
137491.6050520299
137541.8600520767
137591.60505212302
137640.30505216838
137690.11505221477
137740.76005226193
137789.63005230745
137839.8300523542
137889.72505240067
137938.49005244608
137988.45505249262
138038.87005253957
138087.80005258514
138138.10005263198
138187.7200526782
138236.3750527235
138286.04505276977
138336.80505281704
138385.5200528624
138435.36005290883
138485.97005295596
138534.8650530015
138585.1100530483
138634.88005309465
138683.59505314002
138733.43505318643
138784.04505323357
138832.9400532791
138883.1800533259
138932.96005337226
138981.68005341763
139031.53005346406
139082.12505351118
139131.02505355672
139181.28005360352
139231.03005364985
139279.7350536952
139329.5450537416
139380.18505378877
139429.06005383428
139479.27005388105
139529.1450539275
139577.9000539729
139627.84505401942
139678.2950540664
139727.22505411197
139777.52505415882
139827.14005420503
139875.79505425034
139925.45005429658
139976.22005434387
140024.92505438923
140074.7300544356
140125.37505448278
140174.2500545283
140224.45005457505
140274.3400546215
140323.10005466692
140373.06505471346
140423.48505476041
140472.41505480598
140522.71505485283
140572.33505489904
140620.99005494436
140670.6550549906
140721.4200550379
140770.13005508325
140819.96005512966
140870.5800551768
140919.47005522234
140969.70005526912
141019.5100553155
141068.23505536088
141118.11505540734
141168.67005545442
141217.59005549998
141267.8650555468
141317.54505559307
141366.2250556384
141415.95505568472
141466.67505573196
141515.4700557774
141565.515055824
141615.77505587082
141664.67505591636
141714.92005596316
141764.6900560095
141813.40005605487
141863.23005610128
141913.85005614843
141962.74005619396
142012.97505624074
142062.77505628712
142111.5000563325
142161.37005637895
142211.94005642604
142260.8500564716
142311.12505651842
142360.8200565647
142409.50505661004
142459.25505665637
142509.9600567036
142558.77505674906
142608.8700567957
142659.02505684242
142707.89005688793
142758.07505693467
142808.00505698117
142856.7850570266
142906.78505707317
142957.13505712006
143006.05505716562
143056.34005721245
143106.0000572587
143154.67505730403
143204.38505735033
143255.12005739758
143303.895057443
143353.89005748957
143404.25005753647
143453.17505758203
143503.46005762886
143553.1150576751
143601.78505772044
143651.48505776672
143702.22505781398
143750.9900578594
143800.95005790592
143851.37005795288
143900.30005799845
143950.6000580453
144000.2200580915
144048.87505813682
144098.54005818308
144149.30505823035
144198.01505827572
144247.85005832213
144298.46505836927
144347.3550584148
144397.5900584616
144447.39005850797
144496.11505855335
144545.9800585998
144596.5550586469
144645.46505869244
144695.73005873925
144745.44005878555
144794.1250588309
144843.89005887724
144894.58005892445
144943.41505896993
144993.5300590166
145043.62505906326
145092.47005910875
145142.61005915544
145192.65005920205
145241.47505924752
145291.57505929418
145341.71505934087
145390.57505938638
145440.7500594331
145490.70505947963
145539.49005952507
145589.51505957166
145639.8200596185
145688.73505966406
145739.00005971087
145788.71005975717
145837.3950598025
145887.16005984886
145937.85005989607
145986.68005994154
146036.80005998822
146086.89506003488
146135.74006008037
146185.88006012706
146235.92006017367
146284.74006021913
146334.8400602658
146384.9850603125
146433.845060358
146484.02506040473
146533.97006045125
146582.75506049668
146632.77006054326
146683.09506059013
146732.00506063568
146782.2850606825
146831.97006072878
146880.65506077412
146930.39506082045
146981.10506086767
147029.91506091313
147079.99006095977
147130.19006100652
147179.07006105204
147229.2800610988
147279.14006114524
147327.88506119064
147377.81006123713
147428.29506128415
147477.22506132972
147527.52506137657
147577.14006142278
147625.7950614681
147675.46006151434
147726.22506156162
147774.935061607
147824.7600616534
147875.38506170054
147924.27006174607
147974.50006179285
148024.32006183924
148073.05006188463
148122.9400619311
148173.48006197816
148222.40006202372
148272.69006207056
148322.3450621168
148371.01506216213
148420.72506220842
148471.46006225568
148520.2300623011
148570.21506234765
148620.60006239457
148669.52506244014
148719.82006248698
148769.4550625332
148818.11506257852
148867.8000626248
148918.55506267207
148967.29006271745
149017.18506276392
149067.71506281098
149116.64006285655
149166.93006290338
149216.57506294962
149265.24006299494
149314.93006304122
149365.68006308848
149414.42506313388
149464.35506318038
149514.8350632274
149563.76006327296
149614.0650633198
149663.68006336602
149712.33506341133
149761.99506345758
149812.76006350486
149861.47006355022
149911.28506359662
149961.92006364377
