60.48500000001249
98.46499999998294
111.89999999997072
177.16999999991137
208.09999999988324
220.7949999998717
240.7899999998535
272.5099999998247
297.27999999980216
365.22499999974036
377.709999999729
400.72999999970807
437.8299999996743
560.6199999995627
597.4399999995292
653.8099999994779
687.5149999994472
699.899999999436
718.0749999994194
737.9049999994014
887.4849999992654
904.0149999992503
990.0299999991721
1004.5549999991589
1043.9549999995768
1193.635000002844
1231.0750000036612
1241.6400000038918
1255.115000004186
1311.3350000054131
1327.500000005766
1342.0850000060843
1362.1150000065215
1392.8850000071932
1446.9100000083724
1472.6900000089352
1495.730000009438
1518.72500000994
1634.085000012458
1646.0600000127195
1709.720000014109
1817.1800000164546
1831.9200000167764
1897.4050000182058
1907.905000018435
1920.365000018707
2055.1450000216487
2090.840000022428
2104.170000022719
2126.6150000232087
2161.2800000239654
2170.4900000241664
2273.7950000264213
2289.2500000267587
2352.2350000281335
2394.2500000290506
2534.220000032106
2549.440000032438
2571.9100000329286
2611.980000033803
2671.0800000350932
2876.6150000395796
2946.5150000411054
2978.5400000418044
2992.7100000421137
3019.5850000427004
3043.9300000432318
3134.335000045205
3153.6750000456273
3190.415000046429
3200.950000046659
3250.4450000477395
3314.045000049128
3345.2800000498096
3359.6100000501224
3386.7750000507153
3424.4350000515374
3445.8900000520057
3461.700000052351
3484.850000052856
3516.545000053548
3530.2150000538463
3545.1550000541724
3643.2050000563127
3662.820000056741
3742.3950000584778
3758.755000058835
3776.2300000592163
3788.535000059485
4006.060000064233
4025.715000064662
4042.625000065031
4100.350000066291
4115.100000066613
4139.225000067139
4178.685000068001
4210.320000068691
4264.235000069868
4461.455000074173
4477.175000074516
4509.735000075227
4582.180000076808
4595.5600000771
4653.345000078361
4666.785000078655
4865.345000082989
4981.9650000855345
5004.385000086024
5163.16000008949
5173.925000089725
5200.165000090297
5218.515000090698
5228.995000090927
5313.45000009277
5353.485000093644
5364.610000093887
5584.045000098677
5596.11500009894
5738.360000102045
5755.685000102423
5774.615000102836
5785.820000103081
5921.620000106045
5976.110000107235
5996.165000107672
6176.650000111612
6190.525000111915
6208.605000112309
6238.895000112971
6262.010000113475
6287.640000114035
6322.085000114786
6337.740000115128
6352.680000115454
6378.285000116013
6418.970000116901
6465.20000011791
6486.425000118374
6524.010000119194
6598.2000001208135
6609.280000121055
6672.330000122432
6834.075000125962
6863.240000126599
6879.79000012696
6900.930000127421
6945.805000128401
6985.7350001292725
6999.100000129564
7010.115000129805
7046.99500013061
7073.525000131189
7145.615000132762
7188.340000133695
7199.785000133945
7212.165000134215
7236.040000134736
7261.180000135285
7297.695000136082
7351.900000137265
7556.89000014174
7575.460000142145
7587.275000142403
7602.28000014273
7624.805000143222
7700.890000144883
7730.475000145529
7802.220000147095
7820.360000147491
7834.7850001478055
7938.650000150073
7994.095000151283
8078.620000153128
8090.660000153391
8136.240000154386
8156.525000154828
8188.750000155532
8202.215000153967
8350.0650001303
8361.615000128451
8376.230000126112
8459.055000112854
8480.170000109474
8494.165000107234
8513.1150001042
8525.995000102139
8543.145000099394
8563.340000096161
8603.615000089714
8614.340000087997
8631.210000085297
8644.06000008324
8656.040000081322
8714.53000007196
8747.965000066608
8913.345000040135
8931.800000037181
9086.11000001248
9104.975000009461
9118.950000007224
9160.535000000567
9319.744999975082
9337.414999972254
9419.33999995914
9473.339999950496
9504.694999945477
9524.724999942271
9589.694999931871
9605.539999929335
9671.654999918752
9734.13999990875
9905.469999881325
10012.879999864132
10028.584999861618
10056.189999857199
10072.329999854615
10104.504999849465
10167.19999983943
10185.449999836508
10215.944999831627
10244.924999826988
10341.42999981154
10450.049999794153
10577.654999773727
10608.849999768734
10725.88999975
10748.014999746458
10856.474999729096
10893.99999972309
10910.129999720508
10990.33499970767
11003.399999705578
11027.774999701676
11041.30499969951
11091.779999691431
11105.744999689196
11179.364999677411
11214.654999671762
11242.979999667228
11264.614999663765
11309.369999656601
11334.309999652609
11344.54999965097
11356.899999648993
11524.294999622198
11553.13999961758
11565.474999615606
11592.364999611302
11680.199999597242
11697.094999594538
11766.844999583373
11792.804999579217
11882.754999564819
11897.49499956246
11942.809999555206
11993.664999547065
12183.869999516619
12243.889999507011
12283.9449995006
12297.24499949847
12321.144999494645
12352.154999489681
12362.884999487964
12382.0249994849
12417.094999479286
12429.484999477303
12485.694999468305
12523.789999462208
12562.204999456058
12584.05999945256
12624.944999446016
12650.914999441859
12676.20499943781
12687.89499943594
12724.544999430072
12735.964999428244
12828.619999413413
12859.074999408538
12931.694999396914
12997.779999386335
13026.779999381693
13078.424999373427
13121.364999366553
13137.764999363928
13148.229999362253
13172.129999358427
13184.594999356432
13199.59999935403
13214.884999351583
13352.054999329626
13368.389999327012
13408.234999320634
13423.239999318232
13453.939999313317
13477.689999309516
13572.519999294336
13637.014999284012
13744.114999266869
13764.059999263676
13813.424999255774
13847.919999250253
13880.899999244974
13948.564999234142
13982.619999228691
14012.009999223987
14027.304999221538
14044.154999218841
14099.75999920994
14134.389999204397
14146.214999202504
14174.654999197952
14185.369999196237
14196.899999194391
14222.929999190224
14241.754999187211
14282.479999180692
14388.459999163728
14403.179999161372
14415.109999159462
14425.839999157744
14449.8549991539
14476.734999149598
14555.419999137002
14585.644999132164
14598.28999913014
14686.914999115954
14745.404999106591
14833.139999092547
14856.79999908876
14874.719999085892
14902.824999081393
14926.299999077635
14999.644999065895
15053.169999057327
15067.509999055032
15152.744999041388
15172.754999038185
15187.449999035833
15233.829999028409
15306.119999016837
15320.709999014502
15332.874999012554
15347.844999010158
15408.039999000523
15419.829998998635
15512.56999898379
15544.3699989787
15560.699998976086
15591.97999897108
15669.949998958598
15682.229998956633
15692.839998954934
15703.829998953175
15723.174998950079
15745.954998946432
15763.33999894365
15800.56499893769
15821.954998934267
15863.529998927612
15879.374998925075
15988.73999890757
16131.834998884664
16313.289998855618
16334.569998852212
16355.484998848864
16365.979998847184
16375.209998845707
16390.34999884559
16404.854998848547
16521.11499887223
16538.219998875717
16552.604998878647
16566.41499888146
16628.574998894124
16643.394998897144
16674.224998903424
16798.73499892879
16813.329998931764
16827.05999893456
16846.3999989385
16929.569998955445
16942.45499895807
16962.549998962164
16977.224998965154
16988.2549989674
17020.779998974027
17032.81999897648
17268.744999024544
17283.60499902757
17299.179999030745
17333.27999903769
17364.704999044094
17380.67999904735
17393.364999049933
17408.56499905303
17460.19999906355
17629.364999098012
17647.349999101676
17664.44499910516
17690.96499911056
17762.459999125127
17809.69999913475
17840.989999141126
18006.57999917486
18077.244999189257
18107.8949991955
18126.77999919935
18143.37999920273
18166.229999207386
18183.499999210904
18201.224999214515
18213.799999217077
18224.874999219333
18252.14999922489
18271.28499922879
18299.589999234555
18313.724999237435
18340.94499924298
18373.82999924968
18398.289999254663
18606.024999296984
18632.344999302346
18643.539999304627
18718.65999931993
18774.744999331357
18792.28999933493
18803.594999337234
18826.69999934194
19003.89999937804
19017.9299993809
19033.82499938414
19052.19999938788
19071.9299993919
19100.83499939779
19122.149999402132
19162.464999410346
19299.424999438248
19319.549999442348
19386.634999456015
19463.414999471657
19481.914999475426
19652.024999510082
19777.294999535603
19978.644999576623
20075.91499959644
20117.09999960483
20204.054999622545
20265.28999963502
20282.434999638514
20357.064999653718
20372.939999656952
20445.509999671736
20457.289999674136
20476.519999678054
20529.929999688935
20600.329999703277
20610.169999705282
20669.39999971735
20688.414999721223
20718.414999727334
20740.519999731838
20753.174999734416
20771.89999973823
20785.334999740968
20808.21499974563
20840.9599997523
20858.664999755907
20872.904999758808
20909.28499976622
20921.89499976879
20936.789999771823
21011.939999787133
21045.1599997939
21093.269999803702
21131.524999811496
21200.279999825503
21337.40499985344
21360.47499985814
21376.249999861353
21389.7299998641
21407.674999867755
21493.89499988532
21506.074999887802
21548.994999896546
21617.604999910523
21653.37999991781
21763.7599999403
21856.844999959263
21912.83499997067
21981.834999984727
22082.310000005196
22101.72000000915
22123.0600000135
22185.445000026208
22216.48000003253
22232.560000035806
22260.70000004154
22359.27000006162
22422.560000074514
22460.790000082303
22488.185000087884
22501.330000090562
22566.075000103752
22668.30000012458
22706.425000132345
22723.04000013573
22746.98500014061
22765.525000144386
22787.44000014885
22848.430000161276
22887.02500016914
22921.89000017624
23087.385000209957
23123.4350002173
23174.800000227766
23281.845000249574
23314.900000256308
23367.220000266967
23458.545000285572
23511.020000296263
23541.29500030243
23603.18000031504
23626.910000319873
23698.105000334377
23720.685000338977
23732.28500034134
23749.920000344933
23786.630000352412
23799.98000035513
23818.12500035883
23836.565000362585
23860.915000367546
23874.895000370394
24034.570000402924
24079.26500041203
24090.775000414375
24122.190000420775
24158.115000428093
24309.165000458866
24325.560000462207
24395.660000476488
24436.80500048487
24455.75500048873
24517.9450005014
24541.520000506203
24577.8300005136
24596.590000517423
24612.610000520686
24634.900000525227
24667.380000531844
24704.035000539312
24726.670000543923
24748.315000548333
24918.52000058301
24937.045000586782
25005.890000600808
25080.880000616085
25169.285000634096
25188.390000637988
25201.190000640596
25221.160000644664
25245.545000649632
25269.24500065446
25381.435000677317
25396.560000680398
25409.715000683078
25429.125000687032
25883.93500077969
25961.760000795544
25972.365000797705
25987.875000800865
26030.380000809524
26060.870000815736
26086.16500082089
26100.35000082378
26189.63500084197
26203.010000844693
26228.285000849843
26345.405000873703
26419.680000888835
26444.140000893818
26469.360000898956
26546.900000914753
26591.64500092387
26682.190000942315
26702.29000094641
26754.000000956945
26966.590001000255
27017.07000101054
27033.260001013838
27087.90500102497
27099.29500102729
27120.430001031596
27146.440001036895
27184.180001044584
27218.285001051532
27268.525001061767
27359.320001080265
27373.220001083097
27389.815001086477
27485.755001106023
27793.680001168756
27808.830001171842
27820.970001174315
27855.870001181425
27922.20000119494
27940.51500119867
28124.92500123624
28240.73000125983
28264.245001264622
28388.340001289904
28500.655001312785
28646.480001342494
28786.31000137098
28803.570001374497
28820.765001378
28898.920001393923
28921.610001398545
28945.425001403397
29080.72000143096
29190.76000145338
29213.665001458045
29228.940001461156
29243.69000146416
29295.250001474666
29369.64000148982
29387.710001493502
29472.215001510718
29491.525001514652
29512.145001518853
29529.30500152235
29585.245001533745
29629.085001542677
29640.410001544984
29701.715001557473
29718.370001560867
29755.24500156838
29959.375001609966
29974.95000161314
30016.82500162167
30031.975001624756
30045.715001627555
30058.340001630128
30142.28500164723
30169.28000165273
30187.55000165645
30212.065001661445
30294.35000167821
30373.410001694316
30393.520001698413
30456.670001711278
30529.055001726025
30621.16500174479
30636.800001747975
30666.505001754027
30681.69000175712
30735.905001768166
30853.765001792177
30879.275001797374
30907.360001803096
30925.475001806786
30948.245001811425
31067.60000183574
31084.320001839147
31095.48500184142
31164.98000185558
31177.8350018582
31200.165001862748
31223.915001867586
31292.40000188154
31337.355001890697
31458.870001915453
31473.955001918526
31554.900001935017
31582.240001940587
31606.30000194549
31619.670001948212
31633.11000195095
31652.44000195489
31687.565001962044
31700.610001964702
31711.480001966916
31724.530001969575
31772.46500197934
31786.960001982294
31890.790002003447
31905.54000200645
31920.225002009443
31937.910002013046
31949.51000201541
31967.910002019158
31982.26000202208
32002.590002026223
32086.250002043267
32103.265002046734
32207.875002068045
32235.300002073633
32298.285002086464
32322.17500209133
32370.295002101135
32429.250002113145
32519.05000213144
32622.745002152566
32649.210002157957
32780.57000217557
32934.9450020947
32948.56500208756
32969.1150020768
32980.83000207066
33043.755002037695
33119.41500199806
33130.305001992354
33169.475001971834
33363.99500186993
33396.16500185308
33408.960001846375
33424.72000183812
33448.67500182557
33466.81000181607
33482.300001807955
33498.985001799214
33511.05000179289
33521.93500178719
33614.95000173846
33673.280001707906
33879.460001599895
33893.73500159242
33907.270001585326
33996.6600015385
34028.31000152192
34059.86000150539
34069.32000150043
34084.77500149234
34229.04500141676
34277.33500139146
34290.60500138451
34302.675001378186
34314.02000137224
34323.78500136713
34336.19000136063
34363.990001346065
34430.50000131122
34469.28000129091
34589.65000122785
34714.7750011623
34876.960001077336
34899.63500106546
34972.690001027186
34984.07500102122
34997.700001014084
35013.09000100602
35046.680000988425
35068.290000977104
35080.19500097087
35098.0750009615
35109.54500095549
35122.1250009489
35136.8300009412
35165.89500092597
35185.92500091548
35197.07500090964
35212.78000090141
35312.29000084928
35325.31000084246
35342.500000833454
35356.40000082617
35386.30000081051
35398.60500080406
35413.88000079606
35438.325000783254
35453.8900007751
35564.11000071736
35588.56000070455
35601.42000069781
35615.69000069034
35718.470000636495
35744.200000623016
35900.77000054099
35942.02500051938
36011.61000048293
36046.48000046466
36157.25000040663
36171.86000039898
36184.30000039246
36203.92500038218
36226.95000037012
36262.880000351295
36274.77000034507
36298.11500033284
36545.815000203074
36579.48000018544
36595.385000177106
36605.57000017177
36623.370000162446
36662.46000014197
36753.81000009411
36775.26500008287
36841.35500004825
37039.64499994437
37063.194999932035
37074.06999992634
37088.334999918865
37281.71499981756
37344.13999978486
37357.26999977798
37370.91499977083
37383.54499976421
37418.17499974607
37562.90499967025
37578.18499966225
37593.69999965412
37683.404999607126
37694.7199996012
37724.81999958543
37752.9349995707
37770.854999561314
37782.50999955521
37834.8349995278
37847.53999952114
37863.034999513024
37873.14499950773
37889.754999499026
37903.90499949161
37919.189999483606
37943.64999947079
37975.00999945436
37993.68499944458
38015.50499943315
38053.309999413344
38108.914999384215
38148.95499936324
38160.73499935707
38180.554999346685
38231.24499932013
38286.419999291225
38306.579999280664
38326.314999270326
38351.09999925734
38370.24499924731
38385.67499923923
38577.63499913867
38589.64999913237
38633.359999109474
38647.15499910225
38662.41999909425
38674.96499908768
38764.55999904074
38781.354999031944
38798.474999022976
38813.08999901532
38830.44499900623
38848.17499899694
38935.514998951185
38956.07999894041
39006.1199989142
39107.254998861215
39123.38999885276
39141.12499884347
39251.34999878573
39274.169998773774
39359.074998729295
39405.2649987051
39452.629998680284
39504.02999865336
39526.58499864154
39577.75999861473
39594.894998605756
39609.47499859812
39644.28999857988
39730.70499853461
39838.069998478364
39886.00999845325
39898.64999844663
39910.7349984403
39925.569998432526
39942.45499842368
39954.584998417326
39976.48999840585
39999.72499839368
40121.04499833012
40351.594998209344
40371.464998198935
40393.18499818756
40548.399998106244
40561.59999809933
40604.69999807675
40636.38999806015
40811.81499796825
40866.19499793976
41011.63499786357
41123.11499780517
41231.699997748285
41249.17999773913
41267.42499772957
41291.81499771679
41321.05999770147
41436.709997640886
41534.72499758954
41555.92999757843
41678.56999751418
41730.699997486874
41762.5349974702
41858.859997419735
41988.98499735157
42002.33499734457
42098.77499729405
42193.04999724466
42227.729997226495
42299.809997188735
42485.389997091515
42501.66499708299
42524.32499707112
42580.46499704171
42688.264996985235
42738.889996958715
42753.8049969509
42771.284996941744
42843.48999690392
43083.81499677802
43094.31499677252
43112.76999676285
43183.84499672562
43210.324996711744
43234.814996698915
43262.509996684406
43278.3599966761
43333.27999664733
43354.43999663625
43387.02499661918
43470.369996575515
43512.60499655339
43526.8999965459
43540.87999653858
43580.59499651777
43600.67999650725
43651.064996480854
43734.519996437135
43811.53999639679
43961.219996318374
43975.289996311
43998.24499629898
44007.99499629387
44064.68999626417
44084.989996253535
44101.40999624493
44114.94999623784
44127.67999623117
44152.51999621816
44166.68499621074
44246.424996168964
44298.40999614173
44431.964996071765
44452.03499606125
44466.42999605371
44513.64999602897
44526.82999602207
44554.87499600738
44839.66999585818
44863.444995845726
44910.71499582096
44988.31999578031
45018.25999576462
45032.29499575727
45046.24499574996
45059.18999574318
45071.52999573672
45101.024995721265
45123.19999570965
45174.98499568252
45195.68999567167
45265.644995635026
45385.53999557222
45397.0249955662
45436.9149955453
45451.05999553789
45466.629995529736
45477.27499552416
45490.82499551706
45551.864995485084
45575.17999547287
45590.56499546481
45604.989995457254
45744.93499538394
45801.07499535453
45818.84999534522
45835.769995336355
45851.88999532791
45864.58499532126
45881.03499531264
45900.2099953026
45920.484995291976
45935.28999528422
45953.49999527468
46088.354995204034
46184.78499515352
46236.539995126404
46247.839995120485
46292.069995097314
46304.074995091025
46370.83499505605
46385.48499504838
46401.64499503991
46416.78499503198
46457.259995010776
46494.579994991225
46514.6699949807
46547.989994963245
46624.269994923285
46650.46499490956
46680.20999489398
46701.07499488305
46719.05499487363
46741.00499486213
46752.564994856075
46832.13499481439
46849.58999480525
46900.22499477872
46941.22999475724
46955.52499474975
46969.45499474245
47021.144994715374
47067.794994690936
47113.70999466688
47180.074994632116
47196.15499462369
47215.45999461358
47241.04999460017
47254.56999459309
47277.13999458127
47328.529994554345
47342.544994547
47358.62499453858
47409.274994512045
47434.00499449909
47451.534994489906
47485.69999447201
47635.29999439364
47746.55999433535
47866.06499427275
47898.73999425563
47995.414994204984
48033.06499418526
48055.75999417337
48085.204994157946
48099.36499415053
48122.40499413846
48184.37999410599
48227.59499408335
48258.50499406716
48341.8499940235
48509.0699939359
48532.439993923654
48543.59999391781
48557.47499391054
48568.07999390498
48581.29499389806
48592.63999389212
48605.70999388527
48817.66999377423
48915.63499372291
48978.34499369006
49034.03499366088
49090.03499363155
49104.35999362404
49113.729993619134
49134.16499360843
49151.51499359934
49162.14999359377
49181.51499358362
49193.019993577596
49231.904993557226
49242.89499355147
49255.4299935449
49285.43999352918
49308.84999351692
49368.999993485406
49380.06999347961
49426.63999345521
49519.669993406475
49649.72499333834
49708.38499330761
49815.70999325139
49840.48999323841
49936.854993187924
49967.00499317213
50217.13999304109
50229.31999303471
50242.43499302784
50255.499993020996
50283.80499300617
50305.81499299464
50320.27999298706
50351.07499297093
50365.23499296351
50382.89499295426
50398.00999294634
50477.77499290455
50507.56499288895
50520.75499288204
50532.00999287614
50650.45999281409
50690.91999279289
50705.344992785336
50766.44499275333
50778.97999274676
50818.789992725906
50834.71999271756
50892.434992687326
50918.014992673925
50968.2699926476
50982.1999926403
50996.409992632856
51013.02999262415
51032.374992614015
51041.79999260908
51061.89499259855
51081.2649925884
51092.25999258264
51146.34499255431
51162.54999254582
51189.019992531954
51351.07499244706
51392.56499242532
51410.85999241574
51421.6299924101
51457.29499239141
51478.94999238007
51498.464992369845
51509.2349923642
51520.914992358084
51543.12499234645
51745.76999224029
51905.37499215668
51969.04499212332
52135.969992035876
52260.45499197066
52300.79499194953
52314.99999194209
52363.10499191689
52406.46499189417
52439.4299918769
52576.45499180512
52616.93999178391
52636.50499177366
52653.334991764845
52710.69999173479
52836.184991669055
53049.78499155716
53070.194991546465
53081.92999154032
53136.1699915119
53152.45999150337
53184.44999148661
53282.844991435064
53311.934991419825
53326.94999141196
53339.54999140536
53378.419991384995
53419.0699913637
53445.629991349786
53473.45999133521
53497.114991322815
53511.74999131515
53527.25999130702
53564.689991287414
53595.58499127123
53620.62999125811
53654.06499124059
53665.54999123458
53677.539991228296
53694.30999121951
53710.3599912111
53720.644991205714
53736.87999119721
53762.4699911838
53778.10999117561
53793.564991167514
53822.66499115227
53898.684991112445
53968.48499107588
54014.55999105174
54028.35999104451
54220.05499094409
54243.234990931946
54261.254990922505
54314.66999089452
54326.44999088835
54425.0399908367
54545.97999077335
54560.59999076569
54591.4949907495
54635.07999072667
54665.479990710744
54695.64499069494
54707.15499068891
54725.3099906794
54771.21499065535
54788.89999064609
54840.884990618855
54945.56499056402
55020.15999052494
55042.499990513235
55064.21499050186
55081.96999049256
55195.899990432874
55208.31999042637
55320.66499036751
55397.88499032706
55439.76999030512
55470.97499028877
55483.24999028234
55505.92499027046
55544.514990250245
55591.19499022579
55656.4549901916
55685.49999017639
55704.309990166534
55747.91499014369
55878.09499007549
55891.91999006825
55907.03999006033
55962.08499003149
56044.88498998812
56061.859989979224
56136.20498994028
56155.76498993003
56169.50498992283
56189.01998991261
56203.539989905
56232.88498988963
56274.20998986798
56336.19498983551
56387.094989808844
56401.3049898014
56414.959989794246
56513.919989742404
56577.84998970891
56606.91498969369
56629.83998968168
56652.96498966956
56671.92998965963
56689.61498965036
56879.62498955082
56922.55998952833
57025.59998947435
57041.949989465786
57054.44498945924
57122.60498942353
57135.999989416516
57189.49498938849
57244.919989359456
57268.70998934699
57289.90498933589
57305.82998932755
57326.164989316894
57341.59498930881
57388.55498928421
57407.79498927413
57426.40498926438
57443.729989255306
57458.809989247406
57484.579989233906
57633.34498915597
57750.869989094404
57769.539989084624
57799.08998906914
57893.614989019625
57906.67998901278
57921.004989005276
57945.9649889922
57972.58998897825
58186.76498886605
58204.70998885665
58228.20498884434
58271.244988821796
58318.36498879711
58446.269988730106
58467.37498871905
58548.41998867659
58689.96498860244
58700.71998859681
58712.28498859075
58829.09998852955
58841.97498852281
58859.544988513604
58881.399988502155
58999.769988440145
59010.954988434285
59038.74498841973
59057.054988410135
59069.83498840344
59116.43498837903
59128.83498837253
59144.97998836407
59172.8049883495
59211.99498832897
59262.199988302666
59274.55998829619
59284.02998829123
59371.924988245184
59427.28998821618
59441.08498820895
59579.08498813666
59591.85498812997
59635.099988107315
59697.14498807481
59821.89498800946
59835.48998800234
59846.889987996365
59862.87998798799
59880.159987978936
59919.484987958334
60016.57998790747
60027.13998790194
60037.7099878964
60072.75498787804
60091.65498786814
60115.67498785556
60136.08998784486
60282.32998776825
60298.70998775967
60313.304987752024
60328.92498774384
60399.95498770663
60413.74498769941
60428.4499876917
60466.69498767167
60494.014987657356
60527.249987639945
60541.644987632404
60558.28498762369
60572.034987616484
60595.02498760444
60780.02998750752
60807.40498749318
60840.66498747576
60855.2799874681
60877.08498745668
60907.419987440786
60924.97998743159
60972.06498740692
60984.03998740065
61054.43998736377
61068.489987356406
61115.67498733169
61238.40498726739
61257.754987257256
61275.32998724805
61321.224987224006
61387.674987189195
61410.639987177165
61514.364987122826
61535.07498711198
61550.33998710398
61644.33498705474
61657.27498704796
61674.66498703885
61703.62498702368
61782.849986982175
61810.164986967866
61827.764986958646
61856.609986943535
61870.97998693601
62076.50498682834
62118.23498680648
62131.08998679974
62143.989986792985
62160.5649867843
62187.264986770315
62239.989986742694
62293.739986714536
62332.13998669442
62399.97498665888
62414.71498665116
62427.90498664425
62441.869986636935
62462.1649866263
62482.28998661576
62499.114986606946
62521.67498659513
62535.119986588084
62602.31998655288
62616.20498654561
62706.249986498435
62844.25498642614
62855.884986420046
62868.749986413306
62882.779986405956
62914.5799863893
62969.844986360346
62991.95998634876
63011.819986338356
63173.73998625353
63201.37998623905
63215.86998623146
63315.16498617944
63360.12998615589
63371.069986150156
63405.43998613215
63519.469986072414
63641.77998600834
63729.87498596219
63792.969985929136
63803.739985923494
63852.92498589773
63887.68498587952
63905.38998587024
63917.53998586388
63928.65998585805
63943.124985850474
63958.05498584265
64007.84498581657
64022.49998580889
64075.5549857811
64088.79998577416
64150.579985741795
64201.49498571512
64259.13498568493
64280.7599856736
64295.41998566592
64340.23998564244
64369.5249856271
64391.37498561565
64474.92998557188
64550.74998553216
64564.5999855249
64587.1349855131
64597.94998550743
64611.19498550049
64625.494985493
64760.16998542245
64810.56498539605
64823.42498538931
64844.22998537841
64854.92498537281
64871.88998536392
64940.184985328146
64958.38998531861
65189.9499851973
65232.25998517514
65247.569985167116
65378.024985098775
65434.77998506904
65453.174985059406
65507.36498503102
65519.71498502455
65564.48998504254
65584.33998506103
65672.2499851429
65698.13998516701
65718.07998518558
65738.20498520433
65751.82998521702
65766.70498523087
65844.99998530379
65974.54998542444
66124.76998556434
66143.41498558171
66311.05998573784
66334.28998575947
66409.71498582972
66419.28998583864
66651.01998605445
66669.79998607194
66697.70498609793
66715.48498611449
66775.54498617043
66864.46998625324
66884.02498627146
66920.71998630563
66970.84498635231
66984.95998636546
66998.70498637826
67009.56998638838
67020.89498639893
67037.57998641446
67062.80498643796
67080.41998645436
67099.81998647243
67147.19498651655
67165.78498653386
67179.68498654681
67273.7299866344
67292.82998665218
67306.98998666537
67318.95998667652
67337.86998669413
67519.70498686348
67541.71498688398
67554.21998689562
67851.15998717217
67916.37998723291
67935.42998725065
67986.34998729808
68053.82498736092
68068.68498737476
68083.70998738875
68103.01998740673
68115.53498741839
68136.74998743815
68247.23498754104
68406.5349876894
68424.06498770573
68445.96498772613
68458.95498773822
68476.59498775465
68647.76498791407
68666.46498793148
68690.61498795397
68786.69998804346
68810.00498806516
68826.49498808052
68897.20498814638
68963.32998820796
68989.70998823253
69003.30498824519
69057.72998829588
69074.59498831158
69099.93998833519
69175.6549884057
69209.38998843712
69220.3149884473
69236.13998846203
69250.17998847511
69385.16998860083
69443.12998865481
69467.40998867742
69508.36498871556
69524.42998873052
69629.82498882868
69675.52998887125
69781.31498896977
69802.44498898945
69826.42998901178
69910.8399890904
69992.6599891666
70010.32998918305
70070.54498923913
70176.19998933753
70208.87998936797
70220.49998937879
70247.41998940386
70256.95998941275
70327.5599894785
70369.18998951727
70491.89998963155
70535.27998967195
70554.35498968972
70583.50498971686
70684.19998981064
70699.64998982503
71150.07999024453
71164.18499025767
71178.57499027107
71263.31499034999
71323.9949904065
71345.37999042642
71530.17999059852
71542.2849906098
71584.18499064882
71671.28999072994
71683.31999074115
71719.04999077442
71746.06499079958
71859.27999090502
71870.50999091548
72011.88499104715
72038.7899910722
72053.02999108547
72062.73999109451
72077.0099911078
72098.00499112735
72188.70499121182
72212.54999123403
72339.25499135203
72355.04499136674
72365.16999137617
72379.64499138965
72394.54499140353
72427.91999143461
72450.7749914559
72467.35999147134
72484.14499148697
72677.2249916668
72757.38999174145
72804.41499178525
72856.29499183357
72894.74499186937
72948.97499191988
73000.05999196746
73015.1349919815
73032.07999199728
73045.18499200948
73056.23999201978
73069.48499203211
73169.35999212513
73180.12499213516
73213.68999216642
73275.64499222412
73344.24999228801
73409.81999234908
73421.4499923599
73436.81999237422
73623.93499254849
73784.40499269794
73803.71999271592
73819.35499273048
73862.63499277079
73938.60999284155
73960.73499286216
73971.14499287185
73987.5149928871
74026.72999292362
74058.28999295301
74085.7649929786
74108.07499299938
74185.06999307108
74202.7999930876
74269.61499314982
74280.03499315953
74302.31499318028
74327.38999320363
74345.73999322072
74400.77999327198
74511.6199933752
74542.14999340364
74576.40499343554
74598.29999345593
74703.43999355385
74718.87999356823
74778.6499936239
74868.4199937075
74881.56499371974
74908.12499374448
74969.94999380206
74991.51499382214
75004.57999383431
75016.49999384541
75028.09999385622
75044.12999387115
75080.83499390533
75095.01999391854
75144.23999396438
75169.63999398804
75190.92999400786
75226.24499404075
75256.3549940688
75300.46499410988
75382.02999418584
75411.90999421367
75436.23499423632
75602.59999439126
75616.6999944044
75631.10999441781
75645.5949944313
75665.30499444966
75745.90499452472
75816.88499459083
75941.47999470687
75981.85499474447
75995.82499475748
76092.86499484786
76436.67499516805
76477.67499520624
76620.67499533942
76634.04499535187
76687.96999540209
76726.39999543788
76739.15999544977
76778.01999548596
76789.57999549672
76884.94999558554
76904.00499560329
76927.38499562506
76999.90999569261
77012.27499570412
77135.80499581917
77148.45999583096
77202.4099958812
77227.8649959049
77307.97499597952
77330.83999600081
77353.64499602205
77376.48999604332
77391.25999605708
77470.9549961313
77487.12499614636
77542.15499619761
77554.71999620931
77581.49999623426
77599.38499625091
77612.10499626276
77633.844996283
77698.5849963433
77772.7749964124
77832.67999646818
77947.83499657543
77964.04999659053
78075.21499669406
78108.15499672474
78184.92499679624
78196.32999680686
78212.27999682172
78290.65999689471
78429.62499702413
78457.96499705053
78605.86999718827
78633.61999721412
78650.47499722982
78667.67499724583
78723.31499729765
78738.80499731208
78758.40999733034
78779.3049973498
78811.85999738012
78825.37999739271
78836.3249974029
78857.65999742277
78882.09499744553
78932.23499749223
78994.40499755013
79079.1999976291
79096.68499764538
79119.41499766655
79164.22499770828
79204.84499774611
79244.46999778302
79270.19999780698
79281.33499781735
79296.99499783193
79372.71999790246
79385.5349979144
79396.12999792426
79407.42999793479
79431.64499795734
79450.27999797469
79467.43999799067
79478.99499800144
79491.5149980131
79770.75499827316
79784.71999828616
79805.2649983053
79846.42999834364
79870.69999836624
79908.16999840114
80000.71499848732
80043.48999852716
80259.52999872837
80276.30499874399
80384.40999884467
80401.00499886012
80417.58499887557
80543.43999899278
80580.16499902698
80619.75499906385
80631.67499907495
80643.04499908554
80655.17499909684
80673.15999911359
80795.22499922727
80856.54999928438
80985.44999940443
81070.3499994835
81121.21999953088
81158.27999956539
81203.9299996079
81218.57999962155
81448.58499983576
81490.53499987483
81511.08999989397
81527.13999990892
81546.08999992657
81563.87499994313
81577.33999995567
81649.34500002273
81697.21000006731
81718.20500008686
81777.0850001417
81900.05500025622
81926.90000028122
81939.6550002931
81953.37000030588
82029.15500037646
82063.03500040801
82076.29500042036
82094.56000043737
82264.04500059522
82383.14500070614
82422.02000074234
82435.75000075513
82629.36500093545
82643.19500094833
82656.72000096092
82680.08000098268
82692.86500099458
82844.99500113627
82901.85500118922
82915.58500120201
82933.84500121902
82953.12000123697
82967.16500125005
82986.66500126821
83004.34000128467
83032.5100013109
83059.53000133607
83076.11000135151
83091.23000136559
83121.13000139344
83134.41500140581
83148.41500141885
83160.02500142966
83195.36500146257
83206.26000147272
83241.36500150542
83251.2300015146
83265.48000152787
83277.33000153891
83322.46500158095
83424.60000167607
83455.0300017044
83479.5100017272
83495.27500174189
83709.85500194173
83730.53000196099
83766.93000199489
83787.74500201427
84048.18000225682
84066.75000227412
84104.35500230914
84149.91500235157
84224.29500242084
84236.16000243189
84259.49500245362
84329.02500251838
84383.74000256934
84408.96500259283
84436.59000261856
84456.34500263695
84545.53500272002
84558.43500273203
84597.95500276884
84692.67500285705
84703.22500286688
84761.84500292147
84771.40000293037
84786.80500294472
84802.75500295957
84823.76500297914
84862.23000301496
84893.79500304436
84904.49000305432
84921.55000307021
84956.06000310235
84971.88000311708
85047.08500318712
85100.78000323713
85184.54500331514
85203.21500333253
85247.07500337338
85274.84500339924
85291.05500341434
85324.0900034451
85435.31500354869
85466.19000357745
85480.08000359038
85494.705003604
85521.15500362864
85576.24500367994
85694.91000379046
85715.87500380998
85796.68000388524
85837.1150039229
85865.48000394931
85889.87000397203
85965.5450040425
85980.84000405675
86026.7450040995
86039.02000411093
86061.77500413213
86082.040004151
86098.42500416626
86196.88000425795
86210.1350042703
86228.78000428766
86295.55000434985
86311.7200043649
86328.61000438064
86350.33500440087
86386.84500443487
86402.40000444936
86416.81500446278
86436.89000448148
86454.34500449774
86469.46500451182
86480.9300045225
86494.44000453508
86571.51500460686
86635.83500466676
86654.4550046841
86749.17000477231
86820.52500483877
86839.32500485628
86872.38000488706
86966.25500497449
87156.18500515138
87173.40500516741
87189.36000518227
87203.00000519498
87216.53500520758
87324.22500530788
87339.02000532165
87371.95000535232
87384.96500536444
87438.6000054144
87517.16000548756
87588.53000555403
87613.82000557758
87629.05500559177
87674.42000563402
87816.51000576635
87867.36000581371
87884.71000582987
87914.1600058573
88043.37500597764
88108.15500603797
88119.81500604883
88156.37500608288
88169.03000609466
88181.12500610593
88196.64000612037
88216.79000613914
88243.87000616436
88272.14000619069
88288.29500620574
88311.79000622762
88324.53500623949
88337.67000625172
88358.29000627092
88435.680006343
88458.31500636408
88476.07500638062
88491.33000639483
88511.03000641317
88548.75500644831
88564.01000646251
88585.13000648218
88604.49500650022
88619.52000651421
88701.69000659074
88871.17500674858
88940.80000681343
89023.68000689062
89045.70000691112
89057.55500692216
89099.59000696131
89119.53000697988
89131.86500699137
89146.66000700515
89174.76000703132
89188.82500704442
89201.51500705624
89250.58000710193
89261.90500711248
89273.65000712342
89285.61000713456
89299.17000714719
89329.3600071753
89343.4200071884
89374.71000721754
89427.41500726662
89441.36000727961
89460.77500729769
89519.02000735194
89644.69000746898
89664.89000748779
89702.58000752289
89831.16000764264
89889.45500769693
89900.23500770697
89921.5200077268
90076.08500787074
90092.83000788634
90103.3100078961
90210.6850079961
90254.9150080373
90268.10000804957
90292.68500807247
90317.91500809597
90333.9500081109
90430.1550082005
90474.90000824217
90506.04500827118
90730.50500848022
90795.32500854059
90842.07000858412
90889.8300086286
90914.14000865124
90960.1500086941
91017.43000874744
91092.05500881694
91184.28500890284
91294.03500900505
91398.09500910196
91459.41500915907
91486.6050091844
91572.44500926434
91585.8200092768
91662.41000934812
91797.47000947391
91896.0250095657
91910.83000957948
91941.38000960794
91954.13500961981
91969.30000963394
92048.47500970768
92065.92500972393
92083.78000974056
92118.45000977285
92129.85500978347
92188.65500983823
92202.6900098513
92254.56500989961
92387.23501002317
92400.31001003535
92415.6200100496
92428.04001006117
92441.99001007417
92457.7000100888
92480.31501010986
92500.91501012904
92547.29501017224
92571.5200101948
92592.5650102144
92648.25501026626
92659.64501027687
92675.3450102915
92745.84501035715
92915.10501051479
92953.995010551
92964.3950105607
93004.25501059782
93020.63001061307
93070.78501065978
93083.60001067171
93129.53001071449
93164.5500107471
93255.2850108316
93267.24001084274
93325.34501089685
93352.05501092173
93402.53501096874
93480.90001104173
93555.10501111083
93659.95501120848
93721.67001126596
93806.94501134538
93820.56501135806
93833.84501137043
93869.95001140406
93988.7500115147
94039.0050115615
94141.94501165737
94240.72501174937
94255.11001176276
94277.20501178334
94338.95001184085
94350.38001185149
94421.85001191805
94434.4700119298
94452.91001194698
94469.93001196283
94629.38001211133
94734.02501220879
94746.12501222006
94866.33001233201
94927.83001238928
95043.10501249664
95053.78001250658
95069.6950125214
95081.88001253275
95119.52001256781
95222.31501266354
95299.52501273545
95401.59001283051
95414.5700128426
95505.07501292689
95520.9750129417
95547.03501296596
95557.10501297534
95567.09501298465
95589.26001300529
95630.57001304376
95652.46501306415
95665.30501307611
95678.54001308844
95870.99001326767
95887.04001328262
95916.74001331028
95965.26501335547
95985.155013374
96005.47001339291
96017.14501340379
96032.64001341822
96057.81001344166
96122.14001350157
96203.61001357745
96216.81001358974
96236.7350136083
96309.72501367627
96388.42501374957
96405.67001376563
96422.27001378109
96439.38501379703
96475.57501383073
96488.62001384288
96509.05501386191
96524.32001387613
96545.47001389583
96568.36501391715
96612.58501395833
96634.58501397882
96660.34001400281
96708.94001404807
96739.69501407671
96881.3000142086
96908.43501423387
96926.93001425109
96941.05501426425
96970.31001429149
97098.64001441101
97112.77001442417
97138.56001444819
97219.5400145236
97273.23001457361
97286.98501458642
97311.50501460925
97337.96001463389
97353.58001464844
97394.81501468684
97429.61001471925
97460.87501474837
97561.9500148425
97580.29001485958
97597.55001487565
97614.94501489185
97665.38501493883
97717.79001498764
97732.93001500174
97761.25501502812
97801.41501506552
97816.14501507924
97852.57001511316
97885.05001514341
97905.3300151623
97983.30001523491
98064.70501531073
98083.81501532852
98125.74001536757
98175.44001541386
98191.74001542904
98203.13501543965
98219.1900154546
98255.66001548857
98268.65001550067
98287.27501551801
98411.56001563376
98435.1100156557
98610.06001581863
98669.14501587366
98704.29001590639
98825.28501601907
98842.385016035
99026.88501620683
99041.53501622047
99062.0800162396
99075.63501625223
99086.57001626241
99101.53501627635
99181.67001635098
99212.0700163793
99275.9650164388
99290.30001645215
99324.2800164838
99378.97001653473
99393.1100165479
99405.00001655897
99420.87001657375
99435.75001658761
99475.7850166249
99578.91501672094
99594.38501673535
99605.55501674575
99618.19001675752
99687.93001682247
99716.43501684902
99849.32501697278
99864.12001698656
99881.90501700313
99894.62501701497
99927.27501704538
99939.76001705701
99954.4550170707
99970.49001708563
99990.41501710418
100061.76501717063
100077.47001718526
100105.98001721181
100215.65001731395
100258.72501735407
100271.09001736558
100295.29001738812
100312.75501740439
100335.6450174257
100387.57501747407
100471.59501755232
100506.2600175846
100536.98001761321
100650.58501771902
100690.71001775638
100784.1350178434
100833.08501788898
100849.99001790473
100860.78501791478
100872.835017926
100889.0500179411
100932.46001798153
101088.0050181264
101153.23501818714
101172.89501820545
101197.29001822817
101357.68001837755
101414.15501843014
101427.57501844264
101438.74501845305
101483.16001849441
101496.94501850725
101519.95501852868
101537.42001854494
101641.24001864163
101700.38501869672
101740.60001873417
101765.98501875781
101792.2750187823
101810.63001879939
101834.54001882166
101871.58001885616
101886.44001887
101952.75501893176
102003.52001897903
102083.95001905394
102119.47001908702
102166.61001913092
102266.25501922372
102279.92501923646
102289.84001924569
102304.7800192596
102324.03001927753
102554.39501949208
102576.18501951237
102589.73501952499
102636.03501956811
102654.96001958573
102670.34501960006
102684.47001961322
102712.19501963904
102748.40501967276
102775.40501969791
102793.59001971484
102810.59501973068
102859.27001977601
103134.34002003219
103145.71002004278
103160.14002005622
103211.18002010375
103299.42502018594
103313.84002019936
103370.83502025245
103429.66002030723
103492.8750203661
103515.70502038737
103539.20502040925
103571.3650204392
103685.86502054584
103734.0400205907
103747.73502060346
103759.28002061421
103774.37002062827
103924.21002076782
103956.78002079815
103993.62002083246
104011.21502084885
104077.4150209105
104092.78002092481
104111.28502094204
104146.680020975
104181.025021007
104194.11502101918
104220.39502104366
104270.74002109055
104291.88002111024
104309.53002112667
104353.82002116792
104368.14002118126
104425.0950212343
104441.39002124948
104475.54002128128
104496.03002130036
104570.63002136984
104584.79502138303
104607.8500214045
104685.39502147672
104705.40002149536
104726.02502151456
104815.05002159748
104829.71002161113
104867.86002164666
104886.00002166355
104910.44502168632
104923.50502169848
104937.82002171181
104980.95502175199
105007.08502177632
105036.08002180333
105110.08002187224
105126.52502188756
105145.55502190528
105157.69502191659
105182.97502194013
105256.79502200888
105269.21002202044
105393.52502213622
105440.94002218038
105553.96502228564
105577.34002230741
105606.40002233448
105660.0000223844
105790.11002250557
105805.54502251995
105821.63002253493
105876.39502258593
105893.46502260183
105923.8250226301
105937.81002264313
105954.7500226589
105987.56502268946
106060.71502275759
106121.08502281382
106213.81002290017
106231.48002291663
106270.06502295256
106307.92002298782
106423.78002309572
106509.03502317512
106566.84002322896
106644.00502330082
106661.57502331719
106776.3750234241
106790.13502343692
106820.32002346503
106850.69502349332
106866.1350235077
106880.67002352123
106895.40002353495
106908.39502354705
106926.2750235637
106946.26002358232
106958.63002359384
107023.54002365429
107039.21002366889
107176.8850237971
107192.08002381126
107208.39502382645
107267.30002388131
107348.99002395739
107363.73502397112
107474.21502407402
107574.36502416729
107643.58002423175
107662.06002424896
107689.54502427456
107705.93002428982
107721.98502430477
107739.92002432147
107752.58502433327
107783.08002436167
107798.58502437611
107826.99502440257
107844.38002441876
107869.72002444236
107929.44502449798
107943.6450245112
107987.3350245519
108003.47002456692
108025.21502458717
108040.35502460127
108069.1550246281
108082.93502464093
108097.97502465494
108132.49002468708
108148.7150247022
108166.06502471835
108186.89502473775
108234.63002478221
108251.83002479823
108270.910024816
108292.54502483614
108311.01502485335
108338.63502487907
108417.63502495264
108431.77502496581
108463.02002499491
108474.13002500526
108580.71502510452
108676.98002519418
108747.1250252595
108769.12002527999
108781.87002529186
108814.67002532241
108827.02502533392
108841.78502534766
108858.92502536363
108915.31002541614
108931.20002543094
108953.16002545139
108967.38502546464
109002.44502549729
109046.77502553858
109063.83502555446
109082.50502557185
109171.38502565463
109185.99002566823
109242.5500257209
109259.01502573624
109407.07502587413
109429.89502589538
109456.16502591985
109547.62002600502
109561.77502601821
109597.7300260517
109611.03502606408
109623.52502607572
109692.6500261401
109713.13002615917
109755.84002619894
109775.31502621708
109793.78002623428
109834.81002627249
109894.49502632808
109923.1950263548
109936.85002636752
109951.45502638113
109971.81002640008
110005.25002643123
110052.24002647499
110067.7150264894
110079.81002650067
110099.51002651901
110167.48502658232
110253.92002666282
110267.62502667558
110321.89002672612
110338.0850267412
110349.4650267518
110387.23002678697
110597.38002698269
110721.25002709805
110890.32502725552
110901.22502726567
110919.98002728313
110931.8600272942
110949.07502731023
110961.58502732188
110979.65502733871
110997.86502735567
111057.14502741088
111077.95502743026
111092.31502744363
111107.3050274576
111177.89002752333
111201.81502754561
111251.78002759215
111342.53002767666
111475.75502780074
111488.07002781221
111504.13502782717
111527.49502784893
111559.5650278788
111612.22502792784
111626.90502794151
111643.34502795682
111667.31502797914
111678.98502799001
111702.33002801175
111714.21502802282
111730.79002803826
111740.03002804687
111801.54002810415
111833.57002813398
111991.2150282808
112007.92002829636
112111.690028393
112209.27502848388
112220.6800284945
112419.98502868012
112450.53502870857
112465.57502872258
112487.7150287432
112509.54002876353
112589.41502883792
112606.16002885351
112647.35502889188
112661.17002890474
112673.51002891624
112742.77002898074
112767.77502900403
112779.08502901456
112844.4150290754
112869.56502909883
112882.635029111
113177.88502938597
113214.1050294197
113233.14502943744
113371.17002956598
113391.83002958522
113437.21002962749
113536.80002972024
113587.95502976788
113617.58002979547
113728.56002989883
113761.18502992921
113772.79002994002
113796.46002996207
113814.67502997903
113870.94003003143
114071.71003021841
114094.83003023994
114143.28003028507
114220.05503035657
114274.58503040735
114344.81503047276
114356.10503048328
114501.33003061853
114561.79503067484
114618.74503072788
114632.80503074097
114747.03003084735
114773.10003087163
114803.6650309001
114819.42503091478
114906.7400309961
114939.0650310262
114956.73003104265
114968.83503105392
115083.97503116116
115147.85003122065
115320.30503138126
115433.4150314866
115456.32503150793
115471.05003152165
115506.3250315545
115570.38503161416
115677.57503171399
115689.52003172511
115702.83503173752
115717.99003175163
115739.57503177173
115819.40503184608
115842.41503186751
115998.59003201296
116013.52003202686
116163.1250321662
116179.28003218124
116227.9850322266
116324.17003231618
116370.57003235939
116408.12003239436
116427.65503241256
116440.25503242429
116466.3600324486
116488.45503246918
116659.61503262859
116836.45503279328
116894.40503284725
116909.62503286143
116922.25503287319
116953.29003290209
116962.80503291095
117004.67003294994
117106.11003304442
117132.23503306875
117143.21503307897
117159.50503309414
117266.6150331939
117291.16503321676
117347.74003326945
117407.90503332549
117479.0000333917
117708.25503360521
117775.680033668
117797.66503368848
117880.00503376516
117903.0200337866
117914.88003379764
117958.51003383828
118038.48503391276
118060.04003393283
118081.96503395325
118105.91003397555
118120.05503398873
118136.03503400361
118154.58003402088
118168.70503403404
118189.03503405297
118268.44003412692
118346.38503419951
118422.97503427084
118528.7000343693
118706.84503453522
118724.85503455199
118806.54503462807
118818.03503463877
118871.52003468858
118888.7150347046
118908.30003472284
118923.47503473697
118935.30503474799
118951.04503476265
118987.5050347966
119010.9150348184
119102.80003490398
119121.97003492183
119165.39503496228
119204.12003499834
119379.36003516155
119394.08003517526
119410.6650351907
119546.7050353174
119571.97003534093
119659.85003542277
119739.48003549693
119792.20503554604
119811.37503556389
119821.42003557325
119836.36503558717
119858.98003560823
119947.69003569084
120027.41003576509
120119.94003585126
120198.76503592468
120246.90503596951
120285.30003600527
120378.17003609176
120409.86003612127
120426.25503613654
120469.64003617695
120541.2100362436
120564.70503626548
120577.33503627725
120751.37003643933
120845.21503652673
120862.18003654253
120880.63503655972
120901.36503657902
120962.69503663614
120973.51003664621
121010.07003668026
121023.38003669266
121049.64003671712
121092.05503675662
121116.9500367798
121137.2450367987
121271.70003692392
121296.51503694704
121411.62003705424
121427.7900370693
121464.10503710312
121475.48503711371
121489.17503712646
121514.80503715033
121528.78503716335
121540.9600371747
121556.38003718905
121614.46003724315
121699.70003732253
121724.11503734527
121769.52003738756
121924.77003753214
121939.30503754568
121973.69503757771
121991.56503759435
122062.86003766075
122087.89503768407
122105.41503770038
122179.33503776923
122411.83503798576
122514.0000380809
122543.34503810824
122659.43503821635
122724.63003827707
122791.21003833908
122802.98503835005
122884.55003842601
122899.97003844037
122923.9400384627
122940.14003847778
122957.47503849393
122989.06503852335
123004.6850385379
123032.48003856378
123045.66003857605
123110.9900386369
123173.375038695
123283.25003879733
123294.51003880781
123309.18503882148
123445.5750389485
123481.94003898237
123496.20003899565
123521.28003901901
123566.370039061
123587.18003908038
123614.63503910595
123674.3850391616
123714.85003919929
123731.38003921468
123745.40003922774
123888.54003936105
123951.24503941945
123966.56503943371
123997.01503946207
124223.83003967331
124235.13003968383
124250.39503969805
124408.38503984519
124450.26003988419
124469.11003990175
124512.88003994251
124538.46003996633
124556.83003998344
124569.40003999515
124585.62504001026
124597.6900400215
124620.04004004231
124783.54504019459
124871.05004027608
124893.45504029695
124918.32504032011
124930.31004033127
124953.11504035251
124974.12504037208
125015.33004041045
125038.63504043216
125112.94004050136
125137.30504052405
125256.30504063488
125283.25504065998
125406.19004077447
125542.1650409011
125678.59004102816
125690.48004103923
125755.71504109999
125771.25504111446
125819.63004115951
125838.55504117714
125966.76004129654
126004.21004133142
126033.78004135896
126077.71504139988
126092.9900414141
126102.29504142277
126127.29504144605
126180.51504149562
126236.40504154767
126262.83004157228
126283.83004159183
126301.73504160851
126316.66504162241
126382.16504168342
126417.78504171659
126428.37004172645
126488.57004178251
126511.00504180341
126735.83004201279
126802.26504207466
126918.72004218312
126959.58504222118
127032.95504228951
127074.75504232844
127115.05504236597
127144.94504239381
127159.14004240703
127241.99004248419
127391.81004262372
127422.16004265199
127621.53004283766
127766.28004297247
127790.40004299494
127861.0050430607
127966.17004315864
128003.69004319358
128020.250043209
128059.39504324546
128106.17004328902
128137.30004331801
128250.74504342367
128283.1050434538
128295.53504346538
128394.31004355737
128451.05504361022
128512.57004366751
128524.43504367856
128745.4500438844
128756.31504389452
128779.79004391638
128817.22004395124
128827.08504396043
128837.87004397047
128851.19004398288
128861.64504399261
128913.22004404065
128929.8100440561
129079.51004419551
129108.44004422246
129125.69004423852
129205.74004431308
129230.73504433635
129248.95504435332
129264.710044368
129352.79504445003
129373.49504446931
129413.25004450633
129430.25004452217
129445.19004453608
129467.13504455652
129480.44004456891
129499.3200445865
129530.33504461538
129574.69004465669
129594.63504467526
129614.29504469357
129636.60004471435
129667.23004474287
129708.88504478167
129737.74004480854
129783.40504485107
129796.55004486331
129850.41504491348
129888.14504494861
129901.53004496108
129913.75004497246
129926.60504498443
129941.41004499822
129962.45004501782
130008.77004506096
130105.21004515077
130121.91004516633
130134.63504517818
130148.54504519113
130163.28004520485
130193.68504523317
130280.6900453142
130293.22004532587
130308.75504534034
130344.30504537345
130355.2050453836
130370.14504539751
130481.38004550111
130593.43504560547
130628.83004563843
130640.83504564961
130684.75004569051
130734.2350457366
130746.6900457482
130775.35004577489
130839.73504583485
130853.69004584785
130873.04004586587
130882.87504587503
130894.58004588593
130938.10004592646
130954.3600459416
131049.30004603002
131063.230046043
131074.55504605355
131098.20004607557
131154.68504612817
131211.01504618063
131231.43004619965
131246.79504621396
131274.6450462399
131373.48504633195
131391.19004634843
131401.65504635818
131421.56004637672
131435.22004638944
131531.21004647884
131573.275046518
131596.82504653995
131648.9450465885
131668.05004660628
131707.12004664267
131721.31004665588
131737.49004667095
131776.92004670767
131871.17004679545
131967.61504688527
131985.33004690177
132004.83504691994
132127.38004703406
132142.8900470485
132177.2450470805
132238.6700471377
132252.1850471503
132316.46504721016
132330.91504722362
132350.1150472415
132438.1600473235
132455.25004733942
132466.62504735
132482.05504736438
132505.31004738604
132541.73504741996
132610.6050474841
132668.52504753805
132777.23004763928
132818.10504767735
133004.47004785092
133018.35004786385
133062.1200479046
133074.4700479161
133179.585048014
133244.55504807452
133267.04504809546
133288.6600481156
133321.23004814592
133334.06004815787
133356.88004817913
133414.11004823243
133432.68004824972
133488.86004830204
133799.80004859163
133819.7500486102
133842.35004863126
133972.38504875236
133988.100048767
133998.57004877675
134170.29504893668
134255.0400490156
134323.4250490793
134359.8250491132
134370.71004912333
134384.87504913652
134436.54504918464
134462.84004920913
134507.66504925088
134546.92004928744
134556.8600492967
134595.11504933232
134616.29504935205
134686.52004941745
134726.99504945514
134746.34504947317
134899.74504961603
134959.33504967153
134975.6100496867
135041.69504974823
135055.53004976112
135081.75004978554
135097.1600497999
135109.88004981173
135138.21004983812
135175.90504987322
135186.90004988346
135198.50504989427
135218.46004991286
135322.81005001004
135342.2100500281
135440.08005011926
135564.7750502354
135633.87005029974
135647.76505031268
135667.26005033083
135682.06005034462
135765.44505042228
135875.03005052434
135929.60505057516
135962.1700506055
135988.75505063025
136065.52005070174
136087.65005072235
136113.99005074688
136129.81005076162
136213.91005083994
136243.1750508672
136264.91505088744
136281.33005090273
136319.11005093792
136341.47005095874
136365.02505098068
136453.88005106343
136502.6050511088
136520.90505112585
136646.2500512426
136660.39005125576
136691.5800512848
136777.75005136506
136799.88505138567
136943.64505151956
137037.7400516072
137087.5600516536
137112.71005167702
137215.4450517727
137412.3850519561
137429.48505197203
137458.8700519994
137474.68505201413
137484.94005202368
137529.25505206495
137561.34005209483
137581.87505211396
137658.5900521854
137698.02505222213
137814.20505233033
137826.9550523422
137837.480052352
137849.00005236274
137863.15005237592
137891.71505240252
137906.64005241642
138002.54005250573
138162.3700526546
138177.23505266843
138195.4600526854
138321.06505280238
138425.83005289995
138442.77005291573
138453.74005292595
138489.91005295963
138505.15505297383
138668.17505312565
138702.4650531576
138718.0400531721
139008.3800534425
139021.93005345511
139056.86005348765
139070.70005350054
139222.2700536417
139253.99505367124
139282.97005369823
139314.8250537279
139355.55505376583
139373.0250537821
139390.02505379793
139401.78505380888
139416.6100538227
139498.78005389922
139555.41505395196
139762.02005414438
139782.37005416333
139875.06005424965
139962.36005433096
140038.19005440158
140055.86005441804
140108.08005446667
140170.3950545247
140186.02505453926
140291.56005463755
140390.81005472998
140434.14005477034
140445.20505478064
140470.67005480436
140541.24005487008
140647.5450549691
140774.8900550877
140796.08005510742
140845.1200551531
140870.66005517688
140891.35005519615
141054.56005534815
141135.0250554231
141164.48505545052
141201.52505548502
141219.78005550202
141235.60005551676
141258.8450555384
141282.98005556088
141300.20505557692
141392.61005566298
141410.7600556799
141448.6750557152
141496.54505575978
141518.0400557798
141615.25505587034
141630.7800558848
141701.50505595066
141722.27005597
141741.83005598822
141788.87505603203
141818.51005605963
141840.78505608038
141919.79005615396
142055.8650562807
142069.69505629357
142084.80505630764
142208.76005642308
142291.20505649986
142503.91005669796
142520.33005671325
142530.60005672282
142606.7100567937
142660.0800568434
142679.2000568612
142728.61005690723
142739.100056917
142756.7150569334
142774.76505695021
142790.87505696522
142873.91005704255
142889.6300570572
142970.96005713294
142995.60005715588
143045.79505720263
143069.2650572245
143169.50505731785
143435.7600575658
143458.23505758675
143498.39505762415
143590.57005771
143634.66505775106
143652.02005776722
143715.62005782645
143764.37505787186
143792.62005789817
143821.45005792502
143859.18505796016
143872.1000579722
144116.9350582002
144136.93005821883
144150.0950582311
144174.4750582538
144250.66505832475
144262.69005833595
144337.61505840573
144461.19005852082
144535.61505859013
144549.2000586028
144573.10505862505
144583.00005863426
144616.5500586655
144692.37505873613
144702.60505874566
144716.22005875834
144745.96005878603
144758.46005879767
144774.1500588123
144783.97505882144
144800.9950588373
144886.52505891694
144943.3850589699
145041.70505906147
145085.92505910265
145100.0400591158
145133.41505914688
145163.625059175
145188.58505919826
145202.6000592113
145215.3550592232
145272.56505927647
145298.99005930108
145328.14005932823
145341.58005934075
145358.54505935655
145377.80005937448
145443.68005943584
145455.2350594466
145572.75005955604
145626.15505960578
145673.8550596502
145720.48505969363
145761.44005973177
145888.97005985054
145980.55005993583
145991.19505994575
146004.18505995785
146015.65005996852
146049.53006000008
146064.31506001385
146128.0400600732
146142.48006008664
146154.4600600978
146168.93506011128
146228.4500601667
146250.19006018696
146268.485060204
146279.28006021405
146288.6750602228
146329.85006026115
146401.12006032752
146487.92006040836
146502.18006042164
146518.9800604373
146588.7900605023
146635.75506054604
146658.82506056753
146677.46006058488
146700.81006060663
146716.74006062147
146899.34506079153
146915.22506080632
146930.20506082027
147024.68006090826
147049.62006093148
147065.88506094663
147079.23006095906
147092.3850609713
147130.52006100683
147246.59006111493
147266.5450611335
147282.25506114814
147352.71506121376
147416.1150612728
147442.05006129696
147462.33506131585
147478.8200613312
147495.85006134707
147628.7000614708
147671.38506151055
147694.24006153183
147716.965061553
147731.6800615667
147743.31506157754
147756.56506158988
147781.86506161344
147796.2100616268
147811.44006164098
147827.80506165623
147852.41006167914
147903.84506172704
148003.47006181983
148158.13006196386
148251.21506205056
148305.52506210114
148318.9050621136
148392.1450621818
148405.60006219434
148419.7400622075
148654.8800624265
148776.77506254002
148803.10506256454
148878.40006263467
148899.39506265422
148923.90506267705
148981.43506273063
149068.9150628121
149117.75006285758
149131.58506287046
149151.5800628891
149202.7100629367
149219.39506295224
149250.18506298092
149296.14506302372
149351.3000630751
149362.43506308546
149373.0100630953
149404.65006312478
149421.29506314028
149441.05006315868
149470.09506318573
149482.49006319727
149506.10006321926
149578.79506328696
149592.7900633
149603.6350633101
149619.29506332468
149636.99506334116
149656.150063359
149674.6100633762
149695.83006339596
149712.15006341116
149783.62506347772
149837.46006352786
149864.3500635529
149937.53006362106
