29.664999999998383
42.470000000003274
124.1299999999596
235.5299999998583
458.7799999996553
471.144999999644
554.1149999995686
569.4149999995547
588.1999999995376
615.3149999995129
958.0949999992011
970.34499999919
988.0749999991739
1006.614999999157
1017.9749999991467
1091.7650000006204
1161.3600000021395
1331.3100000058491
1353.4950000063334
1373.7100000067746
1409.1550000075483
1420.635000007799
1431.5700000080376
1442.4100000082742
1471.770000008915
1500.3850000095397
1512.3850000098016
1662.58000001308
1769.4250000154123
1789.3350000158468
1803.5200000161565
1812.3650000163495
1861.2300000174162
1954.9850000194626
2084.250000022284
2313.555000027289
2352.395000028137
2372.2650000285707
2909.2850000402927
2934.8400000408506
2945.260000041078
2955.5000000413015
2995.7800000421807
3005.5650000423943
3014.295000042585
3029.140000042909
3054.0800000434533
3182.6350000462594
3195.9300000465496
3619.620000055798
3632.4800000560786
3649.7850000564563
3740.575000058438
3839.530000060598
3887.6100000616475
3900.0250000619185
3981.510000063697
4007.6750000642683
4022.685000064596
4039.2450000649574
4070.9900000656503
4171.905000067853
4336.215000071439
4449.955000073922
4466.465000074282
4700.730000079396
4708.910000079574
4722.255000079866
4768.9350000808845
5139.620000088976
5229.050000090928
5240.200000091171
5264.980000091712
5290.98500009228
5354.555000093667
5481.255000096433
5492.390000096676
5527.86500009745
5541.970000097758
5651.2000001001425
5661.075000100358
5673.97500010064
5684.8300001008765
5697.135000101145
5727.310000101804
5743.030000102147
5770.1800001027395
5785.030000103064
5805.160000103503
5822.350000103878
5901.075000105597
5997.140000107694
6014.40000010807
6026.555000108336
6076.71000010943
6086.270000109639
6195.200000112017
6207.770000112291
6449.15000011756
6458.130000117756
6467.625000117963
6483.0500001183
6499.9800001186695
6624.560000121389
6662.665000122221
6679.685000122592
6713.395000123328
6739.560000123899
6755.20000012424
7047.1250001306125
7128.255000132383
7158.35500013304
7169.405000133282
7277.080000135632
7313.360000136424
7342.2050001370535
7430.270000138976
7447.830000139359
7467.300000139784
7561.180000141833
7602.190000142728
7761.800000146212
7964.680000150641
8153.020000154752
8167.170000155061
8181.240000155368
8204.995000153522
8395.130000123087
8431.975000117189
8444.230000115227
8588.180000092185
8606.380000089272
8619.810000087122
8735.030000068678
8743.970000067247
8806.135000057297
8836.175000052488
9340.729999971723
9376.619999965978
9425.319999958183
9482.49999994903
9492.674999947401
9718.924999911185
9790.289999899762
9835.944999892454
9849.14499989034
9914.409999879894
9949.444999874286
9997.669999866566
10024.974999862196
10034.56499986066
10046.62499985873
10171.954999838668
10201.609999833921
10216.594999831523
10271.444999822743
10300.76499981805
10364.879999807787
10478.334999789626
10502.324999785786
10571.529999774708
10604.0649997695
10619.109999767092
10855.44999972926
10868.094999727236
10891.089999723556
10983.219999708808
11016.93999970341
11121.744999686634
11131.214999685119
11142.669999683285
11292.244999659342
11433.994999636652
11517.09499962335
11581.949999612969
11600.74999960996
11794.839999578891
12056.649999536983
12067.004999535326
12076.359999533828
12090.52499953156
12102.26999952968
12114.324999527751
12212.724999512
12245.439999506763
12362.694999487994
12760.759999424276
12896.72999940251
12944.314999394894
12994.31999938689
13055.824999377044
13220.454999350692
13350.414999329889
13748.72999926613
13934.369999236415
14019.464999222793
14078.799999213295
14090.004999211502
14135.464999204225
14256.524999184847
14273.049999182202
14337.4099991719
14399.00999916204
14409.174999160412
14419.154999158814
14427.709999157445
14438.73999915568
14562.299999135901
14586.704999131995
14836.529999092005
14848.854999090032
14982.719999068604
15027.424999061448
15234.869999028242
15475.33499898975
15512.914998983735
15528.784998981195
15539.819998979428
15638.609998963615
15662.204998959838
15802.119998937442
15884.929998924186
15981.264998908766
16087.94499889169
16175.124998877734
16262.669998863721
16275.519998861664
16284.959998860153
16300.569998857654
16314.014998855502
16323.044998854057
16340.749998851223
16364.799998847373
16442.06999885613
16453.034998858362
16471.169998862057
16644.31499889733
16879.52999894525
17018.804998973625
17029.564998975817
17043.62499897868
17056.889998981384
17126.444998995554
17142.054998998734
17174.449999005334
17790.44999913083
17981.29999916971
18077.319999189272
18090.41499919194
18134.214999200864
18258.03999922609
18284.704999231522
18405.874999256208
18416.09499925829
18574.164999290493
18649.424999305826
18888.39499935451
18921.119999361177
18940.014999365027
19094.344999396468
19104.46499939853
19274.25999943312
19378.55499945437
19389.039999456505
19428.38499946452
19448.60999946864
19517.979999482774
19530.454999485315
19563.84999949212
19573.564999494098
19673.144999514385
19759.674999532013
19779.669999536087
19790.72999953834
20135.20999960852
20216.374999625055
20239.974999629863
20294.504999640973
20309.11999964395
20589.179999701006
20598.954999702997
20620.529999707393
20738.254999731376
20864.67499975713
20876.97999975964
20972.779999779155
20986.59499978197
21004.15999978555
21037.959999792434
21055.299999795967
21072.669999799506
21178.754999821118
21190.224999823455
21211.20999982773
21375.829999861267
21392.38999986464
21412.94499986883
21425.824999871453
21565.274999899862
21578.344999902525
21745.574999936594
21865.039999960933
21879.30499996384
21956.239999979513
21973.244999982977
21985.444999985462
22063.690000001403
22083.26500000539
22094.765000007734
22238.790000037076
22341.59000005802
22361.08000006199
22516.615000093676
22539.990000098438
22551.595000100802
22563.490000103226
22617.830000114296
22653.650000121594
22704.505000131954
22737.835000138744
22750.48000014132
22935.505000179015
23093.035000211108
23197.480000232386
23232.69500023956
23245.11500024209
23261.20500024537
23274.050000247986
23312.775000255875
23327.740000258924
23483.7200002907
23587.515000311847
23599.60000031431
23639.060000322348
23682.010000331098
23698.440000334445
23727.91500034045
23953.290000386365
23979.905000391787
23997.135000395298
24120.79000042049
24134.910000423366
24594.86000051707
24855.220000570112
24960.480000591557
25123.975000624865
25247.225000649974
25304.58000066166
25353.02500067153
25517.305000704997
25548.79000071141
25623.3400007266
25634.030000728777
25644.11000073083
25661.58000073439
25712.33000074473
25876.400000778154
25887.685000780453
25899.860000782934
25930.800000789237
25948.49000079284
26269.99000085834
26299.380000864327
26774.54000096113
26901.405000986975
26913.285000989395
26932.575000993325
27019.47500101103
27063.06000101991
27100.990001027636
27132.890001034135
27473.725001103572
27487.150001106307
27890.485001188477
28133.045001237893
28144.650001240258
28158.07000124299
28166.89000124479
28194.555001250425
28205.120001252577
28214.235001254434
28231.2550012579
28239.45000125957
28248.67000126145
28294.17000127072
28412.245001294774
28429.64500129832
28692.635001351897
28760.715001365767
28773.74000136842
28939.365001402162
29278.015001471154
29466.96500150965
29480.635001512434
29741.815001565643
29759.600001569266
29922.005001602352
30039.11000162621
30404.31000170061
30584.045001737228
30595.570001739576
30611.185001742757
30737.910001768574
30747.90500177061
30767.44000177459
30789.415001779067
30848.100001791023
30862.51000179396
30876.625001796834
30924.0700018065
31093.035001840923
31529.950001929934
31889.93000200327
31969.215002019424
31984.830002022605
31994.57000202459
32071.29000204022
32376.56000210241
32394.850002106137
32456.675002118733
32492.950002126123
32512.18000213004
33186.480001962926
33198.07500195685
33209.03500195111
33413.845001843816
33437.690001831324
33452.770001823425
33552.14000177137
33637.88500172645
33850.88000161487
34047.020001512115
34189.02500143772
34221.150001420894
34277.46500139139
34450.24000130088
34463.28500129405
34585.86500122983
34602.1450012213
34663.475001189174
34674.91500118318
34687.02000117684
34748.150001144815
34819.750001107306
34959.58500103405
34975.440001025745
34988.92000101868
35002.945001011336
35215.995000899726
35419.76000079298
35431.32000078692
35630.81000068242
35652.28500067117
35678.5600006574
35693.59000064953
35931.93500052467
35941.26500051978
36089.24000044226
36218.89000037434
36279.62500034252
36742.66500009995
36751.41000009537
36773.3050000839
37271.82999982274
37732.464999581425
37774.36999955947
37817.334999536964
37828.32499953121
37840.75999952469
37969.414999457294
37986.364999448415
38021.07499943023
38063.04999940824
38294.27999928711
38334.73999926591
38348.48999925871
38519.78499916897
38549.82999915323
38604.90999912438
38618.4249991173
38666.744999091985
38800.97999902166
39053.76499888924
39066.254998882694
39230.57999879661
39254.71999878396
39535.27999863699
39606.71999859956
39813.89499849103
40196.23499829073
40269.529998252336
40280.679998246495
40336.65999821717
40367.19999820117
40559.25499810056
40822.61499796259
40855.31499794546
41119.619997807
41136.17499779833
41151.1149977905
41178.61999777609
41245.599997741
41286.47999771959
41401.02499765958
41435.87999764132
41555.53499757864
41849.97999742439
41949.65999737217
41987.88999735214
41999.26999734618
42012.46999733926
42305.86999718556
42322.564997176814
42612.75499702479
42627.00499701733
42768.75499694307
42784.94499693459
42939.604996853566
43052.94499679419
43091.784996773844
43211.02499671138
43231.55499670062
43254.25499668873
43263.93499668366
43273.87999667845
43309.41999665983
43453.74999658422
43463.534996579096
43687.50999646176
43711.174996449365
43729.47499643978
43826.239996389086
43923.21499633828
44020.41999628736
44350.88999611424
44415.8699960802
44426.70999607452
44451.759996061395
44543.77999601319
44683.16999594017
44694.02499593448
44716.92999592248
44801.839995878
44852.10499585167
44875.06499583964
44974.849995787365
45068.13999573849
45083.38499573051
45244.34999564618
45256.30999563992
45265.90499563489
45283.379995625735
45330.80499560089
45379.719995575266
45451.609995537605
45631.139995443555
45643.029995437326
46088.70999520385
46217.74499513625
46346.61499506874
46703.36499488185
46739.01999486317
46807.464994827315
46821.2299948201
47028.42499471156
47173.21999463571
47200.9149946212
47273.70999458306
47541.91499444256
47716.01499435135
47744.41999433647
47817.36499429826
48078.584994161414
48147.76999412517
48155.989994120864
48275.83999405808
48481.44499395037
48683.01499384477
48773.09499379758
48789.89999378878
48804.79999378097
48816.42999377488
48828.004993768816
49060.279993647135
49085.9249936337
49122.59499361449
49137.03999360692
49412.88999346241
49424.59499345628
49437.13999344971
49495.91499341892
49506.77499341323
49628.82999334929
49639.66999334361
49667.20999332918
49679.229993322886
49715.29499330399
49794.78999326235
49975.2649931678
50000.70999315447
50166.759993067484
50181.649993059684
50199.29499305044
50283.1649930065
50443.76499292237
50465.764992910845
50584.3899928487
50823.794992723284
50979.844992641534
50989.04999263671
51002.6199926296
51073.46999259249
51123.01499256653
51308.12499246956
51318.29499246423
51327.20999245956
51576.559992328934
51666.38499228188
51679.27999227512
51846.95999218728
51862.91499217892
51955.65499213034
51971.1949921222
51982.49499211628
52386.82999190446
52508.32499184081
52901.28499163495
53172.96499149263
53184.4749914866
53260.78999144662
53305.614991423136
53315.219991418104
53329.27999141074
53464.72999133978
53485.57999132886
53572.78499128317
53585.76499127637
53622.334991257216
53769.604991180066
53789.92499116942
54011.974991053095
54025.36999104608
54508.379990793044
54520.059990786925
54556.03999076808
54569.51499076102
54580.78999075511
54597.66499074627
54660.29499071346
54677.579990704406
54943.45999056512
54964.77499055395
54993.04499053914
55021.42999052427
55037.224990516
55052.33499050808
55098.01999048415
55353.65499035023
55368.38999034251
55381.56999033561
55391.79999033025
55410.85999032026
55461.66499029365
55682.05999017819
55691.79499017309
55725.474990155446
55929.439990048595
55943.164990041405
55963.224990030896
55991.88999001588
56185.08998991467
56222.204989895225
56232.379989889894
56260.14998987535
56445.0199897785
56626.349989683506
56640.45498967612
56657.68498966709
56734.79998962669
56745.959989620846
56777.534989604304
56804.619989590115
56923.009989528095
57048.68498946226
57059.88998945639
57070.38998945089
57080.78498944544
57094.749989438125
57156.8349894056
57212.68498937634
57339.544989309885
57427.34498926389
57520.61498921503
57608.714989168875
57755.42498909202
57789.40498907422
57819.32498905854
57831.16998905234
57856.21498903922
57877.93998902784
57908.409989011874
57928.3999890014
57943.78998899334
57992.17998896799
58121.25498890037
58136.53498889237
58352.97498877898
58401.27498875368
58535.989988683104
58927.84998847782
58941.949988470435
59091.584988392045
59453.43498820248
59692.614988077185
59714.83998806554
59734.18498805541
59854.619987992315
59877.45498798035
59887.984987974836
59914.69998796084
60722.35998753773
60752.27998752206
60780.824987507105
60916.414987436074
60990.8049873971
60999.89998739234
61014.929987384465
61030.54998737628
61124.41498732711
61180.41998729777
61296.88498723676
61529.69998711479
61552.41998710289
61569.1949870941
61818.13498696369
61840.919986951754
61856.92498694337
61868.7049869372
62005.09498686575
62083.28498682479
62094.94498681868
62350.204986684956
62382.024986668286
62403.214986657185
62413.20498665195
62655.02498652527
62687.13498650845
62820.0899864388
63141.51998627041
63167.23498625694
63334.5249861693
63436.72998611576
63451.074986108244
63463.24498610187
63517.119986073645
63662.48998599749
63678.53998598908
63713.47998597078
63740.9299859564
63812.214985919054
64193.21498571946
64210.594985710355
64226.994985701764
64471.68498557358
64555.56998552963
64758.499985423325
64787.724985408015
64814.62498539392
64974.87998530997
65068.42998526096
65081.724985254
65095.93498524655
65107.74998524036
65342.844985117204
65357.22498510967
65388.124985093484
65429.06498507204
65496.72998503659
65613.90998508857
65623.09998509713
65634.21498510748
65680.32498515042
65735.32498520165
65745.53998521116
65793.99498525629
65803.17998526484
66061.17498550512
66069.61498551298
66121.46998556127
66163.7049856006
66214.90498564829
66230.92498566321
66461.92998587835
66731.96498612984
66744.6949861417
67172.46998654009
67205.60498657095
67285.61498664547
67296.0749866552
67312.28998667031
67541.43998688372
67641.26498697669
67691.24498702324
67901.93998721946
67995.53498730663
68007.66998731793
68018.93498732842
68038.79498734692
68142.1799874432
68159.9949874598
68241.20498753543
68249.6649875433
68259.47498755244
68279.6199875712
68547.38498782058
68580.8999878518
68590.59998786083
68600.93498787045
68621.15498788928
68758.70498801739
69089.61998832558
69607.56998880795
69671.99998886796
69692.70498888724
69824.70498901018
69892.41498907324
70318.27498946985
70332.25998948287
70356.85998950579
70382.36998952954
70426.68498957081
70440.66498958383
70664.49498979229
70750.79998987267
70846.69498996198
71246.12499033398
71376.25999045518
71386.93499046512
71403.05499048013
71467.4449905401
71575.11499064037
71586.77999065124
71680.43999073846
71835.93999088329
71847.68999089423
72009.56999104499
72139.57999116607
72203.71999122581
72218.48999123956
72366.39999137732
72374.27499138465
72634.44499162695
72645.58999163733
72791.77499177348
72943.77499191504
73199.24499215296
73209.08999216213
73487.044992421
73662.95999258483
73683.0099926035
73705.99499262491
73720.42499263835
73879.32499278634
73892.76999279886
73982.37499288231
74006.87999290513
74073.6299929673
74094.30499298655
74130.03999301983
74146.9699930356
74162.09499304969
74181.24999306753
74219.96999310359
74259.99499314086
74290.34499316913
74323.79499320028
74387.22499325935
74452.38499332004
74465.04499333183
74600.02499345754
74607.53999346454
74621.32999347738
74639.66499349446
74662.76999351598
74682.86499353469
74695.34499354631
74718.28499356768
74852.6349936928
74876.86999371537
74892.90999373031
74989.36499382014
75008.7599938382
75247.4549940605
75262.27499407431
75280.23499409104
75405.98499420815
75425.49499422632
75436.77499423682
75452.83499425178
75639.1449944253
75649.58999443502
75658.17499444302
75680.82999446412
75913.699994681
75922.31499468902
75997.44499475899
76019.40999477945
76210.1599949571
76296.35999503738
76307.24999504752
76318.33499505784
76455.66999518574
76499.33499522641
76508.38499523484
76520.74499524635
76781.01999548875
76898.324995598
76919.799995618
77119.52999580401
77274.7799959486
77286.03999595909
77302.04499597399
77400.02499606524
77431.74499609479
77457.27999611857
77471.89499613218
77488.01499614719
77503.38999616151
77577.10999623017
77737.03499637911
77761.3999964018
77832.17999646772
77879.22499651153
77985.92999661091
78180.46499679209
78234.7049968426
78366.35499696521
78383.23499698093
78639.54499721964
78804.05999737285
78888.2899974513
78978.87499753566
79171.92499771545
79680.52999818913
79712.07499821851
79828.01999832649
79900.24999839376
80044.97999852855
80412.3549988707
80423.06999888067
80449.05499890487
80461.94499891688
80580.89499902766
80647.38999908959
80723.54499916051
80894.10999931936
80945.70499936742
81153.92999956134
81536.79999991792
81890.29000024713
82059.61500040482
82089.6550004328
82101.52000044385
82115.65000045701
82134.36000047444
82159.63500049798
82256.06000058778
82702.99500100402
82800.10000109446
82979.29000126134
83001.41000128194
83028.05000130675
83045.22500132275
83061.09500133753
83108.89000138204
83296.69500155695
83308.22500156768
83317.70500157651
83456.06500170537
83727.6400019583
83738.2800019682
83751.0600019801
83770.43500199815
83997.74500220985
84023.48000223382
84137.1650023397
84169.01500236936
84274.04000246717
84285.41500247776
84301.57500249281
84435.50500261754
84449.25000263035
84654.59000282158
85100.46000323683
85111.7000032473
85120.56000325555
85186.14500331663
85223.52000335144
85235.51000336261
85253.52000337938
85393.72000350995
85644.02000374306
85795.80500388442
85945.8950040242
85964.70500404172
86163.08000422647
86175.91500423843
86557.27000459359
86634.45500466548
86784.55500480527
86800.97000482056
86819.75000483805
86871.4600048862
86882.15500489617
86923.61000493477
86938.6700049488
86949.4100049588
86967.48000497563
86976.51500498404
86991.05500499759
87008.27000501362
87156.37500515155
87398.14500537672
87421.18000539817
87430.59000540694
87441.86500541744
87451.58500542649
87549.51000551769
87561.61000552896
87589.11500555457
87637.39500559954
87743.25000569812
87767.86000572104
87878.58000582416
87933.55000587535
87945.59000588657
87960.00500589999
87970.04000590934
87984.15500592248
88065.5600059983
88086.65000601794
88387.26500629791
88487.82500639156
88597.10500649334
88894.34500677016
88903.69000677887
88918.59500679275
89176.11000703258
89390.30000723206
89494.25500732887
89523.65500735625
89533.17000736512
89660.75000748393
89682.49500750419
89698.78500751936
89883.42500769132
89893.91000770108
89911.06000771705
90058.47000785434
90102.60000789544
90113.52500790561
90134.14500792482
90156.72000794584
90172.3550079604
90191.18500797794
90584.37500834413
90729.72000847949
90741.79500849074
90769.95000851696
90984.22500871652
90994.36500872596
91009.6550087402
91237.38500895229
91258.41500897188
91410.85000911384
91420.94000912324
91430.38500913203
91440.30000914127
91449.41500914976
91464.69500916399
91500.76000919758
91531.11000922584
91543.81000923767
91583.62500927475
91671.12500935624
92067.27500972518
92105.32500976062
92122.27500977641
92138.12000979116
92280.9600099242
92311.62500995275
92393.32001002884
92421.14001005475
92599.70501022105
92613.79501023417
92796.56501040439
92818.88501042518
92831.56501043699
92964.50001056079
93064.30501065374
93199.59501077974
93213.71001079289
93240.62001081795
93458.5400110209
93469.95501103153
93481.89001104265
93760.27001130191
94002.9300115279
94198.44501170999
94302.7100118071
94321.19501182431
94329.07501183165
94340.69501184247
94734.56501220929
94748.65501222241
94909.96501237265
94966.45501242526
94976.98501243506
94999.15501245571
95049.77501250285
95067.07501251897
95331.51001276524
95351.19501278357
95388.25501281809
95409.50001283787
95436.40501286293
95461.66501288646
95617.76501303184
95628.13001304149
95637.76501305046
95655.79501306725
95683.73501309328
95786.15501318866
95808.22501320922
95822.39501322241
95851.94001324993
95932.48001332494
95946.41001333791
96157.73001353472
96281.38501364988
96296.39001366385
96318.020013684
96789.86001412343
96869.58501419768
96885.97001421294
96900.50501422648
96914.52001423953
96924.86501424917
96949.62001427222
97296.27501459507
97355.41501465015
97425.46501471539
97438.40001472743
97552.86001483403
97575.6900148553
97974.33501522656
97994.33501524519
98003.11001525336
98018.2900152675
98075.48501532077
98258.94501549163
98268.22501550027
98287.65001551836
98568.25001577969
98607.20501581597
98806.56501600164
98972.76001615642
98990.42001617287
99206.07501637371
99264.11501642776
99344.28501650243
99357.68501651491
99602.39001674281
99616.38001675584
99625.97501676477
99640.5000167783
99652.28501678928
100088.32501719537
100108.78501721442
100123.31001722795
100369.84501745756
100385.18501747184
100421.30501750548
100474.30001755484
100583.76501765678
100597.91001766996
100613.05001768406
100622.4400176928
100727.52501779067
100893.73501794547
100919.98001796991
100974.42501802061
100989.27001803444
101001.51501804584
101212.75001824257
101242.88501827064
101263.59501828993
101321.78001834411
101390.02001840767
101468.10501848039
101690.19501868723
101865.76501885074
101877.46501886164
101891.65501887485
101916.04001889756
101936.97001891705
101984.150018961
102017.47001899203
102103.67501907231
102220.5950191812
102236.90501919639
102259.5750192175
102329.0350192822
102338.84001929133
102370.72501932102
102403.82501935185
102456.7050194011
102539.01001947775
103326.93002021156
103432.80002031015
103488.24002036179
103503.56502037606
103520.12502039148
103944.42502078664
103957.19502079854
104058.625020893
104072.77502090618
104125.205020955
104226.89502104971
104273.89002109348
104405.57502121612
104421.47502123093
104511.35002131463
104583.82002138213
104699.18502148957
104743.27002153062
105035.44502180273
105262.49002201419
105277.79502202844
105291.5000220412
105473.90002221108
105489.94002222602
105507.55502224242
105775.09502249159
105789.73002250522
105804.11002251861
105815.79002252949
105951.87002265622
106083.09502277843
106315.58502299496
106443.63502311421
106485.16002315289
106502.01002316858
106512.74002317857
106530.93002319551
106584.42502324533
106593.02502325334
107041.87002367136
107236.16002385231
107440.1650240423
107529.47502412548
107820.20502439624
108075.9200246344
108102.37502465904
108370.00002490828
108389.21502492618
108474.1700250053
108551.56002507737
108573.5950250979
108621.43002514244
108662.92002518108
109364.05502583407
109413.31502587994
109528.82002598752
109539.25002599723
109606.09002605948
109617.75502607034
110018.23502644332
110326.1650267301
110485.71002687869
110495.05002688739
110511.810026903
110780.7800271535
111107.36002745765
111368.47002770082
111386.6950277178
111399.02002772928
111841.40002814127
111971.31002826226
112095.4750283779
112114.87002839596
112126.41502840671
112211.80002848624
112227.2200285006
112253.40002852498
112267.5950285382
112307.47502857534
112315.83502858313
112335.92002860183
112355.92502862046
112490.04002874537
112662.32502890582
112752.58502898988
112769.62502900575
112911.18002913758
112932.68502915761
112948.37002917222
113019.28502923826
113052.14502926887
113108.45502932131
113162.85002937197
113192.00502939912
113209.6900294156
113484.42002967146
113495.37502968166
113506.47002969199
113530.39002971427
113757.39002992568
113886.78503004619
113965.69003011967
114031.9750301814
114258.72003039258
114291.29003042291
114302.0150304329
114491.73503060959
114513.71003063006
114626.48003073508
114703.99003080727
114745.97003084637
114780.23003087827
114857.12503094989
114871.69003096345
115017.15503109893
115031.86503111263
115043.70003112365
115064.08003114263
115165.65503123723
115182.30503125273
115239.77503130626
115252.07003131771
115271.35003133566
115693.42003172875
115947.75503196561
116015.03003202827
116220.17003221932
116368.37503235735
116487.76503246854
116502.49503248226
116527.03503250511
116556.09503253218
116599.38503257249
116617.26503258914
116717.80003268278
116737.1550327008
116801.35003276059
116832.46003278956
116842.73003279913
116900.46003285289
116912.45503286406
116934.64503288473
116949.6500328987
117030.35503297386
117064.35503300553
117286.39503321232
117725.87003362161
117966.76503384596
117978.41003385681
117990.9700338685
118130.3350339983
118764.33503458876
118836.35503465583
118849.06003466767
118904.59503471939
118914.05003472819
118931.23003474419
119062.85003486677
119109.14003490988
119293.27503508137
119456.66003523354
119508.08003528143
119518.17503529083
119531.66003530339
119555.02003532514
119820.88003557274
120054.8000357906
120246.4650359691
120261.69003598328
120316.52003603434
120434.19003614393
120445.44503615441
120455.55003616383
120584.56003628398
121047.4700367151
121061.41503672808
121075.17003674089
121088.14503675298
121098.89503676299
121128.45503679052
121245.28503689932
121257.2800369105
121273.41003692552
121301.75003695191
121431.30503707257
121544.34503717785
121576.91503720818
121587.92003721843
121601.3100372309
122097.01003769255
122218.15003780538
122228.10503781465
122240.41503782611
122360.53003793798
122379.49503795564
122442.43503801426
122601.20503816212
122674.21003823011
122961.30003849749
123186.64003870735
123265.98003878124
123414.28503891936
123466.58503896807
123489.64003898954
123521.44503901916
123789.68503926898
123943.51503941225
124133.72003958939
124148.15003960283
124217.40003966732
124449.37503988337
124578.76504000387
124591.18504001544
124606.7200400299
124671.25504009
124775.63004018721
124926.3650403276
124940.63004034088
124989.47004038637
125074.74004046578
125104.26004049327
125281.74504065857
125332.19004070555
125347.39504071971
125582.73004093888
125637.80504099018
125663.53004101414
125808.81004114944
125833.09004117205
125855.65504119307
126168.45004148438
126201.32004151499
126412.6400417118
126438.82004173618
126464.95004176052
126744.24004202062
126760.92504203616
126771.40504204592
126843.13504211273
126904.14504216955
126913.4400421782
126932.58004219603
126955.16004221706
127109.73504236102
127188.8550424347
127285.30004252453
127298.11504253646
127410.73504264135
127454.99004268256
127467.50504269422
127556.2800427769
127651.25004286534
127720.61504292995
127854.0250430542
127869.24004306836
127888.15504308598
128100.91504328413
128310.54504347936
128325.195043493
128542.18004369509
128709.83004385122
128741.09504388034
128752.7550438912
128833.09004396602
128930.81004405703
129098.98504421365
129124.99504423788
129186.00004429469
129198.05504430592
129216.94504432351
129278.04504438041
129387.71004448255
129406.26504449983
129499.18004458636
129730.22504480154
129853.40504491626
129912.41004497121
129923.81004498183
129944.9250450015
129959.93004501547
130034.10004508455
130051.46004510071
130061.80004511034
130079.39504512673
130221.420045259
130571.18504558475
130690.84504569619
130750.2300457515
130802.27504579996
130828.31004582421
130861.31004585495
130875.04504586774
130886.070045878
131254.29004622094
131564.11004650948
131740.5500466738
131750.61004668317
131791.3350467211
131962.1650468802
131978.54504689545
131990.0850469062
132066.50004697737
132110.74004701857
132124.56504703144
132144.7100470502
132264.16504716146
132426.27504731243
132471.26504735433
132490.47004737222
132565.64504744223
132679.7400475485
132997.98504784488
133008.60004785476
133020.2200478656
133031.78504787636
133470.63504828507
133482.6000482962
133562.62004837074
133571.32504837884
133581.96504838875
133594.7850484007
133759.74004855432
134289.70004904788
134409.37004915933
134425.52004917437
134514.5750492573
134532.54004927404
134740.43004946766
134816.19504953822
134841.64004956192
134887.890049605
134905.37004962127
134917.27004963235
135012.31004972087
135032.18004973937
135045.02004975133
135056.8150497623
135205.6150499009
135246.87504993932
135538.1550502106
135730.40005038964
135871.19505052076
135894.04505054204
135951.5400505956
136068.00505070406
136247.41005087114
136266.6900508891
136277.30505089898
136337.80505095533
136371.66505098686
136452.61505106225
136494.0100511008
136565.10505116702
136585.2850511858
136613.02505121165
136626.8100512245
136873.6900514544
136889.19505146885
136916.37005149416
137098.26005166356
137122.60505168623
137154.7700517162
137286.30005183868
137312.14505186275
137842.68505235686
137858.0950523712
137988.68505249283
138069.31005256792
138376.6000528541
138392.1750528686
138401.7100528775
138487.16005295707
138498.7750529679
138679.275053136
138783.37505323294
138821.9750532689
138844.01505328942
138854.01005329873
138884.4700533271
138895.99505333783
138908.03505334904
139118.435053545
139213.9100536339
139240.40005365858
139351.03505376162
139364.61005377426
139597.47505399113
139721.58005410671
139916.4400542882
139927.34005429834
139971.1100543391
140014.28505437932
140032.16505439597
140125.31505448272
140323.66505466745
140336.2800546792
140355.97005469754
140386.34005472582
140409.65005474753
140508.80505483988
140585.2850549111
140725.88505504205
140774.28005508712
140885.57505519077
140986.03505528433
141107.8700553978
141126.84005541547
141239.78505552065
141395.14005566534
141735.01505598187
141921.72005615575
141939.85005617264
141955.43505618715
142243.65005645558
142263.68005647423
142289.98505649873
142301.53505650949
142355.0250565593
142402.4750566035
142625.1650568109
142635.0600568201
142764.36505694053
142797.67005697155
142912.3100570783
142929.165057094
142988.60505714937
142998.39005715848
143009.4800571688
143022.75505718117
143035.8750571934
143078.20505723282
143102.31005725526
143122.92505727446
143152.75505730225
143161.47005731036
143170.05505731836
143183.5200573309
143208.5450573542
143293.160057433
143342.2200574787
143451.38005758036
143475.87505760317
143498.1350576239
143838.11005794053
143847.48505794926
143855.6850579569
143865.61005796614
144036.185058125
144049.14005813707
144262.87505833613
144292.5850583638
144307.03505837725
144579.09505863063
144592.9150586435
144614.21005866333
144804.52005884057
144814.13005884952
144838.8050588725
144859.90005889215
144888.02005891834
144957.64005898318
144981.88005900575
144993.38005901646
145009.35005903133
145364.54005936213
145388.31005938427
145616.03505959635
145734.50005970668
146050.66506000113
146064.65006001416
146075.99506002472
146523.1750604412
146799.91006069892
146858.3900607534
146913.5950608048
147333.5400611959
147347.34006120876
147429.37506128516
147440.1550612952
147453.42006130755
147464.8650613182
147483.02506133512
147593.8100614383
147637.70006147918
147811.460061641
147842.87006167026
147861.2650616874
147960.19006177952
148070.48506188224
148088.2550618988
148173.8600619785
148207.68006201
148304.46506210015
148357.3550621494
148374.24506216514
148532.93506231293
148544.01506232325
148559.81506233796
148676.27506244642
148700.60006246908
148801.9850625635
149094.82506283623
149300.06006302737
149311.45506303798
149322.8650630486
149389.9700631111
149485.59506320016
149507.90506322094
149797.7700634909
149809.01006350137
149820.83006351237
149832.22006352298
150045.02506372117
150186.80506385321
150297.74506395654
150367.55006402155
150383.65506403655
150406.61006405792
150447.34006409586
150598.01006423618
150765.6400643923
150801.00506442523
150818.59506444162
150962.30506457546
151678.82506524277
151787.58506534406
151803.92006535927
151834.71006538795
151856.38006540813
151892.45506544173
151934.44506548083
151948.86506549426
151981.47506552463
152781.03506626928
152798.3300662854
152810.21006629645
152835.66006632015
153025.52506649698
153042.33006651263
153059.23506652837
153069.59506653802
153144.14006660745
153202.98506666225
153215.20506667363
153234.7200666918
153261.07006671635
153746.60506716854
153820.04506723693
153887.92006730015
154043.40506744495
154146.49506754096
154157.20006755093
154417.3450677932
154453.76006782713
154471.36006784352
154527.8150678961
154578.01006794284
154672.70006803103
154682.58506804024
154700.76506805717
154717.41506807267
154731.21506808553
154800.79006815032
155100.8750684298
155241.09006856038
155505.12006880628
155518.5600688188
155616.76506891026
156732.90506994975
156783.08506999648
156799.80507001205
156860.3100700684
156873.1000700803
156885.04507009144
157055.92007025058
157283.43507046247
157293.73007047205
157304.33507048193
157534.3000706961
157726.75007087534
157749.72507089673
157762.34007090848
157800.12507094367
158134.07007125468
158266.40507137793
158346.9200714529
158419.0550715201
158447.38007154647
158648.39507173368
158663.30507174757
158908.2500719757
159071.55007212778
159127.25007217965
159179.79007222858
159329.56007236807
159341.76507237944
159456.05007248587
159580.6400726019
159594.13007261447
159608.31507262768
159756.68007276586
159822.1150728268
159899.92507289926
159947.99007294403
159969.1000729637
160453.51507341483
160552.41007350694
160563.09007351688
160617.29007356736
160731.86007367406
160869.26007380203
160879.45507381152
160977.06007390242
161135.87007405033
161147.07007406076
161499.54007438902
161511.93007440056
161523.52007441135
161535.35007442237
161545.42007443175
161577.23007446137
161662.8300745411
161787.78007465746
161797.2650746663
161806.69507467508
161816.4850746842
161829.67507469648
161843.56507470942
161884.1400747472
161968.18007482548
162096.510074945
162108.08507495577
162126.31007497275
162146.5550749916
162161.57007500558
162205.63507504662
162322.81007515575
162390.55507521884
162587.9850754027
162785.03007558623
162923.56507571525
163214.1900759859
163302.73507606838
163460.42007621523
163476.3900762301
163491.7400762444
163540.1700762895
163552.8250763013
163566.8050763143
163581.79507632827
163597.21007634263
163626.3850763698
163683.64007642312
163709.5900764473
163769.5050765031
163785.44507651794
163876.08507660235
163906.28507663048
164105.56007681607
164117.42507682712
164167.15507687343
164400.15007709042
164441.22507712868
164455.58007714205
164699.73507736943
164711.5100773804
164728.01007739577
164792.53007745586
164802.1250774648
164873.46007753123
164911.2100775664
164932.12007758586
164942.94007759594
164958.49007761042
164989.86507763964
165013.10007766128
165029.73507767677
165118.38007775933
165421.905078042
165529.54507814226
165540.84007815277
165554.27007816528
165831.4150784234
165945.87507853
165959.37507854257
166124.94007869676
166145.2750787157
166162.04507873132
166359.10507891484
166538.43507908186
166553.38507909578
166647.32507918327
166682.17007921572
166856.65507937822
166972.85507948644
166986.2450794989
167165.29007966566
167177.75007967727
167237.96007973334
167275.84507976862
167288.90007978078
167391.59007987642
167401.90007988602
167796.96508025395
167808.57508026477
167820.25008027564
167840.96008029493
167858.8550803116
167871.68508032354
168202.4450806316
168230.19508065743
168250.43508067628
168275.63008069975
168298.8800807214
168318.7400807399
168425.8000808396
168555.9250809608
168578.33008098166
168628.03008102794
168652.2550810505
168717.02508111083
168943.92508132214
168958.83508133603
168967.62508134422
168977.2850813532
169073.32508144266
169197.0600815579
169216.00008157553
169231.05008158955
169257.70508161437
169356.24008170614
169391.81008173927
169422.655081768
169477.0050818186
169525.58508186386
169607.72508194036
169639.0100819695
169694.5200820212
170203.54508249526
170226.29008251644
170659.33008291974
170702.0350829595
170715.05508297164
170724.8800829808
170734.40008298965
170759.66508301318
170775.60508302803
170793.43508304463
170838.8300830869
170853.68508310075
170864.97508311126
170880.64508312586
170960.60508320032
170989.50008322723
171166.58008339215
171189.84008341382
171238.28008345893
171304.89508352097
171317.00008353224
171386.92508359737
171399.90008360945
171440.1000836469
171593.4300837897
171684.77008387476
171705.83008389437
171717.30008390505
171737.7550839241
172038.00508420373
172070.2950842338
172103.6750842649
172159.01508431643
172359.36508450302
172425.6850845648
172470.1600846062
172757.13008487347
173051.1400851473
173317.81008539564
173330.81008540775
173340.81008541706
173419.06508548994
173490.98508555692
173639.49008569523
173856.28508589714
173943.6350859785
173981.760086014
174057.0300860841
174075.77008610155
174134.16508615593
174151.50008617208
174160.18008618016
174169.96008618927
174187.43008620554
174231.2000862463
174246.51508626057
174296.96008630755
174357.4700863639
174369.87008637545
174388.2750863926
174436.24008643726
174452.25008645217
174486.03508648364
174510.1650865061
174555.9900865488
174576.57508656796
174681.02008666523
174693.58508667693
174822.89008679736
174837.2050868107
174846.61508681945
174980.93008694454
174995.385086958
175007.46008696925
175051.46508701023
175062.43508702045
175073.20508703048
175085.49508704193
175095.51508705126
175257.2500872019
175346.88508728537
175358.96508729662
175372.87008730957
175386.1050873219
175400.13008733495
175602.5650875235
175618.29508753814
175633.4100875522
175645.79508756375
175654.81508757215
175764.26008767408
175833.06008773815
176018.94008791127
176033.97508792527
176043.40008793405
176053.6550879436
176073.87508796243
176109.75508799584
176304.18008817692
176316.8400881887
176450.9350883136
176463.53508832533
176485.03008834535
176894.05008872628
176916.06008874677
176927.44508875738
177148.9850889637
177282.1150890877
177324.9800891276
177415.10508921155
177437.89008923277
177470.69508926332
177699.4900894764
177717.7350894934
177725.920089501
177994.42008975107
178065.92008981766
178350.23009008245
178380.97509011108
178396.44009012548
178528.1050902481
178550.9650902694
178643.98509035603
178739.0950904446
178757.09509046137
178767.7600904713
178796.90009049844
178869.440090566
178948.43009063957
178965.38509065536
178976.99509066617
179187.88009086257
179333.16509099788
179647.00009129016
179722.25009136024
179747.36509138363
179891.30009151768
179997.65509161673
180025.40509164258
180044.82509166066
180058.64509167353
180229.05509183224
180279.19509187894
180305.37509190332
180459.39509204676
180488.61509207397
180565.6350921457
180573.460092153
180586.0400921647
180669.10509224207
180730.8900922996
180745.34509231307
181144.3800926847
181156.01509269554
181218.3700927536
181231.69009276602
181274.1800928056
181364.75509288994
181415.69009293738
181606.60009311518
181619.98509312765
181637.61009314406
181653.3250931587
181778.69009327545
181797.28009329276
181969.51509345317
182152.92509362398
182176.26009364572
182380.81509383622
182393.7950938483
182404.4150938582
182696.87009413057
182760.40009418974
182775.22009420354
182809.39009423536
182914.56509433332
182924.6250943427
182936.59009435383
182947.34009436384
183144.24509454722
183394.0800947799
183480.68009486055
183495.50009487435
183510.8900948887
183830.62009518646
183917.68009526754
183930.65509527962
183941.2700952895
184027.56009536987
184045.8550953869
184146.3500954805
184158.72509549203
184217.90509554715
184314.87509563746
184334.84009565605
184345.9450956664
184494.59509580483
184526.30009583436
184658.50009595748
184691.71509598842
184750.66509604332
184984.04509626067
185081.01509635098
185100.00009636866
185111.4250963793
185193.95009645616
185402.38009665027
185413.00509666017
185517.9500967579
185535.58009677433
185548.04009678593
185763.85509698692
185773.66009699606
185927.29509713914
185972.9950971817
186216.59509740857
186292.46009747923
186303.36009748938
186313.63509749895
186573.0950977406
186623.51009778754
186714.15009787196
186728.88509788568
186761.40509791597
186870.28509801737
186881.33009802765
186900.36509804538
187012.2600981496
187025.76509816217
187041.09509817645
187064.5450981983
187078.49009821127
187098.01509822946
187115.3400982456
187192.78509831772
187235.21509835724
187361.42509847478
187464.24509857054
187511.5450986146
187610.9950987072
187629.7700987247
187672.1950987642
187682.14509877347
187694.1000987846
187704.9350987947
187716.16009880515
187825.49509890698
187838.26509891887
187909.85009898554
187979.07009905
188021.8050990898
188188.39509924495
188212.9400992678
188228.7150992825
188264.0400993154
188276.04509932658
188414.0250994551
188478.41509951506
188978.725099981
189106.2651000998
189460.13510042935
189470.03510043857
189605.8801005651
189813.95010075887
189991.10510092386
190171.89510109223
190206.9751011249
190265.22010117915
190326.82510123652
190525.90010142192
190541.80010143673
190590.38010148198
190987.20010185154
191015.2801018777
191025.9251018876
191036.5451018975
191135.94510199007
191261.84010210732
191280.15510212438
191419.8851022545
191644.78510246397
191835.79010264185
192105.85510289337
192120.3801029069
192251.51010302902
192262.5551030393
192276.89010305266
192758.12010350084
192769.9951035119
192929.15010366013
192942.8701036729
193173.13510388735
193222.5851039334
193425.32010412222
193461.98510415637
193477.67010417097
193489.8151041823
193634.5851043171
193858.21010452538
193887.61010455276
193898.87510456325
193910.27510457387
194082.210104734
194275.1701049137
194424.8301050531
194446.9551050737
194541.29510516155
194563.0401051818
194650.1251052629
194688.58010529872
194708.46510531724
195016.32010560395
195091.82510567427
195104.44010568602
195359.3201059234
195369.56010593293
195380.4701059431
195534.3351060864
195664.8051062079
195789.83510632435
195812.68010634562
195948.93510647252
196061.95510657778
196082.01010659646
196114.0451066263
196203.0551067092
196335.1301068322
196816.51510728052
196830.82010729384
197198.19010763598
197333.490107762
197484.62510790274
197810.64010820637
197829.9901082244
197848.915108242
197907.6401082967
197940.3701083272
197955.33510834113
197979.3651083635
198160.0551085318
198176.8101085474
198240.87010860705
198291.45010865416
198428.12010878144
198536.9651088828
198602.9851089443
198693.3901090285
198727.19510905998
198941.19510925928
198978.29010929383
199073.68510938267
199086.1801093943
199099.9251094071
199127.6151094329
199169.20510947163
199212.565109512
199324.62010961637
199354.43010964413
199477.50510975876
199496.10010977607
199516.35510979494
199526.75510980462
199543.72010982042
199886.2301101394
199943.29011019255
199956.1201102045
200027.80011027126
200037.6151102804
200152.88011038775
200248.84011047712
200306.07511053042
200512.88511072303
200529.8101107388
200554.55511076184
200571.07011077722
200596.0651108005
200635.86011083756
200696.07011089363
200709.6701109063
200722.60011091834
200887.67011107208
200940.2951111211
200965.06511114415
201149.67011131608
201214.16511137615
201226.42011138756
201243.34511140332
201284.6651114418
201350.56011150317
201431.6601115787
201446.29011159233
201456.80011160212
201469.58011161402
201529.02011166938
201544.2751116836
201559.3301116976
201570.98011170846
201588.99011172523
201598.3101117339
201615.45511174988
201721.61011184874
201734.07011186035
201833.91511195333
201845.88011196448
202280.48511236924
202292.97511238087
202530.15011260175
202562.4001126318
202574.1151126427
202587.15511265484
202930.47011297458
203051.84011308762
203320.72011333803
203342.5801133584
203716.3501137065
203730.7601137199
203776.3901137624
203823.36011380615
203839.4101138211
203850.83011383173
203870.73011385027
203998.03511396883
204066.5201140326
204095.00511405914
204103.72511406726
204117.64511408022
204128.8851140907
204139.37011410046
204185.01011414296
204198.41511415545
204211.11011416727
204222.2101141776
204413.24011435552
204585.05511451553
204678.965114603
204690.1251146134
204886.60011479637
204898.9751148079
205002.175114904
205499.7501153674
205538.54511540354
205574.09011543664
205589.33511545084
205625.44011548447
205639.0101154971
205653.42011551053
205982.12511581666
205991.48011582537
206179.7501160007
206192.88011601294
206215.04011603358
206355.5001161644
206481.6751162819
206512.10011631023
206646.7151164356
206883.63511665625
206901.27511667268
207061.64011682203
207157.00011691084
207316.68011705956
207618.26511734043
207707.59011742362
207722.73511743773
207892.43511759577
208068.93511776015
208160.4651178454
208173.62011785764
208187.7351178708
208546.41011820483
209368.7451189707
209384.7501189856
209396.91511899693
209468.4951190636
209480.04511907435
209497.2951190904
209513.54511910555
209759.75011933484
209798.31511937076
209884.8001194513
209897.30511946295
209930.40011949377
210066.28011962032
210076.76011963008
210090.03011964244
210239.51511978166
210250.66011979204
210282.10511982132
210608.69012012548
210699.27012020984
210712.5401202222
210795.80012029974
210820.28012032254
210845.95012034645
211039.98012052715
211152.81512063224
211432.815120893
211599.225121048
211610.70012105867
211785.76512122172
211855.3301212865
211871.83512130188
211920.35512134706
211948.7551213735
212173.09512158245
212235.84012164088
212250.990121655
212268.68012167147
212496.10512188327
212514.94512190082
212637.27012201474
212833.80512219778
212854.8601222174
212916.5101222748
212932.43512228964
213053.05012240197
213060.9251224093
213075.3151224227
213193.38512253267
213219.33512255683
213407.9501227325
213439.56012276193
213458.68012277974
213582.80512289534
213700.49012300494
213733.2901230355
213769.7101230694
213795.13012309308
214176.9601234487
214252.47012351902
214269.55012353492
214287.29512355145
214295.54512355913
214304.79012356774
214318.68512358068
214441.69512369524
214749.56512398197
214769.26512400032
214870.04512409418
214968.23012418562
214978.8551241955
214993.82512420946
215206.06512440712
215221.97512442194
215541.8101247198
215616.66512478952
215689.82012485765
215947.5801250977
215984.15512513177
216027.17512517184
216061.94012520422
216288.21012541495
216318.80512544344
216367.23012548854
216409.43012552784
216487.48512560053
216576.54012568347
216586.6551256929
216596.79512570234
216614.4651257188
216883.29012596916
216896.70012598165
216913.01012599684
216936.36012601858
217010.900126088
217057.03512613097
217183.32012624858
217311.6551263681
217677.00512670836
217739.4251267665
217976.48512698727
217988.23512699822
218216.90512721118
218232.47512722568
218249.37512724142
218273.97012726433
218297.7851272865
218313.90012730152
218333.74512732
218346.79012733215
218551.26512752258
218560.89012753154
218571.83512754174
218600.10512756807
218678.5101276411
218777.4101277332
218794.55012774916
218808.17512776185
218852.11012780276
218950.27012789418
219370.93012828595
219571.30512847257
219590.6551284906
219602.23012850137
219661.80512855685
219687.46012858074
219713.76512860524
219735.5301286255
219756.48012864502
219901.1801287798
219916.69012879423
220096.06012896128
220107.09012897155
220125.33512898855
220192.69512905128
220297.35012914875
220456.62012929708
220695.60512951965
220769.27512958826
221223.12513001094
221241.0101300276
221271.7301300562
221415.45013019006
221532.1951302988
221545.40013031109
221566.42013033066
221682.98013043922
221716.59513047052
221833.1801305791
222096.87013082468
222124.5851308505
222208.1351309283
222221.8651309411
222244.66513096233
222340.75513105182
222371.21013108018
222381.14013108943
222411.42013111763
222442.05013114616
222750.33513143327
222782.71513146342
222793.41013147339
222821.91013149993
222832.42013150972
222842.2951315189
222859.26513153472
222872.26013154682
223194.43513184687
223243.5251318926
223254.1651319025
223288.33013193432
223303.030131948
223630.17513225268
223646.45513226785
223670.09013228986
223728.25013234402
223763.78513237712
223780.4151323926
223880.685132486
223994.24513259175
224283.345132861
224309.19513288507
224345.26013291866
224384.45013295516
224443.8751330105
224571.4251331293
224595.6951331519
224616.92513317167
224652.76513320504
224782.45013332582
224900.16513343545
224974.87513350503
224986.14513351553
225055.95013358054
225068.28513359203
225084.52013360715
225157.5951336752
225226.8401337397
225499.84013399394
225518.98013401177
225646.59513413062
225679.7551341615
225748.3701342254
225915.9901343815
225946.1551344096
225957.78513442044
226053.11013450922
226094.26513454755
226311.60013474996
226335.68013477238
226347.8251347837
226730.37013513996
226752.98013516102
227230.63013560587
227294.9951356658
227353.63513572043
227364.09513573017
227424.31013578625
227446.7151358071
227465.3801358245
227499.71013585647
227543.9801358977
227637.91013598518
227982.23513630586
228018.53513633966
228035.50013635546
228077.86513639492
228098.60013641423
228111.4501364262
228166.62013647758
228256.81013656157
228364.49513666186
228526.780136813
228537.88513682334
228554.2701368386
228565.41013684898
228581.55513686402
228633.11513691203
228651.61013692926
228924.1551371831
228950.02013720718
228963.66013721988
228977.98013723321
229341.02513757133
229423.72513764835
229435.08013765892
229504.17013772327
229631.36013784172
229654.27013786306
229673.540137881
229708.4451379135
229755.91513795772
229766.04513796716
230022.67513820616
230068.1201382485
230108.79013828636
230409.9051385668
230420.45513857662
230430.07513858558
230584.56513872946
230688.91513882665
230866.49013899203
230882.0201390065
230984.97513910237
231007.8651391237
231027.59013914206
231168.0751392729
231420.65513950813
231537.3251396168
231548.42013962712
231558.75513963675
231568.85513964616
231709.41013977706
231723.49513979018
231742.80513980816
231789.7701398519
231815.4401398758
231899.7351399543
231988.11014003662
232323.05014034855
232342.04014036624
232509.36514052207
232518.43514053052
232799.12014079193
232910.62014089577
232953.3751409356
232986.63014096656
233040.19014101644
233062.43014103716
233078.30514105194
233146.71014111565
233159.88514112792
233232.57514119562
233324.30014128104
233434.27014138346
233450.2151413983
233610.56514154765
233696.6251416278
233713.2751416433
233780.25014170568
233792.81514171738
233841.8951417631
233857.33014177746
233873.40014179243
233884.29014180257
233898.1601418155
233914.66514183086
233932.73014184769
234360.1001422457
234371.28514225612
234380.57514226477
234420.93514230236
234431.46514231217
234445.41014232516
234462.80014234135
234551.8651424243
234676.9651425408
234692.38014255516
234831.1601426844
234848.90014270094
234950.95014279598
235135.71514296805
235162.05514299258
235352.2251431697
235371.0301431872
235433.65514324553
235523.78514332947
235765.10514355422
235776.2601435646
235826.02014361095
235838.29514362238
235981.9751437562
236204.82014396373
236215.13514397334
236243.80514400004
236327.44514407794
236446.0501441884
236456.7851441984
236610.39514434146
236621.09514435142
236752.710144474
236771.65014449164
236834.79014455044
236868.1351445815
237184.21014487586
237287.69514497224
237432.5051451071
237451.4951451248
237468.0401451402
237607.8351452704
237736.9001453906
237753.78514540632
237864.2601455092
237952.075145591
237977.49514561467
238115.95514574362
238152.17014577735
238164.53014578886
238592.41514618736
238616.79514621006
238637.6601462295
238693.56014628155
238759.7651463432
238834.12014641246
238858.7401464354
239044.44014660834
239080.08014664153
239093.22014665377
239110.2251466696
239260.5451468096
239384.27014692483
239418.55514695676
239495.10014702805
239524.23514705518
239625.14514714916
239811.9201473231
239849.2801473579
239859.060147367
240364.84014783805
240513.64014797664
240529.6101479915
240673.62514812563
240686.71514813782
240706.17014815594
240835.32514827623
240902.34014833864
240911.5151483472
240927.5251483621
241090.7401485141
241107.44514852966
241121.03514854232
241244.73014865752
241256.8401486688
241304.82014871348
241394.80514879728
241409.1101488106
241543.34514893562
241570.77014896116
241651.18014903605
241664.7501490487
241677.14014906023
241690.50514907268
241722.65514910262
241756.41514913406
241771.89514914848
241798.91014917364
241877.81514924712
241898.3101492662
241939.87514930492
241970.05014933302
242064.23014942073
242077.6201494332
242105.35014945903
242188.39514953637
242382.4651497171
242527.81514985248
242643.50014996022
242663.15514997853
242770.74015007872
242790.43015009706
243158.5601504399
243277.37015055056
243455.3351507163
243467.4701507276
243514.26515077119
243546.00515080075
243770.4801510098
243795.44015103305
243894.86515112565
243937.38015116524
244008.55515123153
244117.0901513326
244136.1851513504
244151.3451513645
244288.31515149208
244299.89015150286
244311.38515151356
244324.98515152623
244338.44015153876
244356.68515155575
244558.4801517437
244657.0701518355
244674.17515185144
244694.6401518705
244715.73515189014
244728.60515190213
244827.75015199446
244839.01015200495
244998.8251521538
245010.17015216436
245024.32515217754
245138.8401522842
245161.31515230512
245287.69515242282
245364.72515249456
245374.3251525035
245410.9351525376
245551.42515266844
245765.66015286796
245791.50515289203
245817.5701529163
245829.93515292782
245949.78015303944
245998.89515308518
246011.41015309683
246024.63515310915
246034.70515311853
246054.57015313703
246191.50515326456
246203.1351532754
246327.41015339113
246342.69515340537
246461.96015351644
246501.77015355352
246926.99515394954
246996.87515401462
247018.84515403508
247035.13015405025
247478.48015446315
247552.36015453195
247562.00515454094
247736.51015470346
247749.18515471526
247963.69015491504
247988.28515493794
248124.3851550647
248139.48515507876
248270.9601552012
248339.92515526543
248394.41015531617
248407.34015532822
248495.83015541063
248510.60015542438
248559.21515546966
248571.37015548098
248960.24015584314
248969.9501558522
249111.56015598407
249144.9751560152
249216.80015608208
249458.67515630735
249489.95015633648
249879.91015669965
249943.3201567587
249958.9801567733
250014.0551568246
250029.9551568394
250040.5801568493
250052.57015686046
250128.25015693094
250244.3751570391
250261.84015705535
250451.58515723207
250616.15015738533
250720.75015748275
250736.71515749762
250769.1201575278
250808.5401575645
250848.96515760216
251133.36015786702
251156.89015788893
251209.62515793805
251247.75515797356
251256.79515798198
251279.43015800306
251294.8401580174
251538.75515824457
251707.60515840183
251799.99515848787
251818.09515850473
251830.58515851636
251849.59515853407
251859.53015854332
252054.30515872472
252312.47515896516
252325.81515897758
252335.36515898647
252343.2301589938
252355.76515900547
252368.07015901693
252483.42515912437
252499.49015913933
252620.27515925182
253159.56515975407
253237.42015982658
253448.70516002335
253462.30516003602
253484.59516005678
253783.28016033495
253796.48516034725
253917.58016046003
253935.68016047688
253982.6251605206
254135.70016066317
254144.7651606716
254163.99516068952
254400.15016090946
254439.68516094628
254449.31516095524
254612.28516110702
254624.46516111837
254651.96016114397
254669.7151611605
254716.57016120414
254840.2251613193
254943.1951614152
254952.5151614239
255083.40016154578
255104.31516156526
255230.82516168308
255266.6151617164
255350.08516179415
255366.00016180897
255468.64516190457
255528.2601619601
255555.60016198555
255663.71016208624
255678.3951620999
255690.53516211122
255910.33016231592
255936.0801623399
256040.335162437
256310.65516268875
256406.72016277822
256909.2101632462
256921.94016325806
256936.85016327194
256951.24016328534
257363.89516366966
257378.78516368353
257474.16516377236
257524.250163819
257563.2301638553
257573.01516386442
257590.31516388053
257606.08516389522
257619.19016390742
257697.5651639804
257787.47516406415
257837.61516411084
258297.8751645395
258605.13016482565
258619.65516483918
258637.8251648561
258651.07516486844
258819.38016502518
258913.17516511254
259161.68016534398
259174.1501653556
259191.62016537186
259204.06016538345
259274.09516544867
259288.78016546235
259299.23516547208
259463.77516562532
259513.37516567152
259524.27016568166
259542.28016569844
259557.67016571277
259907.05016603816
259925.75016605557
260038.35516616044
260061.2801661818
260105.04516622255
260123.0201662393
260132.99016624858
260175.1951662879
260184.4451662965
260391.7801664896
260464.5701665574
260556.2701666428
260730.07016680465
260868.47516693355
260909.29016697156
260931.25516699202
261060.86016711273
261236.67516727647
261571.59016758838
261609.03516762325
261643.10516765498
261686.6001676955
261697.43516770558
261707.78016771522
261813.16016781336
261828.3301678275
261840.75516783906
261968.84016795835
261999.7051679871
262046.4151680306
262064.06016804703
262081.6501680634
262092.3801680734
262104.89016808505
262121.2501681003
262395.5801683558
262407.25516836665
262658.6901686008
262741.19016867765
262753.2901686889
262767.07016870176
262778.6901687126
262789.5651687227
262965.18516888627
263024.3651689414
263042.59016895836
263054.7451689697
263072.66016898636
263088.63016900123
263171.64016907854
263181.63016908785
263222.4701691259
263231.87516913464
263246.6401691484
263433.035169322
263444.4051693326
263460.6301693477
263516.52016939974
263540.28016942187
263562.6701694427
263653.8101695276
263783.1901696481
264302.5501701318
264517.4151703319
264830.13517062314
265018.27517079836
265091.8901708669
265150.86517092184
265370.4951711264
265382.50017113757
265431.4701711832
265522.17517126765
265540.23017128446
265746.970171477
265796.83517152345
266107.2951718126
266149.9151718523
266309.55017200095
266327.4501720176
266421.43517210515
266615.1651722856
266686.9451723524
266726.5301723893
266749.55517241074
266758.05517241865
266787.5501724461
266801.5751724592
266979.0551726245
267005.0701726487
267581.84017318586
267590.85017319425
267717.2001733119
267890.72517347353
267926.5501735069
268096.0851736648
268104.895173673
268116.4101736837
268368.99517391896
268378.9001739282
268524.6001740639
268566.02517410245
268631.73517416365
268890.29017440445
268909.50517442235
269071.5851745733
269338.640174822
269365.8201748473
269386.3851748665
269399.01517487824
269488.7451749618
269678.3601751384
269712.86517517053
269727.4201751841
269915.8551753596
270173.5501755996
270338.98517575365
270436.6251758446
270450.1551758572
270474.3001758797
270493.1301758972
270620.660176016
270717.36017610604
270759.3051761451
271171.6101765291
271184.57517654117
271280.95517663093
271295.37017664436
271312.3851766602
271406.69017674803
271504.1601768388
271521.4401768549
271541.16017687327
271580.9201769103
271777.3951770933
271787.87517710304
271798.62517711305
271814.660177128
272020.44017731963
272104.610177398
272120.0701774124
272154.16017744417
272201.3451774881
272214.0301774999
272223.51017750875
272232.32517751696
272269.76517755183
272560.930177823
272625.385177883
272748.15517799737
272762.63017801085
272779.8501780269
272855.3451780972
273114.2101783383
273159.4501783804
273189.1451784081
273417.19017862045
273428.1901786307
273453.8401786546
273470.0601786697
273493.6901786917
273502.85017870023
273523.3001787193
273622.860178812
274022.9201791846
274035.3701791962
274049.6901792095
274062.045179221
274139.51017929317
274157.3401793098
274192.96517934295
274253.63517939945
274429.7951795635
274554.70517967985
274567.2451796915
274647.93017976667
274657.8701797759
274672.83017978986
274817.67517992476
274827.96517993434
274844.1651799494
274907.84018000873
275009.6751801036
275149.9251802342
275166.5951802497
275296.2651803705
275338.98518041027
275493.16018055385
275507.0501805668
275653.23518070293
275663.88018071285
275673.2801807216
275684.7851807323
275779.72518082074
275854.5551808904
275912.6101809445
276052.8601810751
276065.7501810871
276372.21518137254
276495.5601814874
276521.26518151135
276639.47018162144
276729.3051817051
276935.6801818973
276954.8701819152
276966.485181926
277006.16518196295
277217.8501821601
277227.7251821693
277239.69018218043
277412.3201823412
277428.24518235604
277591.13018250774
277601.8501825177
277678.6901825893
277718.090182626
277959.31518285064
278093.86018297594
278271.55018314143
278281.805183151
278318.94518318557
278387.2601832492
278575.2701834243
278588.0401834362
278635.76518348063
278646.0201834902
278658.700183502
278695.61018353637
278902.92018372944
278926.25018375117
278946.42018376995
279057.5851838735
279078.16018389264
279094.18018390756
279110.48518392275
279220.86018402554
279310.7901841093
279413.8751842053
279446.810184236
279493.4551842794
279746.6501845152
279761.71518452925
279782.3701845485
279924.8601846812
279957.11518471123
280045.0151847931
280121.2801848641
280140.3651848819
280178.7951849177
280353.76518508064
280436.00518515724
280464.47518518375
280480.5401851987
280518.03518523363
280733.0901854339
280937.8501856246
281004.0801856863
281016.8451856982
281072.11018574965
281089.3351857657
281107.2801857824
281299.6701859616
281539.8001861852
281556.0801862004
281572.1101862153
281678.86518631474
281691.4101863264
281705.27518633934
281949.66518656694
281964.9851865812
281999.2201866131
282082.16018669034
282459.91018704214
282482.99018706364
282519.2201870974
282538.42018711526
282982.4501875288
282998.5401875438
283066.5351876071
283099.31018763763
283330.81018785323
283345.3651878668
283372.3551878919
283742.30018823646
283754.11518824747
283763.55518825626
283842.6101883299
283860.7901883468
284311.930188767
284327.2901887813
284341.21518879425
284654.1901890857
284675.8401891059
284696.6801891253
284740.410189166
284822.3101892423
284836.64518925565
284852.84518927074
285111.93518951203
285127.95018952695
285165.30018956173
285328.0151897133
285444.5251898218
285489.3401898635
285498.430189872
285560.55018992984
285576.34518994455
285988.7251903286
286056.62019039184
286066.5501904011
286105.1951904371
286156.640190485
286318.5601906358
286341.4651906571
286431.47019074095
286446.20519075467
286863.2601911431
286878.5301911573
287063.25019132934
287082.5501913473
287158.9601914185
287170.76019142946
287197.90019145474
287283.06519153406
287300.44519155024
287315.0801915639
287374.87019161956
287491.9851917286
287509.19519174466
287529.68019176373
287748.40019196743
287783.54019200016
288000.4901922022
288014.1251922149
288139.4251923316
288387.74519256287
288398.1701925726
288439.8651926114
288543.2701927077
288574.7951927371
288588.41519274976
288606.2601927664
288619.4001927786
288634.13019279233
288678.70519283385
288688.90519284335
288882.41019302356
289089.28519321623
289372.9351934804
289385.46519349207
289578.2151936716
289634.9151937244
289742.6251938247
289755.99019383715
289804.3351938822
289816.4001938934
290019.1401940822
290037.72019409953
290058.7151941191
290070.2251941298
290295.34019433946
290313.4001943563
290346.6201943872
290597.3501946207
290608.0601946307
290651.39019467105
290707.53519472334
290718.83019473386
291002.80519499833
291136.1301951225
291148.450195134
291251.3251952298
291265.2751952428
291275.4151952522
291295.0201952705
291628.7351955813
291664.90519561496
291676.0301956253
291706.22519565345
291941.1201958722
291954.0901958843
292171.28519608657
292185.8351961001
292308.37019621424
292393.96519629395
292606.25019649166
292663.90019654535
292819.38019669015
292957.745196819
292973.9451968341
293011.1251968687
293023.7801968805
293039.18519689486
293061.28019691544
293073.680196927
293094.48519694636
293160.28019700764
293174.58519702096
293294.40019713255
293315.6251971523
293326.4701971624
293467.47019729373
293478.35519730387
293502.06519732595
293596.14519741357
293610.9051974273
293627.8451974431
293736.215197544
293854.5151976542
293864.35519766336
293928.57019772317
293988.66519777913
294025.28519781324
294473.870198231
294663.4501984076
294753.5751984915
294764.6351985018
294787.6101985232
294999.2451987203
295139.2651988507
295388.1751990825
295417.39519910974
295524.8301992098
295601.00519928074
295650.3251993267
295860.11519952206
295868.92519953026
295879.6001995402
295898.0701995574
295913.9701995722
295941.650199598
295959.33519961446
295972.1251996264
296004.18519965623
296347.03519997554
296474.09020009387
296519.50020013616
296533.33520014904
296944.7402005322
296956.31020054297
296970.0702005558
297006.12020058936
297262.9852008286
297829.5302013562
297938.3902014576
297980.00020149635
298120.96020162763
298136.5952016422
298219.35520171927
298301.0752017954
298523.52020200255
298557.86520203453
298808.6702022681
298987.3152024345
299100.65520254005
299355.44020277733
299489.24520290195
299721.1102031179
299734.9652031308
299753.83020314836
299765.62520315935
299776.26020316925
299793.6252031854
299975.74020335503
