21.410000000000025
38.53000000000126
133.34499999995123
154.85499999993166
254.24499999984127
281.2599999998167
305.88499999979433
374.81999999973164
422.784999999688
487.19499999962943
513.5299999996055
600.1749999995267
634.8899999994951
718.0099999994195
741.4799999993982
827.1899999993202
851.7799999992978
873.1799999992784
912.5449999992426
962.2249999991974
1014.4399999991499
1075.8200000002723
1106.320000000938
1209.7750000031963
1310.965000005405
1342.3850000060909
1417.8700000077386
1438.9300000081982
1543.0900000104718
1573.200000011129
1669.6650000132347
1702.0450000139415
1768.6650000153957
1790.7350000158774
1888.2750000180065
1905.9200000183916
1938.2550000190975
2008.3950000206285
2031.9600000211428
2058.370000021719
2118.2300000230257
2138.535000023469
2234.985000025574
2258.570000026089
2295.0150000268845
2365.6600000284266
2385.9400000288692
2465.4850000306055
2488.495000031108
2515.16000003169
2587.180000033262
2610.410000033769
2707.1350000358802
2732.1100000364254
2831.420000038593
2853.0650000390656
2957.6450000413483
3004.310000042367
3045.5150000432664
3069.05500004378
3178.7450000461745
3200.2300000466435
3265.2400000480625
3294.180000048694
3321.8250000492976
3397.1000000509407
3428.730000051631
3538.8250000540343
3562.140000054543
3642.220000056291
3662.605000056736
3690.220000057339
3759.4200000588494
3783.5150000593753
3876.6150000614075
3902.3500000619692
3994.2200000639746
4018.8650000645125
4104.335000066378
4132.230000066987
4218.795000068876
4244.590000069439
4279.765000070207
4337.500000071467
4364.005000072046
4463.560000074219
4490.7150000748115
4566.830000076473
4587.630000076927
4626.055000077766
4679.055000078923
4700.9950000794015
4740.010000080253
4809.560000081771
4831.1050000822415
4920.265000084188
4940.840000084637
4960.9850000850765
5039.745000086796
5068.745000087429
5168.295000089602
5273.2900000918935
5298.880000092452
5370.055000094006
5405.165000094772
5435.245000095429
5511.8400000971005
5536.260000097634
5568.975000098348
5625.865000099589
5731.8800001019035
5756.125000102433
5788.240000103134
5834.920000104153
5860.570000104713
5879.475000105125
5907.110000105728
5991.435000107569
6022.270000108242
6079.975000109502
6106.870000110089
6141.510000110845
6226.550000112701
6254.830000113318
6335.595000115081
6365.400000115732
6446.355000117499
6467.6800001179645
6492.6050001185085
6555.400000119879
6579.310000120401
6682.8650001226615
6708.765000123227
6741.615000123944
6796.750000125147
6814.885000125543
6883.360000127038
6914.790000127724
6941.825000128314
7013.3150001298745
7042.730000130517
7070.000000131112
7150.8900001328775
7181.060000133536
7266.355000135398
7290.905000135934
7381.935000137921
7404.35000013841
7495.460000140399
7518.920000140911
7619.385000143104
7637.355000143496
7708.120000145041
7738.985000145714
7759.780000146168
7847.515000148083
7889.840000149007
7965.4000001506565
7997.980000151368
8086.730000153305
8116.045000153945
8190.825000155577
8213.950000152088
8304.820000137543
8334.935000132722
8439.90000011592
8461.655000112438
8534.590000100763
8561.72000009642
8670.340000079033
8694.925000075098
8783.380000060939
8811.085000056504
8917.075000039538
8948.625000034488
9012.130000024323
9037.670000020235
9123.355000006519
9144.785000003088
9180.474999997376
9263.839999984031
9288.749999980044
9359.084999968785
9384.10999996478
9426.15499995805
9488.019999948147
9511.994999944309
9595.70499993091
9617.739999927382
9649.839999922244
9712.529999912209
9740.604999907715
9843.579999891232
9885.81999988447
9965.809999871666
9989.439999867884
10071.089999854814
10103.324999849654
10194.979999834983
10226.179999829988
10314.429999815862
10424.58499979823
10451.989999793843
10532.104999781019
10559.619999776614
10654.989999761348
10678.254999757624
10716.274999751538
10779.324999741446
10886.029999724366
10906.009999721167
10949.834999714152
10997.734999706485
11030.794999701193
11124.33499968622
11156.88499968101
11244.58999966697
11276.38999966188
11360.04499964849
11395.244999642855
11476.624999629828
11499.254999626206
11577.079999613748
11604.284999609394
11708.364999592734
11733.24999958875
11841.994999571343
11940.884999555514
11958.919999552627
12056.744999536968
12081.179999533057
12169.579999518906
12203.29499951351
12283.089999500737
12306.909999496924
12396.624999482563
12417.834999479168
12452.894999473556
12513.514999463852
12544.604999458876
12639.799999443638
12664.199999439732
12756.689999424927
12777.494999421597
12807.534999416788
12871.479999406552
12912.999999399906
12981.624999388921
13019.564999382848
13099.839999369999
13121.454999366539
13150.86999936183
13227.504999349563
13252.539999345556
13350.234999329918
13382.13999932481
13469.049999310899
13577.17999929359
13598.314999290207
13701.894999273627
13739.714999267573
13815.614999255424
13924.284999238029
13945.444999234642
13983.224999228594
14029.684999221157
14053.71999921731
14078.89999921328
14158.61499920052
14180.559999197007
14257.144999184748
14281.919999180782
14311.064999176117
14404.93999916109
14494.664999146727
14522.75999914223
14596.014999130504
14623.569999126094
14750.079999105843
14872.23499908629
14896.959999082332
14966.384999071219
14999.839999065864
15093.00499905095
15114.24999904755
15210.934999032073
15231.059999028852
15340.364999011355
15428.649998997224
15458.084998992512
15485.549998988115
15550.824998977667
15577.144998973454
15607.269998968632
15678.43499895724
15704.414998953082
15793.0099989389
15821.709998934306
15892.374998922995
15913.154998919668
15931.924998916664
16021.054998902397
16041.734998899086
16077.124998893421
16139.894998883374
16160.574998880064
16199.95999887376
16256.569998864697
16276.29999886154
16304.424998857037
16389.079998845333
16412.12999885003
16501.559998868248
16536.52499887537
16616.699998891705
16646.679998897813
16730.714998914933
16760.499998921
16851.49999893954
16885.824998946533
16948.14499895923
16969.859998963653
17082.40499898658
17103.859998990953
17175.40999900553
17198.079999010148
17222.169999015056
17317.259999034428
17338.709999038798
17424.979999056373
17459.299999063365
17541.9349990802
17571.274999086178
17680.39999910841
17780.259999128753
17803.239999133435
17845.42999914203
17903.35499915383
17924.11999915806
18014.649999176505
18032.39999918012
18062.424999186238
18131.34999920028
18155.24999920515
18249.78999922441
18270.41499922861
18360.1899992469
18385.61999925208
18480.19999927135
18508.139999277042
18601.014999295963
18645.824999305092
18700.654999316263
18725.159999321255
18756.099999327558
18825.934999341785
18855.75499934786
18949.419999366943
18983.249999373835
19062.44499938997
19084.48499939446
19113.239999400317
19175.184999412937
19207.674999419556
19299.78499943832
19328.00499944407
19410.384999460854
19434.159999465697
19471.28999947326
19531.05999948544
19557.07999949074
19629.19499950543
19652.869999510254
19676.279999515024
19755.28999953112
19773.864999534904
19801.069999540447
19872.95499955509
19895.51999955969
20013.099999583643
20068.419999594913
20111.964999603784
20133.679999608208
20251.174999632145
20346.91499965165
20365.974999655533
20474.894999677723
20573.764999697865
20599.40999970309
20631.284999709584
20702.704999724134
20727.904999729268
20836.649999751422
20934.189999771294
20956.344999775807
21046.87999979425
21068.699999798697
21142.18999981367
21168.319999818992
21192.764999823972
21289.5999998437
21312.76999984842
21404.50499986711
21421.574999870587
21516.359999889897
21537.4749998942
21566.969999900208
21634.214999913907
21665.28999992024
21699.579999927224
21751.704999937843
21772.834999942148
21836.339999955086
21858.559999959612
21884.684999964935
21975.8199999835
21995.804999987573
22028.714999994278
22099.815000008763
22117.76500001242
22151.89000001937
22225.140000034295
22334.08000005649
22355.115000060774
22384.770000066816
22463.220000082798
22491.26000008851
22561.195000102758
22579.965000106582
22605.205000111724
22667.52000012442
22697.495000130526
22719.07000013492
22812.160000153886
22926.340000177148
22951.260000182225
23044.55000020123
23067.550000205916
23145.0300002217
23168.74000022653
23278.77500024895
23318.00500025694
23367.8800002671
23394.04000027243
23516.130000297304
23543.560000302892
23623.575000319193
23643.025000323156
23685.54500033182
23741.06500034313
23762.545000347505
23859.105000367177
23901.175000375748
23985.13000039285
24009.435000397803
24087.105000413627
24105.490000417372
24143.985000425215
24210.975000438862
24228.075000442346
24313.01000045965
24334.990000464128
24434.40000048438
24533.345000504538
24561.995000510375
24596.33500051737
24678.31000053407
24786.73000055616
24803.595000559595
24904.355000580123
24925.415000584413
25003.00000060022
25027.570000605225
25047.115000609207
25121.60000062438
25143.260000628794
25172.680000634788
25258.58500065229
25282.78500065722
25314.760000663733
25370.61000067511
25393.260000679726
25495.935000700643
25516.005000704732
25611.03000072409
25634.83500072894
25688.990000739974
25718.46500074598
25740.790000750527
25844.315000771618
25955.05500079418
25977.310000798712
26014.000000806187
26075.350000818686
26096.125000822918
26185.215000841068
26210.830000846287
26303.400000865146
26324.800000869505
26428.480000890628
26451.45500089531
26538.580000913058
26563.8150009182
26642.540000934237
26672.220000940284
26703.41500094664
26749.300000955987
26779.180000962075
26895.360000985744
26920.400000990845
27017.780001010684
27043.48000101592
27112.075001029894
27133.02000103416
27154.21500103848
27220.270001051937
27244.78000105693
27267.90000106164
27308.175001069845
27371.2800010827
27471.675001103155
27496.310001108173
27519.42000111288
27599.0250011291
27620.88000113355
27657.10500114093
27703.350001150353
27734.385001156676
27825.01000117514
27847.815001179784
27933.715001197284
27954.80000120158
28048.920001220755
28071.485001225352
28097.670001230686
28181.395001247743
28213.13000125421
28286.91500126924
28316.37000127524
28407.205001293747
28426.16500129761
28477.35500130804
28528.575001318473
28568.945001326698
28635.995001340358
28660.585001345367
28766.445001366934
28786.275001370974
28883.555001390792
28904.80000139512
28999.105001414333
29033.54500142135
29121.145001439196
29180.445001451277
29229.88500146135
29324.195001480562
29352.230001486274
29380.03500149194
29421.630001500413
29464.190001509083
29566.105001529846
29591.11000153494
29696.360001556382
29751.540001567624
29800.46000157759
29828.265001583255
29856.090001588924
29912.02000160032
29938.595001605732
29959.78000161005
30044.530001627314
30069.675001632437
30165.530001651965
30193.755001657715
30263.000001671822
30284.23500167615
30303.470001680067
30392.91000169829
30440.19000170792
30525.14500172523
30545.6250017294
30640.390001748707
30672.01000175515
30755.51000177216
30776.02500177634
30855.340001792498
30881.625001797853
30909.210001803473
30998.62500182169
31022.470001826547
31114.72500184534
31224.110001867626
31253.260001873565
31339.270001891087
31447.590001913155
31467.4450019172
31558.49500193575
31583.400001940823
31684.05500196133
31705.56500196571
31811.710001987336
31838.070001992706
31925.36000201049
31957.350002017007
32046.810002035232
32124.01500205096
32158.66000205802
32185.340002063454
32285.075002083773
32384.10500210395
32411.70000210957
32488.925002125303
32512.295002130064
32612.245002150426
32634.470002154954
32709.65500217027
32733.79500217519
32763.335002181208
32844.61500214202
32877.740002124665
32963.21500207989
32985.32000206831
33012.32500205416
33079.720002018854
33101.74000200732
33118.52000199853
33215.31000194782
33322.83500189149
33345.19000187978
33405.49000184819
33448.225001825806
33495.08500180126
33538.03500177876
33568.92000176258
33684.71000170192
33785.5400016491
33817.67500163226
33906.850001585546
33927.200001574885
33997.50000153806
34020.73000152589
34041.72000151489
34123.67500147196
34154.69500145571
34250.22500140566
34268.55500139606
34292.49500138352
34369.4600013432
34386.16000133445
34493.680001278124
34599.50000122269
34630.145001206634
34723.3700011578
34750.8550011434
34822.47500110588
34841.75000109578
34860.8050010858
34920.865001054335
34952.49000103777
34975.10000102592
35057.715000982644
35081.12000097038
35100.70500096012
35171.1800009232
35200.94500090761
35311.095000849906
35336.44000083663
35423.83000079085
35453.60000077525
35517.70500074167
35553.830000722744
35653.54500067051
35677.34000065804
35765.120000612056
35783.42000060247
35820.95000058281
35887.72000054783
35911.32000053547
35991.190000493625
36013.91500048172
36044.74000046557
36123.56000042428
36236.81500036495
36265.42500034996
36360.95500029992
36389.93000028474
36479.62500023775
36517.350000217986
36573.800000188414
36596.13500017671
36621.99000016317
36701.07500012174
36728.10500010758
36816.46000006129
36849.365000044054
36935.374999998996
36960.46499998585
37051.98499993791
37079.23499992363
37175.82499987303
37205.004999857745
37286.859999814864
37310.34999980256
37353.63999977988
37403.08499975398
37427.14499974137
37508.9899996985
37537.72499968344
37644.104999627714
37686.214999605654
37754.109999570086
37785.69999955354
37868.0449995104
37890.00999949889
37980.01999945174
38002.419999440004
38108.43999938446
38160.59999935714
38230.9149993203
38265.35999930226
38346.90999925954
38374.80999924492
38448.60499920626
38473.87499919302
38584.634999135
38687.12499908131
38715.02999906669
38803.479999020354
38829.52499900671
38909.59499896476
38944.2599989466
39044.45999889411
39063.72999888402
39139.47499884434
39167.024998829904
39197.61499881388
39263.58499877932
39290.87499876502
39318.929998750325
39390.67499871274
39413.084998701
39490.04999866068
39521.82999864403
39620.649998592264
39640.364998581936
39664.15499856947
39746.35499852641
39769.61999851422
39861.50499846609
39886.88499845279
39975.55499840634
39998.55999839429
40081.67499835075
40109.04499833641
40134.72999832295
40209.87499828359
40230.4699982728
40258.54499825809
40339.889998215476
40368.02499820074
40450.85999815734
40477.48999814339
40565.04999809752
40606.80499807565
40682.03499803624
40720.19999801624
40775.29499798738
40796.73499797615
40820.44499796373
40920.77499791117
40954.359997893574
41018.44499786
41042.6899978473
41137.69999779753
41167.344997782
41259.25999773385
41287.4049977191
41371.029997675294
41392.64499766397
41438.67499763986
41483.90499761616
41504.27999760549
41525.854997594186
41610.06499755007
41636.99499753596
41730.09999748719
41762.57999747017
41860.27999741899
41983.34499735452
42010.92999734007
42082.75499730244
42107.15499728966
42189.7299972464
42209.37499723611
42260.64499720925
42309.29999718376
42346.37499716434
42428.95999712108
42481.95999709331
42530.58999706784
42552.00499705662
42582.87999704044
42653.599997003395
42679.21499698998
42816.349996918136
42870.199996889925
42904.91499687174
42927.979996859656
43027.509996807516
43137.1099967501
43160.03999673809
43246.109996693
43265.08499668306
43302.15499666364
43352.14999663745
43371.604996627255
43473.35499657395
43494.839996562696
43561.69999652767
43605.1599965049
43636.24499648862
43716.78999644642
43747.249996430466
43838.2349963828
43866.3049963681
43946.19999632624
43975.08999631111
44061.66999626575
44082.34999625492
44108.57499624118
44175.719996206004
44194.52499619615
44289.4999961464
44322.83999612893
44398.599996089244
44420.799996077614
44528.494996021196
44554.54999600755
44640.68499596242
44663.949995950235
44771.73499589377
44812.824995872244
44874.119995840134
44913.98499581925
45002.854995772694
45122.85999570983
45156.094995692416
45236.91499565008
45256.63999563974
45283.21499562582
45351.11999559025
45372.219995579195
45471.384995527245
45494.84999551495
45597.964995460934
45701.25999540682
45727.16499539325
45807.974995350916
45829.61499533958
45855.79999532586
45932.22999528582
45954.66499527407
46052.00499522308
46072.164995212515
46157.95999516757
46178.01999515706
46201.57999514472
46254.689995116896
46279.27499510402
46300.084995093115
46326.4549950793
46399.14499504122
46424.314995028035
46520.22999497779
46582.89999494496
46635.00499491766
46660.14999490449
46738.46999486346
46761.744994851266
46817.64499482198
46886.63499478584
46993.234994729995
47021.469994715204
47089.864994679374
47113.779994666846
47137.24499465455
47216.62499461297
47237.16499460221
47273.85499458299
47329.05499455407
47357.95499453893
47446.21999449269
47465.55999448256
47587.714994418566
47689.019994365495
47710.10499435445
47793.84999431058
47818.26499429779
47901.37999425425
47923.38499424272
47951.45999422801
48040.6199941813
48057.509994172455
48089.84999415551
48153.584994122124
48171.07499411296
48277.604994057154
48303.83499404341
48388.659993998976
48423.46999398074
48500.48999394039
48521.959993929144
48543.46499391788
48619.634993877975
48647.91999386316
48732.484993818856
48760.66999380409
48855.44499375444
48890.74499373595
48974.379993692135
48999.02999367922
49093.359993629805
49123.31999361411
49192.89499357766
49215.17499356599
49247.844993548875
49314.45999351398
49335.844993502775
49439.72999344835
49552.89999338907
49572.46499337882
49651.3299933375
49679.32999332283
49706.70999330849
49790.1049932648
49810.69999325401
49915.11499319931
49938.549993187036
50030.96499313862
50057.69999312462
50139.97999308151
50162.24999306985
50268.61999301412
50295.97999299979
50359.899992966304
50387.90999295163
50409.664992940234
50487.904992899246
50518.87499288302
50616.01999283213
50638.289992820464
50728.079992773426
50770.98999275095
50844.1949927126
50871.50499269829
50953.63999265526
50982.50999264014
51043.40499260824
51069.8249925944
51092.369992582586
51187.80499253259
51214.00999251886
51320.309992463175
51410.94999241569
51435.50499240283
51528.569992354074
51553.689992340915
51583.4899923253
51657.3649922866
51684.97499227214
51780.02999222234
51805.01499220925
51883.35499216821
51910.70999215388
52020.694992096265
52054.464992078574
52124.274992042
52150.06999202849
52248.62999197686
52282.704991959006
52362.94499191697
52463.249991864424
52483.26999185394
52511.869991838954
52585.57499180034
52621.129991781716
52698.249991741315
52723.239991728224
52827.68499167351
52852.62999166044
52965.84999160113
53049.71499155719
53077.7699915425
53178.88999148952
53199.18499147889
53288.72999143198
53314.19999141864
53343.34499140337
53397.61999137494
53427.93999135905
53528.33999130646
53553.11499129348
53641.32499124727
53666.104991234286
53760.26499118496
53782.58999117326
53870.84999112703
53892.31499111578
53932.66499109464
53997.219991060825
54021.349991048184
54123.99999099441
54149.15499098123
54227.68999094009
54249.67999092857
54344.42999087893
54371.299990864856
54476.95499080951
54585.65499075256
54605.65999074208
54702.23499069149
54724.21999067997
54822.4699906285
54841.784990618384
54937.7649905681
54975.25499054846
55024.88499052246
55052.634990507926
55096.27999048506
55175.814990443396
55201.55999042991
55276.54499039063
55308.69999037378
55386.75999033289
55423.40999031369
55509.41499026863
55532.624990256474
55596.59499022296
55620.5699902104
55646.19499019698
55752.03499014153
55785.8799901238
55862.75499008353
55897.639990065254
55973.379990025576
56001.404990010895
56022.40498999989
56101.789989958306
56125.73998994576
56209.78498990173
56337.289989834935
56362.31998982182
56447.62998977713
56477.69998976138
56574.869989710474
56602.04498969624
56671.989989659596
56702.914989643396
56796.09498959458
56825.24498957931
56851.48998956556
56912.549989533574
56937.84998952032
57038.094989467805
57067.624989452335
57147.13498941068
57175.44998939585
57271.684989345435
57293.16498933418
57399.599989278424
57434.60998926008
57502.43998922455
57538.47998920567
57594.32998917641
57633.1049891561
57667.2649891382
57724.94998910798
57744.5799890977
57773.9749890823
57851.57498904165
57882.72998902533
57952.73998898865
57973.6399889777
57998.184988964844
58049.58498893792
58072.46498892593
58094.23998891452
58114.8999889037
58197.41498886047
58221.14998884804
58245.19998883544
58315.06498879884
58335.024988788384
58374.63498876763
58421.67498874299
58447.644988729386
58476.239988714406
58538.889988681585
58563.73498866857
58610.76498864393
58661.81498861719
58681.29998860698
58783.82498855327
58815.18998853684
58904.994988489794
59022.044988428475
59061.79498840765
59138.93998836724
59168.31998835185
59262.02498830276
59356.344988253346
59383.354988239196
59487.754988184504
59510.68998817249
59603.37998812393
59628.069988111
59715.634988065125
59734.86498805505
59819.74998801058
59842.92998799844
59874.794987981746
59939.65498794777
59962.96498793556
59986.199987923384
60075.54998787658
60109.914987858574
60180.424987821636
60203.64998780947
60307.79498775491
60329.72998774342
60407.009987702935
60430.85998769044
60450.419987680194
60519.249987644136
60540.32998763309
60563.17998762112
60629.93998758615
60659.90498757045
60688.71498755536
60785.444987504685
60886.52998745173
60911.36998743872
61016.419987383684
61057.059987362394
61136.31998732087
61174.80498730071
61233.454987269986
61256.69498725781
61298.59998723586
61335.5599872165
61359.86998720376
61382.41998719195
61432.17498716588
61478.59998714156
61504.364987128065
61574.249987091454
61596.93498707957
61614.92998707014
61679.49498703632
61712.469987019045
61741.67998700374
61823.69498696078
61848.69998694768
61935.924986901984
61964.214986887164
62008.479986863975
62057.019986838546
62086.90998682289
62164.70998678213
62198.564986764395
62288.799986717124
62309.13498670647
62342.56498668896
62402.0399866578
62434.06998664102
62515.15998659854
62545.47498658266
62638.24498653406
62658.05998652368
62756.85998647192
62782.65498645841
62871.53498641185
62890.034986402155
62995.66498634682
63028.51498632961
63103.219986290474
63122.824986280204
63211.09498623396
63236.75498622052
63272.97998620154
63352.80998615972
63380.389986145274
63451.40498610807
63476.10998609513
63577.134986042205
63614.244986022764
63683.93998598625
63705.449985974985
63801.46998592468
63838.289985905394
63918.55998586334
63941.28498585144
64041.83998579876
64069.68998578417
64151.894985741106
64182.14998572526
64273.299985677506
64299.35498566386
64383.98998561952
64426.009985597506
64502.86998555724
64529.929985543065
64629.744985490775
64655.22498547743
64735.69498543527
64767.699985418505
64818.71498539178
64862.80998536868
64907.13998534546
64969.219985312935
64993.174985300386
65079.95998525492
65107.07498524072
65211.87998518581
65234.46498517398
65273.454985153556
65319.54498512941
65344.58998511629
65451.45498506031
65484.85498504281
65562.01998504024
65588.00998506445
65674.37498514488
65696.89998516586
65800.13998526201
65825.41998528555
65908.1499853626
65932.26498538506
66027.07498547336
66052.22498549678
66145.9849855841
66169.16498560569
66199.99998563441
66268.41498569812
66308.41498573538
66383.55498580536
66428.99998584768
66489.0449859036
66515.62498592836
66542.58998595347
66620.53998602607
66647.50498605118
66730.80498612876
66755.24998615152
66786.70998618082
66829.81498622097
66853.54998624307
66883.89998627134
66952.76498633547
66975.00998635619
67081.89498645574
67110.64998648252
67185.264986552
67206.85498657211
67239.02998660208
67293.65998665296
67325.68498668278
67427.8199867779
67452.78998680116
67534.57998687733
67557.29998689849
67589.48998692847
67662.90998699685
67687.35998701962
67772.21498709865
67790.72998711589
67883.8399872026
67907.06998722424
67937.4099872525
68002.53498731315
68033.31998734182
68138.00998743932
68167.39498746669
68242.93998753704
68265.64498755819
68359.56498764566
68387.39998767158
68463.93498774286
68487.74998776504
68546.25498781953
68591.27498786146
68610.79998787964
68732.7349879932
68771.95998802973
68827.47998808144
68853.37998810556
68944.21498819016
68967.81498821214
69050.74498828937
69073.33998831041
69093.53498832922
69143.91998837615
69171.49498840183
69198.21998842672
69239.95998846559
69316.01498853642
69401.19498861575
69420.05998863332
69461.89498867228
69560.01998876367
69634.71998883324
69662.29498885892
69691.11498888576
69768.12498895748
69804.79998899164
69874.16498905624
69914.0699890934
69995.47998916922
70013.77498918626
70109.86498927575
70131.05998929549
70170.98998933268
70237.95498939505
70262.95998941833
70357.40498950629
70467.26498960861
70501.35498964036
70570.2249897045
70593.54498972622
70707.21998983208
70739.64998986229
70812.84998993046
70833.10998994933
70861.48998997576
70939.62999004853
70961.66499006905
71011.07499011507
71061.75999016227
71086.07499018492
71164.34499025781
71193.90999028535
71281.50499036693
71302.0949903861
71352.64999043319
71398.28999047569
71427.23999050265
71519.14999058825
71544.57499061193
71616.08999067853
71642.41999070306
71673.45999073196
71752.0999908052
71772.68999082438
71812.44999086141
71853.3449908995
71875.38499092002
71906.74499094923
71974.52999101236
72001.2049910372
72105.0399911339
72131.39999115845
72212.22499123373
72235.48499125539
72315.74999133014
72338.05999135092
72359.78499137115
72443.76499144937
72495.10999149719
72560.76499155833
72584.4549915804
72686.06999167503
72705.42999169306
72795.32499177678
72821.68499180133
72905.37499187927
72927.96499190031
72965.79999193555
73039.13499200385
73060.18499202345
73137.42999209539
73170.3949921261
73260.57499221008
73279.33499222755
73306.59999225294
73380.43999232171
73402.90999234264
73480.68999241508
73502.92499243579
73522.99999245448
73558.32999248739
73619.61999254447
73643.92999256711
73741.66999265814
73773.17499268748
73844.26999275369
73866.55999277445
73914.13499281876
73969.4799928703
73993.58499289275
74081.77999297489
74101.61499299336
74122.18499301252
74203.11499308789
74227.41499311052
74319.82999319659
74347.9699932228
74435.45499330427
74458.18999332545
74561.89499342203
74582.75999344146
74650.62499350467
74688.61499354005
74786.20499363093
74806.5749936499
74914.31499375025
74950.02999378351
75032.8049938606
75066.38999389188
75132.5649939535
75152.04999397165
75173.53999399167
75255.15499406768
75306.41499411542
75375.40999417967
75402.72999420512
75446.75499424612
75493.48999428964
75514.85499430954
75566.26999435743
75602.03499439073
75649.67999443511
75721.42499450193
75739.34499451861
75760.33499453816
75824.12999459758
75846.31999461824
75866.91999463743
75950.56499471533
75978.41499474127
76088.44999484374
76110.70999486448
76183.91499493265
76218.06999496446
76313.3499950532
76337.88499507605
76399.2549951332
76431.29999516305
76458.2049951881
76496.97999522422
76526.90999525209
76549.04999527271
76575.90499529772
76646.22499536321
76666.394995382
76685.95499540021
76789.25999549642
76846.12999554939
76894.17999559414
76921.05999561917
76994.65999568772
77018.37999570981
77050.79499574
77123.76999580796
77146.2599958289
77173.88999585464
77238.81999591511
77269.10999594332
77360.81999602873
77382.86499604926
77470.29999613069
77511.424996169
77584.39499623695
77609.64499626047
77703.33999634773
77727.41999637015
77749.84999639104
77828.69499646447
77871.15999650402
77929.6599965585
77954.00999658118
77980.53999660589
78067.17499668658
78100.92499671801
78177.86999678967
78197.1299968076
78224.30499683291
78285.7049968901
78311.24499691388
78409.24999700516
78440.56499703432
78539.5449971265
78575.71499716019
78641.02499722101
78746.86499731959
78771.44499734248
78808.86499737733
78877.35499744111
78902.21999746427
78989.26999754534
79015.93499757018
79120.72499766777
79143.97499768942
79207.17499774828
79250.94499778905
79345.20999787684
79364.84499789512
79451.94499797624
79476.2649979989
79508.7049980291
79568.32499808463
79603.81999811769
79675.81499818474
79711.56999821804
79806.90999830683
79833.97499833204
79884.09999837872
79936.6949984277
80041.7099985255
80068.19499855017
80159.28999863501
80180.67999865493
80289.22999875603
80313.63499877875
80375.60999883647
80401.12999886024
80423.60499888117
80496.30499894888
80519.6199989706
80554.5299990031
80631.54499907483
80665.40999910637
80745.79499918123
80768.1949992021
80858.7149992864
80888.00499931368
80985.65999940463
81009.11999942648
81086.33499949839
81109.39999951987
81211.21499961469
81240.45499964192
81329.84499972517
81355.20499974879
81436.63499982463
81457.09499984368
81560.81999994029
81584.32499996218
81659.36000003206
81683.52500005456
81726.36000009446
81805.38500016805
81858.3700002174
81895.8400002523
81925.12500027957
81954.83000030724
82025.92000037344
82059.25500040449
82145.02000048436
82173.15000051056
82246.38000057876
82276.74000060704
82397.87500071985
82478.79500079522
82504.18000081886
82525.72500083892
82564.17000087473
82610.55000091792
82639.1950009446
82692.57000099431
82736.25000103499
82760.1050010572
82828.1800011206
82857.64000114804
82949.85000123392
82975.19000125752
82999.04500127974
83105.53000137891
83209.09500147536
83229.70500149456
83319.42000157811
83343.12000160018
83418.77500167064
83440.91500169126
83468.78500171722
83542.94500178628
83579.42000182025
83667.14000190195
83784.4500020112
83804.93000203028
83888.85500210844
83914.34000213217
84009.03000222036
84033.11500224279
84054.41000226262
84131.72000233462
84156.65000235784
84268.47000246198
84365.3400025522
84386.73000257212
84486.86000266537
84509.66500268661
84589.40500276088
84610.33500278037
84636.87000280508
84719.49500288203
84776.67500293528
84836.05000299058
84869.24000302149
84947.26500309416
84970.57000311586
85061.26500320033
85087.1100032244
85119.72500325477
85178.07500330912
85200.58500333008
85293.84500341694
85323.62000344467
85359.17000347778
85406.25000352162
85426.80000354076
85449.8150035622
85541.21000364731
85570.80500367488
85646.94000374578
85671.62500376877
85783.94000387337
85812.61000390007
85881.0350039638
85901.53000398289
85943.78000402224
86012.86000408657
86109.22000417631
86135.79500420106
86235.57000429399
86253.48500431067
86355.80500440596
86382.23000443057
86419.5200044653
86484.85500452615
86576.22000461124
86596.6800046303
86699.73500472627
86720.6950047458
86754.92000477767
86823.27000484132
86851.68500486779
86935.40000494575
86975.48000498308
87057.25000505924
87080.49000508088
87130.26000512723
87177.77500517148
87213.27500520454
87284.635005271
87349.64500533155
87398.0150053766
87420.17500539724
87443.6550054191
87525.73500549555
87552.55000552052
87626.2900055892
87647.69000560913
87672.32000563206
87748.26000570279
87775.32000572799
87803.86500575457
87858.77500580571
87881.39500582678
87989.24000592722
88030.15500596532
88120.45000604942
88218.52000614075
88247.84000616806
88338.67000625265
88367.0750062791
88463.41500636883
88487.85500639159
88532.25500643294
88579.4600064769
88613.62000650872
88681.77000657219
88707.39000659605
88814.27000669559
88836.04000671586
88918.57000679272
88941.86500681442
89058.96500692348
89152.20000701031
89176.26500703272
89283.10000713222
89317.78000716452
89387.50500722945
89406.29500724695
89445.4300072834
89509.36000734294
89625.48500745109
89735.68000755372
89759.9300075763
89857.34500766703
89881.74000768975
89972.41000777419
89996.82500779693
90083.30000787746
90105.58500789822
90187.45500797447
90217.20000800217
90247.71500803059
90319.19000809715
90341.06000811752
90409.55000818131
90456.465008225
90569.56500833033
90605.87500836415
90673.62000842724
90699.8850084517
90779.62000852596
90799.96500854491
90824.60500856786
90908.0850086456
90947.4800086823
91033.78000876267
91059.91500878701
91138.94500886061
91162.3400088824
91254.98000896868
91280.07500899205
91334.07500904234
91376.2350090816
91402.89000910643
91445.90500914649
91492.43000918982
91525.25000922038
91598.3900092885
91625.37000931363
91649.23000933585
91724.85500940628
91756.14500943542
91837.32000951102
91858.62000953086
91878.30000954919
91965.86500963074
91994.22000965715
92073.77000973123
92097.96500975377
92126.25500978011
92189.42500983895
92311.30000995245
92338.6250099779
92413.94001004804
92441.62001007382
92469.37501009967
92538.11001016368
92558.65501018282
92579.6750102024
92660.84501027799
92684.82001030032
92712.77001032635
92788.32501039671
92824.67001043056
92887.92001048947
92912.83501051267
93008.95501060219
93033.32501062489
93112.29001069843
93153.24501073657
93239.16501081659
93268.11501084355
93362.06001093105
93388.94501095609
93480.89001104172
93505.58501106472
93591.06001114432
93614.80001116643
93715.76501126046
93741.97501128487
93823.00501136034
93845.25501138106
93946.28001147514
93966.98001149442
94054.43001157587
94082.44501160196
94198.58001171012
94323.83501182677
94420.74501191702
94457.89001195162
94528.82001201768
94551.69001203898
94640.57501212176
94660.21001214004
94694.46001217194
94776.80001224863
94801.56501227169
94886.58001235087
94911.55001237412
94991.7350124488
95012.22001246788
95034.54501248867
95120.55501256877
95221.36001266266
95252.09501269128
95291.97501272842
95334.86501276836
95361.98501279362
95392.81001282233
95460.35501288524
95481.02501290449
95515.30001293641
95600.9750130162
95640.7000130532
95689.39001309854
95716.06001312338
95750.42501315539
95817.42501321778
95845.55001324398
95927.72501332051
95949.22501334053
95978.01001336734
96049.61001343402
96074.72001345741
96189.36501356418
96286.2450136544
96305.74001367256
96392.0000137529
96417.89001377701
96446.875013804
96517.04501386936
96544.9050138953
96635.9500139801
96663.29001400556
96757.14001409296
96785.28501411917
96876.99501420459
96909.58501423494
96979.32501429989
97016.11001433415
97114.76501442603
97150.97501445975
97211.68501451629
97244.4400145468
97278.20001457824
97347.34501464263
97443.37001473206
97462.21501474961
97484.7450147706
97586.44501486531
97681.38501495373
97702.43001497333
97798.53001506283
97817.4000150804
97840.11001510156
97924.99501518061
97950.56501520443
98035.13001528318
98061.2350153075
98132.12501537352
98158.02501539764
98285.03001551592
98314.14501554304
98395.10501561844
98415.5700156375
98455.0900156743
98495.33501571178
98517.89501573279
98610.01501581859
98629.05001583631
98652.18501585786
98736.44501593633
98766.0500159639
98839.08001603192
98861.97501605324
98965.26501614944
99088.18001626391
99107.91001628229
99145.64001631743
99196.23501636455
99230.9700163969
99318.47501647839
99340.31501649873
99423.78001657646
99450.28001660114
99482.67001663131
99545.50501668983
99576.31001671852
99665.50001680158
99687.08001682168
99706.24501683953
99778.4750169068
99799.42501692631
99825.4050169505
99905.41501702502
99926.38501704455
100018.06001712993
100043.23001715337
100121.47501722624
100144.33501724753
100192.52501729241
100257.72001735313
100296.08001738886
100376.79001746402
100411.38501749624
100484.97001756477
100510.58001758863
100600.7450176726
100621.34001769178
100733.75501779647
100835.17001789092
100855.9750179103
100945.93501799408
100971.98501801834
101070.24001810985
101088.82001812715
101114.2050181508
101197.9700182288
101221.28501825052
101309.29001833248
101329.80001835158
101437.78001845215
101461.62501847435
101537.51001854503
101651.65001865133
101692.22501868912
101789.99001878017
101825.1300188129
101875.52001885982
101905.63501888787
101935.56001891574
102011.70501898666
102033.50501900696
102130.12001909694
102150.71501911612
102241.16001920035
102261.24001921905
102291.01001924678
102360.90501931187
102382.59001933207
102405.87501935376
102470.47501941392
102497.12001943873
102548.85001948691
102592.29001952737
102616.60001955001
102706.58001963381
102726.3250196522
102829.93001974869
102880.0850197954
102932.98501984467
102963.50501987309
103065.57501996815
103088.47001998947
103162.15002005809
103187.7100200819
103214.52502010687
103298.5250201851
103321.44502020645
103415.63002029416
103437.90502031491
103542.03002041188
103571.4650204393
103646.22002050892
103665.29002052668
103750.7900206063
103778.4850206321
103886.02502073225
103927.53002077091
104003.72502084187
104028.11002086458
104109.9500209408
104134.0000209632
104220.50502104376
104244.25002106588
104336.21002115152
104375.42502118804
104430.49002123933
104452.93002126022
104479.90502128535
104510.91502131423
104571.96002137108
104597.36502139474
104700.9350214912
104730.56502151879
104827.82002160937
104860.8200216401
104920.840021696
104950.83502172393
105046.27502181282
105070.02002183493
105165.84502192418
105188.08502194489
105266.18502201763
105288.25502203818
105312.0050220603
105359.32502210437
105394.53502213716
105414.41502215568
105515.54002224986
105544.42502227676
105636.76002236275
105664.68502238876
105744.43002246303
105767.9150224849
105855.78002256673
105896.20002260437
105994.87502269627
106023.95002272335
106096.93502279132
106116.80002280982
106207.34002289415
106227.23502291268
106255.08002293861
106363.77002303983
106443.56502311415
106474.30002314277
106554.34502321732
106574.87502323644
106678.46002333291
106699.72002335271
106723.60502337496
106807.85502345342
106844.07002348715
106933.20502357016
107041.10002367065
107060.83502368903
107148.49502377067
107171.06502379169
107279.41002389259
107371.66502397851
107396.04002400121
107428.1350240311
107499.31502409739
107520.64002411725
107563.37502415705
107605.26002419606
107630.78502421983
107660.18502424721
107741.4600243229
107766.09502434585
107844.65002441901
107866.2200244391
107899.8300244704
107971.95502453757
108001.26002456486
108097.10502465413
108204.41002475406
108226.42002477456
108317.07002485899
108338.2450248787
108436.32002497005
108454.15502498666
108559.4350250847
108683.60002520034
108758.31002526992
108781.4850252915
108801.35002531
108826.05502533301
108906.20502540766
108927.20502542722
109014.60002550861
109043.92002553592
109130.64002561668
109155.75002564007
109249.87502572773
109273.77502574999
109297.57502577215
109331.03502580331
109366.41002583626
109383.51002585219
109414.81002588134
109473.06502593559
109501.73002596229
109526.96502598579
109604.02002605755
109629.87002608163
109712.4150261585
109730.72002617555
109832.23002627009
109858.07002629415
109939.85002637032
109961.19002639019
109991.11002641806
110066.82002648857
110088.765026509
110182.88002659666
110202.26502661471
110314.63502671936
110420.26002681773
110439.3350268355
110463.13502685766
110521.86502691236
110546.84502693563
110625.68002700905
110657.56002703874
110686.06502706528
110776.78502714977
110812.63502718316
110880.4300272463
110907.75002727174
111014.91002737154
111042.250027397
111141.28502748924
111245.55002758635
111272.49002761143
111339.23002767359
111381.6500277131
111463.93002778973
111492.84002781665
111541.24502786173
111597.31002791395
111620.89002793591
111714.97002802353
111741.05502804782
111830.85002813145
111874.30502817192
111938.64002823184
111968.22002825938
112045.06002833095
112078.41502836201
112158.97002843703
112185.30002846156
112208.84002848348
112292.33002856123
112408.46002866939
112437.10002869606
112515.81502876937
112545.22502879676
112621.95002886822
112646.85002889141
112770.87502900691
112863.93002909358
112887.59002911561
112996.61502921715
113028.22002924659
113104.42002931755
113130.8800293422
113224.50002942939
113250.84002945392
113336.97502953414
113364.15002955945
113465.06502965343
113492.98502967943
113547.77002973045
113567.97502974927
113587.41002976737
113700.64502987283
113720.81502989162
113811.2050299758
113835.75002999866
113926.83503008349
113954.80003010953
114039.11003018805
114071.99503021868
114161.96503030247
114182.92503032199
114255.60503038968
114286.82503041875
114400.29503052443
114506.72503062355
114547.82503066183
114632.3000307405
114662.44503076858
114742.94003084354
114767.02003086597
114847.35003094078
114867.35503095941
114963.25503104873
114986.16503107006
115012.88003109494
115076.85503115453
115102.22003117815
115130.47503120446
115216.93003128498
115242.19503130851
115321.88503138273
115345.61003140482
115417.5250314718
115453.0650315049
115562.63503160694
115588.01503163058
115664.21003170154
115696.30503173143
115772.09503180202
115794.78503182315
115823.11003184953
115910.78003193118
115931.4250319504
116009.59503202321
116030.38003204257
116073.65003208286
116144.29003214865
116165.87503216875
116198.91003219952
116263.34503225953
116306.38003229961
116370.98003235977
116403.1200323897
116503.27503248298
116526.47503250459
116610.86503258318
116634.17003260489
116726.88503269124
116748.9650327118
116830.52003278775
116850.92003280675
116878.23003283219
116957.35503290588
116991.12503293733
117067.42003300838
117086.82503302646
117139.75503307575
117184.18503311713
117213.7850331447
117241.4900331705
117302.07003322692
117323.23503324663
117362.4000332831
117411.74503332906
117437.47503335302
117505.81003341667
117543.36503345164
117562.27503346925
117601.88003350614
117657.32503355778
117684.07503358269
117730.00503362546
117778.19503367034
117799.99503369065
117890.50503377494
117911.27003379428
117936.24503381754
118024.95503390016
118049.3700339229
118135.98003400356
118165.09503403067
118238.7750340993
118260.62503411964
118374.97003422613
118460.92003430618
118487.59503433103
118588.04003442457
118611.83503444673
118708.68003453693
118742.02003456798
118831.32503465115
118948.86003476061
118969.96003478026
119081.0300348837
119192.85003498784
119297.00003508484
119325.85003511171
119425.49503520451
119452.3200352295
119526.65503529873
119561.45003533113
119660.46503542335
119745.50003550254
119776.33503553126
119873.3400356216
119894.7000356415
119927.92503567244
119998.70503573836
120014.9700357535
120117.47003584896
120149.69003587897
120236.04003595939
120273.67503599444
120352.56003606791
120377.38503609103
120468.48003617587
120501.29503620643
120585.48003628483
120613.02003631048
120695.3900363872
120718.21503640845
120809.50503649347
120835.17003651737
120869.86003654968
120931.49003660708
120948.93503662333
121040.68503670878
121057.90003672481
121079.30503674474
121168.82003682811
121189.59503684746
121267.87003692036
121291.12503694202
121320.02503696893
121404.34503704746
121429.70003707107
121532.65003716695
121625.5850372535
121658.17503728386
121752.0600373713
121781.76503739896
121864.65503747616
121884.5650374947
121984.52003758779
122010.10003761161
122096.6350376922
122115.54503770982
122218.34503780556
122239.67003782542
122333.25003791257
122353.09503793105
122376.32003795268
122434.29003800667
122457.66003802844
122478.20003804757
122508.59003807587
122575.42003813811
122683.39503823867
122705.63003825938
122808.61503835529
122832.16003837722
122922.40003846126
122957.81003849424
123024.96503855678
123048.78503857896
123150.11003867333
123172.57003869425
123267.79503878293
123294.2850388076
123391.16503889783
123414.20503891929
123503.75003900268
123603.39003909548
123631.5400391217
123652.87503914157
123735.56003921857
123765.08003924607
123830.91503930738
123855.94003933069
123883.78003935661
123983.87003944983
124017.58503948123
124084.35003954341
124109.31003956666
124140.73003959592
124209.16003965965
124311.82503975526
124334.68003977655
124358.93503979914
124445.17503987945
124465.85503989871
124489.79503992101
124546.57503997389
124572.86003999837
124603.9200400273
124674.84504009335
124693.20004011045
124711.67004012765
124775.32504018693
124800.15504021005
124832.67504024034
124917.82004031964
124936.51004033705
125008.88504040445
125028.33004042256
125066.48004045809
125145.86004053202
125172.89004055719
125259.94504063827
125289.91504066618
125380.6700407507
125409.52504077757
125476.4500408399
125497.57504085958
125528.39504088828
125605.6250409602
125626.38504097954
125645.78504099761
125717.03504106397
125737.87004108337
125841.75504118012
125870.01004120643
125939.30004127097
125960.94504129112
125984.88004131342
126067.92504139076
126096.03004141693
126195.51504150958
126221.92004153418
126310.73004161689
126332.68004163733
126415.69504171464
126435.41504173301
126456.37504175253
126533.50004182436
126556.51004184579
126602.20004188834
126645.06004192826
126674.5200419557
126699.49504197895
126772.25504204672
126793.7100420667
126830.67004210112
126879.12504214625
126902.78504216828
126934.67504219798
126997.78004225675
127017.74004227534
127037.05504229333
127137.47004238685
127159.63504240749
127250.03004249168
127272.45504251256
127312.81504255015
127356.69004259101
127386.05504261836
127457.69504268508
127486.82504271221
127522.5750427455
127590.56004280882
127615.07004283165
127709.52504291962
127732.9100429414
127852.45004305273
127937.70004313212
127957.72504315077
128075.63004326058
128102.10004328523
128186.19004336355
128302.01504347142
128325.22504349303
128423.34004358441
128527.78004368168
128549.80004370218
128645.88004379167
128688.91504383174
128755.1100438934
128782.47504391888
128876.79504400672
128901.98004403018
128990.32004411245
129009.84004413063
129034.0750441532
129111.3800442252
129134.67504424689
129220.27504432661
129250.85004435509
129363.10504445963
129452.50004454289
129472.90004456189
129507.71504459431
129559.19004464225
129583.39004466479
129614.33504469361
129685.76004476013
129710.99004478363
129810.32004487613
129837.29004490125
129929.52504498715
129949.67004500591
130041.91004509182
130065.8300451141
130097.25004514336
130168.50504520972
130192.56004523212
130279.8350453134
130305.88004533766
130394.53004542022
130416.50504544069
130523.74004554056
130589.13504560146
130634.72504564392
130661.16504566855
130749.35004575067
130856.77504585072
130880.5950458729
130901.89004589274
130975.30504596111
130997.82504598208
131038.67504602013
131087.23504606535
131124.77504610032
131212.07504618162
131245.765046213
131322.1050462841
131357.69504631724
131441.53004639532
131475.03504642652
131566.97504651215
131687.7300466246
131721.18504665577
131804.74004673358
131845.59504677163
131910.5150468321
131931.40504685155
132031.08504694438
132053.7650469655
132174.1150470776
132275.65504717216
132307.4950472018
132380.75504727004
132404.59004729224
132430.92004731676
132499.2600473804
132525.8850474052
132615.38504748855
132638.79004751035
132730.58504759584
132761.27004762442
132814.03504767356
132843.14004770067
132899.51504775317
132969.3450478182
133003.00504784955
133082.15004792326
133104.8450479444
133200.44004803343
133226.36004805757
133318.81004814367
133341.57504816487
133370.86504819215
133430.75504824793
133460.87504827598
133538.8650483486
133558.12504836655
133579.2250483862
133662.17004846345
133686.0500484857
133778.80004857207
133808.76004859997
133849.33004863776
133889.04504867474
133913.7950486978
133943.8600487258
134010.38504878775
134038.07004881353
134079.75504885236
134136.270048905
134162.8150489297
134253.0950490138
134283.5050490421
134357.12004911067
134386.1300491377
134481.74004922673
134500.9300492446
134553.13504929323
134596.12004933326
134621.65504935704
134716.115049445
134742.3000494694
134836.23504955688
134866.7500495853
134961.5550496736
134982.97504969354
135069.7800497744
135101.86004980427
135185.2300498819
135206.41004990163
135231.14004992467
135297.14004998613
135334.65005002107
135416.21505009703
135437.660050117
135473.60505015048
135523.61505019706
135547.99505021976
135654.0150503185
135748.76005040674
135781.55005043728
135816.84005047014
135906.96005055407
135997.76005063864
136028.8450506676
136115.42505074822
136252.47505087586
136288.00005090894
136358.8100509749
136383.97505099833
136418.3100510303
136475.7500510838
136510.310051116
136576.7950511779
136601.45505120087
136624.63505122246
136713.12005130487
136810.06005139515
136833.44005141692
136860.83505144244
136939.10005151533
136967.81505154207
137050.83005161938
137073.42005164042
137168.6300517291
137188.2850517474
137288.60005184083
137315.88505186624
137413.74505195738
137438.41005198035
137516.29505205288
137536.54005207174
137573.15005210583
137635.35005216376
137659.15505218593
137781.1100522995
137885.23505239649
137910.98505242047
137993.46505249728
138015.68505251798
138083.54505258118
138109.60505260545
138140.8000526345
138214.37005270302
138238.8250527258
138267.44505275245
138327.57005280844
138352.56505283172
138453.3550529256
138479.3650529498
138557.945053023
138582.29505304567
138629.2600530894
138688.92005314498
138712.3650531668
138740.87505319336
138801.77505325008
138830.4750532768
138938.65005337755
138990.68505342602
139045.0000534766
139066.95005349704
139155.01505357906
139172.58505359542
139270.57005368668
139297.5400537118
139384.55505379284
139403.45505381044
139486.82505388808
139507.59505390743
139527.9550539264
139635.30505402636
139674.8550540632
139738.80505412276
139759.63505414216
139817.57505419612
139853.1050542292
139877.62005425204
139965.39505433379
139986.08505435305
140007.33005437284
140089.79005444964
140114.04505447223
140213.2400545646
140265.18005461298
140302.4600546477
140325.95505466958
140358.42005469982
140432.89005476917
140459.60505479405
140480.62505481363
140561.3450548888
140598.88005492376
140683.13005500223
140703.8100550215
140821.57505513116
140899.63505520386
140929.23505523143
140960.59505526064
141021.72005531756
141044.725055339
141082.60005537426
141148.19005543535
141197.76505548152
141260.72005554015
141281.1600555592
141332.7050556072
141372.59005564434
141392.76005566312
141419.77005568828
141511.19505577342
141626.08505588042
141676.0000559269
141732.84005597985
141753.67505599925
141781.7650560254
141839.69505607936
141859.96005609824
141963.7650561949
141986.53505621612
142078.60005630186
142102.6000563242
142203.59505641827
142226.20505643933
142289.92505649867
142312.05505651928
142337.68005654315
142435.8650566346
142538.37005673005
142563.71505675366
142662.27005684545
142683.0500568648
142767.8900569438
142784.55505695933
142808.97005698207
142879.71005704795
142905.3300570718
142926.59505709162
143006.61005716614
143030.44005718833
143058.67505721463
143127.20005727845
143151.38505730097
143249.0200573919
143276.96505741792
143379.33005751326
143407.84505753982
143473.3250576008
143494.46005762048
143592.90005771216
143618.0550577356
143660.42505777505
143726.4200578365
143845.4950579474
143905.90005800367
143948.0350580429
143973.5850580667
143995.6900580873
144048.3150581363
144069.76005815627
144102.30505818658
144177.8000582569
144196.4950582743
144303.1250583736
144323.21005839232
144414.37005847722
144446.5700585072
144553.45005860674
144633.74005868152
144655.47505870176
144680.19005872478
144727.33005876868
144757.82005879708
144783.80005882127
144880.71505891153
144903.71005893295
145015.6550590372
145106.0500591214
145135.6000591489
145233.64005924022
145255.25005926035
145329.7150593297
145361.66505935945
145471.93005946215
145501.22505948943
145585.8100595682
145608.97505958978
145674.9350596512
145708.02005968202
145741.46505971317
145826.15005979204
145854.93005981884
145942.6250599005
145962.73005991924
146054.46006000467
146077.45506002608
146170.1300601124
146198.84506013914
146282.96506021748
146310.09006024274
146390.12006031728
146409.24006033508
146434.57506035868
146521.05506043922
146544.49006046104
146630.63506054127
146654.43506056344
146682.29006058938
146752.89506065514
146882.58506077592
146949.21006083797
146986.54006087274
147011.6250608961
147103.3300609815
147130.57006100687
147231.48506110086
147340.68006120255
147365.98506122612
147462.20506131573
147578.7700614243
147615.97006145894
147672.12506151124
147696.0150615335
147720.59006155637
147799.5250616299
147826.88506165537
147908.70006173156
147935.33506175637
147962.01506178122
148043.65006185725
148065.85506187793
148149.700061956
148179.8650619841
148279.44506207685
148305.86506210145
148400.79006218986
148497.18506227963
148521.60506230238
148611.88006238645
148635.84506240877
148667.58006243833
148746.0550625114
148838.95006259793
148861.23506261868
148893.6950626489
148962.00006271253
148989.32006273797
149067.76006281102
149088.80006283062
149107.5750628481
149215.02006294817
149246.26506297727
149313.69006304006
149336.66506306146
149438.02506315586
149460.5200631768
149552.1100632621
149582.68006329058
149680.77506338194
149710.09506340924
149788.47506348224
149812.98506350507
149921.84506360645
149964.6200636463
150040.60006371705
150141.94506381144
150181.80006384855
150251.89006391383
150277.02006393723
150377.56006403087
150398.8600640507
150484.2000641302
150506.4450641509
150601.5700642395
150629.15006426518
150716.96506434696
150740.89006436925
150850.32006447116
150882.20006450085
150955.5800645692
150977.33506458945
151075.80006468116
151098.56006470235
151200.9400647977
151309.44506489875
151329.21006491716
151360.74006494653
151418.9150650007
151441.73006502195
151545.46506511857
151576.78006514773
151660.66006522585
151694.12506525702
151780.5400653375
151797.74506535352
151896.55006544554
151928.9400654757
152020.18506556068
152057.7950655957
152114.0550656481
152139.45506567176
152238.25506576378
152260.46006578446
152356.36006587377
152377.48006589344
152439.78006595146
152472.8850659823
152493.97006600193
152582.68506608455
152610.83506611077
152706.77506620012
152728.48006622033
152761.45006625104
152818.16006630386
152843.3350663273
152945.025066422
152987.8650664619
153060.51006652956
153081.9050665495
153158.67006662098
153179.09506664
153209.3800666682
153294.86506674782
153341.51506679127
153433.585066877
153518.57506695617
153546.37006698205
153592.94506702543
153639.01506706834
153658.8350670868
153689.39506711526
153769.3250671897
153793.8100672125
153888.77006730094
153911.04506732168
153987.26506739267
154011.53006741527
154102.98506750044
154123.21506751928
154222.05006761133
154267.4500676536
154331.8600677136
154350.94506773137
154386.13006776414
154459.1950678322
154478.77006785042
154509.00506787858
154578.09506794292
154616.48006797867
154703.3900680596
154743.07006809657
154820.82006816898
154841.97506818868
154874.01506821852
154926.85006826773
154954.2950682933
155030.53006836429
155061.82506839343
155098.8500684279
155165.8500684903
155193.38006851595
155281.28506859782
155307.53006862226
155381.74006869138
155402.6100687108
155502.8700688042
155528.73006882827
155629.84506892244
155659.58506895014
155740.1750690252
155758.56006904232
155779.95006906224
155860.8750691376
155884.0700691592
155957.86506922793
155984.5550692528
156001.2200692683
156100.9700693612
156137.45006939518
156209.90006946266
156232.68506948388
156257.8350695073
156325.73006957053
156345.7800695892
156382.6000696235
156459.03006969468
156518.17506974976
156583.12006981025
156614.1050698391
156682.3900699027
156707.87506992643
156808.09507001977
156903.29507010843
156922.22507012606
156951.01507015288
157041.5650702372
157069.6800702634
157147.87507033622
157190.51007037592
157253.17507043428
157275.28007045487
157306.79507048422
157390.315070562
157437.79507060623
157496.0600706605
157525.41007068782
157629.4250707847
157659.97007081314
157740.1300708878
157769.06507091474
157863.815071003
157979.790071111
158087.65007121145
158107.8800712303
158201.89007131784
158227.58507134177
158316.56007142464
158343.33007144957
158433.36507153342
158461.43007155956
158544.93507163733
158563.28007165442
158593.57507168263
158666.37507175043
158687.9200717705
158766.07507184328
158789.70007186529
158810.63007188478
158899.2250719673
158929.0750719951
159009.8400720703
159028.49007208768
159052.16007210972
159152.07507220277
159197.425072245
159259.32507230266
159284.35007232596
159367.52507240343
159393.87007242796
159476.34007250477
159498.57507252548
159526.5250725515
159588.9150726096
159614.1250726331
159639.93507265713
159717.23507272912
159739.9900727503
159767.62007277604
159832.4200728364
159853.63507285615
159943.60507293994
159967.76507296244
160055.57007304422
160080.80007306772
160199.4200731782
160241.12007321703
160302.45007327414
160327.34507329733
160409.2300733736
160437.5850734
160537.93507349346
160564.01507351774
160655.00007360248
160688.88507363404
160773.00507371238
160810.55507374735
160885.4500738171
160908.71007383877
160939.64007386757
161001.86507392552
161027.1650739491
161116.4100740322
161140.52007405466
161229.07007413713
161256.03507416224
161282.57507418696
161345.03507424513
161380.15007427783
161476.37507436745
161500.0500743895
161589.42007447273
161610.77507449262
161698.61507457442
161723.52507459762
161824.81007469195
161851.8050747171
162063.9750749147
162180.96007502364
162291.77007512684
162314.64507514815
162408.26507523534
162442.275075267
162532.62007535115
162555.06007537205
162632.61507544428
162655.6250754657
162694.51007550192
162755.01507555827
162794.59007559513
162876.30507567123
162905.18507569813
162992.005075779
163019.70007580478
163094.83507587475
163126.16507590393
163181.45507595543
163231.48507600202
163252.0900760212
163349.49007611192
163389.91507614957
163452.79507620813
163471.81507622584
163501.57007625356
163581.96507632843
163685.20007642457
163710.92507644853
163782.88507651555
163808.3750765393
163833.88007656304
163929.5050766521
163950.37507667154
164028.76007674454
164050.0950767644
164099.4800768104
164168.00507687422
164275.84507697466
164296.34507699375
164402.2750770924
164510.98007719364
164531.93507721316
164565.03507724399
164638.43007731234
164665.91507733794
164737.35507740447
164758.7400774244
164863.14507752162
164888.7900775455
164947.05507759977
164986.58507763658
165017.8600776657
165085.32507772854
165113.27007775457
165201.49507783673
165231.17007786437
165326.83007795346
165354.09007797885
165451.2250780693
165557.05507816788
165580.1600781894
165602.89007821056
165670.31507827336
165700.89007830183
165794.18507838872
165820.63507841335
165896.18507848372
165919.8900785058
165944.68007852888
166023.16007860197
166048.1050786252
166157.23507872684
166255.39507881826
166274.64007883618
166313.37507887225
166373.49507892824
166419.390078971
166506.14507905178
166537.3950790809
166605.94007914473
166635.5350791723
166718.80007924984
166752.22007928096
166837.87507936073
166861.62007938285
166890.2450794095
166942.72507945838
166965.2950794794
166989.3500795018
167091.73007959715
167113.2500796172
167189.78507968847
167214.98507971194
167245.4450797403
167306.6500797973
167328.82507981797
167435.3750799172
167545.36508001963
167567.68008004042
167656.93508012354
167699.03008016275
167789.63008024712
167814.02008026984
167873.6650803254
167897.03008034715
167922.37508037075
167946.260080393
168015.06008045707
168040.49508048076
168096.7950805332
168122.9000805575
168153.09508058563
168181.46508061205
168264.12008068903
168363.04508078116
168381.62008079846
168484.68508089444
168510.9300809189
168592.3250809947
168616.19508101692
168656.04508105404
168719.4800811131
168741.0350811332
168837.54508122307
168860.47008124442
168961.6900813387
168986.03508136136
169067.6900814374
169102.5750814699
169179.64008154167
169209.88008156983
169234.27008159255
169283.12508163805
169310.42008166347
169379.67008172796
169410.845081757
169430.87508177565
169464.07008180657
169533.31008187105
169551.67508188816
169596.0600819295
169631.3000819623
169652.19008198177
169673.29508200142
169767.50508208916
169789.97008211009
169869.50508218416
169894.85008220776
169940.4250822502
169990.74508229707
170011.30508231622
170116.00508241373
170146.53508244216
170247.06008253578
170279.22008256573
170352.28008263378
170376.20508265606
170461.11508273514
170485.74008275807
170592.67008285766
170617.05008288036
170701.65008295915
170736.2700829914
170788.93008304044
170824.99008307402
170850.4150830977
170927.4150831694
170951.4400831918
171048.4000832821
171076.07008330786
171177.62008340243
171201.11508342432
171276.3650834944
171300.23508351663
171386.55508359702
171406.13508361526
171431.8500836392
171511.43008371332
171532.82508373325
171597.07008379308
171632.79008382634
171666.0300838573
171750.24508393573
171771.4550839555
171864.82008404244
171893.7600840694
171997.2850841658
172024.5550841912
172097.1500842588
172115.97008427634
172212.27008436603
172239.12008439103
172338.13508448325
172374.34508451697
172402.01008454274
172442.80508458073
172481.06508461636
172580.37008470885
172609.65508473612
172678.69008480042
172704.90508482483
172796.06508490973
172814.37008492678
172865.8300849747
172922.15508502716
172941.9500850456
173015.59508511418
173047.13508514356
173079.89008517406
173153.86508524296
173175.9300852635
173272.70008535363
173304.9900853837
173388.0900854611
173412.82008548413
173502.870085568
173527.40508559084
173627.5500856841
173721.2900857714
173746.58008579497
173772.31508581893
173857.35508589813
173880.7300859199
173903.04508594068
173984.82508601685
174015.10008604504
174085.22008611035
174108.94508613244
174131.7700861537
174204.37008622132
174228.78008624405
174307.20008631708
174338.53008634626
174365.100086371
174452.30508645222
174547.78508654115
174577.2550865686
174607.39008659666
174669.64008665463
174689.39008667303
174788.0350867649
174894.435086864
174920.80008688854
175017.95008697902
175035.40508699528
175136.84008708975
175168.64508711937
175259.75008720421
175294.38008723647
175365.51508730272
175387.32008732302
175472.93008740275
175496.32008742454
175518.1750874449
175618.00008753786
175656.63508757384
175715.0000876282
175748.75508765964
175837.55508774234
175884.37008778594
175962.97508785914
175987.71008788218
176068.40508795733
176092.19008797948
176112.075087998
176179.91008806118
176207.3150880867
176226.47008810454
176311.80508818402
176333.13508820388
176415.3900882805
176437.78508830135
176460.64008832263
176530.85508838802
176552.78508840845
176576.50008843053
176649.5750884986
176696.14008854196
176780.12008862017
176816.25508865382
176887.9650887206
176908.31508873956
176990.97508881654
177015.56508883944
177046.27008886804
177128.82008894492
177151.04508896562
177237.58508904622
177266.09008907276
177360.7100891609
177383.90008918248
177466.72508925962
177491.80008928297
177524.81008931372
177593.4150893776
177618.55508940102
177720.39008949586
177771.88508954382
177822.25508959073
177847.4400896142
177881.590089646
177943.73508970387
177968.6800897271
178065.9450898177
178157.9850899034
178189.18008993246
178222.7400899637
178293.4850900296
178314.61009004927
178352.38009008445
178403.60509013216
178422.3200901496
178459.55509018427
178518.91009023954
178538.74509025802
178568.56009028578
178654.20509036555
178682.03009039146
178755.24009045964
178774.58509047766
178795.62509049725
178863.51009056048
178884.92509058042
178993.09509068116
179021.10509070725
179114.43009079417
179134.46509081282
179172.3400908481
179228.15509090008
179249.09509091958
179337.85509100225
179360.6700910235
179460.66509111662
179486.47009114065
179554.90009120438
179583.00509123056
179609.63509125536
179646.7250912899
179685.66009132616
179714.9000913534
179739.12509137596
179813.84509144555
179930.69509155437
179967.52509158867
180045.98009166174
180068.74009168294
180129.9000917399
180166.82509177428
180187.63009179366
180267.47009186802
180288.26509188738
180310.09509190771
180390.58009198267
180413.61509200413
180504.51009208878
180532.43509211479
180580.83509215986
180623.56009219965
180652.2900922264
180747.56009231514
180790.44509235508
180862.76009242242
180918.80509247462
180988.07009253913
181010.78009256028
181095.2000926389
181117.1050926593
181213.71509274928
181239.87509277364
181329.83509285742
181361.57509288698
181453.6150929727
181489.67509300628
181566.98509307828
181593.39509310288
181669.3350931736
181688.82509319176
181712.53009321383
181797.25509329274
181820.22509331413
181927.3450934139
181965.08509344904
182018.06009349838
182042.350093521
182064.91509354202
182144.09009361576
182174.69509364426
182257.56509372144
182284.73009374674
182306.30509376683
182380.94509383634
182404.46509385825
182492.7750939405
182525.94009397138
182615.48009405477
182635.62009407353
182715.9200941483
182740.6100941713
182772.68509420118
182859.1500942817
182896.69009431667
182967.46009438258
182991.88509440533
183015.21509442705
183076.39009448403
183098.60509450472
183185.92009458604
183208.8450946074
183233.40509463026
183307.13009469892
183327.8150947182
183353.6150947422
183440.1550948228
183467.37009484816
183541.90009491757
183568.6650949425
183670.6800950375
183786.37009514525
183815.0000951719
183907.94009525847
183931.11009528005
184018.96009536186
184042.4000953837
184102.0000954392
184141.81509547628
184167.15509549988
184244.02509557147
184273.98509559938
184375.23009569367
184398.30009571515
184485.105095796
184523.19009583147
184596.5550958998
184618.65509592037
184715.38509601046
184736.17009602982
184816.61009610473
184836.7750961235
184856.45009614184
184908.46509619028
184956.50509623502
184983.82009626046
185079.46509634954
185180.52509644366
185200.29009646206
185225.60009648564
185308.31509656267
185334.0050965866
185417.84509666468
185442.63509668777
185536.50009677518
185555.9450967933
185646.94009687804
185662.23009689228
185691.31509691937
185774.83009699715
185806.885097027
185866.8100970828
185889.58009710402
185914.42509712715
185965.28509717452
185999.5250972064
186018.47509722406
186118.4750973172
186161.91509735765
186228.7450974199
186252.86009744235
186345.2750975284
186380.1650975609
186464.2250976392
186486.4500976599
186573.0950977406
186598.11009776389
186705.52509786392
186730.96509788762
186813.47509796446
186833.6000979832
186927.60509807075
186947.0800980889
187066.3950982
187101.47009823268
187149.95009827783
187177.60009830358
187212.22509833582
187278.30509839737
187303.8900984212
187336.78009845183
187399.25009851
187417.7100985272
187442.9550985507
187511.86009861488
187537.70509863895
187567.02009866625
187644.95009873883
187681.81509877316
187748.79009883554
187770.79009885603
187874.3700989525
187893.78009897057
187919.74009899475
187989.73009905993
188012.82009908144
188084.00509914773
188124.06509918504
188219.84009927424
188240.8550992938
188347.38009939302
188377.36009942094
188478.97509951558
188586.84509961604
188609.33009963698
188671.1850996946
188694.74509971653
188813.73009982734
188846.83509985817
188916.06509992265
188940.95009994583
188971.7300999745
189031.90510003053
189057.5201000544
189167.77510015707
189203.93510019075
189275.58010025747
189300.53510028071
189376.62510035158
189401.06010037434
189467.39510043612
189520.72510048578
189617.9151005763
189641.8601005986
189669.51510062435
189734.48510068486
189755.61010070454
189780.43010072765
189858.0101007999
189876.1451008168
189969.19010090345
189990.75010092353
190037.45010096702
190103.1401010282
190142.24510106462
190199.29010111775
190223.59510114038
190344.76510125323
190445.1251013467
190478.64510137792
190557.35010145121
190576.62510146917
190685.88010157092
190727.87010161002
190790.83510166866
190813.2151016895
190846.84010172082
190908.7551017785
190929.73010179802
191026.1151018878
191059.5201019189
191151.79010200483
191176.31010202767
191246.39010209293
191275.20510211977
191295.68010213884
191384.39010222146
191474.01510230493
191499.93010232906
191519.39010234718
191609.35510243097
191631.47010245157
191663.3801024813
191719.21010253328
191745.27010255755
191855.85010266054
191887.97510269046
191951.94510275003
191970.93510276772
192092.63510288106
192120.0601029066
192185.3351029674
192207.30510298786
192308.63510308223
192331.65510310367
192428.8601031942
192543.6351033011
192572.37010332785
192667.79010341672
192702.00510344858
192786.24010352703
192901.37510363426
192932.3501036631
193009.9651037354
193040.43010376376
193134.69010385155
193165.40010388015
193252.14510396094
193274.765103982
193377.05010407727
193402.72010410117
193481.48010417452
193504.35010419582
193586.18010427203
193616.8551043006
193649.5901043311
193722.15010439866
193842.8701045111
193877.38510454324
193946.0501046072
193968.79510462837
194057.34010471083
194082.69010473444
194160.9201048073
194186.2601048309
194222.94010486506
194284.65010492253
194309.50510494568
194333.470104968
194418.45510504715
194446.25510507304
194525.52510514687
194549.11510516884
194656.83010526915
194778.14010538213
194881.1701054781
194906.855105502
195018.05510560557
195046.04510563164
195142.23010572122
195221.0301057946
195249.22510582086
195286.5251058556
195335.9301059016
195363.66510592744
195461.30510601838
195479.83510603564
195504.67510605877
195587.30010613572
195610.63510615745
195684.93010622665
195712.83510625263
195739.69010627765
195814.24010634708
195836.04010636738
195937.57010646194
195957.76510648074
196040.99510655826
196059.57510657556
196081.01010659552
196154.7501066642
196181.14510668878
196288.2151067885
196320.99510681903
196400.3301068929
196429.8401069204
196517.1351070017
196541.4201070243
196650.33510712575
196676.54510715016
196732.7501072025
196762.7951072305
196871.40510733164
196891.9751073508
196979.69010743249
197008.6901074595
197101.4701075459
197123.5851075665
197212.23510764906
197233.72510766907
197271.85010770458
197341.81510776974
197368.76510779484
197440.96010786208
197458.5851078785
197506.07510792272
197573.84010798583
197595.02010800556
197687.44510809163
197718.08010812016
197800.74510819715
197828.11510822264
197902.29510829173
197926.98510831472
197956.83510834252
198035.10510841542
198054.6401084336
198145.08510851784
198166.16010853747
198190.74010856036
198281.70510864508
198317.03510867798
198385.16010874143
198411.9651087664
198508.12510885595
198533.94010888
198627.93010896753
198655.52010899322
198734.2951090666
198762.46010909282
198792.85510912113
198854.83510917885
198879.52010920184
198904.35010922496
198969.48010928562
199093.11510940077
199125.82510943123
199200.98510950123
199219.14010951814
199251.06510954787
199330.32010962168
199365.19510965416
199434.41010971862
199463.0551097453
199561.64510983712
199603.59010987618
199666.88010993513
199697.19010996335
199798.6151100578
199910.1651101617
199937.58511018724
