8.224999999999886
19.950000000000315
44.445000000004285
161.2949999999258
196.5849999998937
212.9649999998788
222.36999999987026
231.07999999986234
238.86999999985525
305.129999999795
317.5949999997837
353.16499999975133
414.1999999996958
446.90999999966607
468.02499999964687
551.1949999995712
578.4849999995464
610.6049999995172
624.8249999995043
695.9649999994396
716.9599999994205
725.2599999994129
733.4699999994054
879.069999999273
895.7199999992579
1008.859999999155
1088.5600000005504
1121.0850000012604
1130.140000001458
1138.1200000016322
1174.6750000024301
1231.6000000036727
1284.5600000048287
1315.3950000055017
1326.725000005749
1448.0950000083983
1540.0600000104057
1640.1400000125902
1690.795000013696
1717.1950000142722
1751.685000015025
1832.0550000167793
1842.115000016999
1980.0800000200104
2069.135000021954
2091.115000022434
2168.4900000241228
2260.300000026127
2374.2700000286145
2395.7150000290826
2407.9500000293497
2425.980000029743
2441.1100000300735
2502.240000031408
2521.225000031822
2537.660000032181
2615.8800000338883
2699.190000035707
2733.70000003646
2759.670000037027
2805.295000038023
2818.7050000383156
2828.5550000385306
2838.295000038743
2862.980000039282
2883.04500003972
2892.67000003993
2914.430000040405
2932.2350000407937
2944.1850000410545
2975.9700000417483
3098.420000044421
3114.0100000447615
3124.4450000449892
3137.495000045274
3152.010000045591
3161.960000045808
3289.9750000486024
3301.125000048846
3331.5200000495092
3345.9650000498245
3361.9500000501735
3372.415000050402
3385.805000050694
3444.950000051985
3458.175000052274
3490.7200000529842
3557.5400000544428
3666.310000056817
3699.335000057538
3736.3000000583447
3801.3400000597644
3847.090000060763
3858.8850000610205
3921.210000062381
3934.9250000626803
3987.955000063838
4016.5400000644618
4168.845000067786
4180.900000068049
4193.30000006832
4221.190000068928
4237.430000069283
4249.255000069541
4326.825000071234
4493.740000074878
4516.070000075365
4586.935000076912
4738.095000080211
4750.835000080489
4865.330000082989
4873.585000083169
4884.7050000834115
4902.875000083808
4920.400000084191
4933.140000084469
5105.9350000882405
5116.0600000884615
5124.315000088642
5133.060000088833
5278.960000092017
5290.040000092259
5301.195000092503
5314.5700000927945
5490.245000096629
5501.090000096866
5822.790000103888
5840.040000104264
5851.890000104523
5899.655000105566
5924.4750001061075
5980.01000010732
5989.775000107533
6006.725000107903
6020.610000108206
6032.625000108468
6041.9850001086725
6055.190000108961
6066.485000109207
6219.080000112538
6331.985000115003
6350.020000115396
6363.695000115695
6429.390000117129
6466.840000117946
6513.135000118957
6521.52000011914
6531.010000119347
6543.140000119612
6563.485000120056
6604.2050001209445
6664.215000122254
6677.620000122547
6747.420000124071
6810.550000125449
6902.595000127458
6917.82500012779
6953.54000012857
6967.715000128879
7040.840000130475
7101.590000131801
7118.48500013217
7142.170000132687
7154.20500013295
7204.910000134057
7214.895000134275
7392.115000138143
7409.5500001385235
7450.020000139407
7474.400000139939
7515.69000014084
7674.465000144306
7697.1200001448005
7717.390000145243
7842.78000014798
7930.330000149891
7997.085000151348
8121.545000154065
8188.935000155536
8199.735000154364
8225.150000150295
8246.000000146958
8258.090000145023
8296.055000138946
8306.195000137322
8330.005000133511
8342.230000131554
8351.265000130108
8366.415000127683
8391.630000123647
8448.680000114515
8495.540000107014
8551.690000098026
8562.015000096373
8582.135000093152
8681.005000077326
8715.810000071755
8778.320000061749
8808.525000056914
8961.090000032493
8979.710000029512
9101.55000001001
9244.584999987113
9375.409999966172
9467.25999995147
9536.049999940458
9548.149999938521
9563.764999936022
9628.139999925717
9649.594999922283
9670.569999918926
9680.314999917366
9691.40999991559
9710.634999912512
9735.679999908503
9749.519999906288
9812.119999896267
9877.919999885735
9907.06499988107
9937.644999876175
9951.47999987396
9960.439999872526
9982.539999868988
10044.50499985907
10056.849999857093
10222.929999830509
10244.59499982704
10286.819999820282
10303.13499981767
10370.329999806914
10385.864999804427
10393.704999803173
10401.249999801965
10431.669999797095
10447.744999794522
10529.169999781489
10882.739999724892
10920.7999997188
10963.849999711909
11053.80499969751
11202.459999673714
11222.509999670505
11233.389999668763
11248.124999666405
11338.79999965189
11374.294999646208
11388.459999643941
11422.109999638555
11493.504999627126
11506.424999625058
11713.749999591872
11846.19999957067
11932.044999556929
11942.8499995552
11951.504999553814
11968.619999551074
11980.309999549203
11991.684999547382
12068.279999535122
12087.179999532096
12098.749999530244
12110.504999528363
12161.149999520256
12180.884999517097
12191.074999515466
12373.09499948633
12396.01499948266
12411.249999480222
12529.154999461349
12558.929999456583
12570.244999454771
12590.984999451452
12640.854999443469
12665.20999943957
12703.019999433518
12728.964999429365
12784.999999420395
12804.14499941733
12859.214999408516
12870.264999406747
13029.644999381235
13039.72999937962
13055.28999937713
13070.984999374617
13082.124999372834
13099.719999370018
13122.184999366422
13138.014999363888
13189.464999355652
13235.304999348315
13277.18499934161
13295.504999338678
13304.80499933719
13316.85499933526
13330.84999933302
13342.169999331209
13364.824999327582
13456.029999312983
13465.404999311482
13570.404999294675
13657.729999280697
13689.774999275567
13730.494999269049
13753.639999265344
13761.834999264032
13771.58999926247
13785.569999260233
13797.629999258303
13816.084999255349
13831.094999252946
13856.454999248886
13887.309999243947
13896.239999242518
13911.134999240134
13955.549999233024
14028.194999221396
14215.39499919143
14234.714999188338
14284.349999180393
14317.829999175034
14332.334999172712
14344.194999170813
14380.124999165062
14572.474999134272
14609.28999912838
14623.184999126155
14726.41999910963
14893.874999082826
14996.494999066399
15012.704999063804
15134.934999044239
15152.474999041431
15166.024999039262
15218.484999030865
15374.039999005965
15403.794999001202
15569.374998974698
15581.66499897273
15590.044998971389
15743.239998946867
15757.104998944647
15778.549998941215
15938.024998915687
15988.274998907644
16161.044998879988
16175.004998877754
16365.049998847333
16377.699998845308
16388.18999884515
16562.09499888058
16602.654998888844
16613.349998891023
16622.31499889285
16643.62999889719
16657.549998900027
16675.199998903623
16696.23999890791
16707.619998910228
16719.20999891259
16728.999998914584
16736.954998916204
16756.26999892014
16771.414998923225
16900.544998949532
16912.199998951906
16962.889998962233
16974.519998964603
16994.24499896862
17072.91999898465
17105.589998991305
17129.394998996155
17142.8649989989
17152.134999000788
17181.00999900667
17221.60499901494
17272.714999025353
17309.104999032767
17322.309999035457
17331.16999903726
17376.359999046468
17503.25999907232
17528.114999077385
17562.64499908442
17587.894999089563
17600.614999092155
17612.849999094648
17642.594999100707
17715.124999115484
17737.00499911994
17749.35999912246
17768.85499912643
17788.14999913036
17807.814999134367
17833.389999139577
17900.679999153286
18029.144999179458
18043.064999182294
18057.62999918526
18102.454999194393
18112.094999196357
18121.904999198356
18175.984999209373
18185.674999211347
18204.744999215232
18282.82999923114
18313.95499923748
18322.33499923919
18348.20499924446
18386.34499925223
18481.4299992716
18509.05499927723
18538.80499928329
18747.734999325854
18757.274999327798
18769.959999330382
18779.22999933227
18827.614999342128
18871.07499935098
18894.754999355806
18915.369999360006
18929.82999936295
18951.22499936731
18960.15999936913
18970.449999371227
18977.83499937273
18989.034999375013
19055.494999388553
19084.204999394402
19095.214999396645
19104.244999398485
19125.604999402836
19135.994999404953
19173.37499941257
19186.939999415332
19380.754999454817
19394.094999457535
19404.154999459584
19455.07999946996
19467.20999947243
19477.47499947452
19496.789999478457
19719.244999523777
19755.654999531194
19796.199999539454
19810.814999542432
19854.98999955143
19864.079999553283
19889.6849995585
20088.489999599
20104.43999960225
20116.764999604762
20124.90999960642
20134.239999608322
20181.719999617995
20202.54999962224
20254.849999632894
20318.53999964587
20504.849999683825
20530.97999968915
20550.42999969311
20606.349999704504
20621.979999707688
20642.21499971181
20730.12999972972
20748.58999973348
20767.42999973732
20811.044999746206
20821.304999748296
20868.534999757918
20879.854999760224
20888.934999762074
20903.364999765014
20925.224999769467
20955.794999775695
20972.619999779123
21025.349999789865
21058.374999796593
21104.73999980604
21114.344999807996
21127.359999810647
21158.259999816943
21211.789999827848
21222.094999829947
21243.489999834306
21307.7649998474
21419.349999870134
21562.649999899328
21578.089999902473
21593.554999905624
21605.979999908155
21619.539999910918
21630.479999913146
21639.23499991493
21706.739999928683
21806.60999994903
21821.424999952047
21944.94499997721
21958.469999979967
22020.104999992524
22027.969999994126
22044.059999997404
22203.17000002982
22228.75000003503
22279.690000045408
22302.495000050054
22345.990000058915
22369.24000006365
22389.125000067703
22422.180000074437
22475.94000008539
22487.245000087692
22504.4600000912
22555.595000101617
22567.63500010407
22586.58500010793
22599.05000011047
22609.770000112654
22625.31000011582
22644.40500011971
22738.905000138962
22754.120000142062
22799.37000015128
22810.22000015349
22826.86000015688
22843.460000160263
22898.28000017143
22940.44500018002
22959.865000183978
22991.97000019052
23021.855000196607
23035.61000019941
23056.660000203698
23067.700000205947
23121.630000216934
23130.715000218785
23174.800000227766
23196.930000232274
23239.46000024094
23362.890000266085
23408.400000275356
23421.885000278104
23558.990000306036
23569.6200003082
23627.225000319937
23643.29500032321
23662.44000032711
23683.515000331405
23699.765000334715
23715.415000337904
23731.820000341246
23897.590000375018
23912.145000377983
23936.2850003829
23959.365000387603
24017.57500039946
24030.165000402027
24042.855000404612
24057.755000407647
24069.170000409973
24079.76000041213
24101.40000041654
24113.67000041904
24123.43500042103
24133.735000423127
24142.34500042488
24155.565000427574
24192.630000435125
24208.30500043832
24223.03500044132
24252.355000447293
24270.050000450898
24338.87500046492
24424.92000048245
24438.000000485114
24455.340000488646
24477.655000493192
24572.86500051259
24584.290000514917
24597.200000517547
24610.200000520195
24637.695000525797
24646.69000052763
24655.695000529464
24663.020000530956
24697.830000538048
24737.70000054617
24803.76000055963
24821.020000563145
24831.235000565226
24841.140000567244
24853.325000569726
24865.300000572166
24879.435000575046
24954.175000590272
24967.72000059303
24982.44500059603
25026.890000605086
25044.005000608573
25057.185000611258
25068.225000613507
25083.00500061652
25126.21500062532
25137.870000627696
25229.115000646285
25317.220000664234
25330.170000666873
25350.62000067104
25444.455000690155
25457.34000069278
25567.48000071522
25578.595000717483
25587.27500071925
25674.865000737096
25682.89000073873
25697.525000741713
25708.80500074401
25808.575000764336
25904.625000783904
26076.675000818956
26090.34500082174
26183.95000084081
26200.280000844137
26301.395000864737
26317.635000868046
26407.300000886313
26604.445000926476
26632.475000932187
26666.99000093922
26680.035000941876
26692.635000944443
26704.610000946883
26803.275000966983
26818.71500097013
26837.92000097404
26906.810000988076
26921.90500099115
26999.780001007017
27011.62000100943
27059.220001019126
27077.585001022868
27095.66000102655
27116.13000103072
27133.880001034337
27143.32500103626
27166.510001040984
27219.125001051703
27447.885001098308
27468.935001102596
27481.430001105142
27528.09500111465
27578.970001125013
27594.26000112813
27605.9100011305
27630.955001135604
27646.565001138784
27682.66500114614
27696.525001148962
27711.455001152004
27746.2850011591
27755.535001160984
27771.055001164146
27832.005001176563
27844.860001179182
27863.915001183064
27875.415001185407
27887.21500118781
27909.925001192438
27923.555001195215
27987.480001208238
28136.480001238593
28315.77500127512
28336.34500127931
28380.4600012883
28408.59000129403
28487.27000131006
28587.240001330425
28615.070001336095
28715.410001356537
28790.065001371746
28820.895001378027
28832.870001380466
28856.05000138519
28874.055001388857
29154.16000144592
29167.89000144872
29184.700001452144
29271.180001469762
29555.245001527634
29643.19500154555
29655.195001547996
29665.060001550006
29677.805001552602
29753.08500156794
29834.82500158459
29844.260001586514
29866.445001591033
29955.76500160923
30008.165001619906
30048.3800016281
30058.190001630097
30122.140001643125
30136.49000164605
30167.26500165232
30194.355001657837
30204.910001659988
30254.230001670036
30264.105001672047
30277.105001674696
30297.725001678897
30315.65000168255
30361.170001691822
30372.725001694176
30402.3000017002
30412.415001702262
30424.27500170468
30666.985001754125
30683.785001757547
30700.840001761022
30801.730001781576
30861.555001793764
30879.225001797364
30893.78500180033
30971.53000181617
30985.500001819015
31006.670001823328
31163.665001855312
31175.280001857678
31183.955001859445
31195.42000186178
31256.810001874288
31266.815001876326
31319.06500188697
31333.98500189001
31356.355001894568
31439.555001911518
31448.230001913285
31458.080001915292
31471.600001918046
31535.755001931117
31606.26000194548
31616.105001947486
31628.920001950097
31653.83000195517
31690.68500196268
31859.34500199704
31970.290002019643
31978.875002021392
31990.235002023706
32011.030002027943
32084.78500204297
32116.905002049512
32420.08500211128
32435.8900021145
32458.92500211919
32469.780002121403
32479.005002123282
32492.78000212609
32516.99500213102
32529.520002133573
32554.465002138655
32575.875002143017
32632.520002154557
32644.550002157008
32753.640002179232
32761.885002180912
32840.05500214441
32883.55500212162
32894.79500211573
32905.81500210996
32922.905002101004
32988.84500206646
33021.62000204929
33035.50500204202
33161.46000197603
33170.54500197127
33181.1800019657
33382.08000186046
33460.01500181963
33505.8850017956
33516.75000178991
33530.8950017825
33559.075001767735
33569.270001762394
33582.420001755505
33694.69500169669
33716.87000168507
33730.83000167776
33745.46500167009
33843.60000161868
33856.780001611776
33868.96500160539
33882.41000159835
33902.860001587636
34118.395001474724
34129.82500146874
34146.29000146011
34173.520001445846
34194.25500143498
34249.12000140624
34260.02000140053
34274.36500139302
34305.78500137656
34315.960001371226
34324.74000136663
34342.69500135722
34368.03000134395
34381.17500133706
34402.33000132598
34419.710001316875
34436.22500130822
34446.795001302686
34460.87000129531
34471.03500128999
34483.28000128357
34496.55000127662
34506.680001271314
34518.055001265355
34604.42000122011
34625.69000120897
34639.80000120158
34723.470001157744
34740.5450011488
34755.16000114114
34770.55500113308
34839.19500109712
34851.31500109077
35028.51500099794
35038.10500099292
35049.84500098677
35062.44000098017
35137.885000940645
35179.72500091873
35262.115000875565
35272.020000870376
35306.04500085255
35327.87000084112
35340.04500083474
35429.430000787914
35446.56500077894
35482.79000075996
35515.250000742955
35608.68000069401
35625.165000685374
35653.96500067029
35685.34500065385
35697.13500064767
35724.41000063338
35735.54000062755
35770.85500060905
35941.47500051967
35963.1800005083
35983.58500049761
36012.225000482606
36064.02000045547
36128.81500042153
36138.6050004164
36149.96500041045
36161.445000404434
36170.96500039945
36181.81500039376
36257.55000035409
36306.9600003282
36342.24000030972
36527.13000021286
36536.940000207724
36820.75500005904
36903.16500001587
36993.45999996857
37009.94499995993
37020.23499995454
37111.00499990699
37118.12499990326
37130.674999896684
37141.54499989099
37150.43499988633
37159.44499988161
37170.529999875806
37181.28499987017
37190.269999865464
37202.56999985902
37220.659999849544
37229.799999844756
37263.66999982701
37274.64999982126
37286.63499981498
37311.214999802105
37454.21499972719
37534.44499968516
37559.789999671884
37569.449999666824
37583.95999965922
37595.464999653195
37610.07499964554
37628.60999963583
37637.99999963091
37698.259999599344
37712.404999591934
37722.98499958639
37735.45499957986
37843.70499952315
38062.5599994085
38083.299999397634
38094.03499939201
38114.334999381375
38193.819999339736
38217.54499932731
38227.129999322286
38260.24499930494
38330.63499926806
38474.55499919267
38510.83499917366
38550.0899991531
38559.64999914809
38570.43499914244
38632.76999910978
38645.1499991033
38665.32499909273
38681.52499908424
38694.2049990776
38705.2749990718
38994.479998920295
39005.02999891477
39027.38499890306
39043.749998894484
39053.70499888927
39061.519998885175
39090.75999886986
39100.479998864765
39156.89499883521
39169.24999882874
39396.049998709925
39483.36499866418
39556.97999862562
39566.3749986207
39582.09999861246
39621.66499859173
39633.839998585354
39645.689998579146
39683.64999855926
39806.46999849492
39820.30999848767
39841.254998476696
39953.1099984181
39971.36999840853
40047.82999836848
40058.37999836295
40085.06499834897
40124.57499832827
40146.714998316675
40161.29499830904
40237.29499826922
40400.78999818357
40416.02499817559
40431.23999816762
40483.72999814012
40611.63499807312
40630.50499806323
40757.61999799664
40816.784997965646
40846.449997950105
40859.98999794301
40973.18999788371
40985.84499787708
41131.424997800816
41140.32999779615
41163.38999778407
41209.12499776011
41240.08499774389
41305.7349977095
41317.49499770334
41331.03999769624
41342.74999769011
41494.88999761041
41510.01999760248
41526.83499759367
41545.004997584154
41745.51999747911
41772.614997464916
41791.96499745478
41809.364997445664
41897.229997399634
41914.89999739038
41929.60999738267
41943.134997375586
42073.17499730746
42140.97999727194
42155.99999726407
42165.73499725897
42175.86999725366
42186.154997248275
42200.569997240724
42213.11499723415
42251.09999721425
42263.11499720796
42282.89999719759
42317.91999717925
42326.15999717493
42371.13499715137
42381.80499714578
42391.27499714082
42401.494997135465
42428.11499712152
42486.73999709081
42537.70499706411
42552.82499705619
42600.81499703105
42631.67999701488
42642.97999700896
42657.65499700127
42731.01499696284
42743.61999695624
42899.309996874676
42919.43999686413
42931.76999685767
42940.09499685331
42947.41999684947
42958.869996843474
43008.55999681744
43019.00499681197
43036.384996802866
43069.03499678576
43112.33499676308
43281.34499667454
43313.709996657584
43336.289996645755
43346.7049966403
43369.73999662823
43460.94499658045
43528.054996545296
43537.24999654048
43549.12499653426
43651.31999648072
43740.02499643425
43750.51999642875
43797.66999640405
43806.654996399346
43819.77999639247
43990.06499630326
44008.464996293624
44101.93499624466
44207.7949961892
44424.10499607588
44435.20499607007
44515.609996027946
44524.14999602347
44532.009996019355
44544.15499601299
44560.50499600443
44848.804995853396
44895.9399958287
44918.63999581681
44929.3499958112
44937.814995806766
44947.094995801905
44956.28999579709
44965.56499579223
44991.06499577887
45014.80999576643
45086.154995729055
45225.85999565587
45248.83499564383
45268.91999563331
45296.954995618624
45305.87999561395
45314.399995609485
45331.37499560059
45455.484995535575
45618.01499545043
45628.979995444686
45643.97999543683
45662.70499542702
45679.49499541822
45693.71999541077
45746.98499538287
45788.87499536092
45802.019995354036
45950.04499527649
45958.4199952721
46015.80499524204
46027.039995236155
46040.54999522908
46238.884995125176
46318.47999508348
46337.08999507373
46421.014995029764
46534.83499497014
46550.369994962
46568.909994952286
46581.2899949458
46596.15499493801
46680.71999489371
46826.2049948175
46919.17499476879
46934.404994760815
46950.67499475229
47016.674994717716
47033.854994708716
47115.804994665785
47307.6199945653
47326.85499455522
47335.514994550686
47345.90999454524
47424.09999450428
47478.40499447583
47495.784994466725
47567.56499442912
47591.10499441679
47605.92999440902
47619.20999440207
47665.749994377686
47838.84499428701
47849.27499428154
47867.2949942721
47877.90999426654
47888.78999426084
47926.01499424134
47941.34499423331
47977.66499421428
48061.60499417031
48111.284994144284
48205.89999409472
48220.144994087255
48235.73499407909
48338.284994025365
48361.16999401338
48377.12499400502
48387.23499399972
48395.1049939956
48403.089993991416
48416.65499398431
48432.11999397621
48445.944993968966
48515.71999393241
48566.894993905604
48791.82499378777
48803.39499378171
48818.309993773895
48828.94999376832
48837.61499376378
48939.999993710146
48951.14499370431
48960.464993699425
48969.15499369487
48985.09499368652
49114.45999361875
49299.73499352169
49349.30499349572
49394.769993471906
49564.74999338286
49579.894993374925
49631.354993347966
49642.714993342015
49655.79499333516
49681.02999332194
49693.05499331564
49730.03999329627
49744.90499328848
49879.48499321798
49893.809993210474
50104.774993099956
50115.639993094264
50129.09999308721
50169.17499306622
50271.08499301283
50403.25499294359
50458.07999291487
50474.069992906494
50531.314992876505
50569.80499285634
50586.78999284744
50599.16499284096
50607.14499283678
50618.42499283087
50629.409992825116
50642.95499281802
50705.43499278529
50784.64999274379
50806.22499273249
50869.014992699595
50878.499992694626
50903.07999268175
50919.044992673385
50935.899992664556
50959.34999265227
50980.299992641296
51088.899992584404
51101.114992578005
51238.84499250585
51250.52499249973
51322.464992462046
51342.5999924515
51667.494992281296
51712.70499225761
51745.01999224068
51755.97999223494
51765.629992229886
51778.98499222289
51789.38999221744
51933.48999214195
52036.48499208799
52045.4499920833
52055.61499207797
52068.64999207114
52084.509992062834
52149.369992028856
52163.25999202158
52173.804992016056
52186.44999200943
52197.05999200387
52226.299991988555
52236.76499198307
52276.05499196249
52295.92499195208
52369.30499191364
52379.199991908456
52387.37999190417
52402.63499189618
52425.47999188421
52446.35999187327
52458.28999186702
52522.83499183321
52539.524991824466
52554.529991816606
52586.17499180003
52598.30999179367
52615.614991784605
52632.964991775516
52645.88499176875
52682.02999174981
52690.499991745375
52712.374991733916
52795.279991690484
52808.869991683365
52820.36499167734
52946.134991611456
52982.479991592416
52999.22999158364
53010.9499915775
53025.869991569685
53054.18999155485
53069.60999154677
53132.91499151361
53148.459991505464
53170.51999149391
53195.20999148097
53203.984991476376
53216.089991470035
53237.66499145873
53335.51999140747
53447.254991348935
53532.77999130413
53549.2549912955
53560.24999128974
53570.46499128439
53580.61999127907
53623.254991256734
53746.509991192164
53766.339991181776
53796.75499116584
53914.01999110441
53934.29499109379
53966.13999107711
54005.25999105661
54025.624991045945
54094.18499101003
54106.159991003755
54175.239990967566
54190.304990959674
54221.76999094319
54232.639990937496
54245.53499093074
54254.554990926015
54291.069990906886
54350.94499087552
54414.58499084218
54518.04499078798
54534.11999077956
54548.99499077177
54604.82999074252
54621.95999073354
54641.96499072306
54661.87999071263
54677.99499070419
54689.63999069809
54712.65999068603
54729.214990677356
54738.69499067239
54749.3649906668
54817.8899906309
54945.22999056419
54959.81999055655
55099.51499048337
55111.259990477214
55127.33999046879
55142.64499046077
55212.084990424395
55342.99999035581
55353.60499035026
55369.13999034212
55395.09999032852
55422.0499903144
55433.29999030851
55446.00999030185
55456.34999029643
55468.87499028987
55530.964990257344
55542.53499025128
55561.884990241146
55630.71499020509
55734.12999015091
55747.6999901438
55756.684990139096
55782.17499012574
55918.044990054565
55929.90999004835
55960.399990032376
56145.11498993561
56161.309989927126
56174.85498992003
56207.05498990316
56313.064989847626
56321.844989843026
56334.714989836284
56425.939989788494
56437.55498978241
56460.89498977018
56486.45498975679
56499.44498974999
56546.199989725494
56557.88998971937
56605.66498969434
56654.889989668554
56665.174989663166
56675.10998965796
56694.87498964761
56707.96998964075
56726.60998963098
56745.294989621194
56766.404989610135
56776.464989604865
56867.86498955698
56876.91998955224
56889.774989545505
56958.684989509406
56973.1999895018
56984.38498949594
57006.72498948424
57025.784989474254
57198.77498938363
57209.49998937801
57221.37498937179
57437.279989258685
57483.089989234686
57496.509989227656
57526.14998921213
57559.119989194856
57570.77498918875
57584.279989181676
57598.444989174255
57608.80498916883
57627.839989158856
57719.3799891109
57732.88998910382
57757.99998909067
57778.28498908004
57789.98998907391
57812.51498906211
57954.05498898796
58097.16498891299
58203.75998885715
58221.68498884776
58262.74498882625
58323.51998879441
58332.844988789526
58349.129988780995
58364.609988772885
58426.75998874033
58438.81498873401
58496.664988703706
58548.684988676454
58696.43498859905
58855.10998851593
58970.524988455465
58999.89998844008
59006.51498843661
59013.86498843276
59033.60498842242
59048.084988414834
59061.08498840802
59121.89498837617
59137.56498836796
59147.799988362596
59158.224988357135
59174.30498834871
59191.75498833957
59203.37498833348
59286.42998828997
59303.719988280915
59314.64998827519
59323.72998827043
59378.319988241834
59452.48998820298
59480.43998818834
59506.02498817493
59513.48998817102
59525.454988164754
59548.244988152815
59569.414988141725
59594.19998812874
59604.31998812344
59623.319988113486
59639.31498810511
59653.98498809742
59775.54998803374
59788.88998802675
59808.24998801661
59825.624988007505
59951.67998794147
59963.15498793546
59990.02498792138
60005.499987913274
60021.014987905146
60035.94998789732
60100.24498786364
60109.84498785861
60132.74998784661
60283.9549877674
60297.08998776052
60376.754987718785
60410.904987700895
60422.31498769492
60432.68998768948
60444.25998768342
60754.45498752092
60769.809987512876
60789.57498750252
60817.42998748793
60834.979987478735
60916.829987435856
61124.46998732708
61145.249987316194
61192.779987291295
61240.95498726606
61255.54998725841
61267.77498725201
61302.37998723388
61312.98998722832
61327.05498722095
61339.819987214265
61379.54998719345
61396.04498718481
61549.51498710441
61574.13998709151
61618.77998706813
61756.584986995935
61773.07998698729
61784.79498698116
61806.17998696995
61851.704986946104
62026.83998685436
62042.63998684608
62061.27498683632
62115.58998680786
62146.759986791534
62156.46998678645
62167.53998678065
62186.94498677048
62198.64498676435
62213.33498675666
62296.82498671292
62306.34498670793
62316.10998670282
62326.934986697146
62345.99498668716
62424.68498664594
62529.63498659096
62629.80498653848
62652.80998652643
62661.03498652212
62674.30498651517
62682.81998651071
62692.144986505824
62701.90498650071
62711.92498649546
62753.94498647345
62765.98998646714
62833.76998643163
62844.10498642622
62965.41998636266
62981.28998635435
62997.82498634569
63007.374986340685
63172.799986254024
63184.44498624792
63219.87498622936
63266.32498620503
63332.6199861703
63347.189986162666
63375.52498614782
63422.67498612312
63475.90498609524
63529.394986067215
63537.984986062715
63546.6049860582
63554.90498605385
63567.609986047195
63582.85498603921
63594.1399860333
63629.09998601498
63649.674986004204
63736.16998595889
63746.0849859537
63754.34498594937
63769.874985941235
63782.949985934385
63835.594985906806
63848.98998589979
63910.559985867534
63920.634985862256
63932.929985855815
63951.51998584608
63976.23998583313
64009.5099858157
64020.90498580973
64111.79498576211
64120.23998575769
64171.83498573066
64187.73498572233
64212.6099857093
64240.239985694825
64259.33998568482
64279.19498567442
64296.19498566551
64317.28498565446
64327.434985649146
64335.1649856451
64346.164985639334
64355.56998563441
64367.56498562812
64377.084985623136
64399.38998561145
64415.7099856029
64431.869985594436
64496.71998556046
64604.989985503744
64630.604985490325
64650.75498547977
64721.619985442645
64917.90498533982
64938.72498532891
65014.974985288965
65078.75498525555
65140.41498522325
65244.81498516856
65284.19998514793
65377.19498509921
65399.17998508769
65471.33998504989
65589.53998506587
65600.11498507572
65610.00998508494
65622.62498509669
65630.81498510431
65640.6799851135
65658.03998512967
65751.82498521701
65874.77498533152
65912.20498536638
66205.43498563947
66220.26998565329
66313.36998573999
66549.98498596036
66570.33498597931
66579.69998598803
66592.53498599998
66607.589986014
66655.77498605888
66667.30498606962
66680.73498608213
66694.50998609496
66703.75998610357
66714.86498611391
66800.07998619328
66823.77498621534
66865.72998625442
66973.04498635436
66983.63998636423
66997.62498637725
67012.25498639088
67064.03998643911
67099.69998647232
67128.349986499
67141.11498651089
67160.05498652853
67171.59998653928
67279.51998663979
67364.55498671898
67438.17998678755
67448.08498679678
67457.84498680587
67484.42998683063
67529.41998687253
67543.21498688537
67566.56998690712
67596.52998693503
67629.72998696595
67863.11998718331
67890.77498720906
67907.72498722485
67964.66498727788
67973.9199872865
68024.6049873337
68042.83998735069
68054.71498736175
68069.52998737554
68078.89498738426
68094.86998739914
68206.57998750318
68221.91998751747
68231.05498752597
68241.75998753594
68251.06498754461
68260.47998755338
68441.77998772223
68496.02998777275
68508.5349877844
68519.67498779477
68529.06498780352
68540.97998781462
68556.48498782906
68619.31998788757
68665.0849879302
68680.64498794469
68732.27998799278
68756.4699880153
68765.87998802407
68773.319988031
68784.88998804177
68797.57498805359
68869.06998812017
68902.3849881512
68962.68498820736
68974.01498821791
68989.26498823211
69002.90998824482
69015.59498825663
69038.08498827758
69056.66498829488
69067.99998830544
69086.08498832228
69240.12998846575
69322.2199885422
69335.08498855418
69359.4799885769
69370.5349885872
69380.65498859662
69389.17498860456
69421.80998863495
69704.70998889842
69715.81498890877
70007.05998918001
70062.97498923208
70079.93998924788
70099.62498926622
70110.6599892765
70126.52498929127
70262.594989418
70276.07998943055
70285.2549894391
70356.75498950569
70365.84498951415
70398.46498954453
70409.10998955445
70453.4049895957
70463.16498960479
70481.82998962217
70559.12998969416
70570.77498970501
70585.86498971906
70609.45498974103
70784.72498990427
70793.9899899129
70862.94498997711
70965.37499007251
70975.61499008205
70985.30999009107
70995.40999010048
71005.32499010972
71054.51499015553
71116.3299902131
71151.05499024544
71173.14499026601
71182.27499027451
71192.09499028366
71206.27999029687
71215.15999030514
71223.7099903131
71234.6649903233
71271.09499035723
71315.58499039867
71327.59999040986
71396.67499047419
71415.31499049155
71447.45999052149
71518.36999058753
71532.12999060034
71543.87499061128
71618.0899906804
71645.48499070591
71771.77999082353
71780.39499083156
71791.41499084182
71831.94999087957
71850.02999089641
71863.78999090922
71873.27499091806
71889.0999909328
71902.34999094513
71913.31499095535
71939.41499097965
72062.35999109416
72085.43499111565
72148.96499117481
72242.55499126198
72287.83499130415
72296.07499131182
72316.32999133068
72334.04499134718
72393.42999140249
72419.2149914265
72428.06999143475
72447.73999145307
72469.52999147336
72570.36499156727
72581.28499157744
72645.72499163746
72694.89999168325
72710.97999169823
72768.24999175157
72805.81999178656
72815.47499179555
72837.44499181601
72853.54999183101
72876.12499185203
72888.59999186365
72914.23999188753
72947.01499191805
72955.03499192552
72977.3399919463
72987.55499195581
73046.82999201101
73108.8699920688
73119.66999207885
73130.36499208881
73144.27999210177
73173.13999212865
73236.47999218764
73244.86999219545
73260.43999220995
73272.35999222106
73288.07499223569
73317.66499226325
73332.72499227728
73345.76499228942
73394.84999233513
73406.07499234559
73437.36999237473
73448.70499238529
73460.48999239627
73477.66999241227
73531.93999246281
73541.01499247126
73550.05499247968
73608.26499253389
73618.99999254389
73634.00999255787
73686.61499260686
73696.47499261604
73748.15999266418
73757.79999267316
73899.81499280542
73931.91999283532
73942.90999284555
73951.13499285321
73968.19999286911
74137.87999302713
74148.10999303666
74189.00499307475
74212.81499309692
74221.90499310539
74230.90499311377
74239.59499312186
74252.55999313394
74262.67999314336
74364.02499323775
74436.02999330481
74444.65999331285
74462.94499332987
74478.65999334451
74559.91499342019
74569.73999342934
74738.7049935867
74810.94499365397
74820.82499366318
74831.12999367277
74840.2799936813
74859.77999369946
74913.71499374969
74924.27999375953
74934.6649937692
74970.06499380217
75089.74499391363
75099.43499392265
75114.03499393625
75143.02999396325
75230.0499940443
75252.52499406523
75263.36999407533
75279.13499409001
75295.85499410558
75311.38999412005
75333.81999414094
75346.75999415299
75366.6299941715
75386.23499418976
75419.98999422119
75456.64999425533
75484.6449942814
75509.52999430458
75525.9699943199
75565.30499435653
75590.51499438
75600.29499438911
75825.29999459867
75901.60999466974
75913.64499468094
75966.66499473032
76001.06999476237
76080.95499483676
76112.97499486658
76174.44499492383
76190.60999493889
76203.63499495102
76215.5349949621
76225.74499497161
76283.6149950255
76315.90499505558
76351.1499950884
76489.37999521714
76525.54499525082
76606.73499532643
76617.8599953368
76639.92499535735
76697.9599954114
76710.7399954233
76723.59999543527
76757.02999546641
76769.41499547794
76779.07999548694
76792.57499549951
76842.54499554605
76912.3899956111
76924.44499562233
76943.35999563994
77035.99999572622
77063.10499575146
77071.12499575893
77081.36499576847
77233.06999590975
77243.86499591981
77259.2049959341
77290.42499596317
77322.71499599324
77339.67999600904
77663.6899963108
77770.4249964102
77779.28499641846
77788.06499642663
77851.40499648562
77870.39499650331
77880.38999651262
77896.01999652717
77917.96499654761
77943.03499657096
77952.82999658008
77963.35499658989
77977.72499660327
77989.37499661412
78047.30999666807
78203.23499681329
78211.80999682128
78224.42499683303
78431.92999702628
78456.61499704927
78467.73499705963
78480.46499707148
78489.60999708
78501.53999709111
78532.36999711982
78607.55499718984
78645.77499722544
78661.7399972403
78710.28999728552
78728.97999730293
78761.73999733344
78848.7849974145
78914.15999747539
79057.88499760925
79085.41999763489
79098.72499764728
79110.93999765866
79143.82499768928
79171.92499771545
79182.63499772543
79218.69999775902
79265.35499780247
79440.74999796582
79455.73999797978
79464.50499798794
79540.09999805834
79606.15499811986
79627.76499813999
79642.42999815365
79687.33999819547
79765.38499826816
79776.03499827808
79787.03499828832
79883.45999837812
79898.02999839169
79907.38999840041
79915.89999840833
80030.02999851463
80100.99499858072
80109.9899985891
80122.49999860075
80131.90999860951
80142.43999861932
80152.52999862871
80195.60499866883
80219.24999869085
80251.69499872107
80284.46999875159
80300.08499876613
80313.96499877906
80351.86999881436
80450.5849989063
80584.76999903127
80605.44999905053
80614.46999905893
80718.39499915572
80727.73499916442
80741.4699991772
80754.93999918975
80767.8699992018
80786.48499921913
80865.13999929238
80876.17999930267
81008.05499942548
81042.12499945721
81056.02499947016
81076.91499948961
81086.87499949889
81097.32999950863
81107.86499951844
81118.40499952825
81170.60499957687
81185.06499959034
81204.19499960815
81257.65499965794
81435.4149998235
81492.80999987695
81581.59499995963
81592.48999996978
81604.61999998108
81616.1349999918
81678.2000000496
81819.58000018127
81832.25500019308
81949.66500030243
82203.09500053845
82223.89000055782
82242.78000057541
82285.00000061473
82335.77500066202
82351.57000067673
82605.92000091361
82624.21500093065
82767.88500106445
82811.51500110509
82875.40500116459
82890.69000117882
82911.70000119839
82924.0500012099
82933.830001219
82954.69500123843
83007.21500128735
83021.08000130026
83042.56500132027
83131.32000140293
83144.63000141532
83177.58500144602
83197.68500146474
83261.82000152447
83278.67500154016
83290.28000155097
83304.10500156385
83337.82500159525
83349.8000016064
83367.36000162276
83387.13000164117
83400.78000165388
83417.30000166927
83468.3300017168
83498.22500174463
83671.77000190626
83688.70500192203
83747.81000197708
83764.57000199269
83778.89000200602
83826.6400020505
83856.33500207815
83880.7600021009
83910.55500212865
83984.6000021976
83994.44500220678
84024.40500223468
84038.86500224815
84049.0150022576
84074.62500228145
84086.73500229273
84257.94500245218
84273.79000246694
84459.98500264034
84476.12500265538
84496.03000267391
84510.53500268742
84526.26500270207
84554.2100027281
84587.390002759
84648.77000281616
84741.67500290269
84766.3850029257
84776.18500293483
84794.65000295202
84813.91000296996
84880.75000303221
84893.06500304368
84901.17000305123
84911.90500306123
84929.8000030779
84939.585003087
84951.7050030983
84966.79500311235
84977.3700031222
84992.8400031366
85194.21000332414
85206.59500333568
85256.56500338222
85276.28000340058
85287.55000341107
85416.73500353139
85586.49000368948
85604.25500370603
85615.96500371693
85626.8750037271
85646.40000374528
85694.06000378967
85739.10500383162
85796.37000388495
85805.38500389335
85888.54000397079
85896.70000397839
85934.00000401313
86174.84000423743
86187.6900042494
86205.525004266
86219.35000427888
86232.28000429092
86244.94500430272
86281.92000433715
86295.16500434949
86320.56000437314
86329.9600043819
86340.73000439192
86357.84500440786
86369.04000441829
86405.8850044526
86422.86500446842
86435.6300044803
86519.89500455878
86553.57000459015
86568.21500460379
86582.9350046175
86620.07500465208
86676.44000470458
86686.83500471426
86818.8350048372
86831.27000484877
87017.08500502183
87024.8850050291
87045.76000504853
87060.19000506197
87110.680005109
87120.4550051181
87136.79500513332
87150.01000514562
87247.30500523624
87261.91500524984
87282.73500526923
87345.9450053281
87424.5450054013
87505.9350054771
87516.30000548676
87539.5350055084
87551.3450055194
87564.59500553174
87616.79000558035
87633.73000559612
87721.9650056783
87734.69500569016
87751.87500570616
87766.83000572008
87786.7150057386
87799.11500575015
88024.3250059599
88041.36500597576
88050.19000598398
88061.86000599485
88070.62000600301
88124.06500605278
88137.00000606483
88174.30500609957
88185.24000610976
88195.64500611945
88318.95500623429
88335.98000625015
88384.71500629553
88495.01500639826
88521.3650064228
88532.60500643327
88557.25500645622
88571.69000646967
88623.83000651823
88644.07500653708
88796.28500667884
88809.7750066914
88840.24500671978
88862.5950067406
88914.72000678914
88935.47000680846
88969.60500684025
88985.58000685513
88996.33000686514
89046.50000691187
89064.890006929
89098.9300069607
89208.57500706281
89273.4150071232
89283.21000713232
89341.26000718639
89367.73000721104
89383.43500722566
89406.62500724726
89598.85500742629
89678.30500750028
89691.03000751213
89739.03500755684
89749.36000756646
89990.75000779127
90008.715007808
90026.26000782434
90044.5800078414
90114.57500790659
90129.53000792052
90231.8350080158
90246.51500802947
90285.735008066
90304.01500808302
90319.38500809734
90340.56500811706
90371.44500814582
90386.87500816019
90497.75000826345
90521.82000828587
90582.74500834261
90669.2800084232
90711.4800084625
90724.2600084744
90732.88000848243
90810.25000855449
90826.0400085692
90864.65500860516
90891.18000862986
90916.2350086532
90931.83000866772
90952.17500868667
90970.31500870356
90996.38500872784
91025.79500875523
91054.34000878182
91099.05000882345
91251.72000896564
91302.01500901248
91312.68000902241
91320.37500902958
91716.75000939873
91774.82000945281
91883.85500955436
91934.34000960138
91948.06500961416
92028.22500968882
92037.50500969746
92048.76500970795
92097.16500975302
92129.93500978354
92140.91000979376
92154.68000980659
92188.3000098379
92240.8100098868
92260.05500990473
92272.0550099159
92451.2650100828
92463.10501009383
92599.80501022114
92610.15501023078
92630.71501024993
92647.35001026542
92661.32001027843
92747.21001035842
92874.8450104773
92919.02001051843
92929.64001052832
92938.37501053646
92951.53501054872
93039.3450106305
93104.92001069157
93474.91501103615
93485.82001104631
93497.00001105672
93627.63001117838
93682.77001122973
93871.21001140523
93884.3800114175
93917.39001144824
93931.15001146105
93941.42501147062
93957.66501148575
93973.69001150067
93989.87501151575
94008.9400115335
94024.32501154783
94068.4250115889
94294.37501179933
94308.59501181258
94339.91501184175
94408.83001190593
94421.82501191803
94438.17001193325
94468.09001196112
94482.34001197439
94706.47501218313
94737.96501221246
94797.45001226786
94805.8700122757
94816.30501228542
94835.06001230289
94866.37501233205
94882.49001234706
94893.64501235745
94917.65501237981
94948.79501240881
94977.1300124352
94990.09001244727
95004.95001246111
95049.66501250275
95061.50001251377
95078.45501252956
95203.63001264614
95215.32001265703
95223.03501266422
95266.65501270484
95306.79501274222
95331.6850127654
95395.50501282484
95405.91501283454
95415.66001284361
95657.06501306844
95691.3800131004
95719.85501312691
95735.66501314164
95751.93501315679
95769.75501317339
95786.77001318923
95798.59501320025
95808.81501320977
95826.1450132259
95845.6750132441
95879.27501327539
95913.51501330727
95932.04501332453
96010.58501339768
96023.13001340936
96095.0050134763
96188.81501356367
96200.62001357466
96512.4750138651
96534.75501388585
96554.36001390411
96571.77501392033
96582.17001393001
96591.7150139389
96653.98001399689
96675.37001401681
96691.83501403214
96734.75001407211
96747.74001408421
96812.92501414492
96939.1850142625
97025.20501434262
97167.32001447497
97179.3800144862
97402.13001469366
97417.7450147082
97428.94501471863
97441.86501473066
97456.9450147447
97482.84501476883
97493.89001477911
97548.64501483011
97560.59001484123
97600.43001487834
97611.21001488838
97685.71001495776
97709.63501498004
97717.28501498717
97800.89001506503
97865.75001512544
97904.23001516127
97937.8600151926
97976.76001522882
98017.35501526663
98032.93001528113
98044.15501529159
98096.22001534008
98131.60501537303
98152.25501539226
98162.705015402
98172.65501541126
98191.08001542842
98202.79001543933
98217.45501545299
98227.25501546211
98245.5950154792
98261.44001549395
98293.9250155242
98394.69001561805
98405.06501562771
98611.62001582008
98619.8000158277
98632.48501583951
98894.6800160837
98965.19001614937
98988.06501617067
99091.66001626715
99189.02001635783
99201.79001636972
99281.26001644373
99320.8450164806
99338.50001649704
99353.89501651138
99455.53501660604
99469.94001661945
99480.43001662922
99517.38001666364
99570.7100167133
99590.12001673138
99605.05001674528
99624.57001676346
99633.94001677219
99678.24001681345
99735.30001686659
99925.10501704336
99993.62001710717
100190.20501729025
100206.60001730552
100217.76001731592
100230.39001732768
100245.4400173417
100257.98001735337
100287.69501738105
100305.46001739759
100316.66001740802
100328.11001741869
100351.15501744015
100371.01001745864
100463.83001754509
100529.0250176058
100555.2150176302
100575.90501764946
100587.31001766009
100599.025017671
100608.49001767981
100626.03001769615
100678.64001774514
100690.7250177564
100699.88001776492
100717.16001778102
100765.27001782582
100774.75501783466
100848.49501790333
100875.49001792847
100885.96501793823
100908.41501795914
100917.68501796777
101029.51001807192
101093.46001813147
101103.71501814103
101112.97001814964
101299.105018323
101336.91501835821
101365.7900183851
101427.34501844243
101440.71501845488
101478.43001849
101498.08501850831
101512.63501852186
101531.63001853955
101546.3950185533
101606.6350186094
101660.97001866001
101736.05501872994
101750.33501874324
101869.35001885408
101879.27501886332
101899.67501888232
101929.0750189097
101937.4450189175
101949.40501892864
101964.06501894229
101996.75001897273
102015.78001899045
102025.53501899954
102050.44001902273
102067.60501903872
102259.7900192177
102296.00001925143
102338.84501929133
102350.23501930194
102447.94501939294
102462.32001940632
102485.04001942748
102505.12501944619
102555.23001949285
102723.89001964993
102736.11501966132
102761.19501968467
102773.55501969618
102792.82001971413
102808.34001972858
102820.78001974017
102866.6700197829
102885.00001979998
102894.31501980865
102917.90001983062
102968.5700198778
103034.10001993884
103053.58501995698
103065.6300199682
103110.39002000989
103129.13502002734
103152.89502004947
103292.2900201793
103314.3050201998
103347.84002023103
103404.47002028377
103424.03002030199
103506.65502037894
103532.32502040284
103717.41002057522
103746.42502060224
103765.98002062045
103777.58502063126
103793.68502064625
103902.76502074784
103915.51002075971
103930.00002077321
104095.2350209271
104103.86502093513
104114.10502094467
104317.60002113419
104327.45002114336
104340.52502115554
104399.22502121021
104441.62002124969
104458.41502126533
104502.4000213063
104589.56002138747
104601.09502139821
104623.75002141931
104702.3300214925
104711.465021501
104727.62502151605
104763.12502154912
104843.30002162379
104854.17502163391
104862.99502164213
104873.64502165205
104937.25502171129
104992.21002176247
105004.82002177421
105080.10002184432
105209.9950219653
105230.67002198455
105241.5700219947
105251.50502200396
105278.76502202934
105293.34502204292
105368.60002211301
105382.62002212607
105393.05502213578
105403.90502214589
105413.77002215508
105463.90502220177
105691.02002241329
105699.88502242154
105710.80002243171
105735.03002245427
105776.11502249254
105988.62002269045
106028.44502272754
106066.3150227628
106099.65502279386
106116.64002280968
106129.17502282135
106201.90002288908
106316.04502299539
106334.67502301274
106350.12502302713
106455.98002312571
106465.78502313484
106475.4100231438
106484.91502315266
106499.96002316667
106535.67002319993
106574.02002323564
106626.35002328438
106644.90002330166
106669.0000233241
106687.64002334146
106696.68002334988
106713.79502336582
106831.34002347529
106842.57502348576
106854.26002349664
106862.47502350429
106901.12502354028
106985.87002361921
107089.99002371618
107102.97502372827
107346.94002395548
107355.92002396384
107367.24002397439
107566.35502415983
107578.5700241712
107590.41502418224
107599.90002419107
107613.16502420342
107646.94502423488
107660.83002424781
107673.29502425942
107682.90002426837
107695.65502428025
107781.27502435999
107794.78502437257
107804.75502438186
107938.31502450624
108040.25502460118
108052.37002461246
108065.0750246243
108203.30502475303
108221.4150247699
108236.61002478405
108251.66502479807
108267.24502481258
108279.1800248237
108294.72502483818
108331.82002487272
108602.65002512495
108627.49502514809
108659.25502517767
108679.43002519646
108731.93502524536
108752.4850252645
108779.3350252895
108790.08002529951
108800.12502530887
108816.30502532393
108966.5900254639
108983.4450254796
109010.54002550483
109029.6200255226
109057.08002554817
109066.80502555723
109086.56002557563
109098.60002558684
109119.68502560648
109132.43002561835
109147.6250256325
109160.76002564473
109179.58502566227
109192.59502567438
109200.55002568179
109285.50502576091
109443.49502590805
109459.40502592287
109501.67002596223
109584.32502603921
109620.15002607257
109649.79002610018
109665.3800261147
109686.58502613445
109696.06002614327
109795.47002623585
109809.25002624869
109910.96502634342
109921.3600263531
109934.40502636525
110003.1750264293
110015.95002644119
110041.99502646545
110056.20502647868
110159.82002657518
110252.59502666158
110341.97502674483
110354.21002675622
110455.61502685066
110482.37002687558
110505.77502689738
110552.38502694078
110587.14502697316
110630.92502701393
110666.435027047
110678.11502705788
110688.93502706796
110697.69502707612
110732.6800271087
110757.55502713186
110809.40002718015
110817.87502718804
110827.56002719706
110858.44002722582
110973.08002733259
110982.66002734151
110992.56002735073
111070.4750274233
111084.80502743664
111139.5200274876
111193.26502753765
111225.1050275673
111260.8500276006
111273.49502761237
111284.09502762224
111295.71002763306
111303.73502764053
111369.92002770217
111393.05002772372
111535.86002785672
111626.10502794076
111658.6850279711
111673.08002798451
111683.10002799385
111850.30502814957
111866.07002816425
112030.70002831757
112049.1950283348
112104.86502838664
112145.93002842489
112155.2900284336
112169.59502844693
112203.8200284788
112214.17002848844
112222.78002849646
112237.39502851007
112291.08002856007
112300.41002856876
112365.72002862958
112514.62502876826
112538.19502879021
112550.39502880158
112610.0150288571
112645.0200288897
112662.81502890628
112680.81002892304
112792.91502902744
112805.12502903881
112858.25002908829
112891.1150291189
112911.47002913785
112920.17502914596
112953.9350291774
113009.74502922938
113042.28502925968
113054.60502927116
113090.4000293045
113115.82002932817
113150.12002936011
113161.34002937056
113180.77502938866
113271.89502947353
113286.8950294875
113377.26502957166
113464.05502965249
113476.15502966376
113552.0100297344
113562.77502974443
113575.12502975593
113587.73002976767
113610.9550297893
113733.27502990322
113753.77502992231
113771.61502993893
113794.12002995989
113811.7450299763
113839.57003000221
113932.760030089
114024.6750301746
114046.93503019534
114074.10503022064
114107.15503025142
114116.62503026024
114127.16003027005
114174.47003031411
114191.8500303303
114218.73003035533
114250.56503038498
114350.66503047821
114380.92503050639
114392.58003051725
114593.02003070392
114646.83503075404
114664.05503077008
114744.05003084458
114761.4700308608
114785.94003088359
114843.35003093706
114857.11503094988
114878.84003097011
114896.49503098655
114911.44003100047
114971.43003105634
115014.3300310963
115053.93003113318
115063.07503114169
115078.90503115644
115120.61503119528
115159.1800312312
115172.87503124395
115185.68003125588
115201.51503127062
115211.50503127993
115226.88503129425
115289.1050313522
115375.78003143292
115414.18503146869
115439.7550314925
115461.8750315131
115487.28003153676
115499.16503154783
115614.94003165566
115626.66503166658
115685.54503172141
115709.49503174372
115730.43503176322
115874.36003189726
115883.06003190536
115893.03003191465
115910.77003193117
115932.87003195175
115978.81003199454
116014.86003202811
116026.14003203862
116039.44503205101
116096.30003210396
116107.30503211421
116208.32003220828
116231.34003222972
116284.52003227925
116352.07503234217
116614.18503258628
116789.96503274998
116805.50003276445
116815.30003277358
116830.06503278733
116841.94003279839
116858.47503281379
116873.45503282774
116883.22003283683
116939.28003288904
116951.39003290032
117022.64503296668
117037.71503298072
117061.30003300268
117077.1050330174
117090.21003302961
117100.39003303909
117113.33503305115
117134.61003307096
117180.54503311374
117190.77503312327
117246.7450331754
117255.65003318369
117264.54003319197
117282.43003320863
117384.45003330364
117399.37503331754
117409.3100333268
117457.15503337135
117735.75503363082
117790.56503368187
117803.36003369378
117826.02503371489
117844.14003373176
117866.53003375261
117993.24503387063
118003.01503387972
118013.50003388949
118023.8150338991
118059.17003393202
118094.83003396523
118108.89503397833
118141.84503400902
118152.16503401863
118175.36503404024
118274.1100341322
118328.60503418295
118340.61503419414
118356.55503420898
118390.17003424029
118522.91503436392
118541.35003438109
118560.6950343991
118571.50503440917
118610.53003444552
118620.72003445501
118684.07503451401
118790.41503461305
118852.77503467113
118951.63003476319
118970.0000347803
118980.19003478979
118991.95503480075
119005.08503481298
119033.76003483968
119069.82003487326
119138.62003493734
119245.62003503699
119370.06003515288
119388.63503517018
119443.55003522133
119453.03003523016
119462.15003523865
119471.62003524747
119482.98003525805
119581.67503534997
119603.14003536996
119755.04503551143
119774.3400355294
119786.84503554105
119875.61003562371
119957.32003569981
119965.85503570776
120118.72503585013
120130.79503586137
120138.985035869
120148.87003587821
120201.16503592691
120236.13003595948
120247.09003596968
120265.81003598712
120277.14503599767
120345.65503606148
120475.070036182
120484.01503619034
120492.93503619864
120530.26503623341
120683.1600363758
120696.13503638789
120706.61003639764
120736.58003642556
120807.46503649157
120820.23503650347
120841.6450365234
120854.35503653524
120928.65003660443
120958.02503663179
121000.16003667103
121247.11503690103
121261.00003691396
121401.09003704443
121447.19003708736
121466.33003710519
121501.87503713829
121518.89503715414
121530.32003716478
121540.88503717462
121564.25503719639
121585.11503721582
121623.55003725161
121728.19503734907
121739.35503735946
121789.84003740648
121967.73003757215
121982.1650375856
122216.94503780425
122229.97003781638
122308.30003788933
122365.8100379429
122431.61003800418
122443.9800380157
122535.98003810138
122564.97503812838
122691.78003824648
122702.98503825691
122713.34003826656
122772.48003832164
122789.80003833777
122962.89003849897
122973.80003850913
123061.91003859119
123074.09503860254
123084.88503861259
123258.7450387745
123270.58003878553
123326.88003883796
123339.71503884991
123354.2000388634
123365.570038874
123485.58003898576
123493.30003899295
123503.89003900281
123516.92003901495
123545.98503904202
123581.56003907515
123728.90003921237
123750.97003923293
123833.49503930978
123853.86503932875
123926.9250393968
124057.04503951798
124066.76003952703
124084.26003954333
124097.1150395553
124115.055039572
124134.19503958983
124152.97003960732
124171.16503962426
124188.7000396406
124224.37503967382
124257.11503970431
124271.02003971726
124284.2650397296
124297.76503974217
124315.27503975848
124408.87003984564
124424.70003986039
124457.62003989104
124471.1050399036
124486.3450399178
124497.04503992776
124512.45003994211
124521.32003995037
124542.49003997009
124615.69004003826
124701.01004011772
124790.63004020118
124804.6100402142
124820.84504022932
124832.12004023982
124840.60004024772
124904.76004030748
124924.46004032582
124939.37004033971
124949.72004034935
124960.77504035964
125082.24504047277
125097.58504048706
125140.480040527
125151.02504053683
125161.50004054658
125189.870040573
125228.53504060901
125244.29504062369
125259.3300406377
125278.22504065529
125297.20004067296
125311.43504068622
125331.61004070501
125380.985040751
125396.08004076505
125410.85504077881
125421.98504078918
125494.9200408571
125532.09504089173
125560.31504091801
125766.24004110979
125774.67004111764
125801.94004114304
125825.98004116543
125856.15004119353
125900.49004123482
125993.36004132131
126201.17004151485
126248.59504155902
126257.64504156745
126273.87004158256
126284.57504159253
126299.92004160682
126430.41004172835
126516.09004180814
126619.4400419044
126647.16004193021
126714.62004199304
126729.0800420065
126742.50504201901
126754.31504203001
126765.5850420405
126825.77504209656
126838.87504210876
126866.41504213441
126881.38004214835
126894.99004216102
126906.49504217174
126917.21504218172
126928.31504219206
126939.28504220227
126960.43004222197
126968.7300422297
126977.4300422378
126993.65504225291
127015.14004227292
127024.09004228126
127033.43004228995
127065.73504232004
127132.1500423819
127177.22504242387
127196.98004244227
127245.010042487
127317.20504255424
127341.36504257674
127364.76504259853
127465.73004269256
127478.16004270414
127488.49504271377
127512.00504273566
127521.58504274458
127532.35004275461
127548.14504276932
127606.3150428235
127616.22504283272
127625.78504284163
127640.33504285518
127651.25504286535
127661.49004287488
127674.20004288672
127744.87504295254
127756.03504296293
127772.9600429787
127851.62004305195
127866.01004306535
127880.30004307866
127898.33504309546
128049.65004323638
128060.5200432465
128099.22504328255
128113.26504329563
128133.5200433145
128145.0200433252
128156.49004333589
128167.5650433462
128184.77004336222
128198.04504337459
128221.10504339606
128267.79004343954
128278.93004344992
128294.81504346471
128319.37004348758
128334.81004350196
128346.93504351325
128378.93004354305
128411.12004357303
128423.32004358439
128432.53004359297
128441.59504360141
128458.61504361726
128471.3250436291
128483.42504364037
128587.89504373766
128601.88504375069
128614.06504376204
128623.9000437712
128814.47004394868
128830.80504396389
128893.8500440226
128916.16004404338
128961.83504408592
128982.79504410544
128994.39004411624
129009.94004413072
129043.8450441623
129063.68004418077
129130.54004424304
129206.53504431382
129220.53504432685
129248.47504435288
129274.42004437704
129362.41004445899
129375.44504447113
129473.16004456213
129495.10004458256
129525.9550446113
129547.35504463123
129557.26004464045
129598.8650446792
129610.65504469018
129642.41004471976
129702.75004477595
129713.81004478625
129728.85004480026
129784.90004485246
129797.00504486373
129843.11004490667
130041.8900450918
130132.87504517654
130143.54504518647
130158.66504520056
130262.95004529768
130277.33504531108
130298.82004533109
130316.95004534797
130433.90004545689
130486.640045506
130511.8650455295
130600.79004561232
130609.2500456202
130619.42004562967
130630.55004564003
130674.46504568093
130706.36504571064
130727.70004573051
130738.61004574067
130749.56004575087
130786.59504578536
130836.57504583191
131060.41504604038
131120.2450460961
131130.1300461053
131145.95504612004
131175.67004614772
131192.15004616306
131208.65504617844
131221.33504619024
131368.84504632762
131465.61004641774
131479.86504643102
131496.30004644633
131531.1550464788
131571.125046516
131592.92504653631
131603.6600465463
131627.93004656892
131706.17004664178
131722.16504665668
131754.78504668706
131771.06004670222
131781.8900467123
131924.86504684546
131935.59004685545
131958.87504687713
131972.86504689016
132008.36504692322
132073.2900469837
132117.59504702495
132172.56004707614
132189.53504709195
132214.13504711486
132234.30504713365
132302.330047197
132419.49504730612
132441.76504732686
132492.10504737374
132532.58004741144
132542.4150474206
132553.24504743068
132563.6900474404
132573.15004744922
132585.42504746065
132594.5050474691
132604.30004747823
132615.36504748854
132762.3350476254
132814.85504767433
132824.99504768377
132841.26504769892
132851.52004770847
132971.83504782052
132983.49504783138
132997.7900478447
133013.93004785973
133263.99004809262
133280.76504810824
133343.5300481667
133394.05504821375
133405.86004822474
133514.10504832555
133569.11504837679
133591.21504839737
133714.1900485119
133909.43004869373
133920.27004870382
133935.3750487179
133986.37004876538
134119.30004888918
134135.05504890386
134146.8100489148
134171.25004893757
134203.95004896802
134240.93004900246
134264.5800490245
134295.71004905348
134331.710049087
134405.28004915552
134416.71504916617
134433.94004918222
134479.52504922467
134538.45504927955
134602.46004933916
134633.45004936802
134720.78004944936
134742.06504946918
134759.3850494853
134768.30504949362
134821.79004954343
134835.9200495566
134845.9300495659
134952.03004966473
134963.41004967532
134973.7000496849
134983.87004969438
134991.49004970148
135042.76504974923
135103.67504980596
135170.8350498685
135186.32004988292
135231.1850499247
135242.80004993553
135309.43004999758
135371.3950500553
135400.6000500825
135498.14505017333
135512.10505018634
135558.38005022943
135570.20505024045
135582.80005025218
135598.8150502671
135614.23505028145
135624.8150502913
135649.195050314
135661.18505032518
135677.2000503401
135731.71005039086
135757.46505041484
135859.1100505095
135871.36505052092
135883.50505053223
135896.85505054466
135937.34005058237
135971.66005061433
135980.06505062216
136027.5800506664
136052.07005068922
136077.3800507128
136110.82005074393
136293.47005091404
136326.8150509451
136388.48505100253
136406.4000510192
136445.17505105532
136501.03005110734
136521.43005112634
136534.03505113808
136609.13505120802
136623.66005122155
136638.60505123547
136656.07005125174
136670.8450512655
136697.34505129018
136753.8350513428
136783.93505137082
136799.55005138536
136813.19005139807
137011.5450515828
137112.9050516772
137185.10505174444
137203.4350517615
137212.07505176956
137243.11505179846
137335.21005188423
137345.9200518942
137371.39005191793
137425.5850519684
137439.0150519809
137545.9350520805
137576.57005210902
137595.5700521267
137610.4700521406
137629.76505215856
137641.1750521692
137655.52005218255
137712.7950522359
137739.73005226097
137856.4700523697
137868.610052381
137885.8950523971
138034.34005253535
138046.4050525466
138058.61505255796
138077.28505257535
138093.72505259066
138158.9500526514
138208.84505269787
138233.85005272116
138243.2400527299
138263.12005274842
138281.995052766
138309.2850527914
138335.7900528161
138345.18005282484
138353.99005283305
138418.33005289297
138458.49505293038
138532.05005299888
138695.09005315072
138728.42505318177
138818.6450532658
138826.76505327335
138838.91505328467
138952.8850533908
138962.52005339978
139000.4250534351
139097.33505352534
139111.30505353835
139123.41505354963
139136.9100535622
139154.7300535788
139172.63505359547
139323.9600537364
139340.705053752
139463.26505386614
139472.6650538749
139565.91505396174
139609.59505400242
139626.8450540185
139639.29505403008
139786.12505416683
139822.810054201
140224.9350545755
140438.32005477423
140485.39005481807
140559.64005488722
140569.89005489676
140580.58505490673
140589.00505491457
140603.46505492803
140699.45505501743
140717.87005503458
140773.55505508644
140798.9700551101
140835.71005514433
140853.21005516063
140861.9750551688
140930.43505523255
140941.3300552427
140952.0650552527
141003.56505530066
141058.72005535202
141077.31005536934
141120.69005540974
141137.8300554257
141186.6700554712
141225.73005550756
141242.5200555232
141255.87505553564
141267.94005554687
141277.9400555562
141292.40505556966
141390.67005566118
141407.31505567668
141457.76505572366
141503.225055766
141607.25005586288
141659.15005591122
141668.3800559198
141691.15005594102
141702.4100559515
141818.7000560598
141867.58505610534
141903.12005613843
141912.80005614745
141924.64005615847
141954.86005618662
141968.85505619965
141992.60505622177
142003.17505623162
142159.25505637698
142214.99005642888
142224.58005643782
142238.9600564512
142255.3800564665
142319.11505652586
142341.32505654654
142477.3150566732
142585.60005677404
142596.5200567842
142614.56505680102
142693.10505687416
142836.4850570077
142845.58005701617
142853.49505702354
142862.6850570321
142872.18505704094
142907.7850570741
142930.58505709533
142964.32005712675
143152.85505730234
143165.78005731438
143239.83005738334
143253.70005739626
143372.25005750667
143443.84505757334
143453.21505758207
143490.5150576168
143533.26005765662
143542.00505766476
143551.95005767402
143570.20005769102
143586.69505770638
143609.5850577277
143659.8250577745
143691.22505780373
143703.335057815
143713.5350578245
143741.63005785068
143767.91505787516
143792.7700578983
143806.36505791097
143815.02005791903
144112.91505819646
144132.75505821494
144167.15005824697
144399.73005846358
144412.6200584756
144531.55505858635
144713.3750587557
144737.10005877778
144999.70505902235
145092.07005910837
145102.1950591178
145121.15505913546
145136.6600591499
145152.1350591643
145239.22005924542
145251.09005925647
145262.70005926728
145278.505059282
145337.42005933687
145393.96005938953
145442.8750594351
145571.66005955503
145632.97505961213
145646.5700596248
145681.78005965758
145785.7250597544
145799.99505976768
145819.5700597859
146063.04506001266
146090.83506003855
146124.84006007022
146133.75506007852
146154.38006009773
146270.66006020602
146323.82506025553
146409.00006033486
146420.4400603455
146481.44506040233
146490.69506041094
146575.58506049
146585.85006049956
146662.08506057056
146677.73506058514
146693.40006059973
146703.30006060895
146723.40006062767
146783.07506068324
146793.41006069287
146805.84506070445
147018.8100609028
147039.8600609224
147060.09506094124
147179.07506105205
147190.11506106233
147244.8350611133
147255.6800611234
147293.46006115858
147305.42006116972
147358.03506121872
147459.6000613133
147472.20506132505
147552.84006140014
147573.3950614193
147590.4750614352
147696.96006153437
147711.595061548
147721.24006155698
147731.43006156647
147821.7700616506
147859.785061686
147901.95506172528
147911.5300617342
147929.84006175125
147948.06506176823
147975.78006179404
147984.95006180258
148026.60506184137
148039.98006185383
148050.62006186374
148088.11006189865
148095.7750619058
148192.76006199612
148241.46006204147
148271.50506206945
148279.96506207733
148293.62006209005
148723.08006249001
148735.16006250127
148754.82506251958
148784.51506254723
148798.41006256017
148898.56506265345
148919.95006267336
148934.61506268702
148962.8250627133
148983.59006273263
149099.7350628408
149156.4300628936
149172.50506290857
149187.20506292226
149196.9000629313
149207.08506294078
149254.69506298512
149467.11006318295
149477.74006319285
149603.7600633102
149731.295063429
149745.44506344217
149757.68006345356
149801.03506349394
149820.94506351248
149830.2000635211
149851.7900635412
149948.13006363093
149966.3550636479
149988.06506366812
