40.105000000002065
77.87500000000166
110.79999999997172
136.79999999994808
167.09499999992053
360.38499999974476
402.989999999706
432.9349999996788
712.8649999994242
740.2299999993993
765.2449999993765
809.5099999993363
1063.0849999999944
1103.9550000008865
1139.300000001658
1355.8800000063854
1384.765000007016
1416.2100000077023
1443.1100000082895
1742.5150000148249
1763.4800000152825
1789.570000015852
1819.2400000164996
2068.48500002194
2096.8750000225596
2123.560000023142
2164.23000002403
2212.6800000250873
2377.825000028692
2402.415000029229
2431.3550000298605
2457.530000030432
2504.9400000314668
2770.990000037274
2801.2950000379356
2855.4400000391174
3068.860000043776
3137.435000045273
3193.700000046501
3414.4500000513194
3438.625000051847
3463.3800000523875
3494.420000053065
3755.1550000587563
3777.230000059238
3799.0500000597144
3819.230000060155
3869.070000061243
4079.3900000658336
4102.885000066346
4137.650000067105
4440.850000073723
4470.175000074363
4499.665000075007
4732.885000080098
4790.360000081352
4850.540000082666
4885.720000083434
5085.9600000878045
5104.635000088212
5143.995000089071
5189.840000090072
5434.985000095423
5467.4900000961325
5501.490000096875
5735.490000101982
5774.720000102839
5815.7150001037335
5863.265000104771
6085.480000109622
6121.030000110398
6140.920000110832
6185.360000111802
6421.620000116959
6446.725000117507
6484.110000118323
6520.130000119109
6773.180000124633
6812.160000125484
7108.425000131951
7140.250000132645
7167.04000013323
7199.470000133938
7436.390000139109
7471.0750001398665
7504.600000140598
7744.540000145836
7776.36500014653
7805.720000147171
7832.135000147748
7869.260000148558
8136.075000154382
8163.7250001549855
8242.315000147548
8423.960000118472
8449.59000011437
8490.930000107752
8519.815000103128
8755.895000065339
8797.235000058721
8821.150000054893
8849.930000050286
8892.060000043542
9076.085000014085
9137.78000000421
9173.209999998538
9197.384999994669
9440.794999955706
9471.489999950792
9515.219999943793
9548.694999938434
9770.444999902938
9804.97999989741
9839.369999891906
9910.884999880458
10121.34499984677
10150.76999984206
10182.44499983699
10238.889999827954
10471.49499979072
10522.004999782635
10562.759999776112
10765.219999743704
10809.28999973665
10834.40499973263
10889.079999723877
11135.854999684376
11202.554999673699
11465.12499963167
11489.519999627764
11524.974999622089
11554.754999617322
11785.15999958044
11828.08499957357
11856.329999569049
11913.529999559893
12154.99999952124
12179.774999517274
12482.594999468802
12523.58999946224
12553.679999457423
12818.109999415095
12850.279999409946
12877.61999940557
13132.494999364772
13170.999999358608
13229.624999349224
13489.119999307686
13539.174999299674
13564.669999295593
13786.604999260067
13845.774999250596
13897.714999242282
14109.57499920837
14139.784999203534
14182.429999196707
14227.404999189508
14459.304999152388
14493.08999914698
14522.999999142192
14560.574999136177
14796.944999098341
14829.55999909312
14858.909999088422
14904.199999081173
15152.48499904143
15187.444999035833
15217.984999030945
15245.914999026474
15524.959998981807
15560.869998976059
15611.069998968023
15815.474998935304
15840.249998931338
15873.459998926022
16168.629998878774
16204.999998872952
16268.269998862825
16492.474998866397
16523.06999887263
16545.30999887716
16579.75999888418
16837.529998936694
16861.17499894151
16891.234998947635
17118.41999899392
17163.964999003198
17207.354999012037
17244.81499901967
17275.814999025984
17490.09499906964
17545.734999080974
17586.40999908926
17841.564999141243
17866.649999146353
17896.209999152376
18205.974999215483
18495.85499927454
18523.479999280167
18552.039999285986
18577.069999291085
18836.3149993439
18858.959999348514
18880.869999352977
18904.604999357813
18953.309999367735
19151.424999408096
19196.584999417297
19230.07999942412
19256.86999942958
19505.134999480157
19537.69999948679
19575.264999494444
19603.874999500273
19830.87999954652
19868.53499955419
19914.554999563567
20179.174999617477
20235.859999629025
20527.539999688448
20553.139999693663
20580.56999969925
20616.704999706613
20848.089999753753
20874.349999759103
20913.199999767017
21196.57499982475
21232.02499983197
21255.199999836692
21286.764999843122
21553.319999897427
21577.019999902255
21623.399999911704
21847.444999957348
21897.599999967566
21933.1149999748
21967.154999981736
22221.19000003349
22250.530000039467
22289.495000047405
22530.070000096417
22560.27000010257
22590.75000010878
22615.84500011389
22666.210000124152
22846.185000160818
22880.150000167738
22950.965000182165
23189.665000230794
23225.200000238034
23246.810000242436
23272.05500024758
23318.610000257064
23548.80000030396
23577.72000030985
23622.000000318872
23892.235000373927
23919.29000037944
23956.26500038697
24202.72500043718
24226.28000044198
24252.745000447372
24279.19500045276
24533.680000504606
24572.300000512474
24619.140000522017
24889.090000577013
24912.48500058178
24934.055000586173
24973.10500059413
24994.27000059844
25225.195000645486
25256.72000065191
25286.66000065801
25323.705000665555
25552.51000071217
25580.29000071783
25618.655000725645
25662.81500073464
25916.865000786398
25949.95500079314
25992.340000801774
26212.52000084663
26245.580000853366
26276.03500085957
26318.215000868164
26551.0600009156
26585.4150009226
26634.720000932644
26894.615000985592
26921.11000099099
26941.695000995183
26975.825001002137
27244.570001056887
27275.85000106326
27352.730001078922
27575.550001124317
27600.370001129373
27625.910001134576
27650.010001139486
27689.995001147632
27888.20000118801
27912.865001193037
27958.57500120235
28209.225001253413
28244.0050012605
28274.335001266678
28576.035001328142
28613.82500133584
28643.61500134191
28897.425001393618
28965.51500140749
28996.770001413857
29218.295001458988
29256.505001466772
29277.520001471054
29314.26000147854
29347.670001485345
29595.28500153579
29620.45500154092
29647.46000154642
29916.830001601298
29959.20500160993
30013.755001621044
30229.400001664977
30259.880001671187
30290.63000167745
30318.535001683136
30560.580001732447
30596.955001739858
30623.03500174517
30655.350001751754
30880.560001797636
30923.105001806303
30946.99000181117
30978.860001817662
31049.690001832092
31276.390001878277
31302.23000188354
31342.395001891724
31410.930001905686
31579.785001940087
31601.59000194453
31626.555001949615
31654.80000195537
31728.520001970388
31928.235002011075
31986.630002022972
32032.585002032334
32268.590002080415
32302.570002087337
32335.850002094117
32620.390002152086
32650.020002158122
32698.075002167912
32994.42500206354
33028.0950020459
33080.69500201834
33277.230001915384
33309.60000189843
33345.57500187958
33618.210001736756
33648.18500172105
33676.55500170619
33941.405001567444
33967.285001553886
33992.76000154054
34026.770001522724
34053.760001508585
34280.63500138973
34316.98500137069
34340.33500135846
34372.825001341436
34597.11500122394
34622.01500121089
34647.7750011974
34719.29500115993
34942.570001042965
34970.51000102833
34998.03500101391
35032.800000995696
35078.53000097174
35298.28000085662
35332.74000083857
35356.10000082633
35393.35500080681
35601.73000069765
35642.590000676246
35677.34500065804
35706.42000064281
35977.92000050058
36036.45500046991
36091.76500044094
36321.350000320665
36341.28500031022
36362.47000029912
36392.6700002833
36632.075000157885
36684.130000130615
36943.87999999454
36973.169999979196
37001.68499996426
37029.98499994943
37281.724999817554
37310.47499980249
37340.974999786515
37373.55499976945
37643.89999962782
37677.239999610356
37704.669999595986
37738.75499957813
37937.1449994742
37981.744999450835
38015.629999433084
38054.67499941263
38327.91499926949
38359.05999925317
38383.72499924025
38665.86999909244
38707.66499907055
38759.37499904346
38981.04999892733
39008.53999891293
39035.60499889875
39071.36499888002
39294.56999876309
39315.78499875197
39343.019998737705
39411.644998701755
39657.9999985727
39694.86999855338
39724.97999853761
39788.379998504395
39975.45499840639
40017.289998384476
40052.07999836625
40084.749998349136
40288.984998242144
40350.19499821008
40380.36499819427
40664.17499804559
40688.98999803259
40712.62999802021
40815.5299979663
40953.83499789385
41001.269997869
41033.13499785231
41076.029997829835
41336.344997693464
41371.44499767508
41427.08499764593
41669.39499751899
41710.58999749741
41739.12999748246
42022.93999733378
42050.034997319584
42092.32999729743
42150.27499726707
42341.08499716711
42367.95999715303
42394.744997139
42436.03999711737
42650.319997005114
42680.29499698941
42713.06499697224
42762.159996946524
42965.86999683981
42995.90999682407
43038.21499680191
43066.35999678716
43099.82499676963
43337.86999664493
43364.18499663114
43395.71999661462
43635.164996489184
43681.569996464874
43705.009996452594
43750.55999642873
44001.50499629727
44042.17999627596
44069.9749962614
44106.58999624222
44343.36999611818
44378.16999609995
44442.32499606634
44670.15999594698
44702.97499592979
44742.899995908876
45013.39499576717
45033.91999575642
45066.954995739114
45367.124995581864
45389.664995570056
45415.46999555654
45440.17999554359
45464.28999553096
45678.2049954189
45727.09499539329
45774.229995368594
46049.49999522439
46071.879995212665
46107.669995193915
46384.12999504909
46410.00499503553
46478.619994999586
46673.554994897466
46709.23999487877
46731.60999486705
46798.07999483223
46996.98999472803
47032.579994709384
47058.35499469588
47083.61499468265
47145.56999465019
47371.514994531826
47403.374994515136
47462.804994484
47538.30999444445
47683.07499436861
47712.38999435325
47753.62999433165
47801.61499430651
48060.05999417112
48109.124994145415
48143.104994127614
48369.93999400878
48408.969993988336
48452.92999396531
48685.049993843706
48710.92999383015
48739.93499381495
48766.51499380103
48798.92499378405
49058.61499364801
49090.03499363155
49144.41499360306
49394.80499347189
49418.88999345927
49454.9149934404
49721.02999330099
49747.47999328713
49775.38999327251
49799.0849932601
50025.92499314126
50069.444993118464
50105.37999309964
50144.70499307904
50178.669993061245
50357.609992967504
50402.78499294384
50438.199992925285
50528.414992878024
50738.61499276791
50765.97999275357
50793.689992739055
50841.964992713765
51043.32999260828
51080.98499258855
51103.07499257698
51132.649992561484
51171.3699925412
51382.05499243083
51413.00999241461
51441.0999923999
51470.88999238429
51712.13499225791
51739.14499224376
52095.03999205732
52136.89999203539
52400.104991897504
52419.914991887126
52445.209991873875
52473.004991859314
52521.299991834014
52729.90999172473
52753.48999171238
52797.359991689395
52846.739991663526
53074.36499154428
53103.39499152907
53135.84999151207
53389.569991379154
53443.109991351106
53493.484991324716
53733.20999119913
53775.234991177116
53801.92999116313
53821.509991152874
54083.56999101559
54113.7099909998
54166.06999097237
54421.09499083877
54463.269990816676
54536.344990778394
54794.789990643
54861.56999060802
55073.96499049675
55099.174990483545
55128.16499046836
55152.54999045558
55402.514990324635
55433.26999030852
55469.75999028941
55493.854990276785
55751.514990141804
55777.33499012828
55807.59999011242
55837.76499009662
55864.37999008268
56085.3899899669
56113.17998995234
56141.91998993728
56162.71998992639
56407.75998979802
56444.35498977885
56478.9899897607
56725.95998963132
56775.0649896056
56807.41498958865
56840.104989571526
57092.479989439315
57129.65498941984
57159.14998940439
57397.059989279755
57424.56998926534
57450.16998925193
57477.88498923741
57503.764989223855
57543.7599892029
57793.67998907198
57835.319989050164
58128.14498889676
58182.29998886839
58442.37498873215
58474.44998871534
58504.34998869968
58546.164988677774
58775.99498855737
58808.54498854032
58839.30498852421
58876.76998850458
59121.0649883766
59156.11498835824
59183.85498834371
59453.10498820266
59505.26498817533
59536.734988158845
59798.539988021694
59832.319988004
59876.57498798081
60113.84998785651
60138.47498784361
60166.04498782917
60233.41998779387
60294.14498776206
60449.024987680925
60477.86498766582
60500.714987653846
60553.459987626215
60782.87998750603
60806.079987493875
60840.94998747561
61090.05498734511
61118.27998733032
61145.85498731588
61185.52998729509
61214.709987279806
61472.58498714471
61494.79498713308
61532.29498711343
61571.00998709315
61799.359986973526
61824.14498696054
61854.13498694483
61891.504986925254
61924.31998690806
62138.14498679605
62165.16498678189
62221.644986752304
62456.91998662905
62489.04498661222
62520.94498659551
62549.7849865804
62581.77998656364
62772.19498646389
62801.46998644855
62830.31998643344
62867.909986413746
62915.024986389064
63143.8249862692
63165.924986257625
63197.954986240846
63453.14498610716
63476.669986094836
63517.34498607353
63562.78498604972
63593.209986033784
63816.679985916715
63853.1699858976
63895.75998587529
64113.57998576118
64145.31998574455
64176.389985728274
64225.06998570277
64473.904985572415
64499.73998555888
64535.659985540064
64575.33498551928
64616.66498549763
64797.89498540269
64830.254985385734
64863.314985368415
64918.709985339396
65150.964985217724
65176.294985204455
65208.439985187615
65237.854985172205
65480.25998504522
65502.2449850337
65527.15998502065
65569.67498504737
65824.52498528472
65852.30498531059
65870.63998532767
65897.93498535309
65923.13498537656
66134.9249855738
66179.17498561501
66210.9449856446
66245.58498567686
66474.56498589012
66520.63498593302
66557.2199859671
66592.64498600009
66801.33498619444
66838.07998622867
66895.85998628248
66933.66998631769
67153.11998652207
67197.80498656369
67252.44498661457
67531.58498687454
67561.50498690241
67594.28498693294
67840.6749871624
67878.58998719772
67902.46998721996
67938.32498725335
68187.34498748527
68220.95998751657
68253.44998754683
68487.22998776456
68529.72998780414
68556.03498782864
68594.37998786435
68647.73498791404
68812.01498806704
68849.56998810201
68876.57998812717
68942.1199881882
69195.11498842383
69248.37498847343
69285.84498850832
69527.07498873299
69560.89998876449
69592.99998879438
69844.66998902877
69889.60498907062
69912.78498909221
69942.15998911957
70175.01998933643
70201.64998936123
70242.03998939885
70528.70998966583
70565.62998970022
70596.18998972868
70640.46998976992
70835.45498995151
70879.07498999214
70913.1799900239
70933.95999004325
71165.41499025881
71194.37499028578
71228.28499031736
71255.24999034248
71281.63999036705
71513.02999058255
71543.53999061097
71581.51499064633
71627.4299906891
71889.56499093323
71925.26499096648
72000.40999103646
72219.83999124082
72266.06499128387
72526.49999152642
72838.42499181692
72915.4999918887
72964.08999193396
73203.97499215737
73230.48999218206
73273.08999222174
73308.18499225442
73349.25499229267
73528.62999245973
73569.97999249824
73876.43999278365
73903.89999280922
73952.35499285435
73989.27999288874
74204.56999308924
74247.65499312937
74289.33499316819
74545.92499340716
74579.09499343805
74613.10499346972
74665.11499351816
74858.94999369868
74909.13499374542
74941.30499377538
75024.01499385241
75170.0249939884
75206.00999402191
75231.46499404561
75259.50499407173
75302.99499411223
75543.56999433629
75583.08999437309
75615.3049944031
75656.37499444134
75891.98499466077
75943.67499470891
75978.50499474135
76034.59999479359
76239.30999498424
76276.80499501916
76300.31499504106
76326.03999506502
76556.88999528001
76586.73999530781
76620.55999533931
76653.77999537025
76886.23499558674
76925.50999562332
76957.79499565338
76984.61999567837
77225.18999590242
77258.92999593384
77292.22999596485
77369.88999603718
77563.75499621773
77590.10999624227
77614.74999626522
77648.64499629679
77913.95999654388
77950.3749965778
78240.74999684823
78285.50999688992
78315.51999691786
78353.70999695343
78570.55499715538
78607.78999719006
78641.18499722116
78671.6099972495
78905.85499746766
78938.59999749815
78966.09999752376
79024.50999757816
79235.71499777486
79259.28499779681
79282.98999781889
79311.86499784578
79343.21499787498
79587.34499810234
79610.51499812392
79642.65499815386
79668.43999817787
79962.76999845199
79984.43499847216
80060.11499854265
80239.35499870958
80270.10499873821
80295.22499876161
80322.8149987873
80353.47499881586
80589.72999903589
80615.52499905991
80648.899999091
80683.11999912286
80946.12999936781
80972.92499939277
81019.8899994365
81063.01499947667
81232.62499963463
81267.04499966669
81292.37499969028
81333.37499972846
81599.71499997651
81642.18500001606
81689.34500005998
81931.20000028523
81965.79000031744
82000.17000034946
82044.09000039037
82319.67500064702
82366.93000069103
82596.28500090464
82633.57000093936
82663.29500096705
82937.5800012225
82983.9700012657
83018.31000129768
83271.8350015338
83310.43000156974
83339.72500159702
83364.76500162034
83590.66000183072
83617.43000185565
83642.7150018792
83663.95500189898
83699.36500193196
83932.89000214945
83960.36000217503
83988.8850022016
84020.16500223073
84273.68000246683
84309.38500250009
84339.80000252841
84388.48500257375
84640.67500280862
84664.22000283055
84719.465002882
84918.49500306736
84953.7500031002
84986.33000313054
85099.49000323593
85266.17000339116
85318.32500343974
85355.50000347436
85603.48500370531
85657.08000375523
85691.53000378731
85737.73500383034
85941.93000402051
85979.13500405516
86008.18000408221
86075.605004145
86307.34000436083
86330.76000438264
86370.3450044195
86633.41500466451
86672.1700047006
86734.89500475902
86968.56500497664
86996.85500500299
87025.01000502921
87055.89000505797
87094.99500509439
87261.05500524904
87298.00000528345
87326.55000531004
87348.48500533047
87391.31500537036
87445.18000542052
87629.65000559232
87651.98000561312
87702.32000566
87755.35000570939
87954.44000589481
87986.48500592465
88008.14500594483
88033.33000596828
88061.5850059946
88341.67500625545
88380.16000629129
88425.49500633351
88600.58500649658
88628.80500652286
88675.84000656666
88711.92000660027
88978.61000684864
89000.99500686949
89025.65000689245
89048.21000691346
89326.2400071724
89357.32500720135
89401.78500724275
89631.57000745676
89671.18000749365
89699.11000751966
89739.68000755744
89768.93000758468
89975.02500777662
90014.34000781324
90041.91500783892
90308.16000808688
90344.22500812047
90376.92000815092
90427.6950081982
90689.70000844222
90752.27000850049
90992.89000872459
91014.2750087445
91071.58000879787
91329.0950090377
91375.10500908055
91417.84500912036
91660.87000934669
91690.8350093746
91713.69000939588
91757.45000943664
92032.75500969304
92081.50500973844
92323.18000996351
92365.86501000327
92395.89501003124
92430.27001006325
92691.53001030657
92718.02501033124
92751.43001036235
92983.34001057834
93021.91001061426
93082.44001067063
93361.42001093045
93397.67501096422
93672.18501121987
93704.84001125029
93729.92501127365
93844.21001138008
93999.61001152481
94024.23501154775
94052.27001157386
94347.47001184878
94378.07501187728
94405.76501190307
94456.55501195038
94674.08501215297
94700.38001217745
94724.31501219975
94754.7650122281
94777.16501224897
95022.32001247728
95069.88001252158
95109.50001255848
95340.67501277378
95376.00001280667
95411.49501283973
95484.92001290811
95662.46501307347
95689.5550130987
95727.84001313435
95753.67001315841
95788.79501319112
95828.56501322816
96035.88501342124
96063.540013447
96096.25001347746
96397.78001375828
96423.95501378266
96443.57001380093
96475.14501383033
96710.20501404925
96737.47001407464
96772.38501410716
97049.54001436528
97080.42501439404
97114.67501442594
97146.2050144553
97356.59001465124
97404.63501469599
97455.17001474305
97709.17001497961
97752.04001501953
97778.34001504403
97804.31501506822
98040.61001528829
98068.93501531467
98096.43501534028
98180.78001541883
98342.10001556907
98390.63001561427
98417.59001563938
98445.81001566566
98495.19001571165
98702.53501590475
98738.74001593847
98768.99001596664
98802.03501599742
99084.99001626094
99112.6500162867
99137.3500163097
99372.22501652845
99406.17001656006
99438.78001659043
99490.12001663825
99686.89501682151
99727.98001685977
99753.91001688392
100022.3200171339
100049.57001715928
100071.41501717962
100098.60001720494
100176.84501727781
100379.58001746662
100425.4000175093
100458.27001753991
100493.9050175731
100754.53501781583
100798.01001785632
101055.53501809615
101086.1900181247
101121.35001815745
101156.43001819012
101398.61001841567
101425.74501844094
101450.23001846374
101490.39001850114
101722.24501871708
101762.4250187545
101811.4950188002
101869.93001885462
102036.58001900982
102072.50001904328
102119.445019087
102148.77501911431
102400.42001934868
102429.82001937606
102486.2400194286
102524.66501946439
102768.38501969137
102815.57001973531
103069.01001997135
103094.56001999514
103116.6300200157
103133.75002003164
103167.50002006307
103408.93502028793
103435.20002031239
103473.0050203476
103508.91502038104
103745.8400206017
103771.69002062577
103806.7300206584
103852.32002070086
104073.67002090701
104102.7550209341
104138.05002096697
104181.08502100705
104385.22502119717
104441.53002124961
104469.34502127551
104517.61002132046
104757.57502154395
104786.93002157129
104817.63002159988
104837.89002161875
105101.34502186411
105130.89502189163
105189.5950219463
105424.46002216503
105449.52502218838
105474.94002221205
105513.23502224771
105737.73002245679
105768.29502248525
105801.2000225159
105846.92502255848
106082.90002277825
106118.53502281144
106147.5950228385
106416.32002308877
106444.09502311464
106479.52002314763
106556.8950232197
106767.71002341603
106804.62502345041
106837.92502348142
106890.73502353061
107105.39002373052
107127.61502375122
107153.26502377511
107184.13502380386
107481.32502408064
107512.78502410994
107741.79502432322
107772.99002435227
107805.00502438209
107854.44502442813
108097.3950246544
108133.75502468826
108157.30002471019
108189.01502473973
108426.87002496124
108458.37502499059
108498.8750250283
108540.55002506712
108762.85002527415
108795.0050253041
108823.4650253306
108846.93502535246
108887.1400253899
109139.48002562491
109186.58002566878
109438.6150259035
109466.38502592937
109521.70502598089
109563.39002601971
109758.08502620104
109790.07502623083
109836.5450262741
109862.21502629801
110122.43002654036
110144.90502656129
110216.91002662835
110412.97502681095
110474.03002686781
110505.46002689708
110766.71002714039
110808.63002717943
110841.04502720962
110899.0100272636
111125.33502747439
111158.35002750513
111189.76002753439
111443.80002777098
111483.27002780774
111516.18002783839
111554.85502787441
111778.41502808261
111815.5550281172
111867.02002816513
112132.10502841201
112154.51502843288
112179.50002845615
112211.82502848626
112457.30002871488
112486.69502874225
112514.43002876808
112548.72002880002
112793.68002902815
112819.05002905178
112843.65002907469
112868.58502909791
112914.88002914103
113113.85502932634
113158.67502936808
113182.4200293902
113219.87502942508
113459.08002964786
113503.44002968917
113539.0200297223
113807.53002997237
113831.16002999438
113861.68503002281
113890.83503004996
114136.2300302785
114159.76503030042
114181.66503032082
114242.8550303778
114496.81503061432
114520.53503063641
114551.70503066544
114611.28003072093
114790.76003088808
114829.02003092371
114858.38003095106
114887.8500309785
114918.10503100668
115155.2150312275
115176.53003124736
115211.45503127988
115264.57503132935
115528.32003157499
115555.77503160055
115604.33003164578
115823.75003185013
115873.56003189652
115907.9050319285
115936.23503195489
116155.63003215921
116183.95003218559
116218.36003221764
116273.33003226883
116486.30503246718
116521.38003249984
116539.14003251638
116567.49003254279
116614.5400325866
116851.33503280714
116876.44503283052
116915.56003286695
116970.06503291772
117174.88503310847
117205.35003313684
117269.39003319648
117496.3950334079
117531.54503344063
117559.19503346639
117649.16503355018
117814.06503370375
117860.20003374672
117883.23003376817
117943.28003382409
118173.37003403838
118202.88503406587
118230.10003409121
118271.39503412967
118514.85003435641
118550.10503438924
118576.67003441398
118607.56503444276
118857.34003467538
118879.56003469607
118908.7950347233
118941.72003475396
119176.2600349724
119204.19503499841
119234.33003502648
119274.17003506358
119523.39003529568
119556.42003532645
119582.12003535038
119618.89003538463
119850.2500356001
119877.16003562516
119901.685035648
119936.52503568045
120191.51503591792
120223.46003594768
120257.92503597977
120536.62503623933
120595.48503629415
120866.5500365466
120901.47003657912
120940.67003661563
121185.80503684393
121212.42003686872
121252.65503690619
121319.55003696849
121530.51503716497
121555.55003718828
121580.53003721155
121606.64503723587
121886.62003749661
121919.71003752743
121973.45503757749
122171.16503776162
122221.32003780833
122257.92003784241
122308.90003788989
122528.77503809467
122572.05003813497
122593.18003815465
122619.74503817939
122864.31503840716
122895.9300384366
122920.56503845955
122946.29503848351
122987.26503852167
123209.39003872854
123245.320038762
123271.99503878684
123537.33503903396
123574.69003906875
123613.23003910464
123637.1200391269
123667.59503915528
123865.16003933927
123895.43003936746
124003.78503946838
124208.96503965947
124240.19503968855
124309.74003975332
124544.58503997204
124580.58504000556
124603.99504002737
124629.72004005132
124856.10004026216
124902.68504030554
124924.99504032632
124965.18504036375
125189.16504057235
125216.52004059782
125242.85504062235
125270.24504064786
125570.92004092789
125591.43504094699
125620.12504097371
125694.96504104341
125862.30504119926
125920.02004125301
125948.72004127974
126005.34504133248
126232.3650415439
126261.15004157071
126292.39504159981
126333.5000416381
126544.13504183426
126577.07504186494
126614.25004189956
126645.29004192847
126686.30504196667
126897.82004216366
126918.33004218276
126952.37504221447
127238.51504248095
127276.52004251635
127315.72504255286
127567.5600427874
127601.62004281912
127646.89004286128
127705.23504291562
127895.71504309302
127936.31504313083
128019.55004320835
128271.67004344316
128293.91504346387
128324.6500434925
128566.29504371755
128597.36504374648
128629.75504377665
128657.90004380286
128891.71504402062
128941.3050440668
128967.25504409097
129000.1450441216
129032.23004415148
129228.76504433452
129262.16004436562
129295.26004439645
129321.46504442085
129576.87504465872
129605.89504468575
129639.445044717
129659.87504473602
129694.37504476815
129896.26004495617
129920.54504497879
129942.58504499932
129972.40504502709
130002.32004505495
130240.49504527677
130271.14504530531
130292.76004532544
130323.69504535425
130413.95504543831
130618.73504562903
130643.24004565185
130687.49504569307
130934.62004592322
130964.51504595106
131005.60504598933
131275.825046241
131307.1950462702
131334.64504629577
131359.17504631862
131570.28504651523
131620.9450465624
131649.0750465886
131686.60504662356
131733.92004666763
131942.67004686204
131968.90504688647
132004.98004692007
132034.0150469471
132245.5300471441
132288.4750471841
132313.4950472074
132561.81504743866
132594.63004746923
132629.7200475019
132662.1550475321
132693.63004756143
132936.46004778758
132965.02004781418
132998.59004784544
133043.94004788768
133256.0250480852
133289.02004811593
133315.7350481408
133349.26504817203
133425.94504824345
133560.02504836832
133586.55004839302
133618.26504842256
133650.6350484527
133686.55004848615
133911.09504869528
133945.11504872696
134001.82004877977
134274.23004903347
134298.88004905643
134322.5900490785
134352.71004910656
134594.9700493322
134623.4500493587
134662.3200493949
134719.40504944808
134960.72004967282
135010.65004971932
135278.81004996906
135306.18004999455
135330.0700500168
135371.16005005507
135423.55505010387
135641.2500503066
135668.0750503316
135703.38005036447
135958.70005060226
135987.26005062886
136016.395050656
136269.75005089195
136305.4650509252
136337.1350509547
136369.49005098484
136426.09005103755
136640.39505123714
136683.01505127683
136708.1200513002
136947.0000515227
136990.10505156283
137015.9600515869
137311.14005186182
137344.21505189262
137378.31505192438
137655.40005218243
137683.7050522088
137944.16005245136
137974.02005247917
138019.08005252114
138098.0600525947
138319.42505280086
138356.00005283492
138382.46005285956
138624.81005308527
138655.4500531138
138687.57005314372
138727.62005318102
138763.06005321402
138981.16005341714
139009.1500534432
139056.41005348723
139323.50505373598
139344.7800537558
139375.99005378486
139663.92505405302
139697.78505408455
139977.6500543452
140008.85005437426
140038.05005440145
140077.56505443825
140322.84005466668
140358.21005469962
140387.26505472668
140429.6950547662
140624.49005494762
140649.3700549708
140680.26005499955
140722.7150550391
140762.96505507658
141016.44005531265
141058.35505535168
141089.5050553807
141342.85005561664
141386.11005565693
141446.13505571283
141684.1550559345
141714.0050559623
141753.7200559993
141785.43005602882
142000.94505622954
142026.2550562531
142056.22505628102
142092.30505631462
142340.3250565456
142377.94505658065
142411.80005661218
142438.9750566375
142660.85005684412
142697.48505687824
142738.94005691685
143002.5050571623
143025.95005718415
143048.37505720503
143087.24505724123
143113.36505726556
143368.58005750325
143391.1950575243
143441.17005757085
143689.54005780217
143732.71005784237
143779.43005788588
144012.70505810314
144063.6750581506
144088.1500581734
144322.6500583918
144353.42005842045
144374.42005844
144403.79005846736
144433.38005849492
144719.2850587612
144757.81005879707
145003.35005902575
145036.83505905693
145061.87505908025
145106.14005912148
145143.9750591567
145340.0150593393
145364.2950593619
145414.74005940888
145662.01505963918
145692.92005966796
145717.35505969072
145745.75005971716
145786.88005975547
146021.58505997405
146051.12506000156
146082.5250600308
146113.74506005988
146364.3700602933
146395.14506032196
146423.100060348
146660.98506056954
146701.39006060717
146741.41506064445
146770.3600606714
147042.07506092446
147100.2000609786
147148.6500610237
147330.57506119314
147389.29006124783
147417.54506127414
147465.01006131835
147678.5350615172
147740.24006157467
147772.57006160478
147809.98506163963
148035.06506184925
148067.18506187917
148104.33006191376
148358.70006215066
148396.655062186
148424.565062212
148452.1550622377
148508.67506229033
148722.03006248904
148753.09506251797
148789.46506255184
149050.91506279533
149094.62506283604
149124.17506286356
149348.67006307264
149373.15006309544
149402.3150631226
149428.05506314657
149506.81006321992
149736.98006343428
149792.22506348573
150032.20506370923
150085.23506375862
150145.16006381443
150369.7450640236
150406.3700640577
150450.80506409908
150730.81506435986
150760.7100643877
150822.60506444535
151054.2800646611
151089.65506469406
151127.89506472967
151351.85506493825
151397.25006498053
151438.75006501918
151468.26006504666
151506.04006508185
151711.22506527294
151738.27506529813
151758.15006531664
151796.7600653526
151840.00506539288
152092.22006562777
152125.92506565916
152367.0100658837
152390.08006590517
152424.06006593682
152475.33506598457
152502.46506600984
152742.10506623302
152779.17506626755
152849.6800663332
153082.44006654999
153109.15006657486
153161.01006662316
153398.91506684473
153420.33006686467
153443.74006688647
153486.54506692634
153755.3600671767
153781.01006720058
153801.28506721946
153852.15006726683
154042.4900674441
154088.74506748718
154123.10006751918
154161.1250675546
154425.95006780123
154448.29506782204
154498.9500678692
154557.31006792356
154753.13506810594
154783.4900681342
154807.7350681568
154842.36006818904
155102.00506843085
155176.27506850002
155435.58006874152
155457.570068762
155536.87006883585
155744.84506902954
155788.9200690706
155827.18506910623
155862.5900691392
156107.185069367
156137.18006939493
156171.15506942658
156197.98506945156
156236.38506948733
156422.91506966104
156455.38006969128
156486.1200697199
156532.89506976347
156752.90006996837
156791.6900700045
156819.66507003055
157098.9000702906
157125.37007031526
157155.14007034298
157184.9000703707
157424.16507059353
157447.91507061565
157480.56507064606
157507.90507067152
157576.74507073563
157763.8500709099
157803.76507094706
157827.51007096918
157861.5650710009
157907.22507104342
158095.8750712191
158129.23507125018
158151.85007127124
158202.36007131828
158427.20007152768
158459.45007155772
158482.35007157904
158506.62007160165
158741.66007182054
158779.80507185607
158813.5450718875
158847.5950719192
158895.8950719642
159126.550072179
159155.27007220575
159180.49507222924
159465.01007249422
159501.73507252842
159542.06007256598
159745.73507275566
159779.20507278683
159807.2050728129
160109.8900730948
160144.90507312742
160166.1450731472
160442.08007340418
160474.87007343472
160518.4450734753
160574.12007352716
160802.2350737396
160828.02507376362
160872.70507380523
161108.52007402485
161141.06507405516
161163.7650740763
161209.620074119
161454.27507434686
161495.72007438546
161534.22007442132
161579.4200744634
161764.8550746361
161815.24507468304
161838.69507470488
161882.24007474544
162114.0200749613
162141.9450749873
162169.17007501266
162202.78007504396
162266.0750751029
162504.83007532527
162541.31507535925
162806.82007560652
162835.38507563312
162864.62507566035
162932.07507572317
163112.72507589142
163152.63007592858
163182.4050759563
163217.42507598893
163483.5850762368
163506.84507625847
163533.63507628342
163559.35507630737
163626.15007636958
163815.17507654562
163865.3900765924
163910.97507663484
164151.4300768588
164184.38007688947
164210.44007691374
164240.97507694218
164475.5100771606
164510.00007719273
164540.52007722115
164567.46007724624
164826.9400774879
164853.0400775122
164879.48507753684
164922.09507757652
165133.060077773
165165.52507780324
165188.61007782473
165213.51507784793
165245.6950778779
165481.5900780976
165506.99007812125
165532.33507814485
165580.10007818934
165873.32007846242
165910.08007849666
166162.32507873158
166184.34507875209
166212.4800787783
166234.48007879878
166494.31507904077
166517.82507906266
166545.17007908813
166585.02007912524
166809.04507933388
166869.34507939004
166908.97007942694
167139.75507964188
167178.8700796783
167205.95507970353
167233.14007972885
167298.45007978968
167498.25007997575
167527.20508000272
167558.3150800317
167593.05008006404
167819.84508027526
167878.15508032957
167903.76508035342
167935.17508038267
168157.48508058971
168182.07508061262
168229.8450806571
168277.2900807013
168504.16008091258
168530.00008093665
168579.8900809831
168641.37508104037
168852.1750812367
168917.1350812972
168968.97008134547
169159.53008152294
169208.5500815686
169233.670081592
169262.21508161857
169526.0650818643
169559.08008189505
169599.23008193244
169862.61008217774
169889.87508220313
169938.99508224888
170192.39508248487
170219.44008251006
170261.59008254932
170292.26008257788
170545.30008281354
170575.6300828418
170623.78508288664
170858.65508310538
170878.94508312427
170904.6450831482
170933.91008317546
170990.60508322826
171189.57008341356
171216.95008343906
171256.1850834756
171541.94008374173
171575.01008377253
171612.2350838072
171848.92008402763
171869.04008404637
171900.08508407528
171930.41008410353
171957.40008412866
171996.6350841652
172170.02008432668
172208.95508436294
172239.3050843912
172270.25508442003
172312.26508445916
172543.6100846746
172565.9400846954
172592.48508472013
172636.7950847614
172714.58008483384
172853.45008496317
172880.3350849882
172915.71508502116
172968.88008507068
173223.2850853076
173252.78008533508
173292.3050853719
173536.12508559896
173578.6750856386
173606.36008566438
173657.55008571205
173868.08008590812
173896.36508593446
173945.0500859798
173980.42508601275
174168.24508618767
174195.82008621335
174226.31508624175
174251.75508626545
174287.93008629914
174365.34008637123
174587.41508657805
174616.74008660536
174880.73008685122
174910.38508687884
175008.83508697053
175203.84508715215
175228.375087175
175268.92508721276
175298.99508724076
175551.40508747584
175579.66508750216
175614.01508753415
175647.7900875656
175887.4450877888
175910.18508780998
175948.3300878455
176224.98508810316
176260.6900881364
176306.38008817896
176590.6350884437
176630.63508848095
176875.24508870876
176910.68008874176
176935.91508876526
176966.91508879414
177009.720088834
177248.28508905618
177277.77508908365
177335.32508913724
177563.0300893493
177596.90008938086
177624.60008940665
177649.69008943002
177885.0250896492
177915.5300896776
177964.0500897228
178005.4150897613
178216.14008995757
178241.2050899809
178268.66509000649
178290.685090027
178326.60509006045
178570.64509028773
178613.37009032752
178672.34509038244
178892.67509058764
178928.36009062087
178974.17509066354
179059.36009074288
179277.63009094616
179323.0950909885
179355.56509101874
179567.43509121606
179608.8200912546
179649.74509129272
179674.94509131619
179906.4600915318
179934.63509155804
179966.84509158804
179991.44509161095
180259.35009186045
180288.7100918878
180324.00509192067
180386.4200919788
180603.17509218067
180642.78009221755
180920.10509247583
180953.92009250732
181007.22509255697
181047.22009259422
181265.5000927975
181319.95009284822
181610.44509311876
181632.0850931389
181658.0500931631
181907.54009339545
181938.88009342464
181965.86509344977
181997.3550934791
182248.8150937133
182288.52009375027
182367.84009382414
182579.3350940211
182656.58009409305
182682.92009411758
182711.69009414437
182947.45009436394
182979.4150943937
183005.75009441824
183293.24009468599
183316.6700947078
183364.39509475225
183610.4400949814
183644.60509501322
183673.6700950403
183694.79509505996
183934.97509528365
183970.43509531667
183994.6100953392
184030.87509537296
184269.295095595
184297.215095621
184331.60509565304
184434.25509574864
184622.85009592428
184652.65009595203
184671.1900959693
184965.2900962432
185012.94509628759
185034.24509630742
185061.33509633265
185280.4250965367
185303.25509655796
185330.155096583
185361.56509661226
185391.71009664034
185610.0800968437
185712.0600969387
185748.31509697245
185952.41509716253
185979.6350971879
186010.910097217
186279.18509746686
186317.07009750215
186348.21009753115
186412.07009759062
186612.12009777693
186660.00509782153
186684.31509784417
186718.33509787585
186956.875098098
187005.12509814295
187033.090098169
187297.52509841527
187334.0800984493
187355.92509846966
187402.63509851316
187612.21509870834
187640.86509873503
187663.22009875585
187690.50509878126
187719.205098808
187792.19009887596
187967.05509903881
187996.255099066
188041.18009910785
188099.315099162
188319.93009936746
188346.74509939243
188389.37509943213
188635.19009966106
188693.40009971528
188766.25509978313
188942.92009994766
188971.88509997464
188998.98009999987
189019.22010001872
189043.23010004108
189070.92010006687
189122.9351001153
189321.84510030056
189378.3551003532
189409.23010038194
189625.4301005833
189669.37010062422
189691.63010064495
189723.3651006745
189973.8551009078
190003.4051009353
190046.69010097563
190075.79010100273
190297.3701012091
190326.93010123662
190356.90010126453
190398.97510130372
190649.2601015368
190683.15510156838
190714.15010159725
190767.61010164703
190986.0701018505
191012.77010187536
191039.85510190058
191323.72510216496
191348.6901021882
191377.26510221482
191418.6751022534
191667.10010248475
191694.68510251044
191723.7251025375
191758.61510256998
192010.7451028048
192044.4601028362
192077.40010286687
192113.6201029006
192312.01510308537
192348.40010311926
192376.1451031451
192417.8101031839
192444.99010320922
192667.63010341657
192707.6101034538
192732.90510347736
192793.98510353424
193004.3951037302
193039.34510376275
193076.18510379706
193131.76510384883
193344.93010404735
193369.39010407013
193422.2801041194
193460.65510415513
193671.00510435103
193697.4901043757
193717.01010439388
193743.38510441844
193783.96010445623
194009.55010466633
194088.27510473965
194376.70010500826
194400.11510503007
194460.5851050864
194699.47510530887
194726.72010533424
194757.44510536286
194786.9051053903
194815.84510541725
195013.43510560127
195052.81010563794
195085.7351056686
195340.06010590546
195373.47510593658
195402.3701059635
195445.7451060039
195484.9651060404
195684.3301062261
195722.55010626168
195761.36010629783
196018.5051065373
196064.07010657975
196098.3651066117
196347.63510684384
196389.41010688274
196443.2801069329
196469.64010695746
196675.64510714932
196702.6651071745
196729.54510719952
196757.30010722537
196779.9851072465
196811.84010727616
197043.1501074916
197080.40510752628
197379.73010780505
197445.85510786664
197473.9551078928
197695.9851080996
197733.52510813455
197765.62010816444
197791.82010818884
197812.42510820803
198020.66510840197
198050.0001084293
198082.63010845968
198122.76010849705
198160.4001085321
198373.93510873098
198405.07010875997
198464.82010881562
198496.34510884498
198702.80510903726
198730.0101090626
198758.2451090889
198779.59010910877
199013.32010932645
199058.28510936833
199079.64010938822
199368.20010965696
199398.8501096855
199443.6151097272
199485.3751097661
199724.0901099884
199756.33011001843
199781.40011004178
199816.50011007447
200046.67011028883
200086.06511032552
200116.24511035363
200360.11011058075
200385.59511060448
200419.63511063618
200447.64011066227
200481.48011069378
200711.99011090846
200745.76511093992
200771.70011096407
200799.07511098956
201079.23511125048
201118.6701112872
201399.18511154846
201426.32011157373
201453.97011159948
201506.7001116486
201739.060111865
201776.1251118995
201802.78511192434
202081.01511218346
202115.7251122158
202371.48011245398
202407.60011248762
202458.75511253526
202497.51511257136
202711.04011277022
202753.9551128102
202777.73011283233
202817.3151128692
203030.00511306728
203066.17011310096
203086.86511312024
203203.7601132291
203377.62511339103
203407.29511341866
203435.92011344532
203464.2451134717
203493.6801134991
203556.2801135574
203749.49511373736
203771.9801137583
203794.195113779
203819.79511380283
203890.13011386833
204087.04511405173
204113.81011407665
204142.3301141032
204175.78511413437
204364.96011431055
204427.6051143689
204479.6951144174
204517.98511445307
204754.145114673
204781.0801146981
204830.77511474438
204864.27511477558
205092.33511498797
205117.8101150117
205148.57511504035
205189.05011507805
205409.63511528348
205443.3801153149
205469.8751153396
205498.245115366
205777.16011562577
205803.25011565007
205835.74511568033
206078.89511590678
206103.98011593014
206126.87511595146
206164.2901159863
206194.030116014
206400.47011620627
206435.15011623857
206470.90511627187
206501.45011630032
206545.20511634107
206768.7851165493
206792.93511657178
206825.72511660232
206865.05011663894
207098.9801168568
207127.4101168833
207148.4701169029
207173.86511692655
207219.31511696888
207436.26011717092
207459.34011719242
207495.77511722635
207538.15011726582
207762.16511747445
207825.32511753327
207848.57511755492
207885.03011758887
208073.55511776445
208109.45011779788
208131.4701178184
208159.00511784403
208451.40011811635
208480.8801181438
208518.18011817854
208573.92011823045
208776.71011841932
208818.08511845785
208845.43511848332
208880.78511851624
209122.27011874114
209159.20011877554
209191.20511880534
209465.67511906096
209496.38011908956
209517.82011910953
209572.68511916063
209761.38011933636
209798.34011937078
209835.85511940572
209880.6201194474
209913.9051194784
210106.6151196579
210158.62511970632
210187.44511973317
210454.625119982
210480.14012000576
210499.58012002386
210800.18512030382
210845.33012034587
210874.2351203728
211154.62512063392
211187.1351206642
211222.07512069674
211459.16012091754
211499.44512095506
211559.4151210109
211604.79012105317
211833.06012126576
211858.08512128907
211892.4901213211
212129.16012154153
212156.92012156738
212186.72512159514
212466.22512185544
212525.79512191092
212549.73512193322
212786.76012215397
212821.99512218678
212848.70012221165
212925.27512228297
213130.6101224742
213166.1551225073
213191.45012253086
213225.4301225625
213481.89012280136
213514.41012283164
213567.70512288128
213790.69512308895
213849.13012314338
213881.66012317367
213912.070123202
214156.06512342923
214202.7351234727
214473.15512372454
214501.3451237508
214532.2801237796
214859.7601240846
214885.49012410856
214904.9551241267
215147.28512435238
215183.68512438628
215211.11512441182
215257.09012445464
215491.20012467267
215516.73512469645
215567.1451247434
215850.4901250073
215890.68512504472
216193.3551253266
216226.15012535715
216255.79012538475
216488.77012560173
216538.53012564807
216586.80512569303
216849.86012593802
216875.56512596196
216903.07012598758
217179.00512624456
217211.685126275
217317.74512637377
217522.37512656435
217548.12012658833
217573.73012661218
217610.21512664616
217841.51512686157
217865.1701268836
217890.22512690694
217923.7001269381
218184.77012718125
218226.31512721995
218261.56012725277
218290.2451272795
218821.42012777418
218862.53012781247
218895.78012784343
218915.15012786147
218945.61512788985
219170.04512809886
219200.50512812723
219233.0001281575
219285.9501282068
219517.3401284223
219545.51012844854
219834.0801287173
219869.11012874992
219906.17512878444
219933.56512880995
220187.61512904655
220210.3101290677
220240.1601290955
220273.08012912615
220558.60512939206
220594.77012942574
220856.02012966905
220898.86012970895
220981.74512978614
221222.09013000998
221252.7101300385
221283.87013006752
221314.7851300963
221534.84513030126
221557.40513032227
221583.82513034687
221631.81013039156
221869.18513061263
221891.9251306338
221919.06013065908
221960.3101306975
222194.90013091598
222284.74513099965
222534.9901312327
222588.3501312824
222641.66513133206
222861.32513153664
222910.11513158208
222941.09513161093
223000.05013166583
223212.80513186398
223249.70513189834
223286.2751319324
223549.3401321774
223573.09013219952
223594.80513221974
223621.7201322448
223658.16013227875
223876.11013248173
223904.29013250797
223926.30013252847
223957.74513255776
224195.50013277918
224236.45013281732
224280.54013285838
224312.04513288772
224543.81513310358
224567.75013312587
224600.51013315638
224635.1151331886
224876.53013341344
224916.69513345085
224944.41013347666
225191.9551337072
225237.76013374986
225266.60013377672
225544.08513403515
225571.39013406058
225594.56013408216
225613.56513409986
225641.68513412605
225881.64013434952
225927.27513439202
225994.37513445452
226209.59013465495
226251.66013469413
226282.2251347226
226319.84013475763
226562.910134984
226597.85013501655
226672.26513508585
226873.81513527356
226916.62013531342
226965.51513535896
227042.39013543056
227229.63513560494
227261.98013563507
227285.94013565738
227310.74513568048
227580.41013593163
227606.77013595618
227628.51013597642
227673.88013601868
227908.88013623754
227946.17013627227
228248.7801365541
228278.33013658162
228338.63513663778
228569.48513685277
228600.81513688195
228646.7001369247
228699.77513697412
228916.9801371764
228949.26013720647
228982.54013723746
229016.8401372694
229245.4251374823
229268.26013750356
229298.87513753207
229349.71013757942
229581.80513779557
229604.57513781678
229634.04513784422
229707.4701379126
229917.83013810852
229951.18013813958
229981.00513816735
230009.44513819384
230255.97013842344
230283.81013844936
230303.33013846754
230354.09013851482
230382.91013854166
230576.1301387216
230617.41013876005
230665.0401388044
230940.4351390609
230972.0101390903
231000.9051391172
231036.72013915057
231274.85013937234
231304.71013940015
231335.93013942923
231566.16013964365
231594.28013966983
231629.53013970266
231662.91513973376
231927.4151399801
231961.61014001194
231994.5401400426
232017.96514006442
232291.35514031904
232328.98514035408
232379.365140401
232607.25514061324
232631.95014063624
232665.24514066725
232698.88014069857
232921.9251409063
232983.9901409641
233016.54514099442
233052.36514102778
233256.31014121772
233281.14014124084
233300.18514125858
233340.92514129652
233372.4601413259
233616.82514155348
233639.63014157471
233672.72514160554
233939.04514185357
233963.5701418764
233996.68514190725
234027.84514193627
234249.0551421423
234280.44014217152
234319.27514220768
234345.63014223223
234372.26014225703
234635.77014250244
234674.03014253807
234724.14514258475
234948.22014279343
234988.29014283075
235020.8651428611
235287.08514310903
235332.08014315093
235360.88514317776
235630.71014342905
235666.43514346232
235695.7351434896
235944.78514372156
235969.0001437441
235995.45514376875
236021.62514379312
236052.65514382202
236291.30514404428
236325.27514407592
236348.19514409726
236369.8051441174
236602.85014433443
236633.56014436303
236672.8151443996
236711.93514443602
236966.8301446734
237008.33514471207
237058.13514475845
237123.63014481944
237294.04514497815
237319.24014500162
237339.90014502086
237367.60014504666
237400.68514507747
237639.23014529963
237672.2701453304
237717.2551453723
237773.27014542447
237964.4401456025
238015.66514565021
238043.94514567655
238070.9401457017
238320.0501459337
238357.4201459685
238397.34014600568
238662.49014625262
238726.4551463122
238939.00014651014
238983.49014655157
239008.08014657447
239033.57514659822
239059.51014662237
239085.72014664678
239297.24014684377
239321.3151468662
239350.70014689356
239372.24014691362
239409.11514694797
239637.48514716065
239661.7901471833
239695.1901472144
239722.81514724012
239761.90014727652
239960.0851474611
239985.81014748506
240015.95014751313
240039.0201475346
240086.98014757928
240295.25514777325
240319.10014779546
240352.29514782637
240382.4951478545
240411.88514788187
240443.155147911
240641.3901480956
240679.20014813083
240730.00514817814
240761.000148207
240984.0151484147
241016.6551484451
241052.7351484787
241079.98014850408
241314.90514872287
241343.80014874978
241379.7851487833
241417.4851488184
241682.93514906563
241750.16514912824
241999.2201493602
242027.3751493864
242052.5901494099
242134.7401494864
242330.30014966853
242353.81514969043
242378.045149713
242421.66514975362
242719.30015003082
242989.9801502829
243018.17015030916
243042.8151503321
243064.64515035244
243091.4501503774
243352.3601506204
243377.01015064336
243396.46015066147
243685.91015093104
243713.38515095663
243746.15015098715
243792.61515103042
244026.91015124862
244054.13515127398
244080.60515129863
244340.49515154067
244370.33515156846
244397.18515159347
244424.74015161913
244689.3951518656
244708.86015188374
244735.1201519082
244765.85515193682
245000.96015215578
245046.53515219822
245072.34015222226
245123.78015227016
245352.9651524836
245395.50515252323
245473.29015259567
245650.57015276077
245672.36015278107
245701.79515280848
245729.185152834
245771.89515287377
246022.7551531074
246055.36515313777
246084.47515316488
246118.62015319668
246340.93015340372
246386.69515344634
246419.620153477
246532.44515358208
246717.2651537542
246746.08515378105
246795.98515382753
247028.02015404362
247058.0451540716
247098.82015410956
247148.98515415628
247337.2451543316
247391.4451543821
247506.06515448884
247697.32015466696
247718.6351546868
247745.66015471198
247779.31015474332
248009.37515495758
248056.24515500123
248079.05515502248
248104.68515504635
248131.67015507148
248404.71015532577
248439.2251553579
248469.0651553857
248664.50015556772
248732.73015563126
248761.92515565845
248790.6351556852
249039.88015591732
249073.86015594896
249113.70515598607
249149.43015601934
249438.81515628885
249718.6751565495
249749.62515657832
249792.05015661783
250052.01515685994
250085.74015689135
250118.72015692206
250153.09015695407
250209.0651570062
250349.63015713712
250389.95015717467
250414.06015719712
250446.17015722702
250475.19515725406
250520.19515729597
250694.03515745787
250729.09515749052
250755.65515751526
250791.40015754855
250818.88015757414
251063.17015780165
251087.3951578242
251116.39015785122
251166.5201578979
251376.72015809367
251425.9301581395
251448.66015816067
251482.80015819246
251510.6451582184
251696.00515839102
251723.17015841632
251749.68515844102
251783.52515847253
252046.04515871702
252081.94515875046
252395.27515904227
252430.25515907485
252470.32515911217
252749.335159372
252783.20515940356
252827.22515944456
252886.88515950012
253051.42015965335
253088.5001596879
253115.01015971258
253139.23515973514
253395.26015997358
253435.04016001063
253475.85016004863
253745.03016029933
253770.6551603232
253794.3901603453
253817.9151603672
254108.7801606381
254138.22516066552
254176.73516070138
254383.8901608943
254441.2051609477
254475.72016097984
254511.91016101354
254738.7601612248
254763.35516124772
254795.1301612773
255064.7301615284
255104.86516156577
255130.39516158955
255407.77516184788
255432.77016187116
255458.8001618954
255484.2601619191
255521.1901619535
255777.55016219226
255802.33516221534
255847.01516225695
256092.4151624855
256119.17016251042
256147.79516253708
256172.04516255966
256431.90516280168
256458.27516282623
256482.69516284898
256517.67016288155
256757.9351631053
256792.4901631375
256837.10016317904
256878.13016321725
257089.77516341436
257135.7751634572
257158.24016347813
257207.8201635243
257470.33016376878
257555.88016384846
257769.76516404765
257808.19516408344
257838.94016411208
257870.56016414153
258115.4401643696
258149.62016440142
258223.08516446984
258431.15516466362
258478.2801647075
258569.19016479218
258802.69016500964
258830.20516503527
258868.00016507047
258917.59016511665
259109.58516529546
259145.66516532906
259178.69516535982
259453.79516561603
259491.19516565086
259514.980165673
259535.86516569246
259773.43516591372
259801.58016593993
259830.38516596676
259862.91516599705
260120.14516623662
260168.74516628188
260211.47516632167
260421.26516651706
260460.02016655315
260490.9001665819
260515.53516660485
260557.49516664393
260789.7201668602
260866.9101669321
260896.87016696
261143.3001671895
261168.55016721302
261202.51016724465
261442.27016746794
261493.7801675159
261575.2751675918
261790.6651677924
261818.31016781816
261844.04516784212
261870.08516786637
262136.78016811475
262167.38016814325
262211.2701681841
262480.4551684348
262517.8101684696
262550.50516850007
262811.5851687432
262841.8601687714
262902.12516882754
263111.4351690225
263138.70516904787
263163.560169071
263199.65516910463
263442.46016933076
263491.3451693763
263517.2351694004
263539.1301694208
263609.08016948594
263838.4951696996
263864.3551697237
263900.3251697572
264110.32016995276
264172.1351700103
264197.3251700338
264486.4751703031
264515.74017033033
264553.9251703659
264844.41517063644
264875.89517066575
265118.855170892
265202.3351709698
265224.77017099067
265264.13517102733
265461.41017121106
265488.205171236
265521.8051712673
265560.5801713034
265611.3301713507
265812.60517153813
265841.7851715653
265869.7851715914
265913.75517163234
266133.0551718366
266156.2901718582
266180.1001718804
266204.96017190354
266232.8401719295
266260.9851719557
266488.98017216806
266530.3751722066
266556.10017223057
266814.65517247136
266854.39017250837
266902.5501725532
266933.08517258166
267151.6351727852
267174.13517280616
267207.22017283697
267228.5301728568
267253.5101728801
267494.20517310424
267527.06017313484
267557.7001731634
267602.99017320556
267839.6051734259
267876.69017346046
268188.5451737509
268215.3651737759
268250.8101738089
268277.72517383395
268498.14517403924
268524.58017406386
268571.3501741074
268628.885174161
268831.4801743497
268854.52017437114
268903.9751744172
268961.49517447077
269163.53517465893
269194.04017468734
269217.8301747095
269251.91017474124
269493.7851749665
269534.00017500395
269561.6751750297
269631.0001750943
269689.6201751489
269841.0201752899
269875.1901753217
269909.7851753539
269936.53017537884
269961.7151754023
270196.16517562064
270220.9301756437
270255.01017567544
270528.4301759301
270564.38017596357
270597.44017599436
270646.6451760402
270846.2801762261
270874.4801762524
270904.8001762806
270937.28017631086
271208.040176563
271283.86517663364
271532.00017686473
271566.15517689654
271621.24017694785
271882.9901771916
271918.6401772248
272195.6551774828
272218.66017750424
272241.75017752574
272270.0351775521
272306.8951775864
272558.5501778208
272602.6201778618
272639.6351778963
272875.9401781164
272914.88517815265
272945.1301781808
273019.3151782499
273227.97517844423
273264.49517847825
273316.2951785265
273535.29017873044
273576.8801787692
273612.7751788026
273650.82517883804
273705.0801788886
273852.3051790257
273885.87017905695
273914.8101790839
273949.9201791166
274215.73017936415
274242.7151793893
274270.72017941537
274299.56517944223
274570.6701796947
274590.7501797134
274614.28017973533
274879.2351799821
274904.10518000525
274928.545180028
274954.57018005225
275231.93018031056
275266.0351803423
275299.68518037366
275496.2101805567
275536.0251805938
275571.64518062695
275603.2701806564
275629.4801806808
275660.9501807101
275917.38018094894
275940.9451809709
275967.895180996
276217.1251812281
276254.14018126257
276285.45018129173
276315.0651813193
276577.63518156385
276639.37518162135
276703.81518168136
276909.97018187336
276947.87518190866
276982.8151819412
277203.52018214675
277253.2651821931
277299.95518223656
277329.67018226424
277547.44518246705
277578.1801824957
277619.8501825345
277909.49018280423
277933.64518282673
277958.14518284955
278003.1901828915
278246.88518311846
278276.62018314615
278299.06018316705
278336.55518320197
278549.97518340073
278578.13018342695
278610.1501834568
278635.77518348064
278906.2101837325
278946.0451837696
278985.52518380637
279045.72018386243
279210.02518401545
279235.4201840391
279262.2451840641
279294.360184094
279356.8601841522
279395.8551841885
279578.87518435897
279605.28018438356
279637.81518441386
279674.0551844476
279939.1451846945
280008.4851847591
280272.8801850053
280300.470185031
280330.9501850594
280376.63018510194
280559.29018527205
280591.52018530207
280611.14018532034
280634.99518534256
280670.0451853752
280905.8201855948
280945.60518563184
280969.26018565387
281272.9601859367
281313.58018597454
281343.4701860024
281550.12018619484
281583.6751862261
281614.12018625444
281662.87018629984
281943.4901865612
281972.88018658856
282008.0151866213
282302.95518689597
282345.7251869358
282376.7301869647
282600.0901871727
282660.0351872285
282684.5051872513
282753.5151873156
282901.6251874535
282966.9651875144
282991.0201875368
283066.47518760705
283285.5951878111
283314.1401878377
283339.4701878613
283371.9201878915
283575.32018808095
283622.47518812487
283659.6601881595
283688.05018818594
283952.8751884326
283979.5451884574
284008.2251884841
284037.0051885109
284283.45518874045
284321.3951887758
284346.1251887988
284410.3001888586
284609.8951890445
284634.35518906725
284663.53518909443
284691.14518912014
284711.44018913904
284956.58518936735
284984.6751893935
285008.795189416
285048.94518945337
285255.73018964595
285301.24018968834
285347.3951897313
285624.1701899891
285657.53519002016
285711.95019007084
285963.97019030555
285985.33519032545
286018.07519035594
286040.41519037675
286082.550190416
286319.1901906364
286355.21519066993
286628.9701909249
286657.6551909516
286692.0351909836
286789.1901910741
286949.085191223
286996.8701912675
287030.28019129863
287314.0301915629
287340.73519158777
287401.0301916439
287656.17019188154
287687.9051919111
287740.0801919597
287952.55519215757
287998.1401922
288091.1101922866
288273.7551924567
288305.04019248585
288334.2851925131
288396.33519257087
288654.23519281106
288684.5601928393
288708.33019286144
288979.9301931144
289005.23519313795
289039.29019316967
289070.0151931983
289297.49019341014
289325.3651934361
289375.2801934826
289654.00519374217
289678.55519376503
289698.97519378405
289774.9351938548
289974.72519404086
290012.53019407607
290056.9251941174
290315.8101943585
290351.16519439145
290392.62519443006
290423.5651944589
290633.15019465407
290661.7501946807
290699.9801947163
290988.8151949853
291020.96019501524
291071.7901950626
291294.44519526995
291325.660195299
291361.98019533284
291412.5251953799
291633.74019558594
291691.20519563946
291719.20019566553
291744.1851956888
292004.1601959309
292036.2551959608
292068.41019599076
292299.13019620563
292325.0601962298
292350.4451962534
292405.56019630475
292640.5451965236
292669.15519655024
292694.1351965735
292721.530196599
293001.3151968596
293038.4451968942
293077.1151969302
293112.9651969636
293356.8701971907
293397.80019722885
293455.8351972829
293699.85019751015
293737.4801975452
293816.47519761877
294003.6801977931
294041.9951978288
294077.645197862
294107.8251978901
294344.8001981108
294370.3301981346
294405.16519816703
294440.6601982001
294506.6051982615
294689.09519843146
294718.5301984589
294740.75019847957
294978.495198701
295029.7451987487
295054.25519877154
295082.52519879787
295144.5101988556
295330.6101990289
295356.5601990531
295385.30019907985
295418.28519911057
295447.1201991374
295681.2901993555
295716.10019938793
295752.705199422
295775.19519944297
296020.055199671
296054.0801997027
296097.27519974293
296327.70019995753
296362.08019998955
296391.71520001715
296423.1152000464
296445.31020006706
296485.24020010425
296706.2852003101
296743.70020034496
296767.84020036744
296792.9452003908
297066.4052006455
297095.1952006723
297127.5202007024
297348.5552009083
297371.39020092954
297397.675200954
297424.2702009788
297455.645201008
297485.8302010361
297646.60020118585
297697.5502012333
297728.64020126226
297759.0952012906
297796.15520132513
298036.0202015485
298074.2152015841
298102.20520161017
298350.3552018413
298399.1552018867
298449.7952019339
298488.83020197024
298676.10020214465
298717.74520218343
298751.1802022146
298773.15520223504
299023.77020246844
299060.1452025023
299084.36020252487
299110.4902025492
299147.5402025837
299388.2902028079
299412.25520283025
299444.36020286015
299496.0452029083
299730.61020312674
299763.8602031577
299807.3602031982
