3.429999999999949
72.15000000000687
205.67999999988544
307.6599999997927
389.21999999971854
695.9099999994396
1049.0099999996871
1175.1950000024415
1308.625000005354
1435.8650000081313
1558.765000010814
1717.1500000142712
1812.115000016344
2101.3250000226567
2307.2550000271517
2365.9900000284338
2490.115000031143
2545.350000032349
3077.75500004397
3427.815000051611
3506.750000053334
3701.6900000575893
3849.840000060823
3939.2050000627737
4290.820000070448
4498.245000074976
4569.815000076538
4712.170000079645
4908.420000083929
5071.065000087479
5168.550000089607
5361.55500009382
5513.63500009714
5606.450000099166
5796.530000103315
6006.270000107893
6377.550000115997
6465.8950001179255
6751.415000124158
6947.690000128442
7078.715000131302
7134.090000132511
7281.505000135729
7582.070000142289
7785.5850001467315
7888.785000148984
8008.900000151606
8159.285000154889
8267.635000143495
8425.165000118279
8506.37500010528
8616.365000087673
8743.780000067278
8778.955000061647
9246.189999986856
9382.899999964973
9523.004999942546
10006.149999865209
10222.594999830562
10366.254999807566
10435.234999796525
10680.974999757189
10843.739999731135
10916.584999719475
11035.974999700364
11248.144999666401
11718.394999591128
11920.019999558854
12270.224999502796
12429.919999477233
12530.074999461202
12654.809999441235
12943.879999394963
13348.339999330221
13426.229999317753
13495.394999306682
13552.24999929758
13722.699999270297
13980.744999228991
14286.86999917999
14371.864999166384
14408.459999160526
14552.43999913748
14935.874999076103
15018.629999062856
15062.284999055868
15281.16999902083
15365.38499900735
15481.429998988775
15738.929998947557
15843.344998930843
15999.134998905905
16077.364998893383
16157.8449988805
16254.139998865086
16354.609998849004
16491.344998866167
16647.40499889796
16789.89499892699
16898.76999894917
16946.654998958926
17199.36499901041
17604.929999093034
17761.579999124948
17874.504999147954
17948.80999916309
18211.70999921665
18263.04499922711
18354.53999924575
18469.00999926907
18966.749999370473
19074.62999939245
19187.334999415412
19242.029999426555
19444.224999467748
19498.22999947875
19642.18999950808
19739.68499952794
19846.39499954968
20122.704999605972
20177.67499961717
20282.90999963861
20446.20999967188
20553.8149996938
20605.509999704333
20665.13999971648
20771.55999973816
20883.90499976105
21035.28499979189
21119.454999809037
21215.459999828596
21313.89499984865
21546.744999896087
21584.614999903803
21664.199999920016
21750.149999937526
21825.16999995281
21898.15499996768
22256.055000040593
22373.415000064502
22485.895000087417
22548.54500010018
22791.235000149623
22943.445000180633
23198.790000232653
23319.895000257326
23353.225000264116
23498.725000293758
23635.865000321697
23706.380000336063
23769.93000034901
23848.920000365102
23966.685000389094
24086.515000413507
24182.14500043299
24635.835000525418
24692.770000537017
24751.94000054907
24989.640000597497
25126.000000625278
25349.335000670777
25392.89000067965
25434.305000688088
25552.730000712214
25645.395000731092
26043.500000812197
26080.490000819733
26217.91500084773
26274.41000085924
26392.010000883198
26531.23500091156
26962.64500099945
27341.3300010766
27449.12000109856
27582.15000112566
27749.025001159658
28099.02000123096
28203.96500125234
28278.285001267483
28476.315001307827
28561.83500132525
28748.41000136326
28998.315001414172
29160.450001447203
29308.790001477424
29445.290001505233
29571.840001531014
29765.02000157037
29828.820001583368
30065.03500163149
30249.87500166915
30316.335001682688
30625.985001745772
30806.50500178255
30903.10500180223
31228.69500186856
31360.98500189551
31672.805001959037
31728.555001970395
32007.565002027237
32076.725002041327
32412.600002109753
32498.93000212734
32609.56000214988
32650.320002158183
32836.34500214635
32917.500002103836
33003.68000205869
33231.02000193959
33346.59000187905
33448.360001825735
33586.13500175356
33727.895001679295
33849.130001615784
33891.15000159377
33960.070001557666
34097.950001485435
34222.560001420155
34317.910001370205
34362.785001346696
34441.38000130552
34582.44500123162
34647.46500119756
34828.14000110291
35015.260001004885
35114.270000953016
35167.66000092505
35301.725000854814
35393.03500080698
35499.24500075134
35619.88000068814
35687.02000065297
36161.20000040456
36374.245000292955
36410.50500027396
36638.280000154635
36717.66500011305
37020.76999995426
37061.06499993315
37205.309999857585
37384.61999976365
37460.57499972386
37564.26999966954
37614.7399996431
37798.82999954666
37937.73499947389
38192.27999934054
38250.244999310176
38439.189999211194
38828.404999007296
39023.914998904875
39107.18999886125
39183.474998821286
39357.04499873036
39423.689998695445
39464.904998673854
39671.29999856573
39774.92999851144
40009.409998388604
40103.21999833946
40240.269998267664
40357.99999820599
40679.56499803753
40794.21499797747
40847.12499794975
41043.71999784676
41122.63999780542
41277.779997724145
41347.20999768777
41517.03499759881
41581.83999756486
41905.51999739529
42127.914997278785
42410.87999713055
42490.049997089074
42618.67999702169
42775.479996939546
42842.15499690462
43050.549996795446
43311.03999665898
43751.13999642843
43796.10999640487
43877.094996362444
44257.73499616304
44362.57499610812
44453.419996060526
44531.63499601955
44607.984995979554
44746.92499590677
44867.549995843576
44977.459995786
45048.379995748845
45100.529995721525
45197.03499567097
45557.66999548204
45725.59999539407
45846.83499533056
46090.02499520316
46150.68499517138
46288.154995099365
46490.9999949931
46527.679994973885
46674.75499489684
46717.30499487455
46856.044994801865
46965.08999474474
47401.81999451595
47570.60999442753
47655.269994383176
47903.87999425294
48085.65999415771
48142.32999412802
48223.944994085265
48267.55499406242
48341.33499402377
48728.669993820855
48850.569993756995
49010.209993673365
49329.00499350636
49473.18499343083
49608.509993359934
49743.39999328927
50123.22499309029
50178.46999306135
50431.004992929054
50502.27499289172
50735.91499276932
51163.7299925452
51221.924992514716
51297.309992475224
51408.41499241702
51588.00499232294
51652.929992288926
51721.44999225303
51931.2949921431
52357.00999192008
52455.87499186829
52580.47999180301
52832.81999167082
53000.84999158279
53143.89999150785
53235.024991460115
53484.71999132931
53642.69999124655
53890.59999111668
53999.31499105973
54061.509991027146
54098.559991007736
54149.414990981095
54750.16999066638
54833.31999062282
55009.94499053029
55082.13499049247
55221.91999041924
55475.21499028655
55652.594990193626
55713.88499016152
55826.04999010276
55911.06999005822
56163.18498992614
56465.87998976757
56613.124989690434
56767.704989609454
56825.01998957943
57100.24498943525
57252.079989355705
57386.97498928504
57586.569989180476
57821.65998905732
58282.00998881616
58373.05498876846
58443.2249887317
58517.97998869254
58659.19998861856
58782.39998855402
58895.03498849501
59025.269988426786
59219.79998832488
59256.84498830547
59454.50498820192
59533.98998816028
59642.07498810366
59740.26998805222
59894.43498797146
60011.549987910104
60120.48498785304
60309.524987754005
60381.314987716396
60444.12498768349
60593.78998760509
60728.66998753443
60815.7649874888
60936.36498742562
61098.60498734063
61245.42998726371
61670.86498704084
61763.80998699215
61882.02998693022
62001.07998686785
62140.30998679491
62231.05998674737
62485.239986614215
62923.88498638442
63138.93998627176
63194.15498624284
63373.19498614904
63658.299985999685
63893.51498587646
64093.924985771475
64194.64998571871
64364.929985629504
64574.56998551968
64647.90998548126
64734.26498543602
64830.76498538547
64925.09998533605
64959.30998531813
65078.75498525555
65139.25498522386
65231.51498517553
65818.50998527912
65965.97498541645
66056.84498550108
66204.72998563881
66399.87998582056
66565.1699859745
66650.26998605375
66831.28998622234
66899.54498628591
67042.48998641904
67214.06498657883
67280.824986641
67359.89998671465
67539.63498688204
67624.39998696098
67670.54998700396
67723.70998705347
67876.05998719536
68010.02998732013
68085.32998739026
68238.43498753285
68362.7299876486
68703.80998796626
68816.65498807136
68938.60498818493
69033.07998827292
69101.5649883367
69171.37498840172
69269.33498849295
69353.4649885713
69445.97998865746
69575.5099887781
70071.75998924026
70147.33498931065
70345.22498949495
70429.6699895736
70484.14998962433
70724.56998984824
70785.86998990533
70884.57498999726
71210.52999030083
71296.8349903812
71415.49499049172
71568.8099906345
71990.77499102749
72386.10999139567
72444.7649914503
72555.97499155387
72696.15499168442
73019.93499198597
73220.10499217239
73384.59999232559
73498.92999243207
73678.85999259964
73913.46999281814
74289.95499316877
74424.88999329443
74592.12999345019
74825.76999366778
74879.71499371802
75096.25499391969
75347.87499415403
75459.38499425788
75765.22999454272
75892.59999466134
75984.65999474708
76058.78999481612
76273.70499501628
76344.41499508213
76631.64999534964
76741.0249954515
76931.32499562873
77105.73999579117
77192.524995872
77434.3349960972
77503.53999616165
77542.2549961977
77682.56499632838
77756.52999639726
77939.07999656728
78002.97499662678
78075.95499669475
78129.00499674416
78225.44499683398
78351.98999695183
78566.4899971516
78718.62999729329
78902.7849974648
79054.25999760587
79312.06499784597
79429.54499795538
79561.7399980785
79632.77499814465
79853.7999983505
79912.58999840525
79990.77999847807
80203.46999867616
80397.33999885671
80553.14999900182
80707.71999914577
80812.2299992431
80872.93999929965
80957.03999937797
81072.99499948596
81126.23999953555
81398.25999978889
81505.65999988891
81755.65500012174
81811.775000174
82290.58000061993
82693.57500099525
82775.27000107133
82877.91500116693
83156.36500142625
83195.65500146284
83244.8950015087
83354.91000161116
83526.87500177132
83709.78500194167
83785.77500201244
83914.88000213268
84021.6350022321
84211.13000240858
84311.93000250246
84407.58000259154
84503.16000268055
84649.43500281678
84876.7650030285
85017.26000315935
85244.34500337084
85511.87000361999
85773.19000386336
86150.0100042143
86216.74000427645
86289.49500434421
86338.31500438967
86457.98500450113
86561.12500459718
86721.18500474625
86935.8750049462
87130.3350051273
87261.58500524954
87376.31000535638
87500.51500547206
87717.04000567371
87764.67500571808
87817.16000576696
87907.38000585098
88336.00000625016
88445.22500635189
88621.37000651594
88707.43500659609
88848.12000672711
88971.77000684227
89010.06500687794
89760.3500075767
89843.44000765408
89890.48000769789
89952.17500775534
90082.14500787639
90425.70500819635
90502.4250082678
90547.59000830987
90703.33000845491
90741.48500849045
90794.01000853936
90871.2550086113
90926.1150086624
91050.42500877817
91109.25000883295
91158.67000887898
91346.4850090539
91600.05500929005
91763.0950094419
91886.03000955639
91984.66500964825
92171.85000982258
92232.71500987926
92375.91001001262
92523.02001014963
92616.44001023663
92832.75001043809
92930.31001052895
93025.23501061735
93134.40501071903
93367.37001093599
93556.51501111215
93819.36501135695
93901.4600114334
94273.05001177947
94612.19001209532
94704.53501218132
94812.3200122817
94878.71001234354
95066.59001251851
95222.19001266343
95284.21001272119
95339.61001277278
95437.50001286395
95569.54001298692
95731.78001313802
95832.62501323194
95908.13501330226
96039.30001342442
96197.8750135721
96276.47501364531
96418.45001377753
96492.43001384643
96719.3850140578
97052.98001436848
97145.48001445463
97242.56501454505
97359.78501465422
97412.99001470377
97492.02001477737
97777.11501504289
97919.15001517517
98211.17501544714
98320.8750155493
98380.91501560522
98517.21501573216
98649.24001585512
98707.26001590915
98831.4350160248
99007.3150161886
99155.2800163264
99360.63001651765
99420.76001657365
99685.86001682054
99765.01001689426
99892.99001701345
99984.2100170984
100115.4100172206
100187.83501728805
100240.22501733684
100359.02001744747
100444.18501752679
100558.05001763284
100750.82001781237
100825.62501788203
100907.71501795849
100961.7400180088
101007.28001805121
101079.29001811828
101255.42001828231
101570.41001857567
101630.7850186319
101856.00001884165
102016.38001899101
102352.07501930365
102474.35001941753
102682.26001961116
102806.17501972656
102992.0750198997
103254.08002014371
103524.5450203956
103579.93502044718
103878.6600207254
103960.8150208019
104059.40002089372
104128.59502095816
104212.12502103596
104341.79502115672
104485.0050212901
104737.21002152498
104808.25502159115
105129.27002189012
105435.3850221752
105752.06502247014
105870.4500225804
106144.66502283578
106399.77002307336
106515.85502318147
106808.03502345359
106877.99002351874
107024.42002365511
107075.80502370297
107323.08502393326
107361.55002396909
107444.73002404656
107558.19002415222
108133.67002468818
108177.83502472931
108327.04002486827
108483.92002501438
108874.26002537791
109012.4350255066
109261.91002573894
109351.00002582191
109452.91502591682
109568.8550260248
109671.64502612053
109790.44002623117
110305.07002671045
110387.44002678717
110587.44502697344
110693.01502707176
110835.63502720458
111019.00002737535
111414.7300277439
111649.10002796218
111772.30002807692
111833.57502813399
111919.15502821369
112084.65002836782
112210.28002848482
112427.06502868672
112843.40002907446
113088.13002930238
113185.81002939335
113304.45502950385
113351.83502954798
113459.30502964807
113601.12002978014
113649.95502982562
113744.04002991325
113924.42003008124
114197.09503033519
114467.0550305866
114531.86503064696
114652.02003075887
114886.5600309773
114983.96503106802
115121.97003119654
115438.54003149137
115540.19003158604
115645.36503168399
115838.26503186364
115914.27503193443
115965.85003198247
116034.01003204595
116150.06003215403
116223.97503222286
116440.9150324249
116729.33503269352
117006.61003295175
117093.58503303275
117195.34503312752
117349.44003327104
117639.29003354098
117864.09003375034
117940.73503382172
118174.77503403969
118332.39003418648
118384.83503423532
118450.34503429633
118596.5600344325
118680.42503451061
118926.5150347398
119062.19503486616
119185.25003498077
119457.23503523407
119624.88503539021
119802.32503555546
120250.10003597249
120424.8100361352
120543.74503624596
120895.41003657348
120999.07003667002
121085.73503675073
121217.74503687368
121298.5150369489
121353.1750369998
121535.64003716974
121659.15003728477
121847.2000374599
122171.15503776161
122418.55503799202
122540.945038106
122607.64003816812
122687.76503824274
122794.20003834186
122935.39503847336
123054.31003858411
123169.23003869114
123346.48003885621
123578.24003907206
123665.32503915316
123888.89003936137
124032.98003949557
124236.21003968484
124315.91003975907
124529.16003995767
124612.36004003516
124674.33004009287
125011.11504040653
125070.04504046141
125188.16004057141
125296.83004067262
125647.77004099946
125752.19504109671
125846.27504118433
125994.27004132216
126081.37004140328
126153.83504147077
126212.73004152562
126276.68504158518
127196.86504244216
127319.80504255666
127435.69504266459
127597.66504281544
127704.72004291514
127971.08504316321
128034.83004322258
128135.93504331674
128247.84504342097
128310.55004347936
128449.36504360865
128532.92004368646
128634.68504378124
128777.39004391414
129020.68004414072
129190.67004429904
129289.70004439127
129359.5200444563
129449.17004453979
129567.49004464998
129841.91004490555
129928.76004498644
130186.36504522635
130350.53004537924
130457.28504547867
130569.72504558339
130683.2350456891
130760.38004576095
131042.95004602411
131166.66504613933
131400.35004635697
131438.69004639267
131577.17004652164
131675.28504661302
131835.3600467621
131883.17504680663
132010.9050469256
132216.24004711682
132457.53004734154
132542.71004742087
132692.87004756072
132771.50504763395
132940.26004779112
133232.80004806357
133299.81504812598
133468.68004828325
133752.04504854715
134132.45004890143
134495.62504923966
134657.1400493901
134901.4200496176
135139.83004983963
135274.9800499655
135413.26005009428
135479.05005015555
135756.09505041357
135862.6350505128
136462.25005107123
136775.84505136329
136837.29505142051
137201.85505176004
137323.63005187345
137413.61505195725
137624.59005215374
137696.74505222094
137805.76005232247
137886.855052398
138048.73005254875
138273.7300527583
138549.31505301496
138713.29505316768
138848.7250532938
138931.1950533706
139068.9350534989
139272.34005368833
139448.91505385278
139679.0550540671
139940.52505431062
140216.65005456778
140878.2100551839
141198.97505548265
141287.27005556488
141472.12505573704
141549.1950558088
141660.15505591215
141746.51005599258
141858.00505609642
141977.47005620768
142110.28005633136
142197.90005641297
142395.96005659743
142487.9650566831
142555.6100567461
142608.84005679569
142912.6300570786
142999.21005715925
143241.59005738498
143442.24505757185
143575.15005769563
143639.50505775557
143870.05505797028
144244.10505831864
144380.7300584459
144724.9750587665
144816.96505885216
145239.2950592455
145340.62505933986
145978.12505993358
146111.12506005744
146245.27006018237
146596.50006050948
146682.94006059
146827.23006072437
147071.41006095178
147237.2100611062
147357.39506121812
147604.73506144847
147849.01506167598
147894.2350617181
147984.80006180244
148208.9450620112
148315.82506211073
148420.20506220794
148529.43006230966
148681.3900624512
148905.23006265966
148998.34006274637
149083.850062826
149231.2800629633
149815.90006350778
149975.20506365615
150159.06006382738
150311.05006396893
150498.7200641437
150668.75006430206
150870.57506449003
150997.87006460858
151071.325064677
151203.58006480016
151353.4200649397
151678.08006524207
151911.24006545922
152035.69006557512
152346.4000658645
152401.710065916
152477.00006598613
152781.7100662699
152863.9550663465
153095.36006656202
153259.34506671474
153681.00006710744
153833.56006724952
153893.41006730526
154068.88006746868
154249.12506763655
154826.34006817412
155098.955068428
155177.8750685015
155298.72506861406
155349.39006866125
155381.48006869113
155457.4500687619
155542.9400688415
155929.55006920156
156066.10006932874
156172.5800694279
156289.35006953665
156390.93506963126
156535.97006976634
156761.48006997636
156996.93507019564
157293.83507047215
157370.46007054352
157475.15507064102
157795.17507093906
157870.84007100953
157936.830071071
158031.74007115938
158129.06507125002
158242.79007135594
158373.68007147784
158620.4000717076
158828.46007190138
159122.0400721748
159243.10007228755
159537.8900725621
159672.8700726878
159784.1050727914
159847.03507285
160061.06007304933
160277.78007325117
160446.9200734087
160522.68507347925
160632.07507358113
160702.40507364663
160779.1400737181
161193.23507410375
161452.02507434477
161771.8100746426
162027.4900748807
162138.46007498406
162196.52007503813
162439.30007526424
162584.7500753997
162779.71507558128
163133.39007591066
163186.07507595973
163279.1400760464
163396.5950761558
163541.770076291
163717.1250764543
163763.69007649767
163873.7750766002
163920.23007664346
164146.57007685426
164227.50007692963
164350.8400770445
164424.21507711284
164523.21507720504
164594.40007727133
164694.46007736452
164899.33007755532
165173.25007781043
165322.18007794913
165800.79507839488
166039.21507861692
166188.18507875566
166467.21507901553
166557.93507910002
166722.65007925342
166905.4900794237
167024.76007953478
167137.60007963987
167271.1950797643
167435.53507991735
167479.38507995819
167800.84508025757
168249.19008067512
168457.88008086948
168532.6250809391
168603.19508100481
168718.46008111216
168797.01508118532
168943.5450813218
169084.6600814532
169169.27508153202
169400.35008174722
169516.7200818556
169620.31508195208
169759.820082082
170005.75008231105
170120.43008241785
170162.73508245725
170267.0450825544
170332.62508261547
170403.89508268185
170460.7650827348
170508.70508277946
170605.5850828697
170833.2200830817
170946.9400831876
171178.04508340283
171286.1250835035
171395.36508360523
171687.11008387693
171732.14008391887
171837.45508401695
172398.81008453976
172561.90008469165
172784.73008489917
173338.1600854146
173589.1100856483
173778.47508582467
173834.7850858771
173910.0450859472
173991.40008602297
174146.1600861671
174571.87508656358
174764.3000867428
175091.67008704768
175330.45008727006
175385.07008732093
175456.2150873872
176100.12508798687
176231.85508810956
176300.4200881734
176355.3850882246
176562.05008841708
176664.36508851236
176826.8750886637
176997.95508882304
177135.70508895133
177176.40508898924
177509.39008929936
177710.09508948628
178054.1500898067
178148.29508989438
178367.71509009873
178539.63009025884
178687.5600903966
178783.03509048553
179070.63509075338
179157.6200908344
179276.11509094475
179683.8650913245
179755.75509139145
180029.00009164592
180097.12509170937
180482.0800920679
180559.9400921404
180616.13509219274
180687.4950922592
180938.88009249332
181032.40509258042
181280.05009281106
181419.32009294076
181501.34509301715
181580.61009309097
181769.0750932665
181956.58509344113
182222.00509368832
182284.0350937461
182365.89509382233
182462.73509391252
182572.90509401512
182707.6350941406
182971.62509438646
183223.92509462143
183335.74509472557
183517.1250948945
183561.02009493537
183643.91009501257
183754.48009511555
183827.53009518358
184313.00509563572
184433.2500957477
184502.1750958119
184555.2400958613
184673.8750959718
184721.82009601645
184768.00009605946
184839.32009612588
185062.51509633375
185114.09009638178
185182.80009644578
185298.17009655322
185369.1350966193
185424.39009667077
185480.9900967235
185703.56009693077
185916.87509712944
186065.71509726805
186342.63009752595
186755.1200979101
186915.1050980591
187087.1150982193
187471.2950985771
187780.55509886512
187923.03509899782
188087.80009915127
188206.4950992618
188459.2300994972
188516.5650995506
188721.57509974152
188875.50009988487
189006.15010000655
189174.6801001635
189588.84510054922
189822.44010076678
189908.575100847
190153.5101010751
190194.05010111287
190263.4601011775
190516.78010141343
190719.60010160232
190801.45510167856
190997.85010186146
191068.7701019275
191145.71010199917
191306.9151021493
191374.26010221202
191513.1801023414
191613.81010243512
191671.10010248848
191940.83010273968
192026.48510281945
192205.08010298578
192270.0501030463
192338.07010310964
192516.96010327624
192587.96510334237
192778.07510351943
192994.86510372133
193821.00010449073
193900.44510456471
194011.15010466782
194142.93510479055
194284.22010492213
194521.01510514267
194723.58010533132
194968.87010555976
195069.7451056537
195183.29510575946
195235.6151058082
195430.10010598932
195510.1751060639
195619.30510616553
195679.56510622165
195742.72510628047
195807.84510634112
196019.20010653796
196290.72510679084
196370.360106865
196487.2851069739
196559.32010704099
196666.67510714097
196817.045107281
197047.32510749548
197167.10510760703
197302.99010773358
197439.00510786026
197645.77010805282
197903.26510829263
197972.99510835757
198084.57010846148
198188.89510855865
198335.6151086953
198416.76510877087
198480.73510883044
198541.63510888716
198605.22510894638
198852.05010917626
199148.63510945247
199204.1801095042
199443.12010972673
199625.35010989645
200200.95511043252
200493.66011070512
200767.0051109597
200811.60011100123
200957.6951111373
201136.6001113039
201421.75011156948
201497.94011164043
201768.24511189217
201834.50011195388
201910.91011202504
201994.98511210334
202136.30511223496
202405.70011248585
202595.22011266235
202723.44511278177
202789.10011284292
202911.10511295655
203005.7751130447
203191.68011321785
203468.3201134755
203525.61011352885
203638.77011363424
203821.10011380404
203925.5251139013
204022.08011399122
204108.5051140717
204182.1551141403
204276.330114228
204339.37011428672
204408.87011435145
204489.7851144268
204661.61011458683
204789.9001147063
204855.79011476767
204923.20011483046
205063.74511496135
205259.31011514348
205333.1951152123
205613.84011547366
205750.2501156007
205889.5151157304
205973.11511580826
206090.31511591742
206189.80511601007
206319.31011613068
206459.08511626086
206539.26011633553
206938.3301167072
207002.21011676668
207310.77011705405
207357.25511709735
207566.22511729196
207661.2751173805
207748.72011746193
207945.80011764547
208264.12511794193
208397.96011806658
208450.32011811534
208531.51011819096
208735.61511838104
208831.17011847004
208966.1151185957
209060.1651186833
209235.5001188466
209593.55511918006
209800.48011937278
209945.82011950813
210105.09511965647
210266.2851198066
210460.23011998722
210788.49012029293
210989.96512048057
211063.72012054926
211173.89012065186
211309.5301207782
211442.5651209021
211572.5101210231
211757.075121195
211905.1451213329
211971.68012139486
212148.26012155932
212235.8601216409
212492.97512188036
212563.41512194596
212665.1451220407
212908.09512226697
212977.95512233203
213081.9701224289
213210.915122549
213341.36512267048
213472.44012279256
213559.0451228732
213672.26512297866
213843.0351231377
214107.4001233839
214271.75512353698
214451.6201237045
214610.28512385226
214861.8101240865
214948.0201241668
215187.9051243902
215224.53512442432
215551.61012472893
215772.2251249344
216171.7601253065
216364.6051254861
216465.52512558008
216546.55512565555
216598.13012570358
216685.1201257846
216743.06012583856
216815.63012590614
216941.40012602328
217031.8501261075
217146.91512621468
217252.56512631307
217429.94012647826
217831.74512685247
218003.49512701243
218096.2301270988
218165.36012716318
218489.13512746472
218598.78512756684
218825.01012777752
219007.9501279479
219110.64512804354
219147.87512807822
219275.3201281969
219530.23512843432
219684.49012857798
219848.62012873084
219942.24012881803
220008.33012887958
220074.08512894082
220287.01512913912
220324.66012917418
220453.1001292938
220520.61012935668
220856.0701296691
221016.64012981864
221089.43012988643
221170.53012996196
221263.4601300485
221588.33513035107
221832.27013057825
222040.18013077189
222151.08513087517
222424.0501311294
222506.01513120573
222611.89013130433
222654.6901313442
222724.53013140924
223166.4501318208
223298.11013194342
223438.60013207427
223651.3351322724
223747.6451323621
223833.29513244185
223968.735132568
224132.4801327205
224224.68013280636
224507.1251330694
224657.70013320964
224772.68013331672
224827.89013336814
224918.85013345286
224985.22013351467
225152.69513367064
225510.2201340036
225644.71513412887
225735.51513421343
225810.48013428325
226178.70013462618
226275.28513471613
226387.20013482036
226562.5951349837
226746.01013515453
226974.155135367
227150.19513553096
227273.11013564543
227456.5701358163
227522.3001358775
227697.50013604067
227803.21513613913
228122.68013643665
228318.01013661857
228448.7051367403
228489.5101367783
228563.6101368473
228624.67013690417
228779.89513704873
228986.91013724153
229239.28013747657
229439.80513766332
229693.2951378994
229756.01513795782
230057.64513823873
230119.4651382963
230243.1401384115
230349.52513851057
230476.08013862843
230611.09513875417
230721.0801388566
230815.43513894448
230904.43013902736
231016.27513913153
231225.3201393262
231468.04013955226
231571.915139649
231796.90013985854
231851.36013990926
231920.870139974
232227.3101402594
232325.48514035082
232466.08514048177
232685.12514068576
232789.16014078265
232911.05014089617
232980.60514096095
233061.81014103658
233122.0701410927
233166.9401411345
233328.0151412845
233397.24514134898
233479.06014142517
233540.34514148225
233630.50514156622
233761.74514168844
233866.13014178566
234022.35014193115
234122.2751420242
234220.17014211538
234365.60514225083
234753.78514261235
234891.88514274097
234943.8801427894
234999.34014284104
235119.7651429532
235392.5001432072
235476.74514328566
236014.07014378608
236417.99014416226
236499.4101442381
236602.7051443343
236730.5851444534
236909.66014462017
236995.04014469968
237087.35514478566
237154.3851448481
237483.35014515446
237590.69014525443
237646.060145306
237761.8101454138
237862.02014550712
237972.1651456097
238208.29514582962
238330.5751459435
238509.7951461104
238993.78014656116
239257.88014680712
239347.56514689064
239441.09014697775
239598.0351471239
239689.2951472089
239758.71514727356
239872.84514737985
239973.10014747322
240089.56514758168
240555.84514801594
240673.1451481252
241151.89514857106
241236.26014864963
241452.67514885118
241612.98014900048
241685.23514906777
241738.43514911731
242296.82014963735
242710.02015002217
242796.0401501023
242860.7901501626
242973.59015026764
243205.07515048323
243373.25015063985
243446.03015070764
243509.47015076672
243959.8801511862
244174.65015138622
244255.75515146175
244355.11015155428
244456.78015164897
244628.44515180885
244893.02015205525
244938.89015209797
245165.01515230857
245312.60515244602
245526.64515264536
245632.47515274392
245852.62015294895
245973.31515306135
246121.73015319958
246237.63015330752
246377.21515343752
246498.06015355006
246588.55515363434
246689.52515372838
246964.93515398487
247121.64015413082
247335.64015433012
247396.87015438714
247471.0251544562
247558.4101545376
247734.92515470198
248022.46015496977
248143.8201550828
248214.96015514905
248330.62515525677
248539.41515545122
248587.54515549605
248795.79515569
249234.67515609873
250020.67515683075
250234.74015703012
250503.97515728086
250570.22515734256
250755.8151575154
250931.2551576788
251029.0851577699
251154.61515788682
251222.71015795023
251330.18015805032
251502.1551582105
251635.61015833478
251702.5251583971
251818.84015850542
251940.40015861864
252009.88515868335
252050.97515872162
252152.5251588162
252244.8901589022
252315.50515896798
252479.20015912043
252938.300159548
253408.23015998566
253524.84016009426
253598.95016016328
253693.5601602514
254111.0451606402
254346.65016085963
254485.53016098897
254589.36516108568
254676.86516116717
254814.7601612956
254953.6101614249
255175.62516163167
255234.10516168614
255324.85516177065
255375.61516181793
255421.62016186077
255544.10016197484
255631.63016205636
255697.04016211728
255999.18516239867
256120.74016251188
256286.6601626664
256538.30016290076
256594.09516295273
256996.10516332713
257092.98016341735
257178.95016349741
257321.15516362985
257471.0901637695
257612.23516390094
257696.85016397975
257768.15516404615
257847.07016411965
258226.65516447317
258372.6001646091
258521.71516474796
258712.16516492533
258873.46016507555
259133.6801653179
259258.64016543428
259606.50016575825
259839.91516597563
259957.0301660847
260116.82516623352
260459.9551665531
260600.54016668402
260656.59016673622
260820.79516688915
260871.03016693593
261099.67016714887
261219.99016726093
261347.36516737955
261519.71516754007
261564.60016758187
261691.0201676996
262117.91516809718
262338.0301683022
262374.84516833647
262443.4951684004
262549.18016849883
262742.48516867886
262884.0451688107
262940.0101688628
263259.38016916026
263485.5501693709
263865.4751697247
264037.3251698848
264404.08017022634
264500.4851703161
264617.98517042556
264815.6901706097
264969.08517075254
265187.91017095634
265291.3451710527
265395.58517114975
265588.4701713294
265801.5251715278
265926.0801716438
266042.8001717525
266095.33517180145
266177.06017187756
266427.4901721108
266740.13017240196
266932.53517258115
267023.3301726657
267248.2651728752
267497.02017310687
267843.16017342923
267902.5801734846
267942.72017352196
268052.4001736241
268148.0951737132
268348.57517389994
268447.80517399235
268552.5201740899
268693.9801742216
268917.3251744296
269044.2301745478
269257.39517474634
269562.77017503075
269988.1351754269
270052.74017548707
270166.87017559336
270341.2601757558
270497.38017590117
270546.0301759465
270636.1601760304
270791.5251761751
271025.8901763934
271109.5601764713
271465.1701768025
271773.08517708926
271890.3801771985
272016.9551773164
272092.07017738634
272221.4151775068
272314.25517759327
272373.030177648
272463.5251777323
272567.395177829
272710.4801779623
272764.950178013
272971.8651782057
273246.8201784618
273299.7451785111
273460.8601786611
273538.08517873305
273598.8101787896
273793.10017897055
273940.685179108
274056.0051792154
274189.30017933954
274298.4451794412
274411.2101795462
274589.7501797125
274683.8251798001
274757.1901798684
274849.97017995483
274893.37017999525
275033.5701801258
275472.925180535
275599.8051806532
275732.9551807772
276025.74518104986
276096.15518111543
276628.11018161086
277075.00518202706
277159.9551821062
277265.67018220463
277318.695182254
277419.11018234753
277609.0451825244
277732.3051826392
277996.210182885
278115.13518299576
278185.6051830614
278449.29018330696
278575.5051834245
278630.2751834755
278743.4301835809
278917.510183743
279052.62518386886
279159.6351839685
279392.11018418503
279504.6051842898
279572.8951843534
279609.1851843872
279719.84518449026
279837.0351845994
279971.20518472436
280148.6551848896
280462.2801851817
280569.7851852818
280605.15018531476
280676.20018538093
281051.9751857309
281149.62018582184
281210.3501858784
281399.50518605456
281505.3101861531
281708.3801863422
281764.8601863948
282007.01018662035
282287.26518688136
282355.22018694464
282437.25018702104
282492.33518707234
282632.35018720274
282674.1651872417
282769.82018733077
282919.92518747057
283271.0801877976
283358.0351878786
283537.41518804565
283608.28518811165
283714.975188211
283795.1401882857
283965.0101884439
284242.6851887025
284395.34018884465
284901.73018931627
285081.87518948404
285313.61018969986
285430.52018980874
285572.8751899413
285646.13019000954
285821.4151901728
285915.09519026004
286204.4151905295
286271.3201905918
286360.1001906745
286415.5351907261
286569.8101908698
286735.9351910245
286816.1201910992
286878.78019115754
286983.415191255
287095.4351913593
287422.1651916636
287511.2951917466
287562.8051917946
287677.55519190145
288027.9601922278
288277.12519245985
288365.6701925423
288613.74519277335
288818.5601929641
288885.73019302665
289094.405193221
289289.56019340275
289396.30019350216
289595.0701936873
289719.2101938029
290061.26019412145
290224.24019427324
290374.5501944132
290472.010194504
290578.60519460327
290949.2651949485
291060.67519505223
291153.2151951384
291211.1651951924
291331.37019530433
291451.7051954164
291606.1101955602
291945.76019587653
292047.7251959715
292210.1051961227
292415.470196314
292520.14519641147
292680.63019656093
293078.010196931
293295.5501971336
293420.8151972503
293464.1901972907
293797.0801976007
294203.1401979789
294261.09519803285
294614.6051983621
294732.44519847183
294866.91019859706
295128.1001988403
295394.040199088
295555.1901992381
295671.2601993462
295792.98019945953
295843.975199507
295936.35019959306
296233.5051998698
296462.6102000832
296616.9152002269
296668.2352002747
297021.3352006035
297124.33520069945
297265.63520083105
297385.2752009425
297488.6852010388
297549.070201095
297783.63020131347
298126.4852016328
298314.35520180775
298372.03020186146
298532.0402020105
298840.0002022973
298966.4752024151
299062.3052025043
299101.9252025412
299193.7102026267
299397.44020281645
299528.1402029382
299649.275203051
299932.9552033152
299991.01020336925
300133.61020350206
300503.5652038466
300723.4552040514
300817.495204139
300855.5152041744
300962.51520427404
301156.99520445516
301287.77020457695
301359.9752046442
301489.9252047652
301551.5152048226
301908.6252051552
302290.0202055104
302451.47520566074
302542.11020574515
302577.45520577807
302723.05520591367
302973.12020614656
303187.00020634575
303248.73520640325
303479.06520661776
303528.98020666424
303638.73020676646
304043.54520714347
304228.22520731547
304300.35520738264
304430.48020750383
304685.0252077409
304730.28520778305
304771.53020782146
305461.59520846413
305599.69020859274
305758.62020874076
305831.6952088088
306058.0352090196
306108.87520906696
306205.41520915687
306421.32520935795
306508.7602094394
306879.5252097847
307002.1702098989
307198.06021008134
307293.8852101706
307354.82521022734
307932.8602107657
308010.87021083833
308063.18521088705
308163.7352109807
308253.7352110645
308557.85521134775
308652.8102114362
308814.0002115863
309008.1552117671
309058.42521181394
309227.34521197126
309343.18021207914
309581.01021230064
309660.5652123747
309724.67021243443
309892.8952125911
310064.5052127509
310129.2152128112
310281.97521295346
310415.8252130781
310568.19021322
310646.71021329315
310851.2902134837
311128.5502137419
311235.33021384134
311381.2852139773
311905.13021446514
312074.1102146225
312131.9502146764
312306.555214839
312430.8102149547
312631.9852151421
312873.7152153672
312947.96521543636
313146.0152156208
313672.6952161113
313732.32521616685
314011.37521642674
314131.42021653854
314260.84021665907
314345.63021673803
314428.45021681517
314717.78521708463
314815.96521717607
314899.82021725416
315056.91521740047
315103.8952174442
315268.2752175973
315314.68021764053
315408.7202177281
315522.6352178342
315648.4952179514
315841.04021813074
316052.56521832774
316125.0102183952
316395.6702186473
316503.65021874785
316750.06021897733
316968.4352191807
317127.06521932845
317224.7302194194
317270.07521946164
317395.39521957835
317642.2002198082
317778.6802199353
317957.2452201016
318099.2052202338
318255.3102203792
318346.86022046447
318411.5302205247
318492.4602206001
318636.0302207338
318866.29522094823
318934.770221012
319046.2452211158
319209.15022126754
319287.66522134066
319397.37022144283
319680.30022170633
320423.68022239866
320507.0652224763
320632.52022259316
320781.2802227317
320883.5302228269
321093.25522302225
321155.3402230801
321286.31522320205
321454.1902233584
321541.5802234398
321649.58022354037
321710.54522359715
322145.0502240018
322290.5502241373
322747.01522456243
322809.9852246211
323103.1202248941
323304.890225082
323344.1902251186
323491.9202252562
323622.3152253776
323751.4852254979
323877.88522561564
324080.135225804
324472.21022616915
324750.9002264287
324901.4452265689
324951.30022661533
325001.7052266623
325084.4902267394
325277.82522691943
325485.49022711284
325568.4702271901
325654.3352272701
325712.82522732456
325848.10522745055
325903.72022750234
326147.5502277294
326400.32022796484
326646.31022819394
326884.36022841564
327096.63522861333
327139.7852286535
327220.1802287284
327346.8902288464
327561.8302290466
327718.78522919276
328115.230229562
328222.90522966225
328354.99022978527
328450.7252298744
328534.6502299526
328951.4952303408
329080.9602304614
329325.97023068956
329539.5602308885
329597.3452309423
329767.0852311004
330008.5602313253
330262.9302315622
330312.8952316087
330502.5852317854
330697.0752319665
330779.5602320433
330853.6252321123
330919.93523217406
331017.605232265
331306.48023253406
331404.5652326254
331496.64023271116
331693.5852328946
331963.8502331463
332054.9452332311
332118.76523329056
332251.7602334144
332411.44023356313
332657.7502337925
332771.70023389865
332822.28023394576
333003.42023411446
333118.0452342212
333415.230234498
333477.36523455585
333604.4402346742
333806.4952348624
333904.94023495406
334032.660235073
334235.6702352621
334281.3102353046
334467.500235478
334681.9302356777
335027.9302359999
335116.10523608205
335258.91023621504
335465.41523640737
335587.3202365209
335671.04023659887
335807.3252367258
335990.44523689634
336141.44023703696
336326.87023720966
336386.9352372656
336463.78023733717
336651.6002375121
336698.39023755566
336942.1602377827
337459.3002382643
337508.5702383102
337703.3152384916
337770.50523855415
337854.105238632
338022.63023878896
338108.20523886866
338197.675238952
338262.2052390121
338329.29023907456
338503.65523923695
338609.21023933525
338911.3052396166
338992.8852396926
339145.65523983486
339275.0752399554
339400.36024007207
339459.61524012726
339727.0052403763
339793.280240438
339923.27024055907
340065.5452406916
340143.6152407643
340347.0852409538
340558.6152411508
340842.0252414147
340961.57024152606
341005.8452415673
341229.78024177585
341401.2302419355
341759.76024226943
341821.9852423274
341885.73524238676
341949.8002424464
342052.6552425422
342340.13024280994
342443.32024290605
342543.7652429996
342626.82024307695
342846.40024328145
342959.16024338646
343088.6652435071
343177.5202435898
343253.2102436603
343531.11524391914
343580.61524396524
343737.6552441115
343945.60524430516
344254.92524459324
344714.9802450217
344819.1152451187
345187.28524546156
345244.670245515
345427.46524568525
345496.5652457496
345557.4352458063
345615.8502458607
345800.5252460327
346062.0152462762
346179.1152463853
346288.8702464875
346347.97524654254
347126.4752472676
347216.62024735153
347254.9352473872
347355.05024748045
347493.9302476098
347550.57524766255
347671.59524777526
347747.565247846
347810.22024790436
348037.3752481159
348663.5552486991
348750.2152487798
348830.38024885446
349277.1002492705
349399.8502493848
349483.6852494629
349692.5252496574
349791.46024974954
349955.0602499019
350124.2702500595
350277.8352502025
350468.3052503799
350574.3102504786
350787.9802506776
351179.84025104257
351348.0152511992
351420.34525126655
351504.97025134537
351898.645251712
352319.28025210375
352391.7902521713
352599.1452523644
353027.5852527634
353080.4302528126
353125.3752528545
353198.3752529225
353279.6952529982
353355.9402530692
353511.400253214
353767.3752534524
353827.3752535083
353919.03525359364
354292.005253941
354386.33025402884
354450.2802540884
354561.1002541916
354661.5952542852
354912.2252545186
355109.84525470267
355205.07025479135
355306.42025488574
355516.7052550816
355665.9602552206
355769.4002553169
356046.8502555753
356105.61025563005
356191.42525570997
356684.26525616896
356764.37025624356
356824.8652562999
356937.35025640466
357003.27025646606
357046.74525650655
357339.5002567792
357624.905257045
357720.42525713396
357928.2652573275
357993.02525738784
358098.36025748594
358165.5202575485
358304.00025767746
358494.9752578553
358546.89525790367
358607.9102579605
358851.7652581876
358920.5102582516
359096.32525841537
359342.64525864477
359411.1852587086
359520.00525880995
359596.8552588815
359684.7552589634
359718.720258995
359895.4352591596
360229.1402594704
360294.70525953145
360379.4002596103
360517.9852597394
360625.4902598395
360700.6602599095
361075.7752602589
361209.7052603836
361268.80526043865
361352.25526051637
361573.4802607224
361693.60026083427
361809.86026094254
361931.42526105576
362122.9352612341
362288.88526138867
362474.8852615619
362528.93026161223
362763.4102618306
362909.1252619663
363018.99026206863
363130.1152621721
363334.0802623621
363478.68526249676
363658.1602626639
363821.2402628158
363909.45026289794
363959.07526294416
364029.41026300966
364103.2102630784
364356.23026331404
364597.73526353895
364759.23526368936
365137.05026404123
365206.4052641058
365445.44526432845
365581.83526445547
365675.22026454244
365732.9252645962
365881.4252647345
366020.0752648636
366139.0602649744
366204.0052650349
366443.90526525833
366863.22526564886
367050.9752658237
367158.9952659243
367228.1252659887
367552.9302662912
367623.8802663573
367950.7502666617
368100.69526680134
368222.79526691505
368349.0102670326
368471.12526714633
368616.63026728184
368811.3752674632
368879.6552675268
369067.92526770214
369185.1052678113
369620.3302682166
369753.10526834027
369865.17026844464
370052.3052686189
370249.6652688027
370309.72526885866
370714.07026923524
370879.190269389
370993.6452694956
371122.3902696155
371185.5902696744
371336.87026981526
371452.2102699227
371732.95027018414
371826.4552702712
371875.00527031644
372042.75527047267
372153.1752705755
372330.93527074106
372523.68527092057
372621.3202710115
372684.5402710704
372754.85027113586
372930.9102712998
373041.21027140255
373253.70027160045
373532.89527186047
373744.81027205783
373993.9002722898
374243.8702725226
374330.8352726036
374644.82527289604
374760.2002730035
374832.4902730708
374871.5402731072
375066.39027328865
375110.1152733294
375336.32027354004
375503.9052736961
375597.6052737834
375758.7802739335
375807.47527397884
375870.96527403797
376156.8402743042
376326.1402744619
376566.9952746862
376737.35527484486
376884.0902749815
376979.58027507045
377090.2402751735
377436.8552754963
377574.56027562456
377639.9902756855
377748.05527578614
377829.9152758624
378052.1202760693
378217.7552762236
378310.55027631
378657.65027663327
378823.84527678805
378901.28027686017
378966.0302769205
379032.115276982
379109.2052770538
379143.92027708614
379250.060277185
379390.750277316
379498.81527741667
379533.6702774491
379622.630277532
379848.00027774187
379903.25527779333
380051.7352779316
380249.78027811606
380294.785278158
380347.9652782075
380445.7552782986
380538.8852783853
380629.44027846964
380694.3452785301
380755.5552785871
380848.59027867374
381001.49527881615
381066.9652788771
381265.6802790622
381458.4002792417
381625.7152793975
381770.4552795323
381896.9702796501
382049.68527979235
382440.5552801564
382497.99028020987
382706.8902804044
382878.95528056467
382977.2352806562
383136.3402808044
383188.07528085256
383430.4402810783
383643.85528127704
383721.0302813489
383911.0902815259
383970.94528158166
384059.5852816642
384141.2802817403
384240.6902818329
384667.34528223024
385102.9252826359
385283.3352828039
385346.28528286255
385396.12028290896
385506.39528301166
385603.7952831024
385732.20028322196
385944.7452834199
386129.26028359175
386205.08028366236
386359.59028380626
386497.6002839348
386710.5102841331
386900.00028430956
387021.75528442295
387311.54028469283
387631.9852849913
387862.7902852062
387966.2952853026
388105.17028543196
388175.83028549777
388290.48528560455
388514.315285813
388611.86528590386
388952.68528622127
389267.6502865146
389386.02528662485
389463.67028669716
389631.3002868533
389711.9452869284
389976.14528717444
390100.7552872905
390218.18028739985
390522.81528768357
390668.4502878192
390920.590288054
391144.59028826264
391446.705288544
391671.18528875307
391789.15528886294
391838.0502889085
392015.0352890733
392078.23028913216
392436.44028946577
392664.9602896786
392765.7102897724
393076.9902900623
393410.75029037317
393561.8752905139
393750.56029068964
393963.4452908879
394124.9252910383
394192.0402911008
394534.0502914193
394627.2052915061
394818.4402916842
394883.70529174496
395035.0402918859
395105.5652919516
395228.9652920665
395397.05029222305
395578.7652923923
395834.82029263076
395898.90529269044
395997.7602927825
396071.48529285117
396143.9852929187
396203.6702929743
396283.915293049
396458.5052932116
396547.1602932942
396666.7952934056
396807.4752935366
396882.01529360603
396944.73029366444
396998.9052937149
397180.19029388373
397369.7552940603
397742.44029440737
397993.275294641
398205.11029483826
398420.5252950389
398654.67029525695
398751.365295347
398873.0502954603
399041.01029561675
399084.62029565737
399152.55029572063
399394.70529594616
399530.0202960722
399806.82529633
399868.4802963874
399966.44529647863
400057.4702965634
400118.82529662055
400345.2502968314
400446.2802969255
400521.3502969954
400701.11029716284
400850.81529730227
401232.1402976574
401370.05029778584
401521.0502979265
401763.79029815254
401834.33029821824
401943.41529831983
402052.6052984215
402103.85529846925
402185.220298545
402323.30529867363
402577.09529891
402663.9452989909
402816.7652991332
402900.5052992112
403094.3202993917
403373.4702996517
403471.07029974257
403575.9052998402
403646.62529990607
403732.9002999864
404161.3053003854
404349.880300561
404434.1203006395
404499.49030070036
404568.0353007642
404686.2303008743
404797.5103009779
404948.0053011181
405078.1553012393
405186.4003013401
405278.14030142553
405470.2053016044
405581.79530170833
405822.76030193275
406125.88530221506
406216.7903022997
406343.9853024182
406474.0503025393
406555.14030261483
406814.0003028559
406909.70530294505
406992.27530302195
407143.745303163
407221.21530323516
407530.3853035231
407724.0953037035
407866.8953038365
407984.82530394633
408052.29030400916
408167.015304116
408251.4303041946
408378.8253043133
408702.54530461476
408781.98530468874
409001.05030489276
409546.4503054007
409999.0303058222
410101.4753059176
410165.63530597737
410239.2103060459
410556.89030634175
410657.6403064356
410737.60530651006
410899.39030666073
411053.0103068038
411108.9803068559
411240.4703069784
411461.50530718424
411531.1453072491
411600.3003073135
411658.785307368
411863.5003075586
411904.8253075971
411989.3303076758
412039.0553077221
412090.10030776967
412188.5153078613
412244.60530791356
412358.1253080193
412451.5753081063
412668.42030830827
412860.7653084874
413032.2653086471
413139.68030874716
413376.20530896744
413479.6853090638
413591.4653091679
413682.88030925306
413792.8653093555
413845.2603094043
413976.3653095264
414219.4803097528
414479.7403099952
414562.9853100727
414632.81031013775
414681.66531018325
414878.2203103663
414927.89031041256
415096.2653105694
415251.1503107136
415342.3703107986
415410.9903108625
415604.3803110426
415964.2903113778
416014.8803114249
416069.8603114761
416237.4753116322
416295.27531168604
416569.6603119416
416658.3903120242
416771.18031212926
416826.58531218086
417044.52031238383
417150.7003124827
417283.15031260607
417405.4003127199
417676.3653129723
417869.9753131526
417969.80031324556
418068.2203133372
418416.3253136614
418522.66531376046
418784.8203140046
418835.34031405166
418928.31031413825
418982.84531418903
419208.22531439894
419422.79531459877
419773.8603149257
420092.34031522233
420221.3753153425
420310.34531542537
420395.91031550505
420480.7703155841
420581.5153156779
420736.1103158219
421061.3453161248
421526.1953165577
421631.3953166557
421711.2703167301
421769.9103167847
421980.0353169804
422037.45531703386
422138.46531712794
422229.73031721293
422284.09031726356
422557.6253175183
422614.8203175716
422730.8053176796
422856.6503177968
423079.71531800454
423432.87031833344
423667.58531855204
423784.1353186606
424122.98031897616
424179.2853190286
424332.35531917115
424853.0603196561
424932.87531973043
425082.8703198701
425274.23032004834
425444.1453202066
425769.45532050956
425908.1353206387
425967.22032069374
426114.32032083074
426262.6953209689
426475.1353211668
426753.09032142564
427202.5003218442
427297.79032193293
427455.3953220797
427533.08532215207
427731.3153223367
428182.56032275694
428242.18532281247
428402.2053229615
428489.2103230425
428526.58532307734
428611.2753231562
428926.2003234495
428999.2953235176
429457.4703239443
429624.18532409956
429794.5253242582
430055.93532450165
430204.09532463964
430527.7953249411
430665.9603250698
430810.10532520403
430936.81532532204
430997.49532537855
431261.6103256245
431476.26032582443
431934.7203262514
432287.26532657974
432382.85032666876
432585.8553268578
432718.05532698095
432802.8503270599
432980.6203272255
433072.48532731103
433223.16032745136
433408.6153276241
433759.5503279509
433879.50532806263
433960.7353281383
434244.5703284026
434389.910328538
434527.7703286664
434722.8853288481
434903.98032901675
434983.74032909103
435048.5803291514
435263.4303293515
435436.2103295124
435513.31032958423
435715.50032977253
435844.69032989285
436091.7153301229
436218.33533024084
436268.985330288
436348.3503303619
436425.9653304342
436475.7603304806
436891.2353308675
437068.1603310323
437126.4553310866
437243.0653311952
437373.2253313164
437499.7303314342
437577.69033150683
437728.7603316475
437956.90533186
438082.68533197715
438289.6553321699
438430.430332301
438466.940332335
438638.9653324952
438910.41533274803
438989.99533282215
439047.11533287534
439312.2003331222
439528.81033332396
439648.72533343564
439918.7203336871
439971.50033373624
440312.20033405354
440733.01533444546
441234.3653349124
441286.62033496104
441419.8503350851
441562.37533521786
442358.77533595957
442399.7303359977
442555.9203361432
442803.775336374
442887.26533645176
443117.35033666604
443530.9303370512
443621.8553371359
443723.26533723035
443926.2503374194
444454.4153379113
444744.1303381811
445126.6253385373
445210.7553386157
445272.9553386736
445386.70533877955
445636.1003390118
445709.15033907985
445870.0353392297
446072.42033941817
446311.2303396406
446394.43533971807
446454.8053397743
446586.1303398966
446656.325339962
446728.04534002877
446880.09034017037
446988.93534027174
447190.6253404596
447528.37534077413
447594.5603408358
447664.1453409006
447743.34534097434
447858.69534108177
447924.7503411433
448064.18034127314
448242.12534143886
448328.0753415189
448472.32534165325
448822.03034197894
448910.72534206155
449072.5153422122
449177.0853423096
449272.69534239866
449371.0203424902
449478.01034258987
449998.87034307496
450097.32034316665
450276.7703433338
450396.67534344544
450509.10534355015
450570.6703436075
450836.6653438552
450969.3603439788
451018.5353440246
451183.8803441786
451268.5153442574
451373.7353443554
451458.0453444339
451790.07534474315
451861.4003448096
452114.2753450451
452206.2003451307
452265.1303451856
452306.1753452238
452377.3403452901
452457.7053453649
452504.44534540846
452658.2603455517
452785.88034567056
452919.0353457946
453133.9153459947
453430.3953462708
453723.6403465439
453842.1553466543
454176.58534696576
454373.8653471495
454528.87534729386
454599.9803473601
454652.4203474089
454767.5203475161
454919.70034765784
455034.9953477652
455139.7653478628
455292.2253480048
455385.39034809155
455450.03534815175
455706.3853483905
455809.50534848653
455941.93034860987
456087.2153487452
456182.32034883375
456329.4653489708
456516.34534914483
456639.74534925976
456706.22034932167
456980.1453495768
457082.33034967195
457322.31034989544
457450.73035001504
457612.99035016616
457700.5453502477
457764.27535030706
457875.1103504103
457950.6053504806
458022.60035054764
458106.9703506262
458171.4653506863
458229.31035074015
458289.86035079655
458408.2303509068
458608.7403510935
458677.0903511572
458739.2853512151
458942.4103514043
459062.8953515165
459283.4753517219
459395.6353518264
459505.9253519291
459640.045352054
459751.4053521577
459827.6053522287
459944.73535233777
460012.79035240115
460082.6253524662
460236.01535260904
460283.5603526533
460375.20035273867
460490.51535284607
460627.7753529739
460679.1053530217
460796.20535313076
460971.9353532944
461215.17535352096
461353.88535365014
461489.83535377675
461632.31035390944
461686.7903539602
461753.23035402206
461832.99035409634
461914.0953541719
461979.0953542324
462252.8903544874
462306.83535453764
462433.920354656
462508.18535472517
462795.9903549932
462971.26535515644
463088.65035526577
463172.83035534417
463734.3253558671
463860.11035598424
464012.58535612625
464082.18535619107
464232.3103563309
464307.52535640093
464530.04535660817
464629.87535670114
464700.0353567665
464799.10535685875
464937.8053569879
465181.7003572151
465309.0953573337
465631.04035763355
465816.5553578063
465868.5253578547
466064.7603580375
466350.11035830324
466588.4353585252
467011.6253589193
467149.65035904787
467449.73035932734
467725.89535958454
467846.92535969726
467891.4203597387
467993.1003598334
468186.3053600133
468247.6153600704
468335.15036015195
468600.8203603994
468964.23536073783
469072.68536083883
469239.36536099407
469404.27536114765
469489.5803612271
469650.6503613771
469846.43536155944
469992.59036169556
470058.570361757
470347.2053620258
470399.63536207465
470474.47036214435
470580.370362243
470669.8103623263
470726.8503623794
470848.4803624927
470960.14036259666
471166.7553627891
471335.93036294664
471453.5353630562
471592.3953631855
471872.0053634459
471948.2303635169
472119.3003636762
472234.6203637836
472475.6703640081
472551.9903640792
472686.71036420466
472743.29536425736
472814.78536432394
472868.0903643736
472949.8303644497
473073.7603645651
473207.7603646899
473755.48536520003
473991.08536541945
474077.42536549986
474289.90036569774
474377.8103657796
474529.47036592086
474593.76536598074
474676.8603660581
475108.9253664605
475254.33036659594
475440.32036676916
475517.5903668411
475620.8853669373
475683.920366996
476058.5453673449
476135.940367417
476207.3453674835
476283.82536755473
476506.85536776244
476613.4103678617
476683.26536792674
476847.35036807955
476951.15536817623
477043.6003682623
477151.65036836296
477295.8703684973
477436.1353686279
477790.2253689577
477883.3153690444
477967.14036912244
478241.8953693783
478326.4703694571
478449.48536957166
478605.79036971723
478790.230369889
478895.0403699866
478942.43537003075
479014.620370098
479181.8053702537
479320.1153703825
479383.4403704415
479620.80037066253
479890.4953709137
480076.4753710869
480159.42537116416
480239.780371239
480343.8253713359
480387.0153713761
480574.74037155096
480629.8553716023
480867.7103718238
480963.32037191285
481057.1303720002
481292.5653722195
481479.7403723938
481563.1503724715
481618.73037252325
481723.695372621
481864.6503727523
481987.5953728668
482114.2003729847
482311.09537316806
482395.0053732462
482472.67037331854
482740.81037356827
482902.37537371874
483368.670374153
483437.1903742168
483551.90537432366
483809.3403745634
483863.39037461375
484073.2353748092
484224.6453749502
484474.98537518334
484705.2403753978
484866.0253755475
484921.24037559895
485209.74537586764
485324.1553759742
485533.90037616953
485615.7753762458
485801.1103764184
486020.7153766229
486079.4303766776
486165.0053767573
486339.31537691964
486639.77537719946
486740.90037729364
486871.04537741485
487071.8103776018
487184.5403777068
487261.9653777789
487365.07037787494
487493.1053779942
487746.9503782306
487820.425378299
487910.1353783826
488103.49537856266
488218.5553786698
488289.45537873585
488359.6303788012
488616.3453790403
488715.83537913294
488883.77537928935
488944.5203793459
489012.1303794089
489165.21537955146
489373.1403797451
489466.40537983197
489516.42037987855
489720.3003800684
490008.1153803365
490115.6053804366
490164.2903804819
490371.3653806748
490520.4453808136
490654.8603809388
490763.3903810399
490921.5753811872
491127.7153813792
491542.13038176514
491625.26038184256
491725.34038193576
491782.7203819892
491907.56038210547
492030.4153822199
492122.62538230576
492302.59038247337
492452.6453826131
492522.88538267853
492571.34038272366
492791.77038292895
492910.62538303965
493007.82038313017
493097.35538321355
493156.86038326897
493372.3153834696
493547.3303836326
493633.9853837133
493821.3053838878
493873.04038393596
493959.5253840165
494040.1253840916
494146.2103841904
494283.39038431813
494336.5903843677
494541.55538455857
494644.3353846543
494900.8653848932
495237.3503852066
495378.2553853378
495658.2953855986
495822.6603857517
496230.9003861319
496291.6953861885
496415.4903863038
496482.65038636635
496744.1553866099
496921.82538677537
497008.91038685647
497089.50538693153
497471.7103872875
497644.11538744805
497808.71538760135
497960.6903877429
498199.76038796554
498411.96038816316
498548.4853882903
498869.7503885895
499022.03538873134
499193.54038889107
499271.67538896383
499525.5953892003
499633.7903893011
499867.18038951844
499995.540389638
