83.06499999999694
309.7649999997908
384.38999999972293
544.884999999577
916.6199999992389
980.209999999181
1174.8150000024332
1487.8350000092657
1663.4400000130988
1723.7500000144153
1868.050000017565
2223.395000025321
2356.5500000282277
2801.3050000379358
2858.1550000391767
3283.730000048466
3626.1500000559404
3786.295000059436
3903.8400000620018
3987.9000000638366
4074.3800000657243
4168.340000067775
4307.4600000708115
4406.145000072966
4578.440000076726
4623.995000077721
4818.465000081966
4883.2400000833795
5083.895000087759
5169.61000008963
5268.895000091798
5380.550000094235
5424.545000095195
5483.41000009648
5615.000000099352
5724.205000101736
5831.495000104078
6142.4550001108655
6290.915000114106
6362.910000115678
6693.35000012289
6808.030000125394
6895.000000127292
7027.78500013019
7081.690000131367
7344.675000137107
7542.940000141435
7981.150000151
8147.530000154632
8290.855000139778
8479.69500010955
8652.480000081892
8854.010000049633
8899.975000042275
9016.565000023613
9190.62999999575
9265.324999983794
9348.904999970415
9438.01499995615
9576.734999933946
9760.734999904493
9961.824999872304
10213.814999831968
10528.694999781565
10623.68499976636
10769.30499974305
11113.139999688012
11466.8049996314
11623.04999960639
11849.56999957013
12145.114999522822
12223.859999510218
12375.679999485916
12597.514999450406
12690.649999435498
12723.644999430217
12826.239999413794
12995.364999386722
13845.06499925071
13964.029999231667
14019.699999222756
14087.794999211856
14329.999999173086
14560.4349991362
14659.69999912031
14936.76499907596
15061.014999056071
15172.149999038282
15262.219999023864
15408.11499900051
15627.764998965351
15689.479998955472
16436.504998854994
16825.224998934187
16955.724998960774
17136.474998997597
17218.539999014316
17345.919999040267
17459.399999063386
17833.579999139616
18044.5649991826
18137.19999920147
18214.274999217174
18353.004999245437
18474.474999270184
18710.45999931826
18758.879999328125
18833.384999343303
18933.619999363724
18981.299999373437
19113.814999400434
19396.289999457982
19576.649999494726
19709.479999521787
19833.28499954701
19895.76499955974
19971.639999575196
20056.794999592545
20104.53999960227
20219.854999625764
20329.004999648
20560.87499969524
20727.399999729165
20772.2349997383
20834.894999751064
21052.599999795417
21175.839999820524
21303.23999984648
21361.40499985833
21433.36499987299
21495.934999885736
21720.5699999315
21878.199999963614
21969.859999982287
22129.185000014746
22428.585000075742
22571.835000104926
22708.970000132864
22749.080000141035
22872.290000166136
23057.425000203853
23107.105000213975
23182.990000229434
23371.12000026776
23448.07500028344
23528.29000029978
23622.72500031902
23662.955000327216
23714.290000337674
23790.075000353114
23897.725000375045
23966.13000038898
24033.340000402673
24139.135000424227
24207.92500043824
24409.81500047937
24482.730000494226
24936.330000586637
25135.38000062719
25284.02000065747
25375.680000676144
25442.395000689736
25588.430000719487
25713.095000744885
25764.80500075542
25825.550000767795
26077.955000819216
26217.975000847742
26331.39500087085
26438.1600008926
26836.34500097372
26874.840000981563
27122.155001031948
27308.01000106981
28114.840001234184
28190.640001249627
28375.75000128734
28550.980001323038
28678.500001349017
28788.145001371355
29035.345001421716
29347.99500148541
29429.71000150206
29520.710001520598
29556.46000152788
29629.2000015427
30002.270001618705
30159.37500165071
30334.60000168641
30432.37500170633
30565.625001733475
30807.98000178285
30891.300001799824
31087.57500183981
31156.860001853925
31319.140001886986
31579.71000194007
31907.335002006817
32407.010002108615
32533.53000213439
32649.61500215804
32701.670002168645
32812.48500215885
32951.30500208613
33072.980002022385
33294.7650019062
33470.01000181439
33645.29500172257
33777.5200016533
34139.69000146357
34252.53500140445
34775.80000113033
34916.055001056855
35300.55500085543
35670.540000661604
36078.75500044775
36502.72000022565
36810.630000064346
36901.10000001695
37047.81999994009
37570.12499966647
37655.729999621624
37750.24999957211
37868.434999510195
37987.05499944805
38068.72999940527
38135.54999937026
38328.664999269095
38408.474999227285
38478.739999190475
38551.47999915237
38635.35499910843
38720.309999063924
39036.14499889847
39137.09999884558
39263.60499877931
39383.28499871661
39491.014998660175
39645.23999857938
39710.12999854539
39797.79499849946
40031.21999837718
40214.309998281264
40342.104998214316
40516.5999981229
40691.714998031166
40794.19999797748
40888.85499792789
40969.379997885706
41046.65999784522
41233.56499774731
41276.39499772487
41395.33499766256
41474.91499762087
41527.88999759312
41643.899997532346
41708.724997498386
41796.29499745251
41863.35999741738
41954.989997369375
42249.379997215154
42363.14999715555
42467.51999710088
42521.84499707242
42603.04499702988
42947.15499684961
43033.809996804215
43225.57999670375
43364.959996630736
43447.19999658765
43700.45999645498
43766.00999642064
44157.47499621556
44553.619996008034
44707.19999592758
44795.32999588141
44849.08499585325
44915.9849958182
45044.009995751134
45103.47499571998
45247.00999564479
45375.20999557763
45524.19999549958
45644.63999543648
45768.3049953717
45903.324995300965
45949.68499527668
46138.20499517792
46233.084995128214
46490.94499499313
46534.819994970145
46659.9349949046
46947.69999475385
47057.70499469622
47384.12999452522
47476.26999447695
47609.09999440736
47678.274994371124
47762.1199943272
47858.07999427693
47917.97499424555
48213.73999409061
48297.63999404666
48356.479994015834
48475.569993953446
48531.09499392436
48595.80499389046
48714.74999382815
48852.079993756204
48959.25499370006
49197.60999357519
49435.13999345076
49589.324993369984
49693.469993315426
49903.58999320535
50032.714993137706
50139.98999308151
50204.534993047695
50317.22499298866
50405.22999294256
50454.43499291678
50613.12499283365
50823.069992723664
50861.28999270364
51114.954992570754
51295.99499247591
51526.35999235523
51594.27999231965
51650.58999229015
51723.539992251935
51953.12999213166
52105.55999205181
52201.61499200149
52378.629991908754
52664.999991758734
52783.309991696755
52882.37499164486
52934.299991617656
53195.13999148101
53271.54999144098
53418.99999136374
53731.20499120018
53775.05499117721
53825.16499115096
53967.54999107637
54163.54499097369
54346.34499087793
54474.474990810806
54703.234990690966
54801.294990639595
54928.52999057294
55128.23999046832
55184.709990438736
55250.034990404514
55494.73499027632
55578.724990232324
55745.92999014473
55792.45499012036
55898.35499006488
56016.51499000298
56158.3099899287
56254.729989878186
56609.71498969222
56772.94998960671
56846.55498956815
56969.739989503614
57089.6399894408
57201.379989382265
57348.744989305065
57428.804989263124
57523.85498921333
57608.76498916885
57785.32998907635
57978.52998897514
58045.979988939805
58193.77998886238
58311.68998880061
58476.699988714165
58565.47498866766
58636.08498863067
58780.75998855488
58906.614988488946
58993.564988443395
59073.639988401446
59229.12498831999
59520.28998816746
59833.794988003225
59923.624987956166
60016.02998790776
60212.324987804925
60282.339987768246
60416.84998769778
60493.64498765755
60595.33498760428
60670.85998756471
61252.47498726002
61657.42998704788
61712.42498701907
61803.23998697149
61920.28498691018
62026.83998685436
62379.639986669536
62462.159986626306
62738.05998648177
62815.05998644143
63000.92998634406
63055.21498631562
63087.38998629877
63256.89498620997
63325.24498617416
63480.85498609264
63656.10998600083
63788.4549859315
63933.45498585554
64022.434985808926
64298.459985664325
64358.074985633095
64499.22998555915
64669.394985470004
64797.6849854028
64907.219985345415
65361.58498510739
65450.04998506104
65505.939985031764
65685.239985155
65794.4349852567
66198.21998563275
66265.2699856952
66328.32998575392
66443.9399858616
66506.36998591974
66565.90998597519
66671.0349860731
66757.24998615339
66879.27498626703
67138.07498650806
67178.34498654556
67589.81998692878
67706.96498703788
67898.52498721628
67994.9699873061
68057.42998736427
68132.21998743393
68239.51498753385
68593.61498786364
68733.79998799419
68847.21998809982
68892.21998814173
69036.78998827637
69103.73498833872
69282.14498850488
69462.35498867271
69647.90998884552
69813.79498900002
70001.34498917469
70558.4249896935
70710.17998983484
71050.729990152
71124.18499022041
71327.81499041006
71449.90499052376
71583.31999064801
71705.19499076152
71895.6549909389
72064.04999109573
72292.54999130854
72382.10499139194
72485.0349914878
72529.264991529
72648.83499164035
72760.52499174437
72918.54999189154
73237.63499218872
73414.65499235358
73527.66499245883
73783.86999269744
74231.44499311427
74292.98499317159
74455.8849933233
74827.77499366965
75420.78999422194
75984.65499474708
76169.72999491944
76268.91999501182
76347.29999508482
76631.94499534991
76698.57499541197
76785.96499549336
76910.96999560978
76962.93499565817
77013.48499570525
77053.1649957422
77113.63499579852
77294.06499596656
77483.53499614302
77533.74999618978
77638.00499628688
77792.17499643046
77833.6599964691
78152.82499676634
78274.16499687935
78616.4199971981
78991.02499754698
79322.98499785614
79411.91999793897
79583.12499809841
79806.38999830635
80023.73999850877
80612.06499905669
80920.97499934438
81001.06499941897
81182.93999958836
81370.48499976302
81832.90000019368
81937.5100002911
82071.43000041583
82174.18000051152
82399.88500072173
82442.71500076161
82705.51000100636
82862.01500115212
83011.40000129124
83191.83000145928
83274.71500153648
83331.29000158916
83432.54500168347
83580.51000182127
83727.10000195779
83855.94000207778
83922.73000213999
84021.83000223228
84080.76500228717
84229.05500242527
84426.37000260904
84632.9250028014
84729.42500289128
84828.05500298314
84898.8850030491
85013.16000315553
85107.66500324354
85259.26000338473
85313.60500343534
85398.57500351447
85437.75500355096
85665.55500376312
85791.06000388
85899.88000398135
85987.54000406299
86062.25000413257
86232.21500429086
86462.01000450487
86699.73000472627
86770.36500479205
86856.17500487197
86934.47000494489
87088.44000508828
87652.23000561335
87700.31500565814
87816.93500576675
88360.02000627253
88487.78000639152
88611.26500650652
88691.5600065813
88778.77500666253
88864.73000674258
89067.20000693115
89204.32500705885
89291.6700071402
89438.26500727673
89536.21500736795
89572.29000740155
89678.80500750075
89813.02000762575
89947.21500775072
90046.49000784318
90645.97000840149
90822.52000856592
90918.08000865491
91043.97500877216
91104.77500882879
91283.11000899487
91481.4650091796
91589.3750092801
91692.28000937594
91786.4050094636
91835.51000950934
91997.95500966063
92048.96000970813
92194.22000984341
92289.75000993238
92360.65500999842
92588.1600102103
92967.66001056373
93060.96001065063
93198.94001077913
93731.41501127504
93772.80501131358
93940.3250114696
94089.2600116083
94164.96501167881
94329.65001183219
94402.32001189986
94443.3750119381
94786.60001225775
94851.41501231812
94966.17001242499
95129.88001257746
95254.50001269352
95306.8800127423
95377.55001280812
95478.58501290221
95574.76501299179
95691.85501310084
95836.57501323562
96040.69001342572
96235.74001360737
96588.40001393581
96680.18001402129
96925.63501424988
97038.59501435509
97142.07001445146
97221.64001452556
97289.31501458859
97333.72501462995
97448.2450147366
97759.54001502652
97972.73001522507
98126.54501536832
98237.5450154717
98274.76001550636
98346.18501557288
98577.85501578863
98694.68001589744
98855.11501604685
98934.35001612065
98983.19501616614
99252.57501641702
99476.3200166254
99640.94501677871
99765.28501689452
99898.10501701821
100003.88001711672
100174.62501727574
100244.3700173407
100423.0450175071
100544.77001762047
100768.4700178288
100973.96501802019
101102.0750181395
101344.47501836525
101430.35001844523
101501.3000185113
101719.24001871428
101832.87501882011
101970.9550189487
102114.27001908218
102290.55501924636
102552.47001949028
102724.67001965066
102856.22501977318
102993.49001990102
103297.97002018458
103524.61502039566
103584.94502045185
103698.75002055784
104031.76502086798
104114.69502094522
104233.95002105628
104314.31502113113
104414.74002122466
104514.05502131715
104835.87002161687
105106.57002186897
105198.95502195501
105259.80002201168
105364.0750221088
105619.71002234687
105690.20502241253
105783.51502249943
105916.83502262359
105983.19002268539
106220.20502290613
106320.48502299952
106451.61002312164
106580.59502324177
106660.49502331618
106854.15502349654
106978.61502361245
107160.22002378159
107266.49002388056
107428.62502403156
107497.76502409595
107625.94002421532
107722.25002430502
107756.19502433663
107818.04502439423
107875.6700244479
107964.31502453046
108145.37502469908
108299.63002484274
108354.12002489349
108471.8100250031
108515.55002504383
108577.34502510139
108660.81002517912
108851.58502535679
109083.51002557279
109422.98502588895
109544.08002600173
109668.83002611791
109708.26502615464
109847.97502628475
109969.63002639805
110149.33002656541
110287.97002669453
110962.47502732271
111084.18502743606
111278.51502761705
111386.32502771745
111564.4050278833
111633.41502794757
111898.1250281941
112212.57002848695
112406.4350286675
112580.28502882941
112628.81502887461
113222.19002942723
113327.86002952565
113632.35002980923
113694.57502986718
113782.03002994863
114033.63503018295
114083.81503022969
114186.65003032546
114340.87503046909
114414.865030538
114539.76003065432
114578.99503069086
114735.96503083705
114863.75003095606
115003.00503108575
115212.15503128053
115512.47003156022
115662.07503169955
115905.84503192658
116107.63003211451
116196.67503219744
116414.97503240075
116544.89503252174
116910.1300328619
116978.71003292577
117066.11003300716
117291.73003321729
117395.01003331348
117626.69503352925
117689.04003358731
117737.73003363266
117993.61003387097
118071.12003394315
118380.60003423138
118454.03503429977
118582.08503441903
118736.64503456297
119062.43503486639
119185.72503498121
119313.3800351001
119492.01503526646
119615.48503538145
119692.40003545309
120002.05503574148
120066.32503580133
120162.55003589095
120213.14003593806
120280.5050360008
120395.66003610805
120438.30503614777
120562.93003626383
120781.85003646772
120911.27003658825
121111.76503677497
121221.50503687718
121360.17503700632
121469.05003710772
121559.94003719237
121667.22003729228
121837.83503745118
122083.15503767965
122287.52003786998
122683.87003823911
122716.64003826963
122886.97503842827
123121.97003864712
123174.87003869639
123270.96503878589
123349.99003885948
123558.37003905355
123624.04003911471
123708.72503919358
123881.75003935472
124077.97003953747
124137.37003959279
124207.95003965852
124355.04503979551
124477.31503990939
124800.59004021046
124869.21004027437
125020.58004041534
125250.44004062942
125319.31504069356
125455.7200408206
125580.08004093642
125899.0750412335
126029.93504135538
126158.23504147487
126277.11504158558
126432.38004173018
126508.93004180148
126675.42504195654
126807.81504207983
127141.6050423907
127188.68504243455
127355.19504258962
127487.26504271262
127597.74004281551
127687.75504289934
127749.44004295679
127898.82504309592
128011.02504320041
128085.27004326956
128146.61004332668
128206.005043382
128551.4250437037
128646.86004379258
128689.90004383266
128871.01504400134
128938.21504406392
129017.47004413774
129098.37004421308
129206.01004431333
129388.89004448365
129625.75504470424
129916.21004497475
130201.07504524005
130361.88504538982
130618.57504562888
130788.10504578677
130879.00004587142
130975.86004596163
131076.09004605497
131134.9550461098
131267.08504623285
131342.28004630288
131453.6500464066
131596.0150465392
131690.9350466276
131750.77504668332
131939.0850468587
132038.16004695097
132081.8800469917
132138.75004704465
132198.80004710058
132392.68004728114
132679.90504754864
132822.81004768173
132935.28004778648
133288.07004811504
133361.62504818355
133460.10004827526
133612.4000484171
134309.6850490665
134369.56004912226
134693.82504942425
134768.9300494942
134821.90004954353
135041.61504974816
135181.76504987868
135294.0050499832
135442.83005012182
135745.11505040334
135830.81005048315
136042.62005068042
136195.89505082316
136277.51505089918
136372.6850509878
136504.92005111097
136624.8850512227
136981.9000515552
137068.59005163593
137317.74005186796
137439.30505198118
137589.8750521214
137829.99505234504
138085.7300525832
138142.90505263646
138502.7650529716
138582.88505304622
138751.1250532029
138906.43505334755
138992.5950534278
139185.83505360776
139326.24505373853
139899.52505427244
140038.630054402
140134.4200544912
140345.3000546876
140516.39005484694
140641.13505496312
140735.20505505073
140962.01505526196
141025.05005532067
141121.67005541065
141169.88005545555
141321.9800555972
141484.39505574846
141594.97005585145
141730.07005597727
141972.47005620302
142058.60005628323
142159.77005637746
142371.875056575
142416.85505661689
142655.74005683936
142750.86505692796
142808.0300569812
142907.01505707338
143058.81505721476
143260.0700574022
143406.77005753882
143843.37005794543
144098.73505818326
144164.4800582445
144207.965058285
144683.95005872828
144809.51505884522
145119.20505913364
145279.86005928327
145341.850059341
145533.49005951948
145624.29505960405
145978.64505993406
146196.555060137
146425.10006034985
146787.78006068763
146893.3150607859
146994.90506088053
147045.7650609279
147205.61006107676
147288.6450611541
147346.2000612077
147413.11006127
147482.2400613344
147604.7600614485
147667.71506150713
147714.24506155046
147764.39506159717
147818.38506164745
148036.13506185025
148123.87006193196
148282.85006208002
148359.4950621514
148441.92006222816
148576.77506235376
148745.70006251108
148978.8400627282
149049.20006279374
149148.45006288617
149498.9350632126
149784.7900634788
149928.18006361235
149987.21506366733
150087.790063761
150518.4550641621
150611.90006424912
150670.97006430413
151097.37006470124
151193.5400647908
151573.9650651451
151673.55506523786
151943.35006548912
151994.3250655366
152118.7800656525
152213.5800657408
152282.02506580454
152416.90006593015
152470.33506597992
152683.43006617838
152755.8350662458
152863.06006634567
153120.94506658585
153260.84006671613
153399.4300668452
153648.80506707745
153731.6350671546
154106.03506750328
154270.78506765672
154466.9350678394
154525.96006789437
154669.31506802788
154786.35506813688
154864.6500682098
155028.85006836272
155218.2300685391
155391.69006870064
155556.4550688541
155643.24006893492
155771.67006905453
156262.97006951208
156361.36506960372
156400.35506964003
156579.7550698071
156637.78506986116
156682.5000699028
156771.3000699855
156858.71507006692
156942.20007014467
157036.69007023267
157121.28007031145
157197.73507038265
157284.84507046378
157481.50507064693
157540.640070702
157632.30507078738
157929.95507106459
158126.39507124753
158322.77507143043
158402.79007150495
158600.67007168924
159154.05507220462
159441.3800724722
159516.26007254195
159608.52507262788
159779.4800727871
159990.34507298347
160054.76007304346
160237.96007321408
160765.24507370515
160908.8650738389
161218.33007412712
161338.86507423938
161653.32007453224
161775.77507464628
161895.35507475765
161992.23507484788
162230.70507506997
162525.1700753442
162668.00007547723
162736.44007554097
163035.1900758192
163112.76007589145
163250.28007601952
163436.550076193
163908.08007663215
163957.16007667786
164081.09507679328
164306.02007700276
164369.36007706175
164459.79507714597
164494.0700771779
164574.4850772528
164610.82507728663
164656.9600773296
164733.03007740044
164851.65007751092
164996.33007764566
165168.35507780587
165267.63507789833
165392.63007801474
165464.49507808167
165574.09507818375
165791.10507838585
165963.67007854657
166079.52007865446
166212.25507877808
166295.910078856
166519.55507906427
167015.17007952585
167157.78007965867
167418.4150799014
167668.53008013434
167744.2000802048
168113.47008054872
168215.11008064338
168375.53008079279
168460.41008087184
168563.39008096774
168785.3850811745
169034.25008140627
169203.78508156416
169366.99008171615
169810.35508212907
169950.22508225933
170155.66508245067
170386.26008266542
170440.7900827162
170497.95008276944
170589.1600828544
170641.53508290317
170707.69508296478
170921.67008316406
171091.53508332226
171209.85508343246
171437.77508364472
171478.92008368304
171592.71508378902
171654.07508384617
171735.56008392206
171775.0250839588
171862.11508403992
171917.4050840914
172254.91508440574
172337.80508448294
172563.5700846932
172707.7700848275
172896.18008500297
173102.77508519538
173320.9950853986
173422.2550854929
173523.21508558694
173741.71008579043
174129.76008615183
174267.7100862803
174520.83008651604
174668.55008665362
174744.25508672412
174984.08008694748
175100.01508705545
175236.95008718298
175285.81008722848
175500.84008742875
175747.07508765807
175812.7000877192
175939.8550878376
176183.8900880649
176258.76008813462
176621.81508847274
176775.8500886162
176843.89508867956
177093.51008891204
177488.5000892799
177545.75008933322
178079.76008983055
178192.8750899359
178498.52009022055
178690.74009039957
178826.87509052636
178910.32509060408
179014.68509070127
179115.58009079524
179453.73509111017
179550.37009120017
179586.12509123347
180030.81509164762
180519.1500921024
180577.2400921565
180633.72509220912
180689.46009226103
180773.0800923389
180897.93509245518
181168.59009270725
181492.9250930093
181590.4100931001
181874.46509336465
181969.14009345282
182016.91509349731
182136.5050936087
182319.78509377938
182380.73009383614
182662.25009409833
182836.29509426042
182922.42009434063
182975.24009438982
183069.24009447737
183168.3850945697
183302.44009469455
183384.89009477134
183467.26009484805
183593.95509496605
183886.8050952388
184019.4350953623
184099.9600954373
184295.21009561914
184435.9200957502
184599.06009590212
184796.66509608616
184986.2350962627
185094.48509636353
185165.0000964292
185243.2650965021
185410.60009665793
185488.9400967309
185611.6900968452
185738.99009696377
185905.7650971191
185982.80509719084
186069.07009727118
186121.78009732027
186311.57509749703
186589.78009775613
186639.40509780234
186797.12509794923
187033.5150981694
187340.46009845525
187483.7350985887
187564.57509866398
187847.4400989274
188349.43009939493
188489.48009952536
188547.4000995793
188773.11509978952
188844.04509985558
188964.2100999675
189349.4851003263
189387.94510036212
189581.88510054274
189679.0151006332
189864.7551008062
190034.17010096397
190113.31510103768
190277.57510119065
190480.30010137946
190849.84510172362
191008.57010187145
191191.08510204143
191276.99010212143
191345.250102185
191554.67010238004
191658.44010247668
191728.7901025422
191788.62510259793
191885.94010268856
192026.83510281978
192313.30010308657
192377.15010314604
192517.47010327672
192572.03010332753
192740.61010348453
192821.65010356
192949.91010367946
193069.0201037904
193124.69010384224
193205.59510391759
193268.93510397658
193746.05010442092
193934.62010459654
194037.82010469266
194269.42510490835
194330.70510496543
194505.52010512823
194559.31010517833
195120.88510570134
195205.16510577983
195282.51010585186
195399.12510596047
195513.8401060673
195597.3851061451
195841.93010637286
196003.09010652296
196278.25510677922
196374.80010686914
196889.25510734826
197114.16010755772
197298.67010772956
197351.26010777854
197465.71510788513
197533.74010794848
197673.92510807904
198066.37010844453
198203.84010857256
198372.18010872934
198567.9901089117
198683.79510901956
198811.54010913853
198854.49510917853
199103.7751094107
199165.5101094682
199231.40510952956
199338.16010962898
199406.81010969292
199594.94010986813
199702.32010996813
199819.7451100775
199924.67511017522
200150.28011038533
200456.7051106707
200526.55511073576
200628.68011083087
200804.5951109947
201014.04011118977
201202.78511136555
201382.1701115326
201464.22011160903
201865.60011198284
201974.41511208419
202133.9901122328
202245.1351123363
202552.36011262244
202625.89011269092
202695.93011275615
202745.36011280218
202831.15011288208
202877.70011292543
203013.3801130518
203152.88011318172
203275.78511329618
203385.5451133984
203512.5601135167
203836.57011381845
204092.78511405707
204264.89511421736
204418.2701143602
204699.97011462256
204784.54511470132
204999.24511490128
205092.30011498794
205152.33511504385
205557.66511542135
205708.95511556225
205787.46011563536
205938.64011577616
206054.6651158842
206129.79511595418
206200.38511601993
206295.90011610888
206357.29011616606
206422.0951162264
206536.15011633263
206615.07011640613
206660.73511644866
206709.57011649414
206792.28511657118
206967.83511673467
207111.47511686845
207335.2001170768
207403.19511714013
207700.10511741665
207745.6801174591
207833.67511754105
208244.50511792366
208609.45011826354
208674.07011832373
208834.83011847344
208905.38011853915
208983.23011861165
209211.06011882384
209368.37011897034
209463.69511905912
209517.48511910922
209580.24511916767
209672.67511925375
209714.1801192924
209815.28011938656
209921.47011948546
210082.72011963563
210159.38511970703
210247.63011978922
210289.97011982865
210348.74011988338
210476.34512000222
210569.75512008922
210621.72012013762
211056.87012054288
211196.72012067313
211442.71012090222
211492.55512094864
211580.8851210309
212397.6751217916
212544.96012192877
212736.26012210693
212887.47512224776
212992.48012234556
213065.970122414
213180.83512252098
213282.36012261553
213383.80512271
213547.30512286228
213691.28012299637
213798.61512309633
213890.79512318218
214083.36512336152
214212.4051234817
214304.87512356782
214584.86012382858
214999.2501242145
215288.98012448434
215398.07012458594
215503.7851246844
215562.59512473916
215725.00012489042
215832.1401249902
216090.07512523042
216268.24512539635
216585.73512569204
216622.99012572673
216736.4401258324
216773.98012586735
217005.4251260829
217144.10512621206
217269.37512632873
217486.60012653103
217987.40512699744
218245.0601272374
218377.9801273612
218482.11012745817
218643.17512760818
218728.47012768761
218781.3951277369
219025.74012796447
219157.5201280872
219272.8301281946
219813.98012869857
219873.1551287537
219986.37512885913
220090.1601289558
220169.4051290296
220278.21512913093
220344.49012919265
220414.3251292577
220510.63012934738
220827.13512964215
220889.22012969997
221026.95512982825
221171.9551299633
221225.05013001274
221298.96513008157
221579.30513034266
221668.5801304258
221780.44013052998
221850.3501305951
221920.01013065997
221999.80513073428
222286.54013100133
222382.87513109104
222697.8551313844
222814.12513149268
222967.65013163566
223205.305131857
223351.06013199274
223911.02513251425
223966.3751325658
224081.3901326729
224438.66513300565
224513.11013307498
224824.11013336462
224979.40513350925
225148.20013366645
225311.71013381873
225596.18013408367
225679.48013416125
225825.8951342976
225871.13513433974
225920.73013438593
226204.4851346502
226293.13013473275
226505.49013493053
226574.58013499487
226664.2501350784
226751.88013516
226862.82513526332
227025.88013541518
227140.12513552158
227216.01013559225
227450.86013581097
227506.11013586243
227662.44013600802
228162.60513647384
228246.18513655168
228326.6401366266
228446.63013673836
228532.84513681865
228642.6401369209
228847.2751371115
228937.44513719546
229023.30513727543
229115.22513736103
229206.6801374462
229725.14513792907
229802.0701380007
229849.1851380446
229974.7051381615
230020.42513820407
230118.7101382956
230297.57013846218
230362.46513852262
230741.920138876
230917.29013903934
231073.06513918441
231147.2451392535
231244.99013934453
231564.65513964224
231826.01013988565
232031.97014007746
232291.81014031946
232448.99014046584
232635.84514063987
232848.07514083752
232978.20514095871
233069.1401410434
233235.7701411986
233533.01014147542
233795.3151417197
233844.55014176556
233973.0051418852
234108.33514201123
234252.66514214565
234313.75514220254
234505.08014238073
234669.95014253428
234768.10014262568
234827.42014268093
234930.12014277658
235070.9201429077
235390.63014320546
235518.83014332486
235609.10014340893
235979.02014375344
236087.1001438541
236200.96514396014
236316.09014406736
236601.77514433343
236769.3501444895
237012.20014471567
237221.78014491085
237290.30514497467
237407.2601450836
237463.92514513637
237776.81014542776
238008.11014564318
238132.33014575887
238223.61514584388
238382.82514599216
238460.62514606462
238517.77014611784
238629.12014622154
238694.76014628267
238803.39014638384
238927.11014649906
238983.82014655188
239073.99014663586
239298.09014684457
239379.27514692018
239606.77514713205
239712.29014723032
239805.54514731717
239881.79014738818
240044.14514753938
240182.1251476679
240431.69514790032
240767.04014821263
240822.6251482644
240867.70014830638
240971.83014840336
241042.8501484695
241343.46014874947
241498.5351488939
241972.87514933565
242380.92514971568
242594.2951499144
242754.03515006317
243037.81515032746
243109.8951503946
243233.12015050935
243293.7351505658
243349.28015061753
243412.7051506766
243617.76515086758
243820.085151056
244192.64015140297
244295.89015149913
244606.75515178865
244748.78515192092
244861.46515202586
244969.2151521262
245210.590152351
245422.105152548
245491.6951526128
245545.19015266263
245643.45015275414
245927.53515301872
245980.61515306815
246186.34515325975
246306.72515337187
246425.86515348282
246630.25515367318
246807.48515383824
247152.63015415968
247282.76515428087
247407.42515439697
247487.1151544712
247628.4251546028
247721.90015468985
247833.64015479392
247886.4551548431
247957.5201549093
248177.60015511425
248399.74015532114
248474.1101553904
248610.2451555172
248766.78515566298
248828.38515572035
248894.0351557815
248987.01515586808
249113.88015598623
249325.0501561829
249599.73515643872
249664.60515649914
249769.64015659696
249881.00515670067
250026.8601568365
250183.54515698244
250353.790157141
250498.0201572753
250583.0351573545
250812.77015756845
251119.2851578539
251194.9701579244
251291.95515801472
251481.75015819148
251596.48515829834
251846.10515853082
251945.1901586231
252234.48015889252
252398.81015904556
252653.62015928287
252764.93015938654
252819.0001594369
253031.715159635
253258.77015984646
253524.7651600942
253651.09516021184
253784.89516033645
253857.19016040378
253910.01016045298
253969.38016050827
254019.83016055526
254153.04516067932
254301.36516081746
254401.66516091087
254451.56016095734
254546.91516104614
254729.81016121648
255070.0051615333
255279.73516172863
255365.72516180872
255585.31016201322
255673.30016209517
255997.31516239693
256156.1801625449
256422.9151627933
256557.93016291904
256742.01016309048
256928.8651632645
257102.32516342605
257190.1951635079
257315.49516362458
257481.6351637793
257806.630164082
258112.78516436712
258183.71516443318
258520.16516474652
258705.6901649193
258803.10016501002
258950.27016514709
259126.02016531077
259292.65516546596
259370.40016553836
259669.39516581682
259789.78016592894
259971.65016609832
260044.16516616585
260348.8201664496
260419.86016651575
260507.13516659703
260674.47016675287
260886.92016695073
261052.9851671054
261132.7701671797
261223.02516726375
261399.87516742846
261475.00516749843
261575.07016759162
261691.16016769974
261860.86016785778
262086.01516806748
262274.95016824343
262697.2451686367
263000.50516891916
263193.4851690989
263353.9451692483
263417.1751693072
263817.1351696797
264043.985169891
264101.85016994487
264576.19017038663
264631.325170438
264723.83017052413
264818.45017061225
265199.7051709673
265335.5951710939
265466.5901712159
265639.0501713765
265821.52017154644
265916.26017163467
266072.4151717801
266198.2751718973
266371.9901720591
266423.425172107
266594.73517226655
266656.410172324
266799.7851724575
266876.535172529
267121.6701727573
267174.4951728065
267316.42017293867
267605.04017320747
267798.2151733874
267930.8751735109
268288.9501738444
268644.5651741756
268734.93517425976
268921.84517443384
269012.16517451796
269108.2951746075
269302.94017478876
269386.8301748669
269646.00517510826
269745.10017520055
269808.0501752592
269978.18517541763
270135.1501755638
270249.0551756699
270447.2451758545
270536.57017593767
270627.090176022
270895.18517627165
270973.5401763446
271108.5601764704
271165.21517652314
271259.0251766105
271922.51517722843
272289.01517756976
272539.5751778031
272626.04017788364
272750.1351779992
273006.9701782384
273161.33517838217
273523.59017871955
273798.980178976
273911.1901790805
274037.8701791985
274144.2451792976
274193.60517934355
274368.21517950617
274464.8801795962
274555.78517968085
274704.16517981904
274920.0751800201
274994.17018008913
275149.54018023383
275454.8751805182
275591.63518064556
275719.19518076436
275856.42018089216
275976.9151810044
276159.8151811747
276347.84518134984
276610.8451815948
276681.05518166017
276744.255181719
276919.4401818822
277329.1901822638
277434.5551823619
277585.67518250266
277647.3751825601
277727.17018263444
278001.58018289
278076.26018295955
278143.90518302255
278231.7901831044
278541.7951833931
279041.78518385877
279256.40518405865
279326.1751841236
279486.8051842732
279766.5801845338
279831.0101845938
279923.0451846795
279996.87018474826
280103.5351848476
280406.4651851297
280515.92018523166
280616.96018532576
280844.48518553766
281089.2451857656
281272.5051859363
281332.7301859924
281394.2851860497
281504.93518615275
281608.7151862494
281694.77018632955
281873.88518649637
282069.6701866787
282216.6401868156
282304.2501868972
282443.7851870271
282484.94018706545
282624.3401871953
282773.7051873344
282843.8251873997
283107.27518764505
283180.0001877128
283244.1401877725
283373.6301878931
283524.21018803335
283692.24518818985
283781.9451882734
283902.50518838566
284074.675188546
284570.34018900763
284647.5251890795
284712.2601891398
284969.59518937947
285048.555189453
285229.7801896218
285360.86518974387
285441.4301898189
285590.4351899577
285706.1251900654
285847.26519019686
286032.35019036924
286107.10519043886
286948.6251912226
287176.10019143444
287239.5201914935
287337.4651915847
287862.54019207373
288370.0551925464
288948.1701930848
289104.4001932303
289264.2601933792
289322.5801934335
289390.4101934967
289447.9101935502
289526.5951936235
289924.91019399447
290004.4851940686
290245.82019429334
290454.6501944878
290625.2401946467
290893.4651948965
290962.53519496083
291112.0801951001
291188.8751951716
291419.8301953867
291485.26519544766
291641.89519559353
291719.1501956655
291905.0151958386
292030.3351959553
292130.4901960486
292286.8801961942
292502.30519639485
292538.40019642847
292703.0101965818
292913.53519677784
292997.51019685605
293119.60519696976
293200.97019704554
293275.3701971148
293372.58519720536
293440.1701972683
293766.5801975723
293893.75019769074
293933.9901977282
294212.905197988
294308.7001980772
294606.1301983542
294863.5101985939
294909.33019863657
295051.25019876874
295234.090198939
295443.08519913367
295501.0901991877
295761.9151994306
295878.8651995395
296154.96019979665
296237.44019987347
296568.8252001821
296609.58020022005
296979.1352005642
297101.99020067864
297278.9002008434
297346.7352009066
297485.1802010355
297551.6252010974
297735.39020126854
297844.57520137023
298072.2702015823
298189.59520169155
298256.92520175426
298306.9002018008
298636.2152021075
298747.19520221086
298817.7052022765
298991.6302024385
299136.8802025738
299262.59520269086
299312.50020273734
299359.360202781
299535.20520294475
299856.7402032442
299995.1402033731
300081.4852034535
300243.43520360434
300366.4202037189
300629.7052039641
300783.76020410756
300913.36520422826
301109.6802044111
301389.99020467215
301510.2052047841
301679.99020494224
301803.29020505707
302002.910205243
302381.59520559566
302803.4052059885
302981.6352061545
303145.45020630705
303212.43020636943
303266.1102064194
303315.22020646516
303470.57020660985
303547.8602066818
303686.0052068105
303867.54520697956
304023.8302071251
304190.51020728034
304277.39520736126
304595.990207658
304780.2452078296
305007.73020804144
305087.2552081155
305443.1052084469
305534.7002085322
305731.4952087155
305794.58020877425
305935.45020890544
306033.785208997
306251.35020919965
306385.7502093248
306475.2852094082
306613.00520953647
306731.5802096469
306857.57520976424
306941.21020984213
307072.6102099645
307157.4302100435
307229.0402101102
307359.55521023175
307438.8502103056
307539.9252103997
307666.97521051805
307763.2552106077
307941.2652107735
308005.3602108332
308125.6152109452
308260.705211071
308433.6802112321
308629.28021141427
308791.8602115657
308891.03521165805
309037.40521179436
309157.3502119061
309418.04521214886
309589.6502123087
309794.2352124992
309834.0702125363
310172.0352128511
310761.70521340024
310867.36521349865
310915.3102135433
311006.4702136282
311117.22521373135
311293.87021389586
311400.7652139954
311503.370214091
311827.9902143933
312036.5252145875
312177.9502147192
312239.4602147765
312713.6902152182
312884.7602153775
312984.3252154702
313235.61021570425
313672.6652161113
313739.97021617397
313824.2952162525
313934.50021635514
314048.34021646116
314160.885216566
314373.58521676407
314535.26021691464
315026.0352173717
315078.24021742033
315217.46521755
315431.52021774935
315587.21521789435
315668.1152179697
315811.71521810343
315921.5402182057
315974.52021825506
316214.5502184786
316410.25521866087
316536.2502187782
316700.6152189313
316977.8852191895
317078.87521928357
317259.5102194518
317318.61521950684
317579.99021975027
317799.4102199546
317920.1752200671
318285.08022040693
318360.0102204767
318445.00022055587
318510.3352206167
318605.95022070577
318711.18022080377
318827.89522091247
318894.2852209743
318999.3952210722
319115.5552211804
319189.29522124905
319968.94022197515
320175.3502221674
320271.72522225714
320476.7452224481
320699.0252226551
320778.2502227289
321105.91522303404
321180.46022310347
321250.64522316883
321291.3952232068
321420.62022332713
321581.1052234766
321688.0402235762
321959.75522382924
322111.82022397086
322211.34522406355
322334.8002241785
322426.4502242639
323110.69522490114
323251.230225032
323467.9902252339
323537.7102252988
323673.36522542516
323872.74522561085
324097.70522582036
324163.1552258813
324481.33522617765
324710.6152263912
324826.4902264991
324880.99522654986
324989.87522665126
325117.5602267702
325291.99522693263
325487.3602271146
325603.20022722246
325689.0152273024
325748.710227358
325964.2552275587
326062.1502276499
326145.42522772745
326292.21522786416
326416.11522797955
326499.97022805765
326622.4602281717
326704.0602282477
327034.2252285552
327100.9752286174
327189.09522869944
327297.0652288
327430.58022892434
327525.1302290124
327700.7002291759
327766.8202292375
327943.71022940223
327999.6052294543
328124.7252295708
328209.04022964934
328374.30022980325
328421.4702298472
328713.94523011957
328861.13023025665
328920.7902303122
329135.89523051254
329649.0702309905
329864.42523119104
329967.21523128677
330073.3452313856
330196.54523150035
330316.6302316122
330458.4602317443
330511.27523179346
330634.00523190777
330865.57523212343
331135.1602323745
331350.8602325754
331422.85023264244
331481.3052326969
331782.69523297757
331920.00523310545
331996.9652331771
332060.54023323633
332117.2302332891
332565.87023370696
332974.09023408714
333113.37023421685
333187.68523428607
333395.5152344796
333514.95523459086
333654.3502347207
333707.7502347704
333773.2302348314
334092.8852351291
334169.3602352003
334453.40523546486
334610.72023561137
334788.93023577734
334874.17523585673
335027.74023599975
335181.6802361431
335472.3052364138
335623.57523655467
335870.39023678453
335927.5602368378
336002.6502369077
336096.85023699544
336207.7452370987
336269.5852371563
336328.68023721135
336428.6052373044
336470.3502373433
336943.9752377844
337078.91523791006
337173.48523799813
337311.80523812695
337444.63023825065
337602.05523839727
337804.1702385855
337980.0502387493
338442.99023918045
338601.5502393281
338680.3652394015
338853.26023956254
339147.45023983653
339188.04023987433
339242.2552399248
339427.51024009736
339486.13524015195
339759.40024040645
340280.14524089143
340571.14524116245
340837.3902414104
340908.2202414764
341082.68524163886
341415.8052419491
341474.4252420037
341765.37524227466
341867.5002423698
341953.4452424498
342206.04524268507
342359.90524282836
342552.75524300797
342600.4952430524
342901.8452433331
342970.9352433974
343033.78524345596
343139.22524355416
343201.0902436118
343260.87524366745
343327.2002437292
343628.84024401015
343704.42024408054
343942.1152443019
343997.98024435394
344162.2202445069
344274.1852446112
344523.6702448435
344604.8152449191
344769.6352450726
344873.39524516923
344928.39524522045
345053.6652453371
345178.04524545296
345298.0552455647
345833.6252460635
345898.73524612415
346171.4052463781
346234.2202464366
346396.72524658794
346509.48524669296
346601.9952467791
346743.32524691074
346976.77024712815
347068.80524721387
347727.7852478276
347790.520247886
347993.38524807495
348140.80024821224
348266.21024832904
348423.4952484755
348482.1052485301
348732.9152487637
348816.5452488416
348881.36024890194
349100.39524910593
349145.1602491476
349505.85524948355
349750.25024971116
349830.9602497863
349987.96524993255
350145.3202500791
350232.6252501604
350418.42525033344
350837.17025072343
351074.9802509449
351136.78525100247
351493.13025133434
351618.0802514507
351717.35025154316
351931.76025174285
352207.850252
352437.1252522135
352547.150252316
352867.3602526142
352937.6752526797
352989.4752527279
353081.3902528135
353223.7302529461
353370.38025308267
353677.22025336843
353864.0402535424
353914.94525358983
353956.7752536288
354038.0952537045
354208.3902538631
354262.6902539137
354388.82025403116
354599.69525422755
354836.8502544484
354898.29025450564
355083.4502546781
355230.7602548153
355341.9052549188
355466.9852550353
355603.9202551628
355719.4452552704
355939.9102554757
356055.3352555832
356181.62525570084
356228.0752557441
356268.82025578205
356373.52525587956
356722.46025620453
356784.4002562622
356923.57525639184
356992.20025645575
357094.20525655075
357182.7452566332
357400.66025683616
357487.08525691665
357579.87525700306
357767.11525717744
357849.88525725453
357907.0702573078
358039.390257431
358269.00525764487
358409.3752577756
358494.46025785484
358599.4552579526
358774.0152581152
359132.8702584494
359455.91025875026
359519.57525880955
359672.70025895216
359793.58025906474
359893.99025915825
359941.04025920207
360051.6502593051
360096.635259347
360343.8352595772
360648.3252598608
360761.0652599658
361070.8652602543
361171.32026034786
361488.0902606429
361611.685260758
361751.0902608878
361954.1102610769
362087.8152612014
362166.44526127464
362662.54026173666
362788.16526185366
362877.93526193727
362951.3902620057
363003.44526205416
363125.40026216774
363422.31526244426
363602.14026261173
363774.50526277226
363838.70026283205
364001.57526298374
364079.13526305597
364138.7702631115
364579.46026352193
364685.9102636211
364840.5502637651
365057.52526396717
365127.5402640324
365200.5602641004
365337.62526422803
365515.9302643941
365576.78026445076
365719.9752645841
365811.8752646697
365928.180264778
366044.2402648861
366237.6852650663
366371.9502651913
366644.05026544473
366709.0602655053
366774.1752655659
366876.6702656614
367092.6052658625
367337.3152660904
367422.20526616945
367522.16026626254
367878.095266594
367929.5002666419
368093.3652667945
368148.7652668461
368286.9552669748
368384.885267066
368458.0952671342
368664.76026732667
368753.20026740903
368879.9552675271
368983.00526762306
369049.3052676848
369187.00526781305
369243.38526786555
369346.78526796185
369460.27526806755
369549.18526815035
369666.94026826
369840.9602684221
370026.37026859476
370209.0252687649
370245.74026879907
370290.6502688409
370440.4452689804
370634.5952691612
370710.43526923185
370760.9852692789
370840.87526935333
371010.63526951143
371171.9052696616
371242.8202697277
371532.2352699972
371619.4952700785
371745.8702701962
371927.83527036564
372201.22527062026
372319.3802707303
372784.38027116336
373008.5002713721
373054.86527141527
373422.3352717575
373497.6152718276
373603.6852719264
373680.81527199823
373834.82027214166
374127.8652724146
374205.7552724871
374253.01527253113
374478.2552727409
374633.34027288534
374682.365272931
374796.32527303713
374980.6602732088
375146.48527336324
375271.15027347935
375542.6752737322
375743.250273919
376274.14527441346
376612.5102747286
376755.8402748621
376820.3902749222
376886.26527498354
377025.12027511286
377225.14027529914
377329.39027539623
377426.14027548634
377532.77027558564
377765.76027580263
377972.38527599507
378436.87527642766
378542.97027652647
378641.6602766184
378822.0652767864
379162.7502771037
379246.3152771815
379324.3652772542
379380.35527730634
379675.75527758145
379880.1202777718
379942.37527782976
380029.56527791097
380187.70027805824
380258.1902781239
380547.50027839333
380642.96027848223
380792.42527862143
381094.6302789029
381440.0552792246
381574.8002793501
381632.9902794043
381772.8452795345
381831.4352795891
381952.7852797021
382044.6002797876
382091.00527983083
382164.8152798996
382292.45528001845
382434.52028015075
382666.2902803666
382748.04528044275
382821.9852805116
382892.25528057705
382949.58028063044
383077.1902807493
383288.435280946
383482.93528112717
383585.7152812229
383697.1802813267
383815.04528143647
383970.95028158167
384058.4002816631
384276.9002818666
384578.6102821476
384665.74028222874
384981.19528252253
385037.2202825747
385238.48028276215
385323.95528284175
385407.7452829198
385540.7802830437
385593.1752830925
385726.2252832164
385882.8002833622
386219.4802836758
386342.93528379075
386443.45528388437
386500.11528393714
386612.8452840421
386713.8502841362
386815.39528423076
386874.78028428607
387061.04028445954
387119.04528451356
387164.600284556
387480.34528485005
387704.42528505874
387762.29528511263
387926.4052852655
388042.23528537335
388203.00028552307
388364.0752856731
388476.3852857777
388679.5652859669
388798.2202860774
388881.36028615484
389004.44028626947
389097.9802863566
389218.50528646883
389724.59528694017
389840.9152870485
389891.99528709607
390001.6352871982
390169.95028735494
390360.1502875321
390432.73028759967
390669.33028782
390896.76528803183
391010.27528813755
391219.3602883323
391553.9452886439
391644.280288728
391809.4102888818
391897.2102889636
391956.67528901895
392050.2252891061
392110.76028916246
392178.960289226
392405.570289437
392502.25528952706
392931.0452899264
393181.6302901598
393864.770290796
393950.8752908762
394034.05529095366
394114.78029102884
394443.7052913352
394538.36529142334
394652.50529152964
394769.7302916388
394885.5702917467
395026.38029187784
395135.57029197953
395171.15029201267
395446.7952922694
395538.87029235513
395901.1302926925
396030.34529281285
396084.6252928634
396334.0602930957
396591.1102933351
396664.51029340347
396746.0152934794
396936.67029365693
397034.5652937481
397103.150293812
397477.4802941606
397844.2502945022
398041.48029468587
398159.23029479553
398249.3102948794
398389.4352950099
398441.96029505885
398517.8502951295
398607.34029521287
398812.3302954038
399023.2202956002
399128.20029569796
399208.5752957728
399271.1752958311
399641.13529617566
399706.42029623647
399891.41029640875
400060.08529656584
400151.58029665105
400310.3152967989
400379.84529686364
400664.5752971288
400846.61029729835
401022.91029746254
401312.29529773205
401489.2102978968
401777.2852981651
401848.4752982314
401947.1652983233
402027.4402983981
402097.2502984631
402409.88029875426
402528.8752988651
402591.7302989236
402642.13529897056
402804.59029912186
402907.6252992178
402950.4502992577
403018.13529932074
403158.4052994514
403523.75029979163
403638.6302998986
403685.9502999427
403738.29029999144
403890.35530013306
404000.96030023607
404083.1503003126
404476.2353006787
404534.4503007329
404627.7353008198
404774.2203009562
404862.7553010387
404981.9853011497
405064.1003012262
405368.1853015094
405528.67030165886
405577.4353017043
405660.18030178134
405825.0953019349
405930.7103020333
406179.5953022651
406484.16530254873
406608.6753026647
406745.12530279177
406925.29530295957
407011.3353030397
407051.31530307693
407156.57030317496
407272.2803032827
407436.4453034356
407487.49030348315
407576.1403035657
407647.27030363196
407790.7903037656
407936.7853039016
408065.5603040215
408141.5553040923
408338.9203042761
408453.7903043831
408517.9203044428
408600.41030451964
408657.22030457255
408796.8753047026
409086.84030497266
409366.8303052334
409622.8753054719
409761.77030560124
409954.2803057805
410303.82530610607
410381.2903061782
410456.6453062484
410603.6503063853
410682.8953064591
410883.29030664574
411215.83030695544
411367.68530709686
411501.24030722125
411611.63030732406
411808.57030750747
412094.29030777357
412476.0653081291
412577.15030822327
412821.82030845113
412862.1353084887
413020.4103086361
413115.2653087244
413448.8553090351
413543.8603091236
413655.05530922714
413721.480309289
413812.4053093737
414083.8403096265
414300.4353098282
415069.8753105448
415107.92031058023
415912.70031132974
416129.49531153165
416253.51531164715
416583.57031195454
416662.445312028
416844.7603121978
417098.6253124342
417324.1203126442
417483.25531279243
417591.39531289315
417682.2053129777
417730.24031302246
417837.71531312255
417942.35031322
418002.65031327616
418097.1803133642
418191.9753134525
418414.54531365976
418515.36531375366
418582.68031381635
418767.46531398845
418889.400314102
418961.6803141693
419181.72031437425
419321.8753145048
419401.2153145787
419516.8703146864
419633.480314795
419778.6503149302
419941.50031508185
420023.1403151579
420114.03031524253
420189.21531531255
420353.30031546537
420569.3703156666
420740.47531582596
420952.1303160231
421002.9253160704
421132.8953161914
421271.6903163207
421310.2503163566
421847.0253168565
422070.49531706463
422153.4703171419
422325.1353173018
422532.9353174953
422621.1703175775
422898.2353178355
422983.94531791535
423081.6903180064
423261.9603181743
423381.950318286
423565.80531845725
423696.04031857854
423959.0903188235
424026.42031888623
424176.86531902634
424378.62531921425
424436.48531926813
424609.0153194288
424675.93031949113
424968.7803197639
425073.5003198614
425288.865320062
425629.6153203793
425707.0153204514
425781.5303205208
425899.3303206305
426053.0903207737
426168.0903208808
426234.7303209429
426277.01532098226
426447.8003211413
426551.8453212382
426605.7053212884
426789.5453214596
426858.0753215234
426960.02032161836
427127.6703217745
427351.565321983
427448.35032207315
427592.095322207
427684.25532229285
427960.09032254975
428094.84032267524
428343.4753229068
428853.735323382
429089.3753236015
429295.7453237937
429687.2903241583
429735.3903242031
429939.6003243933
430130.55532457115
430217.6603246523
430645.95532505115
430743.67532514216
430808.30532520235
431062.7103254393
431147.8653255186
431242.86532560707
431592.65532593284
431651.9703259881
431729.70032606047
431989.3653263023
432040.32032634976
432218.840326516
432276.62532656983
432437.82032671996
432553.01532682724
432849.70032710355
432929.625327178
433049.2703272894
433135.1653273694
433252.45032747864
433341.78532756184
433619.88532782084
433730.51032792387
433840.7953280266
433909.5603280906
434065.91032823623
434171.2103283343
434280.65532843623
434581.77032871667
434656.3453287861
434700.7853288275
434792.08532891254
434866.73032898206
434913.11532902526
434954.76532906404
435168.7253292633
435508.8453295801
435738.8953297943
435917.90532996104
436011.45533004816
436137.7953301658
436245.08533026575
436621.77533061657
436887.20533086377
436947.7153309201
437007.6353309759
437057.9453310228
437137.3903310968
437213.5303311677
437335.27533128107
437477.4703314135
437551.29533148225
437871.15033178014
438068.590331964
438142.47533203283
438216.6603321019
438595.41533245466
438686.36033253936
438839.4003326819
438960.81033279496
439594.0253333847
439652.2053334389
439960.76033372624
440007.16533376946
440302.73533404473
440521.50033424847
440760.465334471
440837.15033454244
441153.6153348372
441240.3053349179
441352.87533502275
441509.75533516885
441637.9053352882
441728.38033537247
441874.980335509
441912.60033554403
442180.74533579376
442409.85533600714
442706.76033628365
442928.36033649003
443020.3503365757
443207.99533675046
443378.9903369097
443571.23033708875
443654.21033716603
443744.09033724974
443836.97033733624
443965.18033745565
444126.610337606
444250.1853377211
444291.0903377592
444467.4353379234
444561.12033801066
444599.6103380465
444676.33533811796
444784.2053382184
444884.4803383118
444979.11033839994
445047.895338464
445115.14533852664
445277.39033867774
445571.95033895207
445747.6653391157
445889.74033924803
446405.6303397285
446455.540339775
446512.475339828
446735.6053400358
446869.55534016056
447141.96534041426
447401.3403406558
447467.8003407177
447806.5403410332
447993.3503412072
448299.35034149216
448389.74034157634
448450.84034163324
448659.59034182766
448737.6003419003
448800.14034195855
448851.66534200654
448958.84534210636
449064.775342205
449319.72534244246
449456.5403425699
449583.88034268847
449818.6503429071
450111.92534318025
450343.2553433957
450639.4903436716
450691.0253437196
450914.0353439273
451213.67034420633
451257.05534424674
451557.1453445262
451692.4153446522
451807.115344759
452106.660345038
452196.58534512174
452593.76034549164
452641.380345536
452734.805345623
452923.72534579894
453054.2403459205
453140.7803460011
453352.47534619825
453425.8803462666
454042.4353468408
454121.1253469141
454577.4553473391
454815.9653475612
454886.64034762705
454991.64534772484
455136.3403478596
455245.93034796166
455497.0203481955
455636.88534832577
455760.2953484407
455862.55534853594
455944.230348612
456296.56534894014
456393.04534903
456696.6103493127
456885.6953494888
456960.2903495583
457007.39034960215
457110.9703496986
457203.1703497845
457297.51034987235
457344.1853499158
457406.19534997357
457558.11535011505
457601.29035015526
457710.505350257
457823.5153503622
458100.9703506206
458383.30035088357
458516.0303510072
458711.1653511889
459190.6803516355
459264.6803517044
459346.09535178024
459563.6703519829
459677.58535208897
459980.90535237145
460321.870352689
460400.5753527623
460440.8453527998
460532.4503528851
460734.6153530734
460972.535353295
461135.4603534467
461361.5903536573
461521.38035380613
461603.5853538827
461751.9653540209
462070.4403543175
462138.9453543813
462232.3703544683
462294.39035452605
462530.6353547461
462621.9553548311
462683.63035488856
462918.23535510706
462975.09035516
463087.3853552646
463444.46535559715
463598.66535574076
463807.9803559357
463920.79535604076
464292.9653563874
464387.1903564751
464433.39035651815
464584.3253566587
464658.1853567275
464735.3653567994
465038.3803570816
465150.76035718626
465292.9403573187
465448.07535746315
465727.085357723
465934.82035791647
466046.9353580209
466405.94035835523
466618.90035855357
466661.40535859315
466813.85035873513
466895.4253588111
466949.4503588614
467331.9803592177
467459.6503593366
467704.09535956423
468237.01536006056
468353.96036016947
468422.9503602337
468636.56536043267
468954.27536072856
469082.45536084793
469148.4453609094
469202.0253609593
469336.63036108465
469571.14536130306
469669.07536139427
469718.54036144033
469870.7403615821
469993.02036169596
470033.40036173357
470099.345361795
471229.76036284777
471534.5403631316
471654.28036324313
471748.645363331
471831.90536340856
471918.23036348895
472056.18036361743
472091.22036365006
472223.7503637735
472266.7903638136
472435.5953639708
472819.95536432875
473011.1153645068
473081.2503645721
473511.5853649729
473604.7803650597
473822.5803652625
473929.3203653619
474265.1853656747
474501.32536589465
474600.465365987
474793.5453661668
474908.4403662738
475063.63036641834
475157.2203665055
475407.0603667382
475698.78036700987
475861.9103671618
475916.3303672125
476327.1803675951
476503.21536775905
476871.29036810185
477125.7053683388
477407.1553686009
477471.28036866063
477591.6353687727
477699.8353688735
477863.6953690261
477964.7203691202
478030.61536918156
478107.4453692531
478211.1753693497
478270.1953694047
478325.9553694566
478373.8403695012
478445.2103695677
478511.42036962934
478687.97536979377
478780.53036987997
479030.9453701132
479150.6653702247
479255.86037032265
479356.4903704164
479400.7453704576
479516.90037056577
479559.2603706052
479618.06037066
480040.5153710534
480386.855371376
480513.87037149427
480611.9553715856
480772.9853717356
480868.3603718244
480913.70537186664
481059.19537200214
481469.14037238393
481590.0203724965
481628.06537253194
481764.45037265896
481834.76037272444
482001.4753728797
482087.6103729599
482141.2703730099
482384.8053732367
482762.16537358816
482910.75537372654
483099.64537390246
483237.5453740309
483443.24037422246
483527.2303743007
483624.5453743913
483685.57037444814
483885.84037463466
484039.89037477813
484173.3253749024
484237.16537496186
484304.940375025
484606.1553753055
484708.1503754005
484835.9103755195
485063.50037573144
485122.4903757864
485213.1103758708
485283.130375936
485468.94537610904
485564.51537619805
485799.4303764168
486117.71037671325
486287.8203768717
486356.865376936
486486.11037705635
486552.4253771181
486780.6953773307
486920.1853774606
486997.40537753253
487101.04537762905
487270.7503777871
487373.2703778826
487540.7653780386
487615.48537810816
487856.1453783323
488081.8253785425
488160.5403786158
488263.88537871203
488351.3903787935
488399.8653788387
488653.9603790753
488698.725379117
488776.6853791896
489036.8453794319
489225.96037960803
489393.5603797641
489626.72037998127
489820.41038016166
490369.38538067293
490539.5203808314
490614.9303809016
490668.77538095176
490767.54538104375
490887.8903811558
491136.130381387
491394.83038162795
491488.98538171564
491646.6603818625
491711.69538192305
492031.1053822205
492190.37538236886
492497.605382655
492763.0153829022
493160.7653832726
493467.68538355845
493610.05038369104
493938.1403839966
494070.1953841196
494281.9753843168
494397.6853844246
494631.84038464265
494693.2053846998
494989.1203849754
495044.0803850266
495096.4953850754
495454.75538540905
495655.56038559607
495700.4553856379
495755.71038568934
495861.8353857882
495969.16538588813
496021.58038593695
496129.1203860371
496200.15538610326
496236.67538613727
496288.6803861857
496381.6753862723
496477.2503863613
496662.80538653414
496756.3203866212
496853.810386712
496925.0703867784
497117.905386958
497212.8353870464
497346.3253871707
497402.1153872227
497469.1253872851
497551.6103873619
497911.7603876973
498242.95538800576
498345.215388101
498886.2653886049
498987.1853886989
499059.260388766
499284.03038897534
499415.8653890981
499626.37038929417
499701.9853893646
499857.2303895092
