220.21999999987221
236.6299999998573
253.48499999984196
275.1149999998223
376.1649999997304
409.33999999970024
427.0799999996841
448.2849999996648
473.0499999996423
515.3499999996038
608.7049999995189
665.6299999994671
687.9799999994468
703.4499999994327
732.9349999994059
748.204999999392
767.3399999993746
793.8999999993505
861.1999999992893
881.8799999992705
901.2699999992528
1014.5049999991498
1056.884999999859
1180.2850000025526
1223.6650000034995
1236.6000000037818
1294.1650000050383
1368.0650000066514
1404.6100000074491
1481.1950000091208
1495.0650000094236
1516.5050000098915
1558.0000000107973
1666.2700000131606
1802.1850000161273
1864.7850000174938
1879.7950000178214
1940.4200000191447
1981.525000020042
2007.365000020606
2032.6300000211575
2071.8050000220123
2158.385000023902
2173.715000024237
2195.6050000247146
2245.7650000258095
2328.7700000276213
2340.400000027875
2359.220000028286
2426.250000029749
2443.5450000301266
2504.2900000314526
2558.6150000326384
2584.120000033195
2615.95500003389
2645.040000034525
2660.1850000348554
2691.8550000355467
2711.71500003598
2739.19000003658
2757.6400000369827
2790.0700000376905
2833.6350000386415
2857.475000039162
2879.5400000396435
2893.0100000399375
2953.320000041254
2973.6800000416983
3001.3000000423012
3027.175000042866
3058.825000043557
3077.2350000439587
3152.650000045605
3266.550000048091
3280.6350000483985
3312.0550000490844
3327.010000049411
3356.0050000500437
3369.7500000503437
3391.990000050829
3427.6100000516067
3450.2050000521
3524.8250000537287
3565.070000054607
3582.105000054979
3598.050000055327
3657.6850000566287
3730.045000058208
3759.860000058859
3813.835000060037
3836.285000060527
3852.2500000608757
3868.705000061235
3978.3250000636276
4002.895000064164
4047.4100000651356
4058.8050000653843
4071.760000065667
4088.39000006603
4103.145000066352
4117.295000066661
4193.055000068314
4244.535000069438
4294.845000070536
4380.6250000724085
4399.700000072825
4400.000000072831
4414.975000073158
4444.710000073807
4461.940000074183
4611.675000077452
4646.060000078202
4746.930000080404
4760.8250000807075
4782.650000081184
4800.980000081584
4864.00500008296
4927.145000084338
5035.885000086711
5054.545000087119
5066.690000087384
5082.135000087721
5108.585000088298
5209.785000090507
5225.810000090857
5238.2900000911295
5261.970000091646
5313.810000092778
5380.825000094241
5430.560000095326
5441.590000095567
5460.94500009599
5474.085000096276
5488.635000096594
5582.585000098645
5695.615000101112
5712.420000101479
5812.000000103652
5830.800000104063
5851.435000104513
5890.605000105368
5910.500000105802
5924.015000106097
5950.810000106682
5976.7050001072475
6029.860000108408
6047.315000108789
6281.4500001138995
6305.30000011442
6322.020000114785
6341.545000115211
6358.630000115584
6409.190000116688
6427.225000117081
6450.935000117599
6487.875000118405
6542.055000119588
6611.885000121112
6626.995000121442
6653.340000122017
6726.925000123623
6828.360000125837
6874.380000126842
6902.600000127458
6915.015000127729
6975.1050001290405
7051.830000130715
7063.1600001309625
7075.1600001312245
7091.340000131578
7247.130000134978
7302.225000136181
7329.625000136779
7371.010000137682
7425.280000138867
7438.420000139154
7489.820000140276
7564.2450001419
7791.090000146852
7816.355000147403
7830.815000147719
7843.4900001479955
7864.425000148452
7901.075000149252
7982.640000151033
8020.610000151862
8039.8900001522825
8083.74500015324
8104.420000153691
8119.1000001540115
8130.580000154262
8144.105000154557
8261.900000144413
8323.050000134624
8354.330000129617
8443.990000115266
8666.320000079677
8681.090000077313
8696.235000074888
8786.05500006051
8808.030000056993
8819.940000055087
8834.185000052807
8853.955000049642
8944.525000035144
8971.47500003083
9039.470000019946
9051.085000018087
9254.879999985465
9350.55999997015
9400.624999962136
9455.26499995339
9474.914999950244
9491.329999947617
9547.924999938557
9609.834999928647
9636.12499992444
9656.654999921153
9702.919999913747
9806.814999897117
9828.639999893623
9883.234999884884
10057.234999857032
10079.599999853452
10091.184999851597
10106.324999849174
10206.624999833119
10224.699999830225
10238.934999827947
10266.02499982361
10311.43999981634
10344.339999811074
10368.5499998072
10422.659999798538
10452.32499979379
10468.419999791213
10487.754999788118
10543.204999779242
10559.444999776642
10570.344999774898
10630.67499976524
10662.90999976008
10679.819999757374
10698.409999754398
10742.739999747302
10806.399999737112
10834.52999973261
10851.029999729968
10878.87499972551
11097.864999690457
11203.04999967362
11223.884999670285
11254.96499966531
11282.799999660854
11303.699999657509
11339.959999651704
11377.52999964569
11395.724999642778
11409.534999640568
11431.13499963711
11451.334999633877
11574.219999614206
11607.229999608922
11621.92499960657
11671.699999598603
11684.259999596592
11719.029999591026
11825.404999573999
11863.414999567914
11906.514999561015
11921.329999558644
11936.984999556138
11959.569999552523
12019.034999543004
12064.85499953567
12085.699999532333
12108.594999528668
12127.679999525613
12285.389999500369
12316.294999495422
12333.204999492715
12349.889999490044
12369.134999486963
12387.0199994841
12400.744999481904
12425.799999477893
12443.739999475021
12468.769999471015
12515.414999463548
12650.274999441961
12665.199999439572
12676.414999437777
12693.31999943507
12814.089999415739
12903.909999401361
12922.4149993984
12958.724999392587
12985.514999388299
13022.17499938243
13048.639999378194
13075.054999373966
13107.39499936879
13437.11999931601
13470.129999310726
13497.134999306403
13519.844999302768
13592.449999291146
13644.754999282773
13668.669999278945
13681.959999276818
13723.814999270118
13745.249999266687
13774.46999926201
13830.654999253016
13851.084999249746
13867.264999247156
14001.814999225619
14095.089999210688
14210.354999192237
14225.649999189789
14331.054999172917
14344.959999170691
14428.079999157386
14448.824999154065
14466.16499915129
14490.08999914746
14612.194999127914
14630.399999125
14652.2699991215
14695.464999114585
14725.844999109722
14829.769999093087
14900.194999081814
14974.409999069934
14991.29999906723
15018.324999062905
15041.454999059202
15063.289999055707
15085.549999052144
15099.99999904983
15118.794999046822
15137.434999043839
15219.869999030643
15236.174999028033
15385.6899990041
15404.904999001024
15420.6749989985
15434.269998996324
15446.03499899444
15503.494998985243
15613.509998967633
15626.309998965584
15801.924998937473
15822.799998934132
15837.499998931778
15854.894998928994
15866.954998927064
15927.654998917347
15984.04499890832
16056.374998896743
16085.409998892095
16097.729998890123
16159.674998880208
16179.949998876962
16232.094998868615
16252.769998865306
16387.139998844938
16410.544998849706
16490.81999886606
16519.704998871945
16556.334998879407
16641.869998896833
16654.779998899463
16679.564998904512
16698.1499989083
16726.86499891415
16787.404998926482
16854.504998940152
16969.63999896361
17023.219998974524
17035.629998977052
17051.16999898022
17092.46499898863
17106.899998991572
17150.57999900047
17192.64999900904
17230.819999016818
17246.869999020088
17290.22999902892
17424.46999905627
17463.69499906426
17474.824999066528
17492.3649990701
17506.854999073053
17529.26499907762
17556.50999908317
17588.349999089656
17604.749999092997
17615.494999095186
17640.44499910027
17658.819999104013
17689.849999110334
17722.22499911693
17743.07999912118
17760.26499912468
17907.694999154715
17948.674999163064
17967.099999166818
17990.209999171526
18016.77999917694
18039.889999181647
18201.409999214553
18259.344999226356
18280.529999230672
18298.73999923438
18317.059999238114
18380.49999925104
18402.25499925547
18420.689999259226
18450.06499926521
18526.129999280707
18550.88999928575
18617.92499929941
18653.694999306696
18760.939999328544
18789.29499933432
18819.23499934042
18839.834999344617
19040.939999385588
19120.934999401885
19169.01999941168
19210.8399994202
19286.929999435702
19326.369999443737
19343.304999447188
19358.214999450225
19378.299999454317
19397.30499945819
19425.104999463852
19505.164999480163
19520.11999948321
19586.709999496776
19605.76999950066
19642.33999950811
19670.349999513815
19687.99999951741
19800.164999540262
19841.19499954862
19931.914999567103
19977.519999576394
20014.984999584027
20067.549999594736
20110.394999603464
20245.89499963107
20269.274999635833
20299.30499964195
20367.7699996559
20386.66999965975
20424.929999667544
20436.64499966993
20452.559999673173
20513.044999685495
20581.959999699535
20660.059999715446
20684.414999720408
20699.859999723554
20726.00499972888
20772.88499973843
20804.314999744834
20819.51499974793
20833.669999750815
20869.12999975804
20937.95499977206
20982.3199997811
21014.804999787717
21035.199999791872
21052.66499979543
21067.624999798478
21080.84499980117
21096.174999804294
21120.669999809284
21153.554999815984
21246.679999834956
21271.844999840083
21289.34999984365
21334.444999852836
21361.689999858387
21415.06999986926
21472.959999881055
21521.399999890924
21653.3249999178
21680.349999923306
21692.14999992571
21718.174999931012
21743.954999936264
21794.019999946464
21812.024999950132
21829.724999953738
21842.384999956317
21863.31499996058
21950.73499997839
21979.34999998422
22008.119999990082
22145.25500001802
22236.02000003651
22256.350000040653
22327.200000055087
22352.120000060164
22369.995000063805
22407.430000071432
22427.080000075435
22438.83500007783
22467.635000083697
22593.20000010928
22621.305000115004
22646.46000012013
22704.400000131933
22747.450000140703
22838.28500015921
22849.92500016158
22863.740000164395
22917.975000175444
22967.740000185582
22985.135000189126
23042.525000200818
23115.445000215674
23142.97000022128
23326.560000258683
23491.150000292215
23503.575000294746
23525.990000299313
23583.875000311105
23617.56500031797
23694.525000333648
23728.675000340605
23757.110000346398
23779.930000351047
23881.815000371804
23977.670000391332
23996.41500039515
24020.010000399958
24049.42500040595
24078.44000041186
24214.94000043967
24244.0550004456
24385.790000474477
24398.885000477145
24426.430000482756
24455.140000488605
24474.15500049248
24533.335000504536
24547.78000050748
24663.68000053109
24688.2750005361
24704.9650005395
24773.710000553507
24815.16000056195
24862.070000571508
25002.160000600048
25046.020000608984
25059.240000611677
25102.075000620403
25217.865000643993
25243.145000649143
25270.065000654628
25292.570000659212
25324.145000665645
25423.155000685816
25437.99000068884
25450.690000691426
25573.360000716417
25596.93500072122
25634.060000728783
25652.045000732447
25668.85500073587
25686.290000739424
25707.895000743825
25743.635000751106
25804.61000076353
26050.350000813592
26073.89500081839
26091.990000822076
26136.175000831077
26305.88500086565
26407.670000886388
26426.13000089015
26538.655000913073
26604.685000926525
26663.730000938554
26691.080000944126
26832.52000097294
26859.325000978402
26871.20000098082
26884.3500009835
26936.760000994178
26965.255000999983
26979.77000100294
27232.670001054463
27256.65500105935
27295.955001067356
27315.745001071387
27391.850001086892
27462.92000110137
27488.660001106615
27574.965001124197
27635.215001136472
27647.08000113889
27661.42000114181
27674.42000114446
27693.2650011483
27765.76500116307
27789.860001167977
27811.650001172417
27838.135001177812
27861.570001182587
27877.750001185883
27893.925001189178
27910.445001192544
27948.350001200266
27980.03000120672
28074.355001225937
28134.420001238173
28168.81500124518
28249.46000126161
28259.48000126365
28277.63500126735
28304.47500127282
28415.86000129551
28434.330001299273
28524.93000131773
28538.830001320563
28566.830001326267
28599.3850013329
28656.66500134457
28804.72000137473
28842.875001382505
28861.05500138621
28879.545001389975
28892.58000139263
28934.505001401172
28981.165001410678
29054.150001425547
29190.045001453233
29237.765001462954
29252.08500146587
29274.375001470413
29310.23500147772
29377.210001491363
29388.63000149369
29401.120001496234
29429.100001501934
29460.45000150832
29541.365001524806
29569.01500153044
29607.290001538237
29656.770001548317
29671.8950015514
29696.035001556316
29709.465001559052
29797.640001577016
29824.495001582487
29840.250001585697
29872.580001592283
29894.095001596666
29992.655001616746
30016.760001621657
30146.740001648137
30206.025001660215
30236.840001666493
30261.985001671615
30344.555001688437
30357.735001691122
30376.600001694966
30580.445001736494
30767.155001774532
30868.06500179509
30884.335001798405
30907.270001803077
30953.95500181259
31056.575001833495
31071.340001836503
31083.83500183905
31103.310001843016
31166.99000185599
31212.240001865208
31222.70000186734
31296.19500188231
31327.665001888723
31414.420001906397
31445.515001912732
31475.215001918783
31532.570001930468
31544.875001932975
31558.88500193583
31583.42500194083
31606.130001945454
31619.95000194827
31662.295001956896
31800.38500198503
31819.070001988835
31830.82500199123
31844.140001993943
31861.175001997413
31875.15000200026
31899.25000200517
31935.060002012466
32006.585002027037
32027.530002031304
32105.835002047257
32172.590002060857
32185.200002063426
32204.525002067363
32312.235002089306
32332.595002093454
32410.740002109374
32434.590002114233
32459.825002119374
32483.425002124182
32569.535002141725
32591.025002146103
32616.465002151286
32768.77500218175
32789.6750021708
32843.18500214277
32931.45000209653
32944.13500208988
32958.68000208226
32981.485002070316
33004.720002058144
33019.23000205054
33045.72500203666
33061.78500202825
33099.6750020084
33116.00000199985
33306.2100019002
33323.825001890975
33414.32000184357
33435.360001832545
33464.57000181724
33502.4450017974
33523.67000178628
33536.32500177965
33560.0950017672
33583.850001754756
33652.08000171901
33732.79500167673
33817.58000163231
33975.52500154957
33997.4200015381
34032.04000151996
34061.1700015047
34081.83000149388
34118.56000147464
34334.135001361705
34354.9450013508
34449.89500130106
34479.63500128548
34575.990001235004
34600.75500122203
34618.85000121255
34724.805001157045
34781.230001127486
34798.82000111827
34816.95500110877
34880.435001075515
34904.27000106303
34930.32000104938
35071.075000975645
35108.26500095616
35180.69500091822
35224.43000089531
35240.285000887
35255.375000879096
35307.930000851564
35451.86000077616
35464.13500076973
35474.98500076405
35491.83500075522
35507.290000747125
35528.365000736085
35549.98500072476
35839.06500057332
35861.18000056173
35894.51500054427
35958.14000051094
36035.020000470664
36199.640000384425
36225.78000037073
36282.46000034104
36369.29000029555
36401.62000027861
36414.92500027164
36470.10500024274
36507.675000223055
36536.58500020791
36566.99000019198
36694.98500012493
36827.600000055456
36852.455000042435
36873.070000031636
36887.825000023906
36996.62499996691
37019.289999955035
37046.23499994092
37061.31499993302
37078.98499992376
37215.11499985245
37247.31999983558
37265.269999826174
37355.824999778735
37499.93999970324
37571.7799996656
37858.05499951563
37881.80499950319
37910.65499948808
37946.814999469134
38052.20499941392
38097.02499939044
38126.6949993749
38205.48999933362
38255.02499930767
38267.33499930122
38282.30499929338
38295.53499928645
38311.084999278304
38415.06999922383
38519.284999169235
38621.559999115656
38666.18499909228
38678.71999908571
38692.95999907825
38713.57499906745
38776.464999034506
38819.759999011825
38852.8299989945
38907.70499896575
38942.96499894728
39021.30999890624
39053.824998889206
39069.764998880855
39082.879998873985
39107.95499886085
39121.85499885357
39169.274998828725
39227.859998798034
39250.2549987863
39271.454998775196
39298.469998761044
39378.44499871915
39449.48499868193
39478.704998666624
39495.08499865804
39513.38499864846
39585.31999861077
39603.06999860147
39622.03499859154
39643.90999858008
39684.614998558754
39700.96999855019
39822.489998486526
39834.88499848003
39847.96499847318
40005.86499839046
40021.09999838248
40037.99499837363
40069.024998357374
40114.15499833373
40133.91499832338
40182.11499829813
40196.384998290654
40208.66999828422
40307.68499823235
40368.72499820037
40401.529998183185
40430.3199981681
40442.17499816189
40462.329998151334
40495.884998133755
40516.9949981227
40585.11999808701
40602.02499807815
40640.654998057915
40656.629998049546
40679.64499803749
40709.984998021595
40895.07499792463
41045.96999784558
41059.71499783838
41106.88499781367
41122.874997805295
41157.91499778694
41233.63999774727
41246.34499774061
41259.00499773398
41279.44499772327
41316.86999770367
41331.99499769574
41363.07499767946
41379.97499767061
41400.31499765995
41442.93999763762
41478.52499761898
41505.82999760468
41516.31999759918
41570.429997570835
41586.85999756223
41610.764997549704
41633.344997537875
41817.72999744128
41846.56999742617
41867.97499741496
41884.23499740644
41900.284997398034
42012.334997339334
42037.66999732606
42054.3999973173
42114.35499728589
42241.16499721946
42253.72499721288
42265.09999720692
42277.134997200614
42386.5449971433
42541.9199970619
42556.2349970544
42630.66499701541
42644.36499700823
42660.20999699993
42674.83499699227
42856.019996897354
42893.78999687757
42963.164996841224
43028.24499680713
43046.754996797434
43060.01499679049
43074.19499678306
43089.579996775
43110.31499676414
43187.779996723555
43205.67999671418
43221.46499670591
43240.88999669573
43268.04499668151
43288.14499667098
43299.544996665005
43376.84999662451
43453.80499658419
43467.3399965771
43482.13499656935
43557.73499652975
43591.084996512276
43608.934996502925
43649.404996481724
43792.684996406664
43863.09499636978
43929.16499633517
44087.489996252225
44209.334996188394
44282.18999615023
44507.60499603214
44523.76999602367
44542.184996014024
44694.704995934124
44805.624995876016
44942.319995804406
44967.004995791474
44977.68999578588
44989.719995779575
45002.4599957729
45019.46999576399
45124.60999570891
45157.79999569152
45181.409995679154
45261.89999563699
45281.9199956265
45295.23999561952
45333.92499559926
45366.1049955824
45383.2849955734
45407.18499556088
45427.559995550204
45453.18999553678
45470.88499552751
45484.33499552046
45509.44499550731
45523.954995499706
45548.11499548705
45733.5599953899
45758.669995376746
45810.56999534956
45832.01499533832
45846.65499533065
45861.389995322934
45940.84499528131
45958.37499527213
46046.9949952257
46075.87499521057
46141.569995176156
46271.49499510809
46293.384995096625
46310.91999508744
46337.574995073475
46351.40499506623
46389.03499504652
46401.044995040225
46431.38999502433
46448.58499501532
46465.604995006404
46483.7449949969
46496.84499499004
46607.34999493215
46623.89499492348
46647.79499491096
46688.41499488968
46713.31499487664
46729.82499486799
46745.30499485988
46854.53999480265
46877.52999479061
46970.1349947421
47039.55999470573
47079.934994684576
47109.58499466904
47131.06499465779
47146.87499464951
47166.12999463942
47265.45499458739
47309.70499456421
47327.954994554646
47395.06999451949
47405.344994514104
47417.13499450793
47434.89499449862
47452.62999448933
47472.17999447909
47490.08499446971
47507.64499446051
47521.42499445329
47607.6949944081
47649.43499438623
47671.534994374655
47687.17499436646
47702.27999435855
47755.17499433084
47852.27499427997
47884.0999942633
47993.70499420588
48011.43999419659
48027.46999418819
48104.64999414776
48247.56499407289
48297.26999404685
48318.85999403554
48343.11999402283
48378.47999400431
48418.914993983126
48438.64499397279
48497.38499394202
48528.694993925616
48551.87999391347
48638.81499386793
48659.42999385713
48670.96999385108
48683.99499384426
48811.26999377758
48845.88499375945
48878.994993742104
48897.72999373229
48978.48999368998
49023.629993666334
49040.39499365755
49059.9599936473
49078.94499363736
49094.21499362936
49171.27499358899
49192.6299935778
49210.489993568444
49223.98999356137
49242.35999355175
49270.559993536976
49292.91999352526
49323.78499350909
49401.529993468364
49442.14499344709
49461.084993437165
49483.474993425436
49493.784993420035
49508.04999341256
49523.47999340448
49535.434993398216
49548.4449933914
49566.10499338215
49581.29499337419
49671.634993326865
49718.84999330213
49734.14499329412
49749.04999328631
49799.51999325987
49930.85499319107
50085.59999311
50099.224993102864
50126.81499308841
50188.18999305626
50199.7549930502
50199.99999305007
50213.314993043095
50234.99499303174
50258.134993019616
50283.62499300626
50300.29499299753
50323.29999298548
50349.62499297169
50427.49499293089
50439.8849929244
50532.899992875675
50595.78999284273
50608.99999283581
50628.12499282579
50650.639992813994
50678.52499279939
50821.90999272427
50837.44499271613
50854.124992707395
50871.62499269823
50884.32999269157
50915.02999267549
50939.964992662426
50954.284992654924
50965.849992648866
51155.17999254968
51172.11499254081
51236.66999250699
51255.45999249715
51273.024992487946
51308.19499246952
51402.19499242028
51440.01999240046
51486.27999237623
51570.63499233204
51586.89999232352
51623.554992304315
51637.514992297
51657.96499228629
51676.74999227645
51697.39999226563
51778.669992223055
51802.88999221037
51823.32999219966
51844.584992188524
51861.554992179634
51881.14999216937
51904.12499215733
51924.9999921464
51942.5599921372
51959.29999212843
51990.96999211184
52013.12499210023
52040.644992085814
52057.474992077
52076.85999206684
52090.139992059885
52106.73999205119
52192.52499200625
52206.95999199869
52291.97999195415
52406.76999189401
52430.53999188156
52446.699991873094
52474.799991858374
52573.659991806584
52591.949991797
52623.19999178063
52636.174991773834
52658.88499176194
52694.70999174317
52733.51499172284
52866.35499165325
52902.844991634134
52919.67499162532
52936.14999161669
52966.179991600955
52982.11499159261
53002.61499158187
53021.35999157205
53037.31999156369
53084.45999153899
53160.694991499055
53182.45999148765
53231.664991461876
53244.81499145499
53257.054991448575
53388.98999137946
53418.70999136389
53453.88499134546
53474.74499133453
53493.33999132479
53509.7399913162
53525.61999130788
53539.53999130059
53557.33499129127
53595.80999127111
53750.94499118984
53800.91999116366
53813.089991157285
53828.01499114947
53842.389991141936
53883.219991120546
53914.93999110393
53996.859991061014
54103.179991005316
54181.599990964234
54207.174990950836
54256.26499092512
54271.53999091712
54342.61999087988
54363.114990869144
54378.91499086087
54526.759990783416
54541.82499077552
54681.63499070228
54782.399990649494
54797.54499064156
54812.01499063398
54828.439990625375
54842.73999061788
54856.77999061053
54960.08999055641
55024.52999052265
55048.094990510304
55062.579990502716
55081.57999049276
55155.12999045423
55301.71999037744
55354.659990349704
55379.014990336946
55462.02499029346
55587.29999022783
55702.13999016767
55720.434990158086
55743.744990145875
55804.179990114215
55818.839990106535
55852.6999900888
55886.82499007092
55898.63999006473
55916.56499005534
55928.96999004884
56009.04499000689
56022.98998999959
56042.14998998955
56076.079989971775
56086.93498996609
56098.28998996014
56113.12498995237
56138.54998993905
56150.83998993261
56162.06498992673
56249.269989881046
56265.3949898726
56327.71998983995
56445.54998977822
56473.89998976337
56494.58998975253
56528.08498973498
56558.489989719055
56575.519989710134
56626.044989683665
56674.62998965821
56697.50998964623
56798.63498959325
56849.15998956678
56878.34498955149
56891.63998954453
57005.224989485025
57042.01998946575
57058.03998945736
57076.0949894479
57105.04498943273
57156.71998940566
57169.674989398874
57185.839989390406
57233.73998936531
57248.469989357596
57267.13498934782
57305.26998932784
57409.084989273455
57427.55998926378
57450.47998925177
57464.194989244585
57508.099989221584
57530.44498920988
57587.924989179766
57603.58498917156
57614.52498916583
57634.009989155624
57661.094989141435
57821.269989057524
57845.92498904461
57863.16498903558
57880.06998902672
57902.26998901509
58093.779988914765
58226.5749888452
58242.879988836656
58260.90498882721
58344.659988783336
58381.87998876384
58394.70998875712
58409.449988749395
58443.97498873131
58464.68498872046
58533.8999886842
58547.84998867689
58575.07998866263
58614.20498864213
58628.85998863445
58648.79498862401
58663.09498861652
58701.24498859653
58717.22998858816
58737.909988577325
58751.06498857043
58770.93998856002
58840.6499885235
58856.74498851507
58872.05998850705
59034.99998842169
59062.82998840711
59092.844988391385
59119.399988377474
59132.379988370674
59267.01998830014
59319.72498827253
59422.83998821851
59439.52498820977
59523.12998816597
59592.28998812974
59668.51998808981
59791.59498802533
59811.059988015135
59841.38498799925
59857.79998799065
59999.19498791658
60013.0899879093
60033.519987898595
60063.91998788267
60087.99498787006
60108.17998785948
60164.58998782993
60188.059987817636
60204.65498780894
60218.15498780187
60241.054987789874
60256.664987781696
60269.62498777491
60287.83498776537
60314.78498775125
60358.35998772842
60378.15498771805
60393.15498771019
60408.06498770238
60423.36498769437
60453.57998767854
60503.0899876526
60564.10498762064
60581.69498761142
60602.48998760053
60628.344987586985
60668.17498756612
60683.889987557886
60817.84998748771
60835.134987478654
60854.80998746835
60868.58998746113
60890.5999874496
61051.979987365055
61084.279987348134
61097.64998734113
61119.50498732968
61132.30998732297
61192.71498729133
61208.609987283
61243.47498726474
61262.47998725478
61276.67998724734
61299.35998723546
61351.2099872083
61421.00998717173
61518.929987120435
61597.69498707917
61622.24998706631
61639.23498705741
61664.34498704426
61682.49498703475
61849.21498694741
61887.5949869273
61907.43998691691
61924.95498690773
61941.29498689917
61951.729986893704
62073.84998682973
62093.214986819585
62107.399986812154
62123.80998680356
62244.109986740536
62257.06498673375
62277.63998672297
62294.45998671416
62312.39498670476
62379.509986669604
62440.17498663782
62455.2999866299
62481.499986616174
62506.56498660304
62521.319986595314
62609.79998654896
62664.999986520044
62782.87998645829
62820.25998643871
62846.01998642521
62861.79998641695
62875.544986409746
62890.69498640181
62909.78998639181
62942.4399863747
62955.92498636764
62971.54998635945
63006.574986341104
63060.56498631282
63089.27498629778
63236.76998622051
63250.604986213264
63322.26498617572
63353.11498615956
63384.3499861432
63403.51998613316
63418.84498612513
63436.01998611613
63446.244986110774
63510.27498607723
63568.77998604658
63638.314986010155
63653.259986002326
63673.48498599173
63692.47998598178
63714.03498597049
63738.394985957726
63807.40998592157
63843.34998590274
63888.45998587911
63904.97998587046
64134.7299857501
64180.77498572598
64224.634985703
64241.06498569439
64261.24998568382
64273.1249856776
64296.50998566535
64355.73498563432
64450.749985584545
64585.33498551404
64603.844985504344
64636.63998548716
64737.08498543454
64766.534985419115
64830.48998538561
64866.48998536675
64879.07998536016
64895.939985351324
64969.734985312665
65051.50498526983
65086.12998525169
65104.35998524214
65152.47498521693
65177.059985204054
65199.96998519205
65199.99998519204
65226.114985178356
65292.009985143835
65321.064985128614
65359.17998510865
65438.40998506714
65471.91498504959
65531.43498501841
65564.60998504265
65603.00998507842
65676.2149851466
65691.5699851609
65745.41998521105
65780.3699852436
65850.43498530885
65865.17498532258
65882.84998533904
65905.66998536029
65926.17498537939
66004.83998545265
66025.41998547182
66046.20998549118
66064.54998550826
66309.19998573611
66327.6549857533
66371.31498579396
66393.66498581477
66463.00498587935
66662.84498606547
66690.98998609168
66766.22998616175
66780.89498617541
66813.88498620613
66866.32498625497
66916.91498630209
66955.92498633842
66987.37998636771
67022.3649864003
67109.38498648134
67145.45998651494
67167.31498653529
67191.51498655783
67208.25998657342
67248.68498661107
67274.38998663501
67300.8949866597
67313.3549866713
67344.4949867003
67379.84498673322
67392.53498674504
67404.7349867564
67469.42998681666
67515.33498685941
67532.66998687555
67548.12498688995
67629.85998696607
67647.45498698246
67775.97998710215
67925.44498724135
68055.14498736215
68075.36498738098
68218.24998751405
68232.88498752768
68262.18998755497
68280.22498757177
68315.24998760439
68394.95998767862
68422.7399877045
68443.51498772384
68549.16498782224
68621.78998788988
68648.75498791499
68664.73998792988
68778.07498803543
68801.29498805705
68819.20498807373
68838.14498809137
68854.51998810662
68874.64498812536
68903.92498815263
68919.40498816705
68939.61498818587
68958.06498820306
69018.16998825903
69056.794988295
69152.98498838459
69180.06498840981
69279.53498850245
69309.25998853013
69423.38498863642
69448.57998865988
69462.62998867297
69480.79998868989
69515.21498872194
69550.01998875436
69575.26998877787
69621.579988821
69647.6649888453
69723.35498891579
69798.19998898549
69812.71998899902
69823.58998900914
69857.66998904088
69877.78998905962
69931.21498910937
69963.2449891392
70022.89998919476
70037.68998920853
70056.2249892258
70071.96498924046
70247.25498940371
70268.34998942335
70422.43998956686
70444.25498958718
70480.71498962113
70494.17498963367
70614.23998974549
70767.22498988797
70789.50998990872
70847.80498996301
70863.42998997757
70892.37499000452
71005.5199901099
71102.59999020031
71237.85499032628
71263.5499903502
71299.33999038354
71313.73499039694
71385.21499046352
71400.31999047758
71440.61999051512
71462.57499053556
71475.31499054743
71857.50999090337
71898.19499094127
71971.21999100927
71989.85999102663
72014.35999104945
72032.4499910663
72050.30499108293
72070.09999110136
72084.62499111489
72109.53499113809
72195.43499121809
72212.64999123412
72247.68499126675
72278.28499129525
72297.70999131334
72421.12999142829
72470.51999147428
72497.19499149913
72512.57499151345
72630.97999162372
72653.02499164426
72689.1449916779
72715.09999170207
72829.50999180862
72974.40999194357
73008.27499197511
73027.35499199288
73042.70999200718
73057.05999202054
73075.0599920373
73097.66999205836
73194.07499214815
73215.36999216798
73231.08999218262
73250.24999220046
73269.30499221821
73298.61499224551
73326.9599922719
73351.34499229462
73372.77999231458
73384.09499232512
73468.4749924037
73577.33499250509
73610.66999253613
73662.04499258398
73757.96999267332
73872.2999927798
73993.19499289239
74100.39499299222
74124.32499301451
74135.71499302512
74150.33499303873
74234.87499311747
74257.1399931382
74276.19999315595
74366.20499323978
74378.31499325106
74397.69999326911
74459.16499332635
74488.64499335381
74502.814993367
74642.83499349741
74655.52999350923
74687.8149935393
74716.20999356575
74743.07499359077
74790.81999363523
74821.12499366346
74856.29499369621
74887.70499372546
74930.4749937653
75241.69999405515
75254.03499406663
75272.27999408363
75292.19499410217
75306.48499411548
75378.0099941821
75465.92499426397
75526.44499432034
75638.56999442476
75693.594994476
75760.65999453847
75783.9899945602
75873.50499464356
75913.22499468055
75926.30999469274
75944.9499947101
75968.2449947318
76100.49499485496
76137.27499488922
76152.94999490381
76188.589994937
76235.23499498045
76265.90999500902
76350.84999508812
76453.88999518409
76464.34999519383
76479.48499520792
76492.27999521984
76571.13999529328
76622.09499534074
76672.46499538765
76691.66999540554
76975.47499566985
77002.27499569481
77027.29999571812
77052.7249957418
77087.16999577387
77098.19499578414
77122.23999580654
77144.17499582696
77157.85999583971
77212.44999589055
77230.47499590734
77395.59499606112
77419.66499608353
77454.11499611562
77470.93999613129
77632.98999628221
77646.92999629519
77689.46999633481
77726.11999636894
77781.53999642056
77795.98499643401
77818.76499645523
77974.65999660041
78005.53999662917
78021.68999664421
78065.57499668509
78087.95499670593
78104.52499672136
78125.46999674087
78157.63499677082
78216.02999682521
78230.86999683903
78247.46999685449
78295.24499689898
78317.61499691982
78353.17499695293
78370.36999696895
78390.33499698754
78435.52999702963
78489.77499708015
78508.11499709723
78526.91999711475
78597.42499718041
78639.26499721938
78692.24499726872
78772.71999734367
78796.43499736575
78818.15999738598
78835.2549974019
78854.3549974197
79048.51499760052
79060.49999761168
79083.39999763301
79211.12999775197
79226.66499776643
79239.22499777813
79285.6799978214
79409.36499793659
79430.01499795582
79446.7399979714
79536.12499805464
79590.46499810525
79657.81499816797
79670.84499818011
79688.71999819676
79704.6549982116
79766.6049982693
79828.2499983267
79864.93499836087
79879.58999837452
79892.06499838614
79910.74999840354
79930.9999984224
79949.17499843932
79962.86999845208
79980.95499846892
80004.0099984904
80023.46999850852
80038.77499852277
80052.79499853583
80068.45499855041
80329.5749987936
80344.95499880792
80374.7849988357
80389.3849988493
80570.77999901824
80590.2799990364
80606.44499905145
80636.35999907932
80660.34999910166
80673.8199991142
80695.00999913394
80727.26999916398
80747.20499918255
80765.41499919951
80800.78999923245
80828.27499925805
81007.9649994254
81022.33999943879
81036.33499945182
81047.44999946217
81058.70999947266
81073.86999948678
81278.09999967698
81303.19999970036
81346.3049997405
81414.81499980431
81430.87499981927
81540.23499992111
81640.58000001457
81681.05500005226
81748.59000011516
81845.79500020569
81910.53000026598
81927.13000028144
81946.5250002995
82038.04500038474
82122.11000046303
82156.27500049485
82220.70500055485
82234.24000056746
82248.87500058109
82284.17500061396
82323.69500065077
82372.32000069605
82394.66000071686
82416.52500073722
82521.2950008348
82647.62000095245
82695.26000099682
82719.9450010198
82825.53000111814
82900.36000118783
82913.3250011999
82926.12000121182
82964.37500124745
82996.72000127757
83010.59000129049
83030.18000130873
83053.7650013307
83070.78000134655
83159.25000142894
83189.69000145729
83245.8600015096
83293.08000155358
83319.16500157787
83370.03500162525
83391.20500164496
83508.64500175434
83528.31000177265
83639.95500187663
83657.27500189276
83808.24000203336
83934.79500215122
83983.45000219654
84034.93500224449
84092.48500229808
84160.5750023615
84238.420002434
84258.10500245233
84384.91000257042
84573.3300027459
84592.31000276358
84658.05500282481
84724.45500288665
84741.24000290228
84756.02500291605
84773.45000293228
84822.28000297776
84837.81500299223
84856.20500300935
84878.71000303031
85009.84000315244
85034.67000317556
85045.50500318565
85056.58000319597
85205.66500333481
85224.58000335243
85236.95500336395
85265.37000339042
85357.78000347648
85425.5550035396
85452.52000356471
85468.57000357966
85520.3600036279
85538.32000364462
85664.53000376216
85701.21000379632
85716.63000381069
85860.91500394506
85875.10500395828
86057.97500412859
86100.71000416839
86182.36000424443
86202.68500426336
86214.18500427407
86228.84000428772
86248.83000430634
86261.38500431803
86284.4450043395
86333.64500438533
86374.02500442293
86417.11500446306
86430.70000447572
86446.43000449036
86458.43000450154
86557.84000459412
86671.15000469965
86696.12500472291
86709.76000473561
86721.20000474626
86735.4050047595
86749.78500477289
86766.02500478801
86847.78000486415
86866.58500488166
86879.17500489339
86893.73000490695
86907.61000491987
86965.32500497362
86981.1850049884
87002.46000500821
87015.37000502023
87026.90500503097
87040.17500504333
87080.12500508054
87110.74500510906
87132.57500512939
87179.06000517268
87290.92500527686
87416.5900053939
87432.805005409
87553.6050055215
87588.86500555434
87684.65500564355
87818.51500576822
87837.96500578633
87858.67000580562
87872.14500581817
87882.77500582807
87893.46000583802
87908.42500585195
87923.25500586577
87970.17500590946
88047.6350059816
88092.86500602373
88233.31000615453
88245.65000616602
88270.95500618959
88311.21500622708
88340.39500625426
88353.61000626656
88400.80000631051
88440.7300063477
88478.94500638329
88493.3450063967
88618.53000651329
88660.56000655243
88697.12500658649
88811.18500669271
88861.66500673973
88877.47000675445
88953.50500682526
89045.570006911
89071.79000693542
89089.11500695156
89156.25500701409
89173.01000702969
89210.85500706494
89270.34500712034
89293.4950071419
89329.5750071755
89413.60000725376
89427.34500726656
89460.66000729759
89544.12000737531
89588.82000741694
89642.94500746735
89669.0850074917
89686.29500750772
89699.99500752048
89711.09000753082
89757.34000757389
89777.6450075928
89795.43500760937
89844.27500765485
89858.5000076681
89870.33500767912
89884.20000769204
89966.00500776822
89993.22000779357
90045.61500784237
90101.29000789422
90134.85500792548
90238.45000802196
90295.36000807496
90307.23000808602
90324.03500810167
90347.82500812382
90368.04500814265
90384.92000815837
90395.85000816855
90410.80000818247
90567.07500832801
90599.09000835783
90647.77000840317
90660.87500841537
90702.07500845374
90715.11000846588
90749.63000849803
90764.24000851164
90787.10000853293
90801.05500854593
90998.73000873002
91047.05500877503
91112.46500883595
91135.45000885735
91197.36500891502
91214.11000893061
91233.59500894876
91260.87000897416
91293.84000900487
91306.59000901674
91319.80500902905
91349.69500905689
91376.53500908188
91393.21500909742
91497.6650091947
91535.91500923032
91674.32000935922
91718.63500940049
91739.2600094197
91760.37000943936
91784.87500946218
91850.28000952309
91909.31000957807
91945.13000961143
91995.90000965871
92025.60500968638
92046.90500970621
92106.21000976145
92124.6300097786
92142.22000979498
92250.690009896
92274.38000991807
92294.38000993669
92377.80501001439
92396.25501003157
92421.93501005549
92494.92501012346
92529.73001015588
92592.54501021438
92680.80501029658
92690.6050103057
92736.49501034844
92752.09001036297
92832.19001043757
92920.46501051978
92962.07501055853
92997.55501059158
93026.92001061892
93178.34501075995
93192.66501077329
93206.24501078593
93243.42501082056
93263.42001083918
93277.36001085216
93292.3200108661
93338.6000109092
93512.90001107153
93575.06001112942
93591.28001114452
93620.91501117212
93863.27001139784
93911.80001144303
93993.51501151914
94028.19501155143
94041.29001156363
94053.54501157504
94084.80001160415
94147.42001166247
94165.31001167913
94236.11501174507
94251.37501175929
94268.44501177518
94287.51501179294
94354.61501185544
94465.15001195838
94490.8350119823
94774.45501224644
94800.85001227102
94815.39001228457
94829.57001229777
94902.49501236569
94916.55501237878
95026.81501248147
95163.39501260867
95187.97501263156
95210.87501265289
95227.03501266794
95255.2300126942
95282.74501271982
95296.23501273239
95317.06501275179
95343.19501277612
95357.39001278934
95373.31001280417
95415.52001284348
95426.29501285352
95438.22001286462
95460.82001288567
95478.97001290257
95527.33501294762
95596.10001301166
95609.01501302369
95643.02501305536
95667.69001307833
95688.78501309798
95764.85501316882
95788.82501319115
95829.29001322883
95848.97501324717
95866.28501326329
95902.84501329734
96129.03001350799
96145.84001352364
96158.28501353523
96171.97501354798
96208.85001358233
96334.81501369964
96348.85501371272
96367.16501372977
96381.25001374289
96406.80501376669
96429.92001378821
96445.21501380246
96470.20001382573
96485.62001384009
96512.8050138654
96529.31001388078
96608.2550139543
96677.35501401866
96768.06501410314
96811.55501414364
96828.25001415919
96884.00501421111
96950.76501427329
96983.21501430351
97005.94501432468
97030.3400143474
97050.9550143666
97088.89001440193
97111.69501442317
97126.27501443675
97144.17501445342
97258.14501455956
97395.12001468713
97415.0600147057
97435.26001472451
97471.51501475828
97528.93501481175
97542.55001482443
97571.34001485124
97590.44501486904
97617.34001489409
97630.68501490651
97713.00501498318
97798.48001506279
97811.95001507533
97855.36001511576
97867.49001512706
97912.8500151693
97992.75001524371
98021.63501527061
98054.92001530161
98125.24501536711
98193.07001543028
98259.38501549204
98274.8150155064
98316.51001554524
98392.20001561573
98471.55501568964
98527.37001574162
98542.15501575539
98589.35501579934
98630.39501583757
98645.29001585144
98658.28001586354
98669.9450158744
98681.58001588524
98693.25501589611
98742.77501594223
98806.82501600188
98824.77001601859
98843.73501603625
98879.29001606937
98899.90501608857
98918.90001610626
99042.02001622092
99055.15501623316
99086.57501626242
99103.0900162778
99135.97001630842
99230.81001639675
99263.67001642735
99322.82501648244
99346.91001650487
99400.50001655478
99427.28001657972
99490.45001663856
99521.80501666776
99536.00001668098
99565.90001670882
99622.76501676178
99638.08001677605
99651.49501678854
99695.54501682956
99857.91001698078
99876.12001699774
100001.76001711475
100080.97501718852
100097.8050172042
100116.83501722192
100219.04001731711
