336.8249999997662
413.979999999696
612.974999999515
650.2649999994811
778.6599999993643
907.1699999992475
970.9649999991894
1042.954999999555
1111.310000001047
1139.165000001655
1256.030000004206
1339.9500000060377
1417.6250000077332
1631.9650000124118
1710.2900000141215
1730.565000014564
1819.5900000165072
1914.9900000185896
2170.240000024161
2226.1450000253813
2324.1900000275214
2517.7500000317464
2560.565000032681
2758.150000036994
2952.4850000412357
3000.960000042294
3058.9400000435594
3109.2050000446566
3163.465000045841
3281.535000048418
3397.3600000509464
3486.8900000529006
3557.815000054449
3602.2900000554196
3636.9300000561757
3713.9300000578564
3790.3450000595244
3822.0450000602164
3876.7550000614106
4488.145000074755
4589.660000076971
4632.890000077915
4667.800000078677
4694.0300000792495
4979.47500008548
5036.480000086724
5178.645000089828
5374.935000094112
5415.890000095006
5559.45000009814
5776.14000010287
5879.380000105123
5997.235000107696
6064.78000010917
6104.325000110033
6185.365000111802
6303.195000114374
6340.635000115191
6577.510000120362
6626.245000121426
6814.615000125537
6853.625000126389
6876.200000126882
6986.280000129284
7064.225000130986
7217.940000134341
7358.715000137414
7458.41500013959
7544.06000014146
7676.690000144355
7879.505000148782
7948.635000150291
8178.720000155313
8297.795000138667
8415.85000011977
8444.71000011515
8502.5000001059
8757.815000065031
8993.77500002726
9095.125000011038
9257.134999985105
9308.559999976873
9478.729999949634
9649.724999922262
9751.854999905914
9815.119999895787
10329.419999813463
10382.994999804887
10419.874999798983
10527.429999781767
10561.14499977637
10591.19999977156
10660.684999760437
10781.589999741083
10903.469999721574
10938.269999716003
11192.874999675249
11232.864999668847
11267.684999663274
11350.554999650009
11378.369999645556
11413.13999963999
11474.764999630126
11505.804999625158
11609.819999608508
11680.204999597241
11742.254999587309
11762.79499958402
11786.584999580213
12150.519999521957
12200.41999951397
12258.304999504704
12307.294999496862
12392.27499948326
12422.07499947849
12743.589999427024
12796.644999418531
13126.88499936567
13236.069999348192
13347.929999330287
13525.614999301844
13645.249999282694
13670.429999278664
13710.93499927218
13827.039999253595
14454.254999153196
14544.62999913873
14582.329999132695
14926.009999077682
14977.114999069501
15160.109999040209
15198.169999034117
15274.379999021918
15665.904998959246
15688.949998955557
15729.264998949104
16055.054998896954
16108.229998888442
16313.02499885566
16367.844998846886
16810.41999893117
16903.13499895006
16956.764998960985
17088.899998987905
17133.169998996924
17199.739999010486
17333.794999037797
17374.30499904605
17404.379999052177
17451.184999061712
17649.354999102085
17918.599999156937
17966.5299991667
18215.519999217428
18397.324999254466
18550.6299992857
18583.82499929246
18608.619999297513
18672.439999310514
18725.52499932133
18755.944999327527
19305.32499943945
19421.12499946304
19828.069999545947
19999.084999580788
20027.394999586555
20092.21499959976
20348.18999965191
20573.88499969789
20599.90499970319
20866.119999757426
21096.15499980429
21142.079999813646
21388.934999863937
21422.07499987069
21449.004999876175
21519.279999890492
21552.529999897266
21741.37499993574
21887.049999965417
22018.059999992107
22211.410000031497
22287.760000047052
22360.520000061875
22464.320000083022
22557.480000102
22726.67000013647
22998.565000191862
23020.125000196254
23086.535000209784
23316.615000256657
23358.21000026513
23389.590000271524
23586.515000311643
23741.290000343175
23783.415000351757
23824.695000360167
23868.505000369092
23905.12000037655
23931.875000382002
23965.48000038885
24136.525000423695
24216.195000439926
24610.055000520166
24679.255000534264
24725.22500054363
24892.31000057767
24959.65500059139
25015.895000602846
25091.635000618277
25220.805000644592
25698.715000741955
25853.200000773428
25972.355000797703
26021.005000807614
26072.56500081812
26103.730000824467
26142.97000083246
26200.84000084425
26235.87500085139
26384.885000881746
26417.370000888364
26570.510000919563
26676.160000941087
26811.810000968722
26869.57500098049
26904.585000987623
27044.650001016158
27310.685001070357
27345.130001077374
27404.1550010894
27445.14500109775
27578.295001124876
27930.8450011967
28115.620001234343
28167.98500124501
28279.170001267663
28328.795001277773
28448.60500130218
28496.005001311838
28587.965001330573
28669.38000134716
28718.22500135711
29008.790001416306
29196.190001454484
29231.580001461694
29360.485001487956
29519.895001520432
29593.200001535366
29753.055001567933
29868.120001591375
29969.74500161208
30018.280001621966
30278.805001675042
30420.60500170393
30555.770001731467
30706.365001762148
30766.535001774406
31034.510001829
31123.835001847197
31328.58500188891
31446.15000191286
31553.05500193464
31593.470001942875
31652.115001954822
31678.94500196029
31699.28000196443
31747.790001974314
31770.44500197893
31982.54500202214
32006.405002027
32216.4900020698
32333.36000209361
32471.54000212176
32525.270002132707
32565.760002140956
32732.260002174877
32774.7850021786
32867.61500212997
32994.96000206326
33056.55500203099
33168.51000197234
33248.25500193056
33349.9350018773
33664.615001712446
34110.74500147873
34183.31000144072
34232.240001415084
34372.93000134138
34406.58500132375
34697.29500117146
34894.68000106805
34939.020001044824
34979.70500102351
35199.32000090846
35232.650000891
35552.98000072319
35762.59000061338
35959.810000510064
36247.50500035935
36288.14000033806
36316.140000323394
36406.62500027599
36556.425000197516
36591.475000179154
36638.64500015444
36963.01999998451
37120.47499990203
37337.424999788374
37366.23999977328
37399.804999755695
37451.3349997287
37631.849999634134
37952.92499946593
38069.56999940483
38191.284999341064
38236.464999317395
38305.794999281075
38438.90999921134
38461.634999199436
38698.09499907556
38780.914999032175
39003.17999891574
39091.4349988695
39203.919998810576
39254.97499878383
39827.379998483964
39868.44999846245
39896.33999844784
39979.90999840406
40148.92499831552
40186.50999829583
40314.77999822863
40339.80999821552
40515.05499812371
40613.21999807229
40645.6399980553
40675.164998039836
40852.08999794715
40891.02999792675
40971.65999788451
41212.73499775822
41263.174997731796
41288.76999771839
41661.15499752331
41759.30499747189
41790.89999745534
42230.60999722499
42266.959997205944
42553.749997055704
42587.88999703782
42722.82499696713
42772.00499694137
43291.04499666946
43359.979996633345
43507.68499655597
43574.95999652072
43615.41999649953
43782.18999641216
43882.31999635971
43917.40499634133
44305.194996138176
44369.41999610453
44404.12499608635
44434.64999607036
44601.38499598301
44677.70499594303
45205.019995666786
45547.21999548752
45667.93499542428
45708.19499540319
45762.28999537485
45828.92999533994
45997.049995251866
46253.394995117575
46650.80999490938
46703.24999488191
46744.854994860114
46824.624994818325
46863.78499479781
47063.804994693026
47324.749994556325
47351.20999454246
47408.54499451243
47543.679994441634
47613.24999440519
47678.38499437107
47818.539994297644
47895.22499425747
47941.37999423329
47990.89999420735
48091.734994154525
48228.239994083015
48406.489993989635
48446.33499396876
48692.3199938399
48723.31999382366
48779.02999379447
48866.74999374852
48981.75499368827
49011.13999367288
49058.52999364805
49218.46499356427
49439.56999344844
49519.90999340635
49604.004993362294
49695.664993314276
49737.414993292405
146.09999999993963
249.57499999984552
327.6899999997745
352.02499999975237
375.22999999973126
608.589999999519
828.0299999993194
912.059999999243
1166.6300000022545
1220.715000003435
1445.1750000083346
1542.4700000104583
1655.390000012923
1695.1150000137902
1968.3100000197535
2275.4450000264574
2332.7550000277083
2412.3450000294456
2452.85500003033
2473.715000030785
2700.945000035745
2770.7700000372693
2788.890000037665
2828.0000000385185
2976.51000004176
3023.6250000427885
3081.045000044042
3277.395000048328
3323.675000049338
3422.7150000515
3532.3250000538924
3553.30000005435
3592.1600000551985
3814.015000060041
3837.3950000605514
4046.7200000651205
4360.820000071976
4378.750000072368
4405.465000072951
4483.830000074661
4630.000000077852
4692.080000079207
4732.8350000800965
4969.8250000852695
5045.5550000869225
5160.070000089422
5230.05500009095
5279.415000092027
5560.235000098157
5831.14500010407
5876.320000105056
6058.670000109037
6279.605000113859
6367.720000115783
6635.825000121635
6713.520000123331
6799.690000125212
6832.13000012592
7045.950000130587
7297.050000136068
8077.770000153109
8133.605000154328
8183.045000155407
8413.440000120156
8526.18000010211
8647.220000082734
8687.945000076215
8738.790000068077
8970.510000030985
8996.945000026753
9034.230000020785
9245.329999986994
9337.529999972236
9543.934999939196
9804.884999897426
10004.929999865404
10081.35499985317
10119.71999984703
10164.769999839818
10229.194999829506
10324.109999814313
10363.069999808076
10519.319999783065
10592.44499977136
10670.919999758798
10820.374999734875
10850.799999730005
11052.284999697753
11190.274999675665
11453.274999633566
11599.74499961012
11944.834999554882
12247.444999506442
12271.359999502614
12603.069999449517
12791.379999419374
12869.654999406845
12967.919999391115
13077.674999373547
13139.104999363713
13386.994999324033
13411.574999320099
13549.364999298043
13588.919999291711
13615.684999287427
13840.794999251393
14324.78499917392
14440.134999155456
14594.444999130756
14682.294999116693
15168.889999038804
15261.894999023916
15315.684999015306
15356.114999008834
15378.344999005276
15468.02499899092
15497.14499898626
15517.979998982924
15733.764998948383
15766.909998943078
15819.169998934713
16059.404998896258
16192.124998875013
16237.804998867701
16284.884998860165
16534.524998874964
16600.204998888345
16719.639998912677
17147.18499899978
17393.189999049897
17442.274999059897
17539.57999907972
17635.649999099292
17864.61499914594
17902.049999153565
18012.209999176008
18153.14499920472
18270.889999228708
18504.314999276263
18610.789999297955
18755.209999327377
18787.594999333975
18915.909999360116
18998.159999376872
19459.619999470884
19489.064999476883
19532.98999948583
19582.739999495967
20030.964999587282
20079.909999597254
20283.024999638634
20331.859999648583
20504.124999683678
20541.529999691298
20591.789999701537
20741.94999973213
20981.14499978086
21113.639999807852
21413.919999869027
21456.33499987767
21638.88499991486
21719.184999931218
21775.184999942627
22294.510000048427
22578.5850001063
23247.21500024252
23306.085000254512
23357.395000264965
23397.545000273145
23482.330000290418
23592.055000312772
23632.600000321032
24165.395000429577
24329.185000462945
24383.570000474025
24652.550000528823
24851.120000569277
24879.275000575013
24947.73000058896
25044.610000608696
25187.700000637848
25701.04500074243
25742.800000750936
25767.35500075594
25992.21500080175
26027.945000809028
26063.05000081618
26244.240000853093
26332.39000087105
26512.42000090773
26543.74500091411
26623.190000930295
26740.645000954224
26763.64000095891
26790.920000964466
26821.985000970795
26882.710000983167
26981.5400010033
27055.31500101833
27110.715001029617
27136.44500103486
27362.79000108097
27593.370001127947
27704.81000115065
27846.095001179434
27907.960001192037
27937.61500119808
27966.605001203985
28137.39000123878
28186.410001248765
28350.635001282222
28455.72000130363
28523.980001317537
28978.210001410076
29289.565001473507
29338.485001483474
29507.595001517926
29765.30500157043
29852.84000158826
29880.56500159391
30108.305001640307
30148.895001648576
30303.49000168007
30354.310001690425
30381.665001695997
30647.12500175008
30819.61500178522
30855.140001792457
31135.125001849497
31211.46000186505
31354.94500189428
31617.195001947708
31659.450001956317
31734.850001971678
31785.890001982076
31815.090001988025
32013.160002028377
32152.225002056708
32192.325002064877
32245.710002075753
32481.510002123792
32509.905002129577
32542.46000213621
32682.140002164666
32717.45500217186
32818.010002155956
33078.670002019404
33571.49000176123
33687.55000170043
33874.745001602365
34155.07500145551
34247.24000140723
34389.510001332696
34589.51000122792
34648.09000119723
34673.80500118376
34948.84000103968
34985.97000102023
35011.19000100702
35038.67000099262
35265.47000087381
35348.9050008301
35432.20000078646
35466.880000768295
35504.4700007486
35774.07000060737
35974.56000050234
36007.225000485225
36331.94000031512
36386.48500028654
36476.865000239195
36580.1200001851
36619.66000016439
36643.89500015169
36787.58500007642
36831.1400000536
36857.90500003958
36884.315000025745
36985.084999972954
37091.769999917065
37307.684999803954
37357.66999977777
37392.70999975941
37433.134999738235
37621.09499963977
37839.954999525115
38057.124999411346
38109.90999938369
38494.94999918198
38688.95499908035
39014.234998909946
39170.284998828196
39201.11999881204
39264.394998778895
39315.78999875197
39470.99499867066
39517.644998646225
39541.639998633655
39650.5499985766
39794.03999850143
39818.16999848879
40040.98999837206
40199.419998289064
40236.374998269705
40354.04499820806
40574.30999809267
40648.654998053724
40907.304997918225
41171.854997779636
41439.02499763967
41732.854997485745
41767.4899974676
41796.63999745233
41959.18499736718
42264.40999720728
42294.54499719149
42366.429997153835
42715.30999697107
42758.48499694845
42783.5849969353
43011.29999681601
43272.14499667936
43338.45999664462
43397.30499661379
43541.359996538326
43582.6349965167
43658.92499647674
43898.1749963514
44075.96499625826
44125.54499623229
44362.824996107985
44408.50999608405
44441.644996066694
44748.53999590592
44836.989995859585
44932.89499580934
44996.25999577615
45062.28999574156
45174.50999568277
45209.584995664394
45231.189995653076
45411.19499555878
45465.47499553034
45506.93999550862
45661.449995427676
45755.714995378294
45796.429995356964
45904.72499530023
45968.50499526682
45996.994995251895
46037.71999523056
46076.74999521011
46279.929995103674
46315.53999508502
46550.164994962106
46587.74999494242
46850.164994804945
46912.54499477227
46968.534994742935
47012.744994719775
47057.489994696334
47103.21499467238
47160.60999464231
47284.43999457744
47330.98499455306
47608.68499440758
47664.989994378084
47761.20499432768
47934.79499423674
48086.99499415701
48219.15999408777
48257.52499406767
48416.62999398432
48469.404993956676
48540.57999391939
48567.16999390546
48939.61499371035
48977.264993690624
49020.55999366794
49060.68999364692
49210.51999356843
49256.46499354436
49508.499993412326
49550.9299933901
49718.76999330217
49774.274993273095
49860.01499322818
49911.92999320098
49981.804993164376
58.89500000001168
278.50999999981923
310.68999999978996
333.25999999976943
372.5299999997337
417.3949999996929
574.9649999995496
610.6749999995171
887.0399999992658
993.9349999991686
1058.2649999998891
1387.8200000070826
1430.8200000080212
1509.2200000097325
1650.0900000128074
1692.265000013728
1749.075000014968
1781.9500000156856
1964.580000019672
2212.9650000250936
2262.9500000261846
2469.8700000307012
2544.6400000323333
2568.7000000328585
2753.160000036885
2781.030000037493
2799.905000037905
2953.8500000412655
3014.860000042597
3055.9600000434943
3279.190000048367
3304.390000048917
3421.935000051483
3581.6300000549686
3626.915000055957
3665.3700000567965
3824.5200000602704
3850.7750000608435
4098.135000066242
4398.495000072799
4452.265000073972
4604.26000007729
4724.600000079917
4867.7550000830415
4902.075000083791
4961.250000085082
5214.96500009062
5272.22000009187
5309.525000092684
5452.765000095811
5594.510000098905
5713.575000101504
5794.235000103265
5841.480000104296
5935.330000106344
5966.905000107034
6279.920000113866
6447.685000117528
6508.400000118853
6545.170000119656
6605.875000120981
6728.330000123654
6790.560000125012
6880.460000126975
6918.610000127807
7033.820000130322
7057.820000130846
7346.460000137146
7380.9900001379
7885.755000148918
7956.7400001504675
8129.055000154229
8174.555000155222
8414.810000119936
8516.090000103724
8684.60000007675
8771.960000062767
8989.425000027957
9079.850000013483
9132.985000004977
9254.594999985511
9541.03999993966
9604.00499992958
9754.549999905483
9880.804999885273
10027.644999861768
10090.074999851775
10324.68499981422
10405.549999801276
10558.424999776806
10628.269999765625
10722.50999975054
10791.35499973952
10857.119999728993
11064.974999695722
11088.254999691995
11127.70499968568
11220.209999670873
11446.854999634594
11495.574999626795
11649.199999602204
11717.764999591229
11783.734999580669
11854.779999569297
11908.024999560774
12016.199999543458
12213.519999511873
12259.169999504566
12808.679999416605
13050.144999377953
13096.27499937057
13199.079999354113
13256.124999344982
13302.829999337506
13564.854999295563
13620.34999928668
13836.68999925205
13934.014999236471
14033.019999220624
14356.884999168782
14381.549999164834
14434.649999156334
14465.60499915138
14585.494999132188
14664.349999119566
14710.259999112217
14771.429999102425
14808.88499909643
14959.514999072318
15205.689999032913
15414.544998999481
15470.849998990469
15536.379998979979
15697.164998954242
15739.039998947539
15986.049998908
16053.229998897246
16246.779998866265
16562.464998880656
16607.39499888981
16648.454998898174
16720.464998912845
17053.409998980675
17076.429998985364
17428.074999057004
17461.009999063714
17611.469999094366
17686.744999109702
17726.79499911786
17949.374999163207
17973.329999168087
18093.124999192492
18160.074999206132
18192.674999212773
18331.51499924106
18367.964999248485
18417.449999258566
18466.34999926853
18496.999999274773
18677.059999311456
18700.954999316324
18725.159999321255
18848.78999934644
18950.324999367127
18972.71999937169
19001.58999937757
19232.304999424574
19314.16499944125
19400.364999458812
19478.919999474816
19522.0399994836
19554.104999490133
19705.199999520915
19818.429999543983
19855.75999955159
19916.304999563923
19938.744999568495
20132.40499960795
20455.404999673752
20700.28499972364
20837.57499975161
21022.43499978927
21058.15499979655
21080.319999801064
21116.119999808358
21148.47999981495
21406.449999867506
21635.60999991419
21762.82499994011
22015.81999999165
22159.615000020945
22231.75000003564
22286.560000046808
22367.66000006333
22403.365000070604
22454.180000080956
22522.840000094944
22744.275000140056
22771.320000145566
22806.660000152766
22861.790000163997
23008.895000193967
23028.00500019786
23080.025000208458
23275.510000248283
23296.95000025265
23323.270000258013
23514.910000297055
23566.550000307576
23598.695000314125
23768.74500034877
23815.025000358197
23846.975000364706
23947.055000385095
24131.69500042271
24266.850000450246
24351.39000046747
24429.995000483483
24486.58000049501
24518.700000501554
24613.535000520875
24645.695000527427
24797.03500055826
24967.145000592915
25030.410000605803
25333.915000667635
25389.670000678994
25469.030000695162
25530.170000707618
25557.850000713257
25737.86500074993
25780.26500075857
25893.990000781738
26053.39000081421
26861.070000978758
26926.180000992023
27068.32000102098
27275.050001063097
27356.420001079674
27383.175001085125
27591.86000112764
27646.460001138763
27702.275001150134
27833.520001176872
27858.04500118187
28109.91500123318
28157.635001242903
28189.57500124941
28230.820001257813
28412.61000129485
28465.220001305566
28491.910001311004
28678.495001349016
28820.150001377875
28954.635001405273
29018.895001418365
29076.24500143005
29235.425001462478
29325.625001480854
29355.520001486944
29397.100001495415
29622.555001541346
30042.55000162691
30123.820001643468
30255.935001670383
30284.14000167613
30309.205001681235
30333.600001686205
30363.37000169227
30448.38500170959
30614.505001743433
30839.170001789204
30890.25500179961
30915.540001804762
31177.50500185813
31294.385001881943
31420.165001907568
31453.740001914408
31485.335001920845
31522.105001928336
31681.02000196071
31719.10500196847
31844.08500199393
32025.570002030905
32091.37500204431
32117.510002049636
32201.245002066695
32259.6850020786
32329.09000209274
32366.49500210036
32537.75000213525
32719.41500217226
32766.34500218182
33086.37000201537
33131.82000199156
33232.44000193885
33288.48000190949
33339.94000188253
33542.695001776316
33582.705001755356
33639.92000172538
33773.39000165546
33854.24000161311
34085.465001491975
34177.035001444005
34312.01500137329
34457.12000129728
34584.215001230696
34717.74500116074
34924.90000105222
35157.95500093013
35178.99000091911
35318.72000084591
35479.73500076156
35599.240000698956
35690.84500065097
35724.845000633155
35743.4600006234
35864.2950005601
36003.10500048738
36107.630000432626
36322.67000031997
36508.360000222696
36529.90000021141
36586.73500018164
36756.71500009259
37087.56499991927
37151.2549998859
37283.55999981659
37333.13499979062
37382.509999764756
37451.9149997284
37623.5099996385
37827.604999531584
37895.464999496035
38134.83999937063
38180.764999346575
38220.734999325636
38274.259999297596
38320.86499927318
38442.17499920963
38469.5249991953
38538.524999159155
38954.67499894115
38982.45999892659
39097.64999886625
39190.82999881743
39247.76499878761
39499.32499865582
39524.08999864285
39567.5199986201
39712.75499854401
39741.079998529174
39763.429998517466
39787.54999850483
39832.36499848135
39911.83499843972
39955.65999841676
39982.5099984027
40049.99999836734
40287.74499824279
40448.34499815866
40540.28999811049
40580.33999808951
40675.97999803941
40747.78499800179
40808.76499796985
40827.344997960114
40871.60499793693
41187.96999777119
41342.31499769034
41411.65999765401
41455.264997631166
41639.0249975349
41723.59999749059
41757.41499747288
41819.554997440326
41961.50999736596
42057.289997315784
42109.58499728839
42490.64999708876
42516.48999707522
42699.84499697917
42804.689996924244
43119.634996759254
43327.9899966501
43367.979996629154
43435.8499965936
43472.59499657435
43555.99499653066
43621.84499649616
43650.36999648122
43864.98499636879
44047.74999627304
44114.61999623801
44145.00999622209
44188.28499619942
44461.72999605617
44508.814996031506
44555.7899960069
44599.964995983755
44641.6899959619
44788.55499588496
44912.3649958201
44949.30499580075
45149.34999569595
45178.49499568068
45218.71499565961
45277.269995628936
45440.20999554358
45536.34999549321
45625.604995446454
45652.75999543223
45688.10499541371
45960.45499527104
46023.34999523809
46061.40999521815
46156.959995168094
46234.229995127615
46266.069995110935
46305.68499509018
46350.37499506677
46397.03999504232
46436.00499502191
46750.35499485723
46811.23499482534
46854.154994802855
46899.3149947792
47108.30999466971
47160.52499464236
47308.829994564665
47486.659994471505
47644.41999438886
47682.279994369026
47901.459994254205
48126.62499413625
48190.55499410276
48225.24999408458
48255.64499406866
48347.20499402069
48378.789994004146
48941.59499370931
48981.03499368865
49050.259993652384
49237.33499355438
49468.36999343335
49533.66499339914
49568.764993380755
49747.00499328738
49792.02999326379
49985.34999316252
94.89499999998618
282.1649999998159
366.12999999973954
692.5299999994427
820.854999999326
852.5049999992972
1189.605000002756
1279.900000004727
1312.0850000054295
1468.7150000088484
1733.3450000146247
1883.630000017905
2001.7850000204842
2056.955000021688
2173.045000024222
2238.265000025646
2307.490000027157
2340.675000027881
2385.2700000288546
2447.8850000302214
2597.040000033477
2767.050000037188
2997.8700000422264
3062.9850000436477
3354.0150000500003
3641.6350000562784
3682.750000057176
3866.565000061188
3935.1550000626853
4085.64500006597
4155.650000067498
4280.290000070218
4352.330000071791
4377.125000072332
4423.500000073344
4499.295000074999
4866.045000083004
5067.300000087397
5107.365000088272
5190.22000009008
5441.490000095565
5478.84500009638
5517.7950000972305
5725.30000010176
5791.935000103214
6080.390000109511
6402.0300001165315
6510.110000118891
6568.095000120156
6623.475000121365
6676.520000122523
6768.520000124531
6799.525000125208
6823.820000125738
6851.550000126344
6891.385000127213
7272.000000135521
7352.250000137273
7373.085000137728
7659.5050001439795
7905.260000149344
7962.885000150602
8097.425000153538
8142.005000154511
8207.87500015306
8245.940000146968
8421.685000118836
8458.655000112918
8505.18000010547
8536.760000100416
8647.62500008267
8705.075000073473
8736.1500000685
8821.625000054817
8994.000000027225
9047.680000018632
9098.900000010433
9141.795000003567
9220.154999991024
9329.624999973501
9519.064999943177
9610.37999992856
9813.209999896093
9872.489999886604
9898.304999882472
9942.829999875345
10106.704999849113
10150.784999842057
10299.054999818323
10387.734999804128
10595.394999770888
10622.599999766533
10652.54499976174
10839.109999731876
10919.814999718958
10958.614999712747
11043.37499969918
11067.159999695372
11410.129999640472
11474.479999630172
11538.354999619947
11585.774999612357
11703.404999593527
11909.304999560569
11951.334999553841
11998.529999546286
12024.034999542204
12053.184999537538
12251.594999505778
12509.609999464477
12529.489999461295
12568.224999455095
12606.839999448914
12705.589999433107
13010.444999384308
13035.324999380326
13288.909999339734
13526.534999301697
13565.609999295442
13768.244999263006
13824.044999254074
13844.18499925085
13890.799999243389
13930.954999236961
14010.579999224215
14103.25999920938
14352.004999169563
14497.679999146245
14517.309999143103
14566.93499913516
14648.199999122151
14788.229999099736
14889.004999083605
14918.179999078935
14942.45499907505
14977.424999069452
15014.899999063453
15120.769999046506
15303.749999017216
15430.349998996951
15864.464998927462
15979.539998909042
16038.819998899553
16061.919998895855
16240.11999886733
16284.939998860156
16525.18499887306
16598.84999888807
16828.04499893476
17053.29499898065
17290.70999902902
17353.579999041827
17385.53999904834
17607.864999093632
17771.329999126934
17831.0399991391
17867.984999146625
17907.704999154717
17965.58499916651
18009.189999175393
18132.299999200473
18162.06999920654
18244.029999223236
18360.449999246954
18414.394999257944
18471.339999269545
18530.079999281512
18658.594999307694
18792.92999933506
18893.824999355616
19026.039999382552
19058.76999938922
19239.834999426108
19282.05499943471
19330.34999944455
19441.00499946709
19509.544999481055
19535.03999948625
19607.39499950099
19736.87499952737
19802.374999540712
19850.239999550464
19882.71999955708
19939.80999956871
20080.004999597273
20421.22999966679
20654.03499971422
20695.36499972264
20767.47499973733
20916.93999976778
21139.524999813126
21356.139999857256
21421.1549998705
21592.739999905458
21628.609999912765
21653.8199999179
21715.489999930465
21799.119999947503
21924.349999973016
22196.910000028543
22253.600000040093
22275.7300000446
22381.520000066153
22438.765000077816
22531.12000009663
22581.12500010682
22824.950000156492
23057.085000203784
23090.375000210566
23110.335000214633
23311.115000255537
23364.025000266316
23439.575000281708
23568.450000307963
23608.230000316067
23774.93000035003
23835.715000362412
23914.110000378383
24153.955000427246
24211.870000439045
24415.725000480576
24563.905000510764
24601.05000051833
24637.02000052566
24675.245000533447
24730.410000544685
24756.20500054994
24867.395000572593
25244.50500064942
25340.780000669034
25503.785000702243
25606.450000723158
25780.07500075853
25839.160000770567
25941.945000791507
26057.200000814988
26357.585000876184
26464.695000898006
26535.475000912425
26611.590000927932
26784.16500096309
26944.835000995823
26975.175001002004
27043.870001016
27067.260001020764
27188.350001045434
27401.090001088774
27603.410001129992
27626.72000113474
27699.770001149624
27859.845001182235
28012.440001213323
28101.32000123143
28150.075001241363
28212.64000125411
28321.645001276316
28406.750001293654
28449.53500130237
28681.530001349634
28721.535001357784
28932.53500140077
29035.835001421816
29292.795001474165
29473.905001511062
29652.725001547493
29790.755001575613
29883.675001594544
30015.94000162149
30076.205001633767
30250.95500166937
30283.140001675925
30318.56000168314
30377.720001695194
30593.67000173919
30666.685001754064
30774.445001776017
30817.45500178478
31176.625001857952
31227.885001868395
31272.13000187741
31403.510001904175
32012.555002028254
32309.145002088677
32509.33500212946
32804.27000216315
32846.71500214092
33054.580002032024
33228.35500194099
33298.50500190424
33371.6850018659
33554.815001769966
33599.580001746515
33803.08000163991
34125.85000147082
34157.53000145422
34407.760001323135
34624.205001209746
34914.86500105748
35085.72500096797
35141.58000093871
35208.46500090367
35487.84500075731
35723.98000063361
35750.005000619974
35814.76500058605
36012.26000048259
36195.03500038684
36223.43000037196
36471.8950002418
36570.43500019018
36621.76500016329
36936.22499999855
37130.749999896645
37155.57999988364
37243.57499983754
37289.80499981332
37318.78499979814
37338.93499978758
37379.569999766296
37517.36999969411
37687.19999960514
37795.48499954841
37844.11999952293
37919.7799994833
38132.89999937165
38243.529999313694
38450.41499920531
38496.42499918121
38538.15999915935
38725.634999061134
38773.104999036266
38994.44999892031
39033.30999889995
39191.88999881688
39210.44499880716
39291.77999876455
39923.489998433615
40101.51999834035
40172.18499830333
40302.71999823495
40409.26999817913
40649.32999805337
40782.349997983685
41183.25499777366
41375.00499767321
41425.409997646806
41462.96499762713
41494.17499761078
41617.61999754611
41663.40499752213
41703.764997500984
41730.79999748682
41770.859997465835
41897.094997399705
41945.524997374334
42007.70499734176
42084.619997301466
42252.679997213425
42366.4949971538
42438.414997116124
42486.88499709073
42573.89999704515
42672.84999699331
42747.24499695434
42859.5549968955
43084.72999677754
43124.73499675658
43560.94999652806
43597.289996509026
43661.93999647516
43700.75499645482
43750.784996428614
43915.9349963421
44048.96499627241
44070.29499626123
44103.044996244076
44155.999996216335
44350.44999611447
44404.62499608609
44623.52499597141
44698.22499593228
44755.01999590253
45099.114995722266
45196.909995671034
45228.43499565452
45290.10999562221
45457.24499553465
45517.75999550295
45545.219995488565
45734.72499538929
45794.49499535798
46162.589995165145
46263.86499511209
46290.03999509838
46330.23999507732
46527.59999497393
46576.239994948446
46816.74999482245
47094.37999467701
47189.97999462693
47578.88499442319
47615.014994404264
47766.03999432515
47857.459994277255
47950.70499422841
47985.00499421044
48027.6449941881
48108.5749941457
48345.95499402135
48416.16499398457
48510.0149939354
48670.97999385108
48707.71999383183
48761.749993803525
48909.514993726116
48944.45499370781
49009.01999367399
49309.41499351662
49459.37499343806
49524.42999340398
49601.94999336337
49765.84999327751
49793.46999326304
73.51500000000563
108.63999999997368
156.0299999999306
277.5749999998201
315.3799999997857
343.3149999997603
372.29499999973393
409.96999999969967
665.2099999994675
897.1499999992566
920.3449999992355
1094.7150000006848
1153.3050000019637
1195.195000002878
1228.5150000036053
1337.7700000059901
1786.9900000157957
1917.3550000186412
1960.4300000195815
2015.7900000207899
2043.3450000213913
2128.330000023246
2222.095000025293
2259.170000026102
2349.3600000280708
2522.7900000318564
2680.2450000352933
2813.5350000382027
3071.9900000438442
3233.370000047367
3292.7800000486636
3333.240000049547
3397.97500005096
3446.125000052011
3517.0650000535593
3591.7100000551886
3837.010000060543
4024.485000064635
4587.665000076928
4703.915000079465
4853.850000082738
4988.970000085687
5475.295000096303
5501.710000096879
5675.84000010068
5718.975000101622
5743.890000102166
5792.980000103237
6251.325000113242
6332.680000115018
6539.005000119521
6635.59500012163
6663.600000122241
6842.24000012614
6862.215000126576
6933.560000128134
6997.115000129521
7168.250000133256
7237.840000134775
7449.890000139404
7516.2500001408525
7634.680000143438
7680.000000144427
7803.565000147124
7895.645000149134
7927.035000149819
8058.735000152694
8156.195000154821
8445.315000115053
8583.785000092888
8612.670000088265
8655.795000081362
8675.655000078183
8703.735000073688
8839.265000051993
8943.11000003537
9223.854999990432
9244.739999987089
9279.21999998157
9299.374999978343
9524.114999942369
9601.37999993
10080.564999853297
10328.409999813624
10385.964999804411
10421.919999798656
10708.484999752785
10808.479999736779
10847.504999730532
11123.824999686301
11186.274999676305
11399.58499964216
11473.604999630312
11632.009999604956
11763.5549995839
11908.79999956065
11938.774999555852
11996.37999954663
12042.474999539252
12165.2449995196
12231.919999508928
12529.064999461363
12570.589999454716
12808.379999416653
13047.339999378402
13194.309999354877
13219.829999350792
13505.594999305049
13578.904999293314
13686.664999276065
13820.239999254683
14118.934999206871
14239.974999187496
14320.66499917458
14362.3999991679
14471.884999150374
14528.099999141376
14587.469999131872
14635.754999124143
14679.25999911718
14715.079999111445
14869.98499908665
14940.564999075352
14966.62999907118
15146.134999042446
15193.2799990349
15235.359999028164
15496.009998986441
15556.374998976778
15584.189998972326
15764.95999894339
15806.079998936808
15987.764998907725
16027.03499890144
16218.559998870782
16323.494998853985
16484.369998864746
16525.02999887303
16573.269998882857
16644.089998897285
16781.199998925218
16823.339998933803
16891.669998947724
16976.31499896497
17014.934998972836
17087.70499898766
17326.00999903621
17509.58499907361
17565.184999084937
17672.05999910671
17706.834999113795
18620.599999299953
18664.37499930887
18795.839999335654
18860.40999934881
19070.414999391593
19215.129999421075
19279.494999434188
19320.554999442553
19381.54999945498
19560.849999491507
19696.279999519098
19769.76999953407
19825.259999545375
20059.059999593006
20351.009999652484
20649.584999713312
20731.314999729962
20938.384999772148
21098.669999804803
21162.434999817793
21192.049999823827
21417.11999986968
21491.899999884914
21634.85999991404
22215.780000032388
22328.955000055445
22471.68000008452
22713.140000133713
22956.810000183355
23017.090000195636
23267.125000246575
23323.30000025802
23361.850000265873
23419.285000277574
23529.685000300065
23593.895000313147
23637.90000032211
23869.145000369223
24149.35500042631
24362.460000469724
24499.400000497622
24649.83500052827
24699.0650005383
25004.68000060056
25056.385000611095
25194.755000639285
25244.585000649437
25480.31500069746
25646.340000731285
25693.175000740826
25729.145000748154
25846.710000772106
26061.065000815775
26153.725000834653
26226.830000849546
26268.985000858134
26302.690000865
26791.980000964682
27346.19000107759
27628.09500113502
27827.95500117574
27950.44000120069
28016.535001214157
28168.625001245142
28196.140001250747
28444.12500130127
28508.470001314377
28603.45500133373
28679.220001349164
28803.53000137449
28987.76000141202
29152.795001445644
29217.195001458764
29281.295001471823
29318.420001479386
29538.915001524307
29664.220001549835
29739.420001565155
29785.00000157444
29808.145001579156
30104.620001639556
30419.835001703774
30462.250001712415
30571.25000173462
30648.335001750325
30908.100001803246
31132.770001849018
31165.680001855722
31190.190001860716
31660.605001956552
31683.08000196113
31753.190001975414
31939.410002013352
32038.480002033535
32254.63000207757
32310.645002088982
32522.525002132148
32578.2550021435
32757.175002179953
32783.7500021739
32854.52000213683
32875.43500212587
32940.77500209164
33061.38500202846
33118.125001998735
33256.290001926354
33279.90500191398
33309.795001898325
33626.43000173245
33925.91000157556
33953.72000156099
34388.01000133348
34411.940001320945
34442.44000130497
34658.25000119191
34689.86000117535
34838.4700010975
35244.670000884704
35266.770000873126
35345.12500083208
35482.840000759934
35723.11500063406
35897.43000054274
35980.520000499215
36037.39500046942
36249.37000035837
36301.65500033098
36769.935000085665
36837.125000050466
36875.685000030266
36944.29999999432
37066.81499993014
37479.55499971392
37517.774999693895
37647.23999962607
37709.689999593356
37891.1349994983
38394.15499923479
38428.63999921672
38451.17999920491
38521.02999916832
38687.47999908112
38719.57499906431
38846.674998997725
38918.984998959844
38981.46499892711
39034.659998899246
39082.78999887403
39294.77999876298
39377.114998719844
39482.63999866456
39736.22499853172
39777.364998510166
40041.419998371835
40095.06499834373
40193.424998292205
40362.1849982038
40427.87999816938
40640.50999805799
40738.71999800654
40868.56499793852
41371.37499767511
41677.669997514655
41708.15999749868
41738.29999748289
41771.394997465555
41943.65999737531
42204.79499723851
42333.98999717083
42530.574997067844
42624.66499701855
42723.234996966916
42766.95499694401
43036.92499680258
43070.994996784735
43193.65499672048
43251.2649966903
43298.29999666566
43335.259996646295
43404.78499660987
43502.35999655876
43583.46499651627
43621.3949964964
43831.909996386115
43877.969996361986
43987.539996304586
44096.974996247256
44140.33499622454
44323.64499612851
44427.66499607402
44451.86499606134
44707.80999592726
44736.11499591243
44913.079995819724
45136.644995702605
45197.44999567075
45480.70999552236
45543.89499548926
45609.4799954549
45684.08499541582
45869.59999531863
46000.46499525008
46182.04499515495
46207.23499514176
46261.179995113496
46290.89499509793
46313.49999508609
46492.63999499224
46719.98499487314
46882.26499478813
46969.57999474239
47004.46499472411
47067.129994691284
47337.81499454948
47603.28499441041
47670.6849943751
47726.84999434568
47775.24999432032
48076.424994162546
48138.9349941298
48163.9349941167
48201.114994097225
48402.75999399159
48454.17999396465
48491.66999394501
48525.80499392713
48717.539993826686
49039.83999365784
49183.06499358281
49278.01499353307
49324.00499350898
49463.23999343604
49602.32999336317
49783.54499326824
49853.02499323184
2.784999999999963
100.34499999998123
311.99999999978877
386.23499999972125
438.4249999996738
497.62999999961994
1044.5349999995894
1074.2550000002382
1130.4700000014652
1194.9350000028724
1232.8650000037003
1363.1550000065442
1393.240000007201
1435.6750000081272
1476.8450000090259
1640.3750000125954
1702.4200000139497
1766.4200000153467
1901.625000018298
1949.135000019335
1980.380000020017
2036.9250000212512
2174.32500002425
2243.270000025755
2273.5750000264165
2398.705000029148
2496.330000031279
2540.0550000322332
2822.7400000384037
2957.8750000413534
2988.7650000420276
3080.415000044028
3341.865000049735
3374.2800000504426
3528.175000053802
3607.715000055538
3637.715000056193
3816.1300000600872
4331.68500007134
4418.570000073237
4635.385000077969
5143.600000089063
5235.820000091076
5280.675000092055
5594.615000098907
5745.875000102209
5766.3750001026565
5847.455000104426
6024.825000108298
6281.235000113895
6349.245000115379
6581.170000120442
6854.61500012641
6903.655000127481
7131.31500013245
7344.145000137096
7473.370000139917
7581.19500014227
7875.400000148692
7936.405000150024
8000.305000151418
8225.830000150187
8261.925000144409
8372.015000126787
8721.820000070793
8949.225000034392
9285.014999980642
9331.614999973182
9529.299999941539
9611.19499992843
9817.03499989548
9934.164999876732
10046.334999858776
10630.824999765216
10674.78499975818
11125.029999686109
11224.579999670173
11374.169999646228
11546.289999618677
11634.579999604544
11696.759999594591
11724.104999590214
11870.914999566714
11902.199999561706
11926.089999557882
11950.08999955404
12107.074999528912
12178.419999517491
12257.409999504847
12338.589999491853
12471.16999947063
12593.67999945102
12708.669999432614
12746.579999426545
12948.764999394181
13106.384999368951
13166.17499935938
13245.309999346713
13323.619999334178
13395.164999322726
13582.294999292772
13723.48999927017
13882.939999244647
13967.599999231095
14104.704999209149
14162.639999199875
14193.189999194985
14396.409999162455
14428.754999157278
14460.644999152173
14801.124999097672
14923.364999078105
14949.51499907392
14990.584999067345
15156.904999040722
15184.02999903638
15233.789999028415
15287.714999019783
15339.924999011426
15366.644999007149
15515.224998983365
15678.949998957158
15714.019998951544
15815.849998935244
16547.21999887755
16853.12499893987
17090.854998988303
17113.32499899288
17152.959999000956
17306.349999032205
17478.794999067337
17810.054999134823
17926.489999158544
17991.85499917186
18037.11499918108
18231.34499922065
18389.749999252923
18501.224999275633
18624.35499930072
18664.65499930893
18717.119999319617
18896.219999356104
19064.389999390365
19209.789999419987
19332.489999444984
19494.634999478018
19526.634999484537
19766.899999533485
19795.129999539236
19875.29999955557
20012.14999958345
20039.98999958912
20099.594999601264
20274.969999636993
20304.964999643104
20349.149999652105
20378.87499965816
20402.489999662972
20509.204999684713
20544.989999692003
20622.749999707845
20695.444999722655
20873.55999975894
20902.479999764833
20934.479999771353
20964.35499977744
21156.644999816614
21424.559999871195
21462.62999987895
21557.35499989825
21853.23999995853
21930.149999974197
21967.874999981883
22195.535000028263
22326.265000054897
22440.40000007815
22558.20500010215
22653.015000121464
22762.01500014367
22961.715000184355
22991.04500019033
23278.125000248816
23341.445000261716
23381.310000269837
23409.430000275566
23454.7500002848
23565.09500030728
23789.000000352895
24103.290000416924
24124.91000042133
24479.825000493634
24620.345000522262
24657.560000529844
24859.37500057096
24909.175000581105
24931.54000058566
24981.55000059585
25007.67500060117
25093.400000618636
25267.63000065413
25466.90500069473
25533.040000708203
25781.11000075874
26239.75000085218
26344.935000873607
26380.915000880937
26543.480000914056
26595.220000924597
26813.255000969017
26876.415000981884
27058.925001019066
27338.550001076033
27365.83000108159
27901.165001190653
27941.1500011988
28263.360001264442
28415.22500129538
28470.760001306695
28641.970001341575
28682.315001349794
28974.375001409295
29197.705001454793
29486.685001513666
29510.46000151851
29635.420001543967
29709.98500155916
29953.30500160873
29984.685001615122
30322.82500168401
30596.48000173976
30748.035001770637
30770.600001775234
30830.235001787383
30860.770001793604
31032.93500182868
31085.46000183938
31227.86500186839
31266.755001876314
31344.915001892237
31514.290001926744
31744.215001973585
31787.58500198242
31938.310002013128
31979.330002021485
32002.830002026272
32041.49500203415
32104.730002047032
32156.865002057653
32182.42500206286
32244.06500207542
32275.280002081778
32427.01000211269
32620.4550021521
32701.59500216863
32734.555002175344
32832.14500214855
32878.76000212413
32998.28000206152
33081.44000201795
33486.62000180569
33605.58000174337
33755.345001664915
33853.22000161364
33905.62000158619
34088.41500149043
34202.28500143078
34274.53000139293
34302.335001378364
34335.625001360924
34404.10500132505
34427.805001312634
34477.20000128676
34636.68500120321
34673.915001183705
34997.95000101395
35224.93500089504
35672.87000066038
35717.66500063692
35778.46000060507
35816.240000585276
35948.050000516225
36024.99000047592
36088.67000044256
36370.18500029508
36478.9600002381
36514.29500021959
36545.56000020321
36592.60500017856
36609.9000001695
36861.1100000379
36907.985000013345
37156.62999988309
37288.60999981395
37317.17499979898
37358.26499977746
37399.27999975597
37448.43499973022
37643.244999628165
37703.449999596625
37744.874999574924
37796.15999954806
37867.31499951078
37952.35999946623
37982.069999450665
38071.77999940367
38145.36499936512
38186.184999343735
38317.764999274805
38358.2449992536
38382.934999240664
38589.06499913268
38926.60499895585
38994.54999892026
39491.69499865982
39544.53499863214
39690.59999855562
39761.73999851835
39813.10999849144
39897.28999844734
40072.744998355425
40227.84999827417
40369.634998199894
40628.06999806451
40852.539997946915
40898.219997922984
40958.254997891534
41090.56499782222
41135.03999779892
41163.54499778399
41190.85499776968
41347.71499768751
41682.97999751187
41710.47999749747
41974.479997359165
42004.354997343515
42036.21999732682
42173.79499725475
42459.70499710497
42616.069997023056
42648.86999700587
42760.1049969476
42971.0399968371
43073.33999678351
43173.559996731005
43212.33999671069
43242.69499669479
43277.189996676716
43339.59999664402
43363.53999663148
43396.819996614046
43876.804996362596
43908.52999634598
44136.11499622675
44184.08999620162
44378.53999609975
44407.25999608471
44443.9249960655
44606.61999598027
44651.44499595679
44767.63499589592
44866.744995844
45008.999995769474
45191.96999567362
45220.599995658624
45266.78499563443
45312.90499561027
45355.86499558776
45711.88999540125
46064.759995216395
46167.664995162486
46255.29499511658
46286.799995100075
46346.46499506882
46498.85999498898
46531.61999497182
46681.554994893275
46762.36999485094
46850.78499480462
47056.054994697086
47096.294994676005
47208.67499461713
47406.16999451367
47641.96999439014
47877.59499426671
48134.3549941322
48200.74499409742
48354.28499401698
48455.929993963735
48547.67999391567
48604.19999388606
48816.90499377463
48930.03999371536
48989.07499368444
49019.86499366831
49262.01999354145
49551.17499338997
49585.889993371784
49877.069993219244
128.59999999995554
342.0849999997614
389.85999999971796
427.209999999684
516.9349999996024
574.2899999995502
623.8099999995052
936.264999999221
1090.8400000006002
1163.625000002189
1188.1900000027251
1218.880000003395
1376.3650000068326
1464.6900000087605
1620.88500001217
1701.470000013929
1732.905000014615
1757.460000015151
1935.8150000190442
2008.2300000206249
2034.300000021194
2172.215000024204
2240.7550000257
2266.1600000262547
2306.1550000271277
2436.190000029966
2776.620000037397
2976.320000041756
3024.0900000427987
3157.195000045704
3329.075000049456
3524.2200000537155
3810.110000059956
4372.1950000722245
4658.375000078471
4683.255000079014
4714.495000079696
4764.230000080782
4889.280000083511
4964.960000085163
5004.170000086019
5089.4450000878805
5126.455000088688
5190.6000000900885
5279.735000092034
5489.915000096622
5527.300000097438
5566.910000098303
5607.3600000991855
5674.995000100662
5710.555000101438
6143.055000110879
6266.565000113575
6324.260000114834
6527.49500011927
6791.995000125044
6846.210000126227
7027.910000130193
7124.015000132291
7164.345000133171
7232.10000013465
7428.785000138943
7447.2550001393465
7575.160000142138
7701.23000014489
7788.035000146785
7812.300000147315
7860.65000014837
7952.385000150372
7980.635000150989
8033.34500015214
8203.685000153731
8303.09000013782
8383.255000124987
8412.825000120254
8452.990000113825
8470.875000110962
8518.270000103375
8742.525000067479
8978.16000002976
9020.035000023057
9222.234999990691
9687.669999916188
9789.019999899965
9863.609999888025
10038.524999860027
10077.04999985386
10148.884999842361
10196.739999834701
10309.014999816729
10558.639999776771
10652.334999761773
10862.469999728137
10901.234999721932
11154.829999681338
11182.674999676881
11379.069999645444
11427.729999637655
11462.334999632116
11513.839999623871
11614.409999607773
11660.384999600414
11682.179999596925
11703.379999593531
11889.174999563791
11951.514999553812
11985.479999548375
12202.344999513662
12246.20999950664
12277.939999501561
12771.199999422604
12839.534999411666
12896.464999402553
13040.134999379556
13105.614999369074
13284.769999340397
13307.30499933679
13507.7799993047
13534.339999300448
13655.95999928098
13885.719999244202
13907.499999240716
13987.679999227881
14079.494999213184
14119.734999206743
14139.68499920355
14186.754999196015
14406.284999160875
14473.839999150061
14565.759999135347
14797.849999098196
14947.559999074232
14986.894999067936
15122.11999904629
15329.77999901305
15509.774998984238
15592.504998970995
15719.909998950601
15759.609998944246
15801.974998937465
15839.854998931401
15959.039998912323
15987.219998907813
16031.639998900702
16077.00499889344
16245.754998866429
16279.879998860966
16309.009998856303
16654.65999889944
16818.454998932808
17025.289998974946
17087.73999898767
17134.499998997195
17250.30999902079
17329.409999036903
17365.194999044194
17566.42999908519
17611.72999909442
17816.584999136154
17865.274999146073
17931.22999915951
17996.25999917276
18125.89999919917
18740.339999324347
18804.819999337484
19129.20999940357
19185.16499941497
19236.724999425474
19273.884999433045
19313.76999944117
19345.454999447626
19392.524999457215
19452.14499946936
19634.754999506564
19753.989999530855
20042.604999589654
20179.63999961757
20339.65999965017
20419.26999966639
20576.759999698475
20608.999999705044
20854.74499975511
20887.78499976184
21016.34499978803
21709.534999929252
21775.019999942593
21866.334999961196
21896.93499996743
21978.36999998402
22440.70000007821
22687.89000012857
22722.79000013568
22756.81500014261
22781.515000147643
22850.720000161742
22875.94000016688
23355.84000026465
23551.575000304525
23839.83000036325
23901.265000375766
23925.355000380674
24089.32500041408
24126.280000421608
24178.890000432326
24331.995000463517
24414.240000480273
24446.53000048685
24628.18000052386
24666.650000531696
24773.225000553408
24816.270000562177
24952.88000059001
25010.07500060166
25209.80500064235
25424.44500068608
25719.085000746105
25756.845000753798
26022.430000807904
26059.91500081554
26430.520000891043
26566.975000918843
26624.25000093051
26837.240000973903
26888.57000098436
27181.71000104408
27257.220001059464
27370.130001082467
27568.84500112295
27602.500001129807
27774.37000116482
27976.175001205935
28024.380001215755
28130.04000123728
28190.630001249625
28213.88000125436
28357.24500128357
28404.240001293143
28589.400001330865
28649.050001343017
28679.025001349124
28769.210001367497
28788.590001371445
28937.38500140176
28988.00500141207
29039.365001422535
29243.700001464164
29270.515001469626
29469.595001510184
29548.715001526303
29608.855001538555
29674.21500155187
29766.88000157075
29818.585001581283
29860.34000158979
30032.52500162487
30060.590001630586
30091.250001636832
30127.885001644296
30188.14000165657
30415.99000170299
30541.50000172856
30586.3550017377
30646.94000175004
30773.610001775847
30846.750001790748
30874.465001796394
30995.325001821016
31061.920001834584
31150.120001852552
31393.090001902052
31463.290001916354
31536.640001931297
31787.950001982495
32201.745002066797
32250.11000207665
32311.455002089147
32517.420002131108
32745.52500217758
32979.100002071566
33031.805002043955
33140.27000198713
33179.780001966436
33449.34000182522
33556.53000176907
33586.46000175339
33640.76000172494
33840.07000162053
33920.72000157828
33957.65500155893
34077.94000149592
34125.38500147106
34186.09000143926
34370.825001342484
34427.935001312566
34502.08000127372
34922.70500105337
34950.16000103899
35101.445000959735
35211.20000090224
35506.965000747296
35666.44000066375
35701.555000645356
35727.31500063186
35817.13500058481
35956.3050005119
36001.535000488206
36065.140000454885
36242.705000361864
36307.7300003278
36562.23500019447
36589.300000180294
36621.235000163564
36780.550000080104
36800.400000069705
36847.795000044876
37121.854999901305
37171.444999875326
37328.18999979321
37429.13999974033
37540.61499968193
37648.609999625354
37782.80999955505
37837.66999952631
37915.39999948559
38043.96499941824
38181.6699993461
38209.64999933144
38284.61499929217
38705.399999071735
38831.729999005554
38964.909998935786
39004.12499891524
39080.664998875145
39208.30499880828
39777.67499851
39845.169998474645
40137.34999832158
40208.55499828428
40260.76499825693
40340.14999821534
40651.744998052105
40935.649997903376
41121.41999780606
41145.954997793204
41205.41999776205
41401.71999765922
41443.24999763746
41614.11999754795
41715.979997494585
41900.704997397814
41927.46999738379
42185.93999724839
42268.654997205056
42481.14999709374
42536.31499706484
42772.05999694134
42810.15499692138
43052.269996794545
43293.19999666833
43563.389996526785
44090.94999625041
44118.06499623621
44167.95499621007
44310.05499613563
44394.97999609114
44451.834996061356
44561.33499600399
44608.039995979525
44636.09499596483
44672.24499594589
44726.35499591754
44899.62499582677
45050.649995747655
45106.81499571823
45353.55499558897
45398.044995565666
45469.90999552802
45738.934995387084
45763.7149953741
45988.424995256384
46142.87499517547
46310.95499508742
46356.81999506339
46423.26999502858
46543.18499496576
46743.7299948607
46794.14499483429
46832.78999481405
46878.21499479025
46975.74499473916
47071.37999468906
47134.00499465625
47202.124994620564
47248.97499459602
47396.47499451875
47414.009994509564
47617.38499440302
47657.07999438223
47873.5999942688
48012.459994196055
48047.584994177654
48121.5649941389
48151.03999412346
48241.11999407627
48389.20499399869
48414.22499398558
48453.43499396504
48683.124993844714
48750.429993809455
48780.07999379392
48807.40499377961
48971.86499369345
49014.30999367122
49054.32999365025
49269.19499353769
49295.109993524115
49339.36499350093
49450.93499344248
49492.314993420805
49544.864993393276
49809.929993254416
49923.44999319495
90.90999999998981
235.31999999985848
281.34499999981665
432.8899999996788
578.4149999995465
613.019999999515
657.004999999475
791.8749999993523
883.1249999992693
1105.4850000009199
1408.8550000075418
1450.9050000084596
1501.7400000095693
1526.740000010115
1648.2900000127681
1685.9200000135895
1884.2350000179183
1969.5850000197813
2182.020000024418
2220.9350000252675
2261.5800000261547
2316.2650000273484
2434.255000029924
2535.425000032132
2559.235000032652
2701.900000035766
2823.4300000384187
2964.8950000415066
3001.190000042299
3051.225000043391
3087.225000044177
3287.5500000485495
3313.1700000491087
3828.1000000603485
3863.7000000611256
3943.760000062873
3978.6400000636345
4057.5750000653575
4156.120000067508
4292.420000070483
4403.780000072914
4452.365000073974
4475.735000074485
4557.130000076261
4649.1350000782695
4741.270000080281
4768.770000080881
4810.530000081792
4843.685000082516
4874.795000083195
4929.355000084386
5195.585000090197
5232.275000090998
5373.380000094078
5404.125000094749
5453.1050000958185
5484.060000096494
5504.290000096936
5536.960000097649
5654.74500010022
5965.325000106999
6046.8900001087795
6369.9600001158315
6537.615000119491
6633.75500012159
6669.270000122365
6706.60500012318
6795.605000125122
6836.675000126019
6885.640000127088
6948.6250001284625
7113.545000132062
7186.780000133661
7256.0750001351735
7302.590000136189
7405.200000138429
7842.720000147979
7876.325000148712
7962.020000150583
8006.615000151556
8096.155000153511
8363.765000128107
8400.17000012228
8490.675000107793
8667.905000079423
8759.540000064755
8932.25000003711
8969.35500003117
9051.835000017967
9201.014999994088
9225.879999990108
9292.074999979512
9423.9649999584
9470.479999950954
9678.814999917606
9742.63499990739
9813.799999895999
10149.624999842243
10341.289999811563
10531.354999781139
10579.424999773444
10794.709999738983
10828.669999733547
10936.134999716345
11190.584999675615
11412.594999640078
11459.159999632624
11682.889999596811
11794.574999578934
11884.674999564511
11938.629999555875
11962.754999552013
12317.354999495252
12447.139999474477
12503.704999465423
12791.8399994193
12816.13999941541
13002.139999385638
13036.67499938011
13068.549999375007
13115.364999367514
13301.064999337788
13436.964999316035
13459.214999312473
13518.049999303055
13549.084999298087
13923.819999238103
14002.104999225572
14150.11499920188
14196.629999194434
14317.249999175127
14650.719999121748
14669.969999118666
14700.384999113798
14731.509999108815
14799.229999097975
14834.904999092265
14881.299999084838
14904.814999081074
15007.48499906464
15061.794999055946
15174.97499903783
15288.73499901962
15493.879998986782
15708.274998952464
15805.764998936858
16111.93499888785
16293.404998858801
16327.944998853272
16529.964998874035
16550.974998878315
16805.419998930152
16852.814998939808
16889.23999894723
17015.774998973007
17085.08999898713
17367.079999044578
17611.999999094474
17868.954999146823
17951.339999163607
18006.219999174788
18167.67999920768
18527.549999280996
18763.754999329118
18806.56499933784
18965.56499937023
18990.69499937535
19040.9949993856
19145.419999406873
19531.589999485546
19558.194999490966
19755.319999531126
19792.44999953869
19864.964999553464
19892.224999559017
20007.34499958247
20143.51499961021
20252.759999632468
20287.07499963946
20349.974999652273
20496.799999682185
20638.944999711144
20675.079999718506
20730.81499972986
21163.094999817928
21214.409999828382
21532.72499989323
21763.549999940256
22298.145000049168
22373.69500006456
22470.68500008432
22639.4550001187
22844.750000160526
23057.570000203883
23325.480000258463
23352.865000264042
23519.555000298
23624.88500031946
23872.335000369872
24080.525000412286
24153.48000042715
24233.680000443488
24333.555000463835
24626.340000523483
24810.420000560985
25190.230000638363
25230.12000064649
25419.460000685063
25474.31500069624
25563.430000714394
25604.900000722842
25688.115000739796
25714.99000074527
25781.080000758735
25925.240000788104
25958.69500079492
26117.08500082719
26176.15000083922
26234.50000085111
26264.30000085718
26304.185000865305
26351.700000874986
26413.86000088765
26533.200000911962
26561.90000091781
26596.245000924806
26802.890000966905
26844.965000975477
26874.5350009815
26915.405000989827
27085.570001024495
27362.255001080863
27459.560001100686
27578.630001124944
27645.670001138602
27680.620001145722
27706.77000115105
27974.38500120557
28103.92500123196
28142.535001239827
28179.630001247384
28206.80500125292
28454.705001303424
28483.31000130925
28525.91000131793
29164.580001448045
29300.42000147572
29380.345001492
29538.73000152427
29575.475001531755
29677.865001552615
29745.950001566485
29781.595001573747
29911.4350016002
30125.20500164375
30207.140001660442
30303.845001680143
30363.090001692213
30387.37500169716
30623.250001745215
30640.740001748778
30731.85500176734
30923.270001806337
31070.410001836313
31099.685001842277
31158.15500185419
31200.115001862738
31243.055001871486
31286.035001880242
31432.69000191012
31505.215001924895
31589.170001942
31669.260001958315
31947.430002014986
32155.500002057375
32281.320002083008
32415.505002110345
32461.96000211981
32542.295002136176
32823.76500215294
33339.77500188262
33497.65500179991
33548.22500177342
33596.62500174806
33698.47000169471
33728.37500167904
33829.97500162582
33998.915001537316
34039.750001515924
34091.325001488905
34127.89500146975
34158.520001453704
34333.97000136179
34402.25000132602
34653.89500119419
34755.8100011408
34839.88500109676
35122.66000094862
35189.060000913836
35372.08000081796
35469.67500076683
35519.49500074073
35818.25000058422
35874.11500055496
35941.64500051958
36029.43500047359
36094.325000439596
36317.62000032262
36353.71500030371
36489.29500023268
36568.13500019138
36614.39500016715
36819.32500005979
36888.88000002335
36937.39499999794
37047.7999999401
37069.379999928795
37304.534999805604
37344.13499978486
37375.029999768674
37942.04999947163
37968.52499945776
38220.814999325594
38418.35499922211
38473.67499919313
38558.27499914881
38723.01499906251
38951.66999894272
38991.12999892205
39050.5949988909
39197.15499881412
39405.6349987049
39460.264998676284
39751.82999852354
39923.129998433804
39986.60499840055
40071.4499983561
40653.15499805137
40703.14499802518
40833.46499795691
40871.8449979368
40900.04499792203
41143.529997794474
41204.54499776251
41451.81999763297
41557.95499757737
41697.824997504096
41726.23499748921
41858.63999741985
41993.264997349324
42157.49999726329
42186.95999724785
42241.15499721946
42291.869997192895
42687.464996985655
42805.27499692394
42894.45499687722
42963.45999684107
42998.48499682272
43048.17999679669
43117.69499676027
43315.33499665673
43398.00999661342
43424.194996599705
43478.214996571405
43556.269996530515
43583.754996516116
43640.009996486646
43813.85999639557
43866.31999636809
44204.9399961907
44285.36999614856
44423.00499607646
44690.729995936206
44716.59499592266
44921.40999581536
45002.57499577284
45155.429995692764
45407.69499556061
45432.73999554749
45482.86999552123
45515.04999550437
45651.22499543303
45686.744995414425
45747.32499538269
45854.344995326624
45947.839995277645
46088.43999520399
46114.734995190214
46290.41499509818
46349.01999506748
46392.51999504469
46527.069994974205
46646.67499491155
46769.71499484709
46824.624994818325
46889.53499478432
47020.799994715555
47150.95999464737
47183.51999463031
47241.32499460003
47928.89999423983
48141.32499412855
48170.67499411317
48272.829994059655
48398.489993993826
48430.09999397727
48486.51999394771
48707.50499383194
48975.51499369154
49016.47999367008
49238.79999355361
49283.72499353008
49333.269993504124
49529.06999340155
49598.37499336524
49655.09999333553
49840.97499323815
