80.45499999999932
145.96499999993975
157.63999999992913
665.8899999994669
704.4899999994318
775.1549999993675
845.8349999993032
887.0799999992657
916.8999999992386
1477.7450000090455
1494.715000009416
1509.4800000097382
1548.7850000105961
1702.3100000139473
1869.3050000175924
1879.9000000178237
2051.220000021563
2070.000000021973
2170.9950000241774
2335.6100000277706
2357.290000028244
2396.8500000291074
2406.505000029318
2427.4950000297763
2458.860000030461
2558.7550000326414
2574.760000032991
2995.205000042168
3009.9650000424904
3152.070000045592
3168.0800000459417
3183.5600000462796
3348.695000049884
3451.7800000521343
3675.975000057028
3727.010000058142
3787.3200000594584
3847.590000060774
3864.265000061138
3891.3750000617297
3904.2050000620097
3981.7150000637016
4031.5650000647897
4142.970000067221
4192.1950000682955
4376.58000007232
4536.485000075811
4549.975000076105
4668.520000078693
4791.290000081372
4896.155000083661
4921.74500008422
4954.510000084935
5240.885000091186
5289.420000092246
5304.610000092577
5325.870000093041
5334.7250000932345
5381.965000094266
5466.495000096111
5504.640000096943
5519.520000097268
5531.760000097535
5593.865000098891
5649.470000100105
5709.7950001014215
5748.310000102262
5964.165000106974
5996.695000107684
6057.615000109014
6068.335000109248
6077.890000109456
6092.810000109782
6111.480000110189
6136.780000110742
6150.850000111049
6190.920000111923
6307.5650001144695
6343.250000115248
6576.175000120333
6588.820000120609
6716.750000123401
6755.300000124243
6822.690000125714
6866.2100001266635
7096.850000131698
7124.610000132304
7361.050000137465
7521.940000140977
7702.415000144916
7723.450000145375
7737.470000145681
7766.6150001463175
8052.630000152561
8062.880000152784
8372.5600001267
8393.330000123375
8410.745000120587
8491.890000107598
8504.68000010555
8770.720000062965
8783.75000006088
8817.375000055497
8979.230000029589
9035.220000020627
9056.295000017253
9175.149999998228
9184.279999996766
9198.179999994542
9243.60999998727
9480.839999949296
9500.589999946134
9513.624999944048
9529.054999941578
9546.374999938806
9618.834999927207
9730.929999909264
9849.58999989027
9979.639999869452
10037.449999860199
10165.554999839693
10322.959999814497
10342.754999811328
10490.829999787626
10524.41499978225
10728.604999749565
10933.759999716725
11013.44499970397
11218.369999671168
11229.684999669356
11244.129999667044
11261.534999664258
11276.099999661927
11691.199999595481
11770.579999582775
11811.099999576289
11825.159999574038
11834.374999572563
11919.094999559002
12036.314999540238
12320.454999494756
12417.13499947928
12430.354999477164
12453.474999473463
12498.614999466237
12507.72499946478
12528.604999461437
12582.984999452732
12647.71499944237
12809.569999416462
12852.824999409539
12971.939999390472
13044.909999378791
13055.944999377025
13251.169999345775
13270.304999342712
13283.319999340629
13297.534999338353
13355.199999329123
13408.13499932065
13421.06499931858
13431.529999316905
13440.789999315422
13451.839999313654
13754.91499926514
13822.919999254254
13835.7499992522
13890.924999243369
13903.34999924138
13987.789999227864
14012.574999223896
14023.784999222102
14040.6649992194
14114.889999207518
14158.254999200577
14170.254999198656
14187.34999919592
14219.76999919073
14233.534999188527
14247.644999186268
14280.329999181036
14298.179999178179
14602.719999129431
14634.64499912432
14649.51999912194
14881.384999084825
14893.189999082935
14914.624999079504
15012.929999063768
15515.814998983271
15592.954998970923
15763.844998943568
15825.029998933775
15933.424998916424
16075.184998893732
16086.56499889191
16097.804998890111
16364.524998847417
16378.044998845253
16412.109998850025
16421.22499885188
16430.119998853694
16505.369998869024
16536.354998875337
16551.97999887852
16671.634998902897
16688.744998906383
16701.414998908964
16780.704998925117
16897.83499894898
16935.09999895657
16952.50999896012
17210.379999012654
17286.509999028163
17570.884999086098
17593.404999090686
17610.20999909411
17659.58999910417
17745.04999912158
18003.04999917414
18014.22499917642
18051.59499918403
18128.84999919977
18143.209999202696
18181.524999210502
18207.124999215717
18443.219999263816
18455.234999266264
18490.869999273524
18501.79999927575
18517.579999278965
18597.399999295227
18620.794999299993
18677.979999311643
18689.554999314
18873.699999351516
18913.154999359554
19009.114999379104
19021.249999381576
19274.634999433198
19295.104999437368
19374.14499945347
19498.534999478812
19523.049999483806
19551.29499948956
19710.67499952203
19723.57999952466
19743.969999528814
19770.974999534315
19945.064999569782
19965.509999573947
20184.564999618575
20204.899999622718
20229.489999627727
20274.209999636838
20282.55999963854
20309.179999643962
20330.239999648253
20465.639999675837
20667.54999971697
20764.899999736805
20798.039999743556
20812.179999746437
20900.69499976447
21283.449999842447
21295.919999844988
21369.744999860028
21507.649999888123
21728.284999933072
21746.104999936702
21755.249999938565
21766.344999940826
21849.434999957753
21859.244999959752
21998.33999998809
22072.525000003203
22093.37500000745
22167.610000022574
22373.16500006445
22543.7250000992
22554.645000101424
22566.025000103742
22805.395000152508
22813.415000154142
22821.085000155705
22830.20000015756
22876.960000167088
22940.49000018003
23010.415000194276
23083.03500020907
23142.880000221263
23170.920000226975
23198.210000232535
23235.59000024015
23256.620000244435
23292.91500025183
23305.450000254383
23317.980000256935
23556.125000305452
23582.390000310803
23688.4000003324
23702.83500033534
23950.66500038583
23964.615000388672
23990.86500039402
24008.790000397672
24025.195000401014
24069.7850004101
24159.455000428366
24182.870000433137
24297.925000456577
24344.740000466114
24394.83500047632
24409.945000479398
24708.68500054026
24891.87500057758
24906.54500058057
24920.69000058345
25040.985000607958
25441.7250006896
25465.280000694398
25479.42500069728
25495.465000700548
25770.935000756668
25889.255000780773
26009.230000805215
26020.775000807567
26038.335000811145
26058.18500081519
26204.775000845053
26260.090000856322
26393.460000883493
26404.945000885833
26789.17000096411
26843.35500097515
26966.535001000244
26979.050001002794
27018.165001010762
27039.420001015093
27108.735001029214
27125.79000103269
27271.590001062392
27282.67500106465
27292.160001066582
27591.925001127653
27603.125001129934
27614.475001132247
27642.245001137904
27790.045001168015
27975.435001205784
28099.45000123105
28286.195001269094
28432.920001298986
28508.78000131444
28749.765001363536
28903.645001394885
29018.760001418337
29028.10500142024
29108.425001436604
29365.81500148904
29386.040001493162
29433.94000150292
29456.640001507545
29555.72500152773
29689.705001555027
29700.900001557307
29733.765001564003
29743.725001566032
29851.140001587915
29972.770001612695
30054.155001629275
30065.595001631606
30117.860001642253
30130.65000164486
30168.00000165247
30181.375001655193
30246.30500166842
30507.57500172165
30580.51500173651
30723.85000176571
30822.085001785723
30840.33500178944
30904.88000180259
30958.28500181347
31157.305001854016
31174.02000185742
31196.175001861935
31408.34500190516
31438.060001911213
31460.17500191572
31506.80500192522
31518.960001927695
31531.11500193017
31588.78500194192
31611.375001946522
31807.690001986517
31822.205001989474
31834.095001991896
31875.25000200028
31923.515002010114
31937.88500201304
32272.59000208123
32514.900002130595
32691.060002166483
32706.035002169534
32791.3850021699
33163.45500197499
33229.1000019406
33394.550001853924
33408.11500184682
33571.33500176131
33603.8150017443
33674.295001707374
33686.36500170105
33700.770001693505
33759.63500166267
33768.630001657955
33778.33500165287
33786.89500164839
33800.51500164125
33820.69500163068
33852.70000161391
34092.27500148841
34465.92000129267
34533.07000125749
34549.280001249
34573.97500123606
34834.945001099346
35001.4800010121
35015.375001004824
35084.44500096864
35364.1750008221
35388.885000809154
35557.5450007208
35948.70500051588
35958.46500051077
36121.08500042558
36133.900000418864
36144.27500041343
36462.29000024683
36567.20000019187
36589.60000018014
36681.055000132226
36695.09500012487
36714.62500011464
36885.975000024875
36902.30500001632
37070.87999992801
37101.99499991171
37147.47499988788
37161.01499988079
37203.92499985831
37324.499999795145
37335.59999978933
37363.15999977489
37527.46499968882
37562.669999670376
37575.94999966342
37592.73999965462
37712.324999591976
37730.709999582345
37744.734999575
37756.86999956864
37767.20999956322
37793.28999954956
38009.55499943627
38019.61999943099
38029.32999942591
38041.78499941938
38099.774999389
38148.41999936352
38158.944999358006
38569.1749991431
38582.35999913619
38755.8549990453
38774.519999035525
38784.22999903044
38862.77499898929
38876.09999898231
39002.169998916266
39013.78999891018
39031.32999890099
39292.739998764046
39312.344998753775
39326.20999874651
39341.13499873869
39356.17999873081
39403.07999870624
39472.33499866996
39485.75999866293
39789.63499850374
40010.31499838813
40022.864998381556
40042.144998371456
40130.13499832536
40517.3649981225
40529.5899981161
40549.754998105534
40570.444998094696
40701.68999802594
40785.23999798217
40944.3849978988
40956.25499789258
41024.679997856736
41038.044997849735
41081.109997827174
41154.68499778863
41236.18999774593
41318.25499770294
41329.36499769712
41518.3899975981
41532.07499759093
41545.6849975838
41581.08499756525
41651.9999975281
41703.79499750097
41733.47999748542
41752.00499747571
41769.144997466734
41958.274997367655
41968.01999736255
41981.89999735528
41996.87499734743
42007.524997341854
42019.56499733555
42111.62999728732
42363.48499715538
42377.674997147944
42391.24999714083
42404.16499713407
42416.26499712773
42658.084997001046
42750.3699969527
42834.7449969085
42931.84499685763
43281.26999667458
43307.599996660785
43319.91999665433
43355.76499663555
43364.95499663074
43457.33499658234
43620.54499649684
43882.78999635946
43980.09999630848
43995.43999630045
44070.559996261094
44087.36499625229
44120.48499623494
44179.52999620401
44242.01999617127
44325.78499612739
44392.87999609224
44565.41999600185
44586.009995991066
44772.13999589356
44819.7799958686
44902.714995825154
44936.54499580743
45100.794995721386
45178.104995680886
45401.14499556404
45552.359995484825
45564.77999547832
45912.354995296235
45991.4499952548
46016.96999524143
46081.974995207376
46097.17999519941
46367.12999505799
46524.874994975355
46596.59999493778
46953.49999475081
47174.97499463479
47259.03999459075
47307.169994565535
47324.789994556304
47381.574994526556
47468.1599944812
47523.674994452114
47640.84999439073
47654.909994383364
47760.29499432816
47775.589994320144
47920.78999424408
48082.82999415919
48098.969994150735
48108.69999414564
48168.41999411435
48178.15499410925
48189.46499410333
48271.399994060404
48309.56499404041
48367.74999400993
48394.904993995704
48404.349993990756
48676.879993847986
48693.679993839185
48729.63499382035
48884.7299937391
48921.82499371967
49035.499993660116
49062.109993646176
49087.03499363312
49100.4349936261
49337.27999350202
49412.9199934624
49486.204993424006
49497.27499341821
49514.054993409416
49597.07999336592
49634.3399933464
49746.899993287436
49861.909993227186
49916.484993198595
49934.469993189174
49957.84499317693
72.28000000000675
88.36999999999212
159.8749999999271
316.2849999997849
370.9949999997351
399.55499999970914
420.30499999969027
430.3999999996811
602.5199999995245
615.9499999995123
692.7399999994425
718.8799999994187
752.614999999388
1343.5450000061162
1402.4850000074027
1608.6200000119022
1679.6900000134535
1707.1400000140527
1722.1250000143798
1737.3100000147112
1753.375000015062
1764.7750000153108
1884.7950000179305
1982.7700000200691
2071.375000022003
2324.765000027534
2339.25000002785
2357.5450000282494
2395.970000029088
2648.840000034608
2658.515000034819
2671.2300000350965
2684.165000035379
2696.5750000356497
2784.230000037563
2856.285000039136
2947.64000004113
2961.790000041439
2975.680000041742
3099.7650000444505
3124.48000004499
3422.4650000514944
3437.110000051814
3461.66500005235
3573.0050000547803
3711.890000057812
3732.235000058256
3942.7350000628508
4026.2000000646726
4038.030000064931
4131.695000066975
4151.445000067406
4171.33000006784
4360.490000071969
4409.130000073031
4457.22000007408
4487.300000074737
4606.715000077344
4642.555000078126
4706.335000079518
4719.2700000798
4876.215000083226
5007.055000086082
5158.5300000893885
5181.330000089886
5192.790000090136
5232.83000009101
5251.640000091421
5341.015000093372
5459.385000095956
5520.775000097296
5549.545000097924
5596.490000098948
5614.44500009934
5683.15500010084
5854.48000010458
5990.920000107558
6271.445000113681
6281.905000113909
6319.535000114731
6345.530000115298
6368.1750001157925
6394.130000116359
6449.4000001175655
6507.865000118842
6531.585000119359
6582.060000120461
6748.875000124102
6762.115000124391
6858.660000126499
6907.460000127564
7086.380000131469
7110.5750001319975
7143.955000132726
7244.500000134921
7444.265000139281
7454.3550001395015
7471.380000139873
7492.600000140336
7504.625000140599
7523.950000141021
7535.85000014128
7547.395000141532
7601.850000142721
7633.995000143423
7644.085000143643
7738.940000145713
7932.355000149935
7957.920000150493
7997.935000151367
8034.765000152171
8046.18500015242
8112.220000153861
8228.530000149754
8278.135000141814
8377.070000125977
8397.330000122734
8412.120000120367
8435.105000116688
8452.260000113942
8486.175000108513
8594.745000091134
8663.220000080173
8671.960000078774
8681.830000077194
8693.340000075352
8705.115000073467
8719.820000071113
8803.270000057755
8940.975000035713
8951.090000034093
8960.67000003256
8975.23000003023
9300.76999997812
9319.234999975164
9331.079999973268
9462.774999952187
9477.0649999499
9530.244999941388
9712.954999912141
9863.424999888055
9936.769999876315
10045.719999858875
10060.73999985647
10098.689999850396
10314.704999815818
10454.594999793426
10620.86999976681
10819.554999735006
10848.274999730409
10982.994999708844
11231.72499966903
11436.914999636185
11824.889999574081
11860.864999568323
12113.169999527936
12325.05499949402
12516.699999463342
12531.999999460893
12549.979999458015
12912.16999940004
12978.919999389354
13502.644999305521
13736.569999268077
13767.869999263066
13932.389999236731
14058.599999216529
14088.229999211786
14189.649999195552
14199.059999194045
14213.89499919167
14458.754999152476
14471.134999150494
14650.899999121719
14792.439999099062
14828.484999093293
14848.379999090108
14988.814999067628
15000.16999906581
15066.379999055212
15130.574999044937
15299.529999017892
15312.96999901574
15324.124999013955
15635.564998964102
15677.419998957403
15800.534998937695
15817.729998934943
16064.354998895466
16102.74499888932
16118.849998886742
16167.489998878957
16432.824998854245
16548.19999887775
16661.209998900773
16671.80499890293
16681.834998904975
16699.68499890861
16723.349998913433
17316.92499903436
17329.324999036886
17343.114999039695
17357.284999042582
17490.329999069687
17503.069999072282
17594.074999090823
17605.44499909314
17712.494999114948
17728.35499911818
18001.8649991739
18251.40499922474
18283.1299992312
18305.139999235686
18316.809999238063
18463.634999267975
18475.24499927034
18493.679999274096
18526.174999280716
18586.234999292952
18629.674999301802
18676.519999311346
18688.039999313693
18702.519999316642
18727.424999321716
18799.20499933634
18869.73499935071
18894.794999355814
18913.684999359662
19137.679999405296
19241.429999426433
19311.524999440713
19332.829999445054
19485.889999476236
19567.084999492778
19784.93499953716
20134.659999608408
20152.654999612074
20295.499999641175
20335.994999649425
20350.949999652472
20361.519999654625
20398.05999966207
20498.219999682475
20625.644999708435
20655.46499971451
20718.064999727263
20738.929999731514
21003.114999785335
21014.944999787745
21105.17999980613
21122.46999980965
21276.944999841122
21497.934999886143
21546.884999896116
21572.294999901293
21589.874999904874
21751.63999993783
21765.854999940726
21779.804999943568
21805.349999948772
21818.19499995139
21901.29499996832
22210.05000003122
22605.015000111685
22646.945000120228
22666.170000124144
22683.120000127597
22695.615000130143
22795.080000150407
22866.47000016495
22930.450000177985
22980.44500018817
23023.035000196847
23037.455000199785
23063.660000205124
23206.58000023424
23264.265000245992
23279.680000249133
23298.505000252968
23391.560000271926
23565.315000307324
23734.550000341802
23756.800000346335
23867.37000036886
23896.87000037487
23912.18000037799
24082.620000412713
24109.285000418146
24188.43000043427
24213.27500043933
24442.780000486087
24460.110000489618
24477.140000493087
24508.205000499416
24646.080000527505
24659.70000053028
24942.540000587902
24962.585000591986
25120.790000624216
25341.580000669197
25351.235000671164
25360.04500067296
25373.460000675692
25423.360000685858
25434.550000688138
25579.100000717586
25657.85000073363
25672.72500073666
25685.705000739305
25865.795000775994
25879.555000778797
25939.910000791093
26132.675000830364
26146.420000833165
26180.17000084004
26202.98500084469
26235.030000851217
26288.785000862168
26300.895000864635
26359.075000876488
26372.3950008792
26382.765000881314
26392.890000883377
26405.900000886028
26427.65500089046
26483.795000901897
26497.495000904688
26527.760000910854
26684.86000094286
26789.185000964113
26800.76000096647
26907.895000988297
26924.21000099162
26970.770001001107
27092.655001025938
27107.15000102889
27254.01000105881
27284.49500106502
27325.060001073285
27339.185001076163
27489.390001106764
27501.775001109287
27511.970001111364
27562.645001121688
27628.395001135083
27796.44500116932
27891.93000118877
27918.82000119425
27977.015001206106
27994.965001209763
28090.530001229232
28322.185001276426
28533.050001319385
28564.765001325846
28583.110001329584
28604.260001333892
28614.375001335953
28643.010001341787
28734.12000136035
28758.555001365326
28871.930001388424
29296.385001474897
29359.545001487764
29377.970001491518
29479.815001512266
29497.520001515873
29536.155001523744
29635.43000154397
29648.220001546575
29663.720001549733
29677.270001552493
29887.250001595272
29945.775001607195
29961.125001610322
30060.85000163064
30089.27500163643
30103.94500163942
30409.685001701706
30475.83000171518
30527.675001725744
30802.400001781712
30980.880001818074
31015.735001825175
31029.425001827964
31043.715001830875
31145.040001851517
31179.85000185861
31221.790001867153
31357.24000189475
31373.605001898082
31521.63000192824
31743.020001973342
31955.11500201655
31975.18500202064
32113.535002048826
32167.580002059836
32373.95000210188
32387.280002104595
32402.300002107655
32580.425002143944
32675.355002163284
32761.765002180888
33057.995002030235
33071.06500202339
33081.42500201796
33097.395002009594
33172.93500197002
33187.35500196247
33394.51500185394
33414.535001843455
33425.82000183754
33559.27500176763
33645.86000172227
33660.21000171475
33687.63000170039
33711.440001687915
33801.9500016405
33885.76500159659
33932.02500157236
34127.16500147013
34392.545001331106
34408.99500132249
34422.575001315374
34440.690001305884
34473.885001288494
34486.805001281726
34629.87000120678
34701.630001169186
34754.600001141436
34884.310001073485
34897.75500106644
34919.94000105482
35119.99000095002
35139.12000094
35149.775000934416
35165.42000092622
35239.63500088734
35259.60000087688
35449.26500077752
35459.96000077192
35786.76500060072
35852.205000566435
35876.42500055375
35905.520000538505
35980.710000499115
36016.91500048015
36029.01000047381
36046.76500046451
36084.36500044481
36153.59000040855
36410.665000273875
36772.40500008437
36836.690000050694
36847.02500004528
36878.73000002867
36899.88000001759
36956.359999988
36981.80999997467
37463.64999972225
37481.28999971301
37724.90999958538
37815.11499953813
37947.134999468966
37961.52499946143
38393.32999923522
38416.834999222905
38434.589999213604
38470.704999194684
38479.43499919011
38583.919999135374
38702.37999907332
38723.474999062266
38839.059999001714
38855.42499899314
39061.61999888512
39086.78999887194
39292.604998764116
39316.74499875147
39406.374998704516
39686.69999855766
39708.0049985465
39830.50499848233
39911.91999843968
39949.50499841999
39986.5149984006
40073.11499835523
40190.99499829348
40203.66999828684
40373.334998197955
40388.089998190226
40561.17499809955
40571.62499809408
40613.05499807237
40624.944998066145
40817.36999796534
40883.059997930926
40895.61499792435
41039.81499784881
41249.414997739004
41407.924997655966
41482.1099976171
41681.36499751272
41694.144997506024
41780.82999746061
41834.66499743241
41893.889997401384
41911.71999739204
41936.56499737903
42192.07999724517
42210.48499723553
42244.774997217566
42254.0649972127
42291.64999719301
42369.33999715231
42412.02499712995
42430.34999712035
42555.45499705481
42569.68999704735
42584.14499703978
42599.214997031886
42614.09499702409
42659.8849970001
42672.18999699366
43001.61499682108
43356.16499663534
43367.54499662938
43408.309996608026
43470.19499657561
43526.74999654598
43699.474996455494
43720.6549964444
44015.04499629018
44151.01999621894
44162.869996212736
44226.32999617949
44244.53999616995
44298.0799961419
44404.189996086316
44546.209996011916
44558.53999600546
44573.30499599772
44584.8049959917
44611.23499597785
44794.324995881936
44855.39499584994
44869.48999584256
44888.909995832386
44915.58999581841
44954.174995798196
44976.98999578624
45181.104995679314
45190.16499567457
45199.74999566955
45817.63999534585
45831.339995338676
46009.439995245375
46039.48999522963
46143.63999517507
46364.00999505963
46471.20499500347
46492.60999499226
46504.064994986256
46513.25999498144
46560.15999495687
46602.76999493455
46628.88499492087
46713.90499487633
47119.87499466365
47220.66499461085
47248.67499459618
47344.94999454574
47500.95499446402
47624.174994399466
47803.669994305434
47997.1049942041
48010.69499419698
48024.35999418982
48198.20499409875
48368.03499400978
48413.704993985855
48446.92499396845
48470.22999395624
48480.71499395075
48490.649993945546
48552.75499391301
48621.884993876796
48704.044993833755
48807.97499377931
48868.664993747516
48930.66999371503
49023.684993666306
49211.479993567926
49349.21999349577
49368.599993485615
49397.69499347037
49482.2049934261
49628.8049933493
49668.979993328256
49719.82499330162
49876.03999321978
49988.97499316062
117.24999999996585
245.05499999984963
433.4649999996783
782.8199999993606
793.9049999993505
858.6799999992916
1019.794999999145
1139.9250000016716
1171.5900000023628
1207.840000003154
1226.9650000035715
1852.9500000172354
1863.6900000174699
1874.510000017706
1885.2000000179394
1908.410000018446
1922.2550000187482
2023.2450000209526
2075.7600000220987
2089.1700000223914
2344.3150000279607
2659.8150000348473
2771.9350000372947
2937.055000040899
2949.6450000411737
3140.5800000453414
3250.9950000477515
3380.205000050572
3438.250000051839
3506.1300000533206
3518.145000053583
3598.270000055332
3615.915000055717
3954.250000063102
3976.7100000635924
3987.0600000638183
4004.355000064196
4128.7450000669105
4180.49500006804
4272.930000070058
4344.675000071624
4360.850000071977
4383.230000072465
4500.325000075021
4550.165000076109
4570.5650000765545
4591.845000077019
4604.300000077291
4613.795000077498
4630.745000077868
4869.375000083077
4880.300000083315
4957.295000084996
4971.115000085298
4985.0800000856025
4997.575000085875
5013.085000086214
5036.550000086726
5144.790000089089
5176.840000089788
5300.865000092495
5312.805000092756
5329.300000093116
5530.325000097504
5631.805000099719
5692.370000101041
6118.880000110351
6180.290000111691
6192.340000111954
6246.700000113141
6290.760000114103
6334.335000115054
6357.430000115558
6377.570000115998
6394.285000116362
6409.140000116687
6622.010000121333
6667.440000122325
6682.78500012266
6701.550000123069
6720.290000123478
6791.970000125043
6873.470000126822
6903.100000127469
7109.32500013197
7123.2650001322745
7137.325000132581
7240.940000134843
7284.4350001357925
7538.0550001413285
7563.820000141891
7596.9250001426135
7634.460000143433
7702.950000144928
7928.160000149844
8095.485000153496
8192.215000155567
8317.440000135522
8327.610000133895
8343.895000131288
8413.425000120158
8445.220000115069
8463.995000112063
8480.750000109381
8656.640000081226
8675.305000078239
8695.72500007497
8756.400000065258
9075.860000014121
9089.085000012004
9133.980000004818
9147.765000002611
9192.779999995406
9306.5149999772
9487.18499994828
9497.279999946664
9509.149999944764
9547.109999938688
9622.539999926614
9772.354999902633
9816.134999895625
9883.469999884846
9974.129999870334
9985.604999868498
10180.594999837285
10377.319999805795
10574.994999774153
10589.094999771896
10600.414999770084
10614.414999767843
10724.464999750227
10839.924999731746
10852.654999729708
10869.834999726958
10889.079999723877
10951.03499971396
10960.889999712383
11058.819999696707
11089.40999969181
11110.159999688489
11187.724999676073
11377.514999645693
11545.294999618836
11557.004999616962
11612.949999608007
11624.839999606103
11670.824999598743
11691.654999595408
11727.00499958975
11780.824999581135
11956.944999552943
12029.414999541343
12275.039999502025
12290.1949994996
12417.94999947915
12429.454999477308
12611.814999448117
12625.499999445927
12833.814999412582
12915.094999399571
13096.0849993706
13288.989999339721
13308.949999336526
13329.894999333173
13839.224999251644
13851.18999924973
13867.274999247154
13901.709999241642
13929.014999237272
14019.459999222794
14041.749999219226
14123.984999206063
14506.679999144804
14564.069999135618
14663.879999119641
14750.264999105813
14760.249999104215
14952.859999073384
15080.164999053006
15105.12999904901
15129.044999045182
15151.239999041629
15303.194999017305
15453.71999899321
15466.419998991178
15481.439998988773
15504.784998985037
15628.294998965266
15804.894998936998
15844.719998930623
16019.989998902567
16076.434998893532
16154.619998881017
16173.759998877953
16212.894998871689
16226.804998869462
16235.494998868071
16249.709998865796
16304.52999885702
16319.989998854546
16334.474998852227
16367.269998846978
16470.804998861982
16679.199998904438
16893.234998948043
17006.85999897119
17024.514998974788
17038.21499897758
17221.50999901492
17266.924999024173
17278.24499902648
17292.42499902937
17302.824999031487
17326.389999036288
17460.024999063513
17655.114999103258
17986.34499917074
18019.519999177497
18029.424999179515
18060.799999185907
18196.08999921347
18238.69999922215
18252.999999225063
18479.75999927126
18519.26499927931
18586.889999293086
18606.854999297153
18620.39499929991
18809.424999338422
18849.779999346643
18869.384999350637
18879.324999352662
18891.699999355184
18934.4899993639
19050.939999387625
19083.07499939417
19285.88999943549
19299.304999438224
19436.414999466157
19445.634999468035
19458.67499947069
19476.18499947426
19500.08999947913
19513.34499948183
19699.219999519697
19726.47499952525
19753.609999530778
20086.629999598623
20102.144999601784
20168.314999615264
20242.40999963036
20266.334999635234
20470.95499967692
20485.984999679982
20499.364999682708
20540.639999691117
20607.94999970483
20697.58499972309
20745.259999732803
20931.17499977068
20961.16999977679
21173.884999820126
21185.87499982257
21197.26999982489
21412.3049998687
21450.619999876504
21460.529999878523
21586.919999904272
21606.48999990826
21622.754999911573
21803.899999948477
22332.240000056114
22667.845000124486
22677.055000126362
22687.965000128585
22737.395000138655
22816.45000015476
22854.98000016261
22942.65000018047
23218.045000236576
23230.170000239046
23240.230000241096
23254.600000244023
23277.840000248758
23608.960000316216
23680.20000033073
23691.93000033312
23845.77000036446
23857.070000366763
23870.775000369555
23889.11000037329
23906.890000376912
23921.89500037997
23947.640000385214
24180.855000432726
24235.575000443874
24435.67000048464
24705.815000539675
24749.560000548587
24777.6050005543
24873.96000057393
24897.690000578765
24912.775000581838
25052.67000061034
25292.89500065928
25318.150000664424
25472.95000069596
25530.18000070762
25689.16500074001
25700.70500074236
25726.18500074755
25768.48500075617
25795.18500076161
26071.89000081798
26125.760000828956
26137.16500083128
26329.110000870383
26542.335000913823
26563.68000091817
26628.02000093128
26686.73500094324
26696.89000094531
26729.855000952026
26744.190000954946
26815.82000096954
26925.905000991967
26973.1850010016
27008.550001008804
27024.990001012153
27044.200001016066
27064.05000102011
27178.3750010434
27190.355001045842
27202.21500104826
27541.70000111742
27577.150001124643
27811.47500117238
28141.37500123959
28435.00000129941
28455.62000130361
28476.160001307795
28848.54500138366
28945.24000140336
28976.930001409815
28996.34500141377
29007.950001416135
29104.750001435856
29128.34000144066
29144.885001444032
29227.605001460885
29240.230001463457
29259.460001467374
29326.810001481095
29338.80500148354
29349.820001485783
29359.96000148785
29522.33500152093
29569.875001530614
29583.525001533395
29687.1200015545
29708.67000155889
29719.095001561014
30034.74500162532
30188.890001656724
30204.810001659967
30441.635001708215
30460.27000171201
30474.185001714846
30548.17500172992
30618.21500174419
30635.485001747707
30672.12000175517
30707.90500176246
30871.195001795728
30882.875001798107
30896.115001800805
30912.700001804184
30925.69000180683
30938.660001809472
31002.185001822414
31202.950001863315
31264.880001875932
31276.870001878375
31506.17000192509
31534.630001930887
31566.530001937386
31589.87000194214
31662.85000195701
31678.875001960274
31733.59000197142
31751.905001975152
31973.46500202029
32018.410002029446
32028.515002031505
32046.760002035222
32073.100002040588
32085.690002043153
32108.610002047822
32169.635002060255
32225.90500207172
32260.440002078754
32457.280002118856
32529.965002133664
32587.67000214542
32614.22000215083
32661.280002160416
32690.06500216628
32728.515002174114
33257.29500192583
33280.78500191352
33561.420001766506
33574.480001759664
33587.710001752734
33609.99000174106
33718.770001684075
33795.86000164369
33998.650001537455
34102.16500148323
34151.475001457395
34169.35500144803
34179.75500144258
34229.71500141641
34240.35500141083
34360.54000134787
34383.07000133607
34407.79000132312
34417.515001318025
34452.42000129974
34517.89500126544
34671.50500118497
34804.46500111531
34823.54500110532
34934.62000104713
35074.015000974105
35089.18500096616
35102.86000095899
35180.050000918556
35199.85000090818
35290.03500086094
35309.930000850516
35496.89000075257
35522.980000738906
35717.45000063703
35736.430000627086
35745.825000622164
35760.600000614424
35777.700000605466
35994.82500049172
36059.720000457724
36227.775000369686
36246.56500035984
36508.325000222714
36529.58000021158
36550.9200002004
36564.30000019339
36650.27500014835
36660.630000142926
36673.12500013638
36780.9450000799
36791.41500007441
36850.43500004349
36954.30499998908
36973.69499997892
36989.49999997064
37036.7349999459
37150.524999886286
37212.86499985363
37329.174999792696
37418.34499974598
37469.72499971907
37657.47499962071
37687.69499960488
37769.95999956178
37824.779999533064
37889.93499949893
37899.61499949386
37945.15499947
37957.86999946334
38001.729999440366
38325.08999927097
38336.00999926525
38368.08999924844
38667.11999909179
38743.96999905153
38757.379999044504
38826.099999008504
38848.73999899664
39124.57999885214
39232.8899987954
39392.72499871167
39612.27499859665
39718.10499854121
40231.93999827203
40329.04499822116
40343.0849982138
40518.254998122036
40855.404997945414
40899.609997922256
41077.594997829015
41088.33499782339
41135.109997798885
41239.6899977441
41259.61499773366
41293.82999771574
41310.954997706765
41605.399997552515
41618.29999754576
41650.104997529095
41669.87499751874
41762.154997470396
41900.07999739814
42274.52999720198
42350.854997161994
42361.1549971566
42523.374997071616
42628.289997016655
42726.424996965245
42739.654996958314
42770.9849969419
42781.75499693626
42860.37999689507
42871.92999688902
42908.434996869895
42924.334996861566
43117.77499676023
43166.59999673465
43519.07499655
43534.07999654214
43607.41499650372
43617.79499649828
43634.64499648946
43650.03999648139
43665.0999964735
43687.104996461974
43712.22999644881
43805.55999639992
43895.48499635281
44003.20499629638
44407.59999608453
44529.57499602063
44545.57499601225
44620.71999597288
44629.52999596827
44737.09499591192
44950.1599958003
45047.8899957491
45109.37499571689
45119.73999571146
45200.704995669046
45541.94499549028
45554.84999548352
45968.209995266974
46019.20499524026
46276.889995105266
46292.07499509731
46306.81999508959
46375.20999505376
46392.18499504487
46406.849995037184
46439.61999502002
46518.06499497892
46534.94499497008
46558.79999495758
46606.58999493255
46632.899994918764
46799.64499483141
46818.46499482155
47041.48499470472
47075.1099946871
47099.62499467426
47339.71999454848
47439.5199944962
47490.95999446925
47564.45499443075
47581.85999442163
47593.05499441577
47792.75999431115
47813.87499430009
47824.779994294375
47914.10999424758
48039.0999941821
48057.64999417238
48412.369993986555
48422.62999398118
48533.17499392327
48618.57499387853
48633.1349938709
48704.25999383364
49356.48999349196
49521.64999340544
49603.51499336255
49621.009993353386
49669.154993328164
49683.03999332089
49717.829993302665
49898.10999320822
128.94499999995523
141.26499999994402
164.44999999992294
796.2549999993483
858.4749999992918
945.124999999213
1037.7399999994411
1049.094999999689
1114.7100000011212
1260.1950000042968
1279.5050000047183
1297.5750000051128
1312.5050000054387
1327.5200000057664
1374.6750000067957
1687.8550000136318
2135.200000023396
2296.545000026918
2311.115000027236
2319.8100000274258
2380.1900000287437
2401.135000029201
2542.465000032286
2560.300000032675
2920.6000000405397
2990.2200000420594
2999.820000042269
3014.0050000425786
3033.8850000430125
3089.750000044232
3120.7550000449087
3206.905000046789
3598.7150000553415
3634.325000056119
3655.44500005658
3840.5050000606193
3903.995000062005
3930.970000062594
3991.115000063907
4024.9050000646444
4125.085000066831
4153.92000006746
4305.440000070767
4440.865000073723
4450.090000073925
4475.665000074483
4541.6100000759225
4556.520000076248
4580.685000076775
4650.140000078291
4785.280000081241
4798.920000081539
4816.700000081927
4975.260000085388
5005.5150000860485
5611.485000099276
5714.335000101521
5762.790000102578
5787.9550001031275
5882.620000105194
5907.740000105742
6036.0750001085435
6048.73500010882
6061.290000109094
6151.83500011107
6163.590000111327
6191.765000111942
6247.855000113166
6283.265000113939
6483.240000118304
6597.215000120792
6877.765000126916
6906.445000127542
6929.6150001280475
7174.37000013339
7211.250000134195
7673.440000144284
7702.960000144928
7719.035000145279
7762.995000146238
7809.460000147253
7829.320000147686
7948.300000150283
8321.26500013491
8406.410000121281
8566.700000095623
8580.360000093437
8719.315000071194
8771.865000062782
8783.800000060872
8870.380000047013
8927.62000003785
8969.54500003114
8981.97000002915
9303.489999977684
9630.329999925367
9754.06499990556
9769.444999903099
9983.289999868868
9997.754999866553
10037.304999860222
10142.219999843428
10179.044999837533
10230.034999829371
10255.199999825343
10279.564999821443
10305.064999817361
10345.74499981085
10388.40999980402
10429.629999797422
10444.054999795113
10471.464999790725
10711.45999975231
11028.74999970152
11051.649999697855
11187.209999676155
11261.064999664333
11274.984999662105
11348.23499965038
11493.10499962719
11922.744999558417
11965.449999551582
12069.059999534997
12154.649999521296
12166.019999519476
12181.794999516951
12311.009999496267
12323.059999494339
12460.474999472342
12565.249999455571
12585.594999452314
12636.089999444232
13076.27999937377
13155.029999361164
13318.074999335066
13343.204999331043
13352.639999329533
13396.539999322506
13428.67999931736
13554.089999297286
13777.109999261587
13839.009999251679
13866.794999247231
13882.869999244658
14030.144999221084
14049.999999217905
14480.34499914902
14505.01499914507
14525.854999141735
14542.764999139028
14559.359999136372
14759.524999104331
15009.769999064274
15064.319999055542
15079.424999053124
15232.274999028657
15310.994999016057
15331.929999012706
15342.349999011038
15354.184999009143
15421.644998998345
15708.024998952504
15758.859998944366
15852.564998929367
15874.629998925835
15916.149998919189
15928.909998917146
16325.849998853608
16345.069998850531
16369.259998846659
16403.389998848248
16480.06499886387
16498.389998867602
16648.714998898227
16663.439998901227
16778.204998924608
16800.024998929053
16828.069998934767
16841.309998937464
16855.27499894031
16865.82499894246
16933.544998956255
16973.37499896437
17002.959998970397
17015.98499897305
17029.399998975783
17053.569998980707
17160.58999900251
17172.539999004945
17366.84499904453
17382.584999047736
17395.22499905031
17418.494999055052
17527.35499907723
17665.099999105292
17679.944999108317
17772.129999127097
17851.189999143204
18191.849999212605
18226.009999219565
18451.549999265513
18482.319999271782
18571.84499929002
18722.459999320705
18937.439999364502
18948.899999366837
19258.63999942994
19277.78499943384
19394.30999945758
19608.354999501185
19622.089999503984
19652.30499951014
19867.98999955408
19952.144999571225
20015.73499958418
20122.704999605972
20138.869999609266
20287.189999639482
20311.734999644483
20319.889999646144
20339.959999650233
20357.484999653803
20369.904999656334
20622.939999707884
20996.344999783956
21248.834999835395
21520.319999890704
21534.219999893536
21733.589999934153
21766.424999940842
21776.13999994282
21787.8149999452
21805.18999994874
21902.554999968575
22265.9100000426
22274.375000044325
22284.735000046436
22297.295000048995
22310.750000051736
22323.220000054276
22413.280000072624
22424.780000074967
22440.35000007814
22661.570000123207
22682.130000127396
22812.140000153882
22969.14500018587
22990.94500019031
23020.01000019623
23106.190000213788
23123.81500021738
23137.6550002202
23186.785000230208
23198.48000023259
23223.830000237755
23391.700000271954
23538.84000030193
23601.72000031474
23618.195000318097
24032.23500040245
24043.450000404733
24065.09000040914
24091.750000414573
24430.210000483527
24444.12000048636
24484.640000494615
24499.815000497707
24524.235000502682
24580.245000514093
24712.545000541046
24763.440000551414
24809.325000560762
24986.095000596775
25022.175000604126
25035.970000606936
25047.995000609386
25077.27000061535
25097.315000619434
25108.88000062179
25197.83000063991
25230.56000064658
25277.305000656102
25425.065000686205
25514.3700007044
25537.215000709053
25769.045000756283
25850.375000772852
25908.33500078466
26077.23500081907
26113.12500082638
26129.26000082967
26230.320000850257
26265.110000857345
26388.210000882424
26418.510000888597
26428.915000890716
26437.560000892478
26445.250000894044
26489.100000902978
26502.26000090566
26550.76000091554
26562.330000917897
26788.28000096393
26802.680000966862
27154.55500103855
27657.715001141056
27667.780001143106
27676.92000114497
27702.175001150114
27717.96500115333
27731.290001156045
27746.955001159236
27782.100001166396
27876.80000118569
27893.370001189065
27915.310001193535
27932.155001196967
27967.86500120424
28189.73000124944
28315.840001275134
28332.40500127851
28453.055001303088
28656.27000134449
28797.470001373254
28833.67500138063
28904.920001395145
29025.10000141963
29197.605001454773
29208.515001456995
29220.090001459354
29256.655001466803
29277.765001471103
29312.65500147821
29371.975001490297
29429.585001502033
29545.55000152566
29558.645001528326
29636.42000154417
29674.64500155196
29732.460001563737
29756.585001568652
29935.470001605096
30097.895001638186
30116.825001642042
30254.125001670014
30300.460001679454
30433.965001706652
30445.78500170906
30599.140001740303
30612.290001742982
30633.645001747333
30765.33000177416
30780.720001777296
30796.655001780542
30814.940001784267
30976.93500181727
30985.97000181911
30995.20000182099
31007.75500182355
31057.405001833664
31069.970001836224
31149.66500185246
31172.69500185715
31192.160001861117
31213.03500186537
31269.415001876856
31304.760001884057
31496.780001923176
31513.065001926494
31572.700001938643
31674.67500195942
31859.33500199704
31987.625002023175
32132.195002052627
32224.715002071476
32255.445002077737
32271.99500208111
32331.00500209313
32354.385002097893
32600.39000214801
32647.25500215756
32681.86500216461
32698.185002167935
32715.165002171394
32957.33000208297
32973.850002074316
32988.48000206665
33283.41000191215
33437.56500183139
33485.32000180637
33501.64500179782
33512.72000179202
33525.420001785365
33539.76000177785
33593.530001749685
33606.40500174294
33619.795001735925
33647.26000172154
33659.62500171506
33673.44000170782
33683.665001702466
33929.815001573515
34461.665001294896
34641.2850012008
34653.375001194465
34682.19000117937
34697.775001171205
34900.64000106493
34959.66500103401
34971.030001028055
35023.04000100081
35229.86500089246
35593.96000070172
36068.12500045332
36112.635000430004
36153.92500040837
36174.745000397466
36187.06500039101
36324.440000319046
36969.95999998088
36997.7899999663
37014.26499995767
37229.344999844994
37244.92499983683
37428.784999740514
37450.06999972936
37646.184999626625
37685.70499960592
37957.9549994633
38060.274999409696
38429.45999921629
38448.81999920615
38513.21999917241
38536.28499916033
38635.054999108586
38977.774998929046
39151.16999883821
39497.55999865675
39658.46499857245
39780.899998508314
39798.52499849908
39832.03999848152
39846.124998474144
39859.04999846737
39932.614998428835
39982.6899984026
40040.83499837214
40055.24999836459
40066.54999835867
40395.7749981862
40427.549998169554
40509.33499812671
40553.36499810364
40607.13999807547
40618.699998069416
40634.42499806118
40867.28499793919
40957.61499789187
40967.24999788682
40982.31999787893
40992.80999787343
41414.874997652325
41440.434997638935
41501.72499760683
41681.15999751283
41745.814997478956
41758.834997472135
41768.98499746682
41779.239997461445
41886.46499740527
42063.37999731259
42075.629997306176
42210.23499723566
42344.99999716506
42679.98999698957
42707.55499697513
42765.23999694491
42833.41999690919
42957.59999684414
43010.844996816246
43026.75999680791
43374.77999662559
43387.009996619185
43473.024996574124
43492.04499656416
43548.344996534666
43560.56999652826
43734.59999643709
43759.15499642423
44103.7699962437
44234.98499617496
44249.0299961676
44302.51499613958
44544.514996012804
44595.84999598591
44840.18999585791
44870.32499584212
44881.044995836506
44898.78999582721
44952.12999579927
45079.04499573278
45098.24999572272
45108.394995717405
45134.11999570393
45189.77999567477
45530.12499549647
45600.98499545935
45666.22999542517
45708.314995403125
45772.779995369354
45817.94499534569
45885.82499531013
45923.18999529056
45945.80999527871
45971.94499526502
45985.41499525796
45999.36999525065
46013.999995242986
46025.339995237046
46045.77499522634
46065.789995215855
46223.899995133026
46235.07999512717
46252.0149951183
46290.64999509806
46333.984995075356
46345.899995069114
46439.144995020266
46477.304995000275
46518.07499497892
46609.83499493085
46881.63999478846
46912.19499477245
46930.469994762876
46948.95499475319
47022.78999471451
47276.96499458136
47314.77499456155
47564.124994430924
47670.08999437541
47691.939994363966
47707.97999435556
47735.349994341224
47749.88499433361
47768.314994323955
47799.11499430782
47820.484994296625
48038.23499418255
48232.38499408084
48242.86499407535
48265.50999406349
48279.02999405641
48357.09999401551
48415.859993984726
48627.58499387381
49013.7749936715
49110.044993621064
49120.89999361538
49545.0049933932
49584.65499337243
49613.319993357414
49625.609993350976
49642.884993341926
49672.739993326286
49705.28499330924
49716.10499330357
49779.36499327043
49806.88999325601
49875.90999321985
49945.24499318353
49958.79499317643
46.75500000000547
169.17999999991864
266.58999999983007
280.1799999998177
298.564999999801
315.4899999997856
740.2199999993993
755.909999999385
772.2449999993702
795.0999999993494
850.8549999992987
865.2749999992856
1023.5799999991416
1094.820000000687
1196.9550000029164
1333.870000005905
1350.5850000062699
1481.7150000091322
1574.4200000111557
1603.615000011793
1613.2650000120036
1623.1150000122186
1687.7900000136303
1700.690000013912
1947.3000000192949
1959.0200000195507
1969.2850000197748
2007.9400000206185
2112.800000022907
2221.790000025286
2251.3550000259315
2262.555000026176
2273.635000026418
2283.540000026634
2295.485000026895
2328.620000027618
2351.940000028127
2418.97000002959
2541.9400000322744
2555.5400000325712
2576.0750000330195
2592.7550000333836
2649.4300000346207
2661.865000034892
2741.0550000366206
2759.895000037032
2775.800000037379
2820.105000038346
3007.6400000424396
3115.4700000447933
3128.055000045068
3246.430000047652
3339.160000049676
3361.880000050172
3510.6500000534193
3521.085000053647
3802.9950000598005
3846.0500000607403
3864.630000061146
4073.5300000657057
4162.265000067642
4279.135000070193
4292.855000070493
4396.495000072755
4633.430000077927
4684.490000079041
4731.935000080077
4990.45000008572
5135.260000088881
5265.33500009172
5485.415000096524
5512.805000097122
5780.380000102962
5846.995000104416
5914.205000105883
5959.195000106865
6314.120000114613
6399.2350001164705
6437.455000117305
6451.860000117619
6470.320000118022
6487.935000118407
6509.515000118878
6529.30500011931
6548.415000119727
6609.695000121064
6731.715000123728
6830.275000125879
6843.705000126172
6857.990000126484
7070.675000131127
7300.840000136151
7316.010000136482
7328.955000136764
7353.450000137299
7373.140000137729
7461.795000139664
7622.255000143166
7718.075000145258
7755.4850001460745
7765.870000146301
7967.875000150711
8060.685000152736
8105.380000153712
8207.830000153068
8350.110000130293
8481.770000109218
8518.715000103304
8537.080000100364
8553.945000097665
8575.445000094223
8597.245000090734
8609.670000088745
8889.005000044031
9047.170000018714
9245.014999987045
9642.339999923444
9816.379999895586
9830.694999893294
9842.819999891353
10294.01499981913
10358.834999808754
10381.944999805055
10392.109999803428
10625.664999766042
10657.264999760984
10712.854999752086
10739.524999747817
10781.769999741055
10804.114999737478
10817.874999735275
10840.14999973171
10941.709999715453
11006.394999705099
11032.049999700992
11043.55499969915
11110.414999688448
11174.419999678203
11228.264999669584
11320.594999654804
11346.589999650643
11415.819999639562
11427.26499963773
11439.909999635705
11695.309999594823
11708.349999592736
11736.56499958822
11812.019999576141
12100.489999529966
12146.094999522666
12316.61499949537
12344.824999490855
12472.379999470437
12621.764999446525
13448.269999314225
13462.309999311978
13754.579999265194
13806.534999256877
14037.824999219854
14066.374999215284
14143.504999202938
14154.17999920123
14350.874999169744
14366.714999167209
14381.059999164912
14392.984999163004
14632.289999124698
14702.409999113474
14746.629999106395
14876.719999085572
14991.734999067161
15008.824999064425
15095.75999905051
15408.849999000393
15419.289998998722
15432.444998996616
15593.579998970823
15770.669998942476
15781.849998940686
15795.534998938496
15815.06499893537
15826.759998933498
15930.584998916878
16762.26499892136
17274.744999025766
17375.409999046275
17390.004999049248
17532.389999078256
17871.474999147336
17883.02999914969
17895.29499915219
17907.66999915471
17951.134999163565
18190.8399992124
18203.64999921501
18312.269999237138
18326.8149992401
18364.93999924787
18404.189999255865
18427.864999260688
18435.959999262337
18450.89999926538
18462.839999267813
18487.45999927283
18665.409999309082
18838.96999934444
18858.974999348517
19012.009999379694
19069.689999391445
19104.394999398515
19112.014999400068
19159.559999409754
19210.264999420084
19225.879999423265
19260.734999430366
19284.979999435305
19296.914999437737
19366.53499945192
19457.83999947052
19472.919999473594
19592.724999498
19643.87499950842
19689.484999517714
19700.734999520006
19960.624999572952
19989.604999578856
20233.91499962863
20250.239999631955
20279.56999963793
20291.74999964041
20322.834999646744
20336.734999649576
20350.229999652325
20374.139999657196
20430.104999668598
20443.234999671273
20471.969999677127
20722.349999728136
20739.724999731676
20865.64499975733
20886.289999761535
20915.309999767447
20944.064999773305
20959.324999776414
21019.53499978868
21056.859999796285
21118.864999808917
21235.45499983267
21651.919999917514
21699.434999927194
21843.389999956522
21856.954999959285
22049.724999998558
22298.225000049184
22480.225000086262
22606.695000112028
22631.78500011714
22796.840000150765
22848.870000161365
22889.93500016973
22909.925000173804
22921.63500017619
22931.5000001782
22948.570000181677
22962.945000184605
22976.790000187426
22998.07000019176
23018.070000195836
23199.225000232742
23276.92000024857
23503.94500029482
23534.045000300954
23849.485000365217
23863.800000368134
23879.29000037129
23909.225000377388
23923.490000380294
24096.515000415544
24281.45000045322
24291.6650004553
24301.985000457404
24318.545000460777
24389.415000475215
24409.07000047922
24424.695000482403
24496.860000497105
24795.835000558014
24805.710000560026
24867.62500057264
24902.450000579734
25066.190000613093
25192.120000638748
25219.495000644325
25231.185000646707
25273.08000065524
25287.730000658226
25303.835000661507
25406.515000682426
25438.010000688842
25612.10500072431
25627.390000727424
25636.84500072935
25650.645000732162
25660.415000734152
25804.795000763566
25823.630000767404
25898.600000782677
25923.06500078766
25948.645000792872
26001.64000080367
26214.790000847093
26235.49500085131
26257.18000085573
26269.36500085821
26288.685000862148
26321.315000868795
26343.23500087326
26395.175000883843
26410.415000886947
26421.510000889208
26455.625000896158
26899.630000986614
27080.89000102354
27175.990001042916
27525.05500111403
27543.02000111769
27631.57500113573
27646.1500011387
27734.285001156655
27820.815001174284
27851.91500118062
27878.38000118601
27909.995001192452
27945.655001199717
27962.975001203245
28076.00000122627
28098.935001230944
28387.20000128967
28397.45500129176
28471.67000130688
28519.560001316637
28888.9950013919
28962.71500140692
29093.520001433568
29153.475001445782
29335.41500148285
29441.955001504553
29454.565001507122
29469.500001510165
29480.87000151248
29564.145001529447
29593.110001535348
29612.430001539284
29623.12000154146
29702.77000155769
29963.90500161089
30065.630001631613
30101.69500163896
30114.960001641663
30259.515001671112
30274.700001674206
30346.065001688745
30375.365001694714
30541.40500172854
30554.095001731126
30567.035001733762
30580.115001736427
30728.485001766654
30852.59500179194
30865.185001794503
30909.455001803522
30929.600001807627
31194.595001861613
31219.745001866737
31497.915001923408
31516.940001927283
31635.16500195137
31883.720002002006
31898.86000200509
32018.455002029455
32028.745002031552
32110.425002048192
32131.33000205245
32142.745002054777
32153.155002056898
32355.50500209812
32371.35500210135
32575.425002142925
32909.675002107935
32925.28000209976
32935.25000209454
32947.06000208835
32961.22500208093
32990.14000206578
33005.025002057984
33034.955002042305
33051.715002033525
33077.19000202018
33151.85000198107
33289.45000190898
33476.42500181103
33504.85000179614
33687.11000170066
33823.76500162907
33940.340001568
33958.180001558656
34002.61000153538
34117.12000147539
34260.55500140025
34275.69500139232
34336.0550013607
34554.85000124608
34601.79000122149
34748.455001144655
34762.57000113726
34787.63500112413
34811.34500111171
34867.0950010825
34920.540001054505
35016.79500100408
35266.355000873344
35313.18500084881
35395.4750008057
35425.555000789944
35477.25000076286
35491.25000075553
35509.28500074608
35855.25500056484
35875.96000055399
35997.86500049013
36014.62000048135
36031.19000047267
36054.67500046037
36107.72000043258
36133.170000419246
36143.500000413835
36191.850000388506
36273.170000345905
36482.31000023634
36577.56500018644
36596.03000017677
36609.340000169796
36659.275000143636
36684.400000130474
36740.33500010117
36912.47500001099
37484.369999711394
37494.59499970604
37508.84999969857
37536.079999684305
37558.01999967281
37676.934999610516
37695.43999960082
37887.314999500304
37899.96499949368
37925.95499948006
38028.08499942656
38235.70999931779
38245.36999931273
38274.42999929751
38470.06499919502
38490.75499918418
38517.71499917006
38533.734999161665
38675.05499908763
38785.19499902993
38798.399999023015
38907.0449989661
39057.6549988872
39087.174998871735
39112.369998858536
39127.889998850405
39139.52499884431
39302.48999875894
39317.61999875101
39455.759998678644
39559.70999862419
39685.88499855809
39715.84999854239
39734.189998532784
39755.84499852144
39788.10499850454
39801.13999849771
40228.40499827388
40245.03499826517
40267.124998253596
40482.2449981409
40849.999997948245
40884.56499793014
41014.59499786202
41047.604997844726
41082.79999782629
41127.53999780285
41147.16499779257
41361.75499768015
41377.90499767169
41397.9299976612
41653.05999752755
41697.01499750452
41709.34499749806
41721.02999749194
41734.744997484755
41745.82999747895
41787.469997457134
41844.74499742713
41861.494997418355
41877.55999740994
41887.96499740449
41904.349997395904
41918.1049973887
41932.539997381136
41996.50499734763
42097.59999729467
42250.64499721449
42343.41999716589
42362.134997156085
42415.28499712824
42576.42999704382
42671.639996993945
42932.639996857215
42943.49499685153
42959.079996843364
43215.84999670885
43522.27999654832
43677.71999646689
43812.58999639624
43936.419996331366
43953.199996322575
43977.18499631001
44342.42499611867
44408.05999608429
44433.6149960709
44515.37499602807
44557.1249960062
44595.09499598631
44633.92999596596
44646.429995959414
44897.04999582812
44928.03999581189
45003.94499577212
45057.25999574419
45214.43999566185
45343.319995594335
45750.48499538103
45763.49499537422
45782.569995364225
45966.47999526788
46109.33999519304
46121.929995186445
46141.474995176206
46209.49999514057
46384.51999504888
46399.119995041234
46420.55999503
46446.474995016426
46476.309995000796
46542.95499496588
46734.41499486558
46749.99499485742
47179.5299946324
47245.90999459763
47353.704994541156
47460.14999448539
47474.33499447796
47625.38499439883
47649.67499438611
47914.474994247386
48097.71499415139
48140.86499412879
48173.11999411189
48215.15499408987
48225.84499408427
48240.129994076786
48275.674994058165
48538.87499392028
48574.42499390166
48601.424993887515
48614.539993880644
48637.01999386887
48687.684993842326
48705.58499383295
48930.56499371509
49006.794993675154
49016.63499367
49033.71499366105
49176.699993586146
49328.11999350682
49492.19499342087
49588.20499337057
49630.059993348645
49710.04499330674
49724.794993299016
49911.734993201084
49954.90499317847
348.4449999997556
441.0449999996714
560.8549999995624
655.2199999994766
701.5549999994345
710.0099999994268
723.1649999994148
735.5149999994036
834.049999999314
1069.480000000134
1221.4650000034515
1302.7950000052267
1357.8100000064276
1449.08500000842
1550.7750000106396
1571.365000011089
1610.1550000119357
1628.7500000123416
1698.31000001386
1723.2700000144048
1743.1900000148396
1757.1750000151449
1771.750000015463
1783.7350000157246
1982.2400000200576
2012.0200000207076
2125.6400000231874
2146.8200000236498
2159.9450000239362
2243.9300000257695
2259.490000026109
2274.4550000264358
2292.0450000268197
2377.1500000286774
2425.9450000297425
2609.2050000337426
2989.6750000420475
3466.6400000524586
3522.2950000536734
3797.02500005967
3814.3100000600475
3825.1550000602842
3894.270000061793
3906.6150000620623
3963.415000063302
3978.3250000636276
3990.440000063892
4019.0550000645167
4032.0150000647996
4101.480000066315
4109.5500000664915
4119.990000066719
4142.48500006721
4156.790000067523
4175.515000067931
4245.9800000694695
4286.545000070355
4298.330000070612
4365.245000072073
4398.075000072789
4411.9150000730915
4462.970000074206
4473.420000074434
4490.220000074801
4508.345000075196
4521.840000075491
4556.680000076251
4656.415000078428
4778.8100000811
4880.095000083311
4895.445000083646
4974.935000085381
5081.560000087708
5091.815000087932
5153.945000089288
5346.835000093499
5608.355000099207
5731.395000101893
5761.04000010254
5792.015000103216
6107.685000110107
6120.135000110378
6337.335000115119
6362.510000115669
6444.760000117464
6456.510000117721
6468.325000117979
6619.360000121275
6638.875000121701
6671.445000122412
6897.320000127343
6919.335000127823
6939.395000128261
7080.690000131345
7231.010000134626
7280.970000135717
7361.27000013747
7440.650000139202
7591.0150001424845
7605.130000142793
7618.75500014309
7786.785000146758
7799.595000147037
7835.505000147821
7850.885000148157
7888.955000148988
7906.775000149377
7969.015000150735
7987.180000151132
8003.14000015148
8126.725000154178
8353.720000129715
8366.095000127734
8376.875000126009
8393.23000012339
8403.005000121826
8423.735000118508
8443.295000115377
8496.795000106813
8647.005000082769
8686.885000076385
8702.330000073913
8846.670000050808
8883.07500004498
8897.470000042676
8955.510000033386
8972.35500003069
9009.565000024733
9030.120000021443
9059.570000016729
9177.049999997924
9332.409999973055
9632.214999925065
9834.364999892707
9857.129999889063
10303.339999817637
10338.479999812012
10671.899999758642
10690.129999755723
10808.779999736731
10841.439999731503
10874.964999726137
11084.72999969256
11093.769999691112
11104.389999689412
11158.13499968081
11171.289999678704
11345.764999650775
11608.789999608673
11660.209999600442
11709.394999592569
11779.554999581338
11890.819999563528
11913.579999559885
11944.394999554952
12125.184999526013
12196.939999514527
12333.22999949271
12401.409999481797
12480.779999469092
12496.274999466612
12509.789999464449
12750.224999425962
12870.414999406723
12882.909999404723
12937.184999396035
12978.529999389417
12987.68999938795
13011.539999384133
13023.834999382165
13039.66999937963
13166.669999359301
13188.22499935585
13210.979999352208
13240.004999347562
13446.319999314537
13494.299999306857
13610.024999288333
13694.214999274856
13792.109999259186
13819.94999925473
13892.72499924308
13942.594999235098
13956.849999232816
13970.429999230642
13983.74999922851
14260.969999184135
14278.049999181401
14350.844999169749
14362.82999916783
14474.314999149985
14482.229999148718
14492.984999146996
14535.464999140197
14549.654999137925
14560.879999136128
15049.664999057888
15068.294999054906
15100.144999049808
15113.709999047636
15539.714998979445
15617.759998966952
15668.154998958886
15701.844998953493
15719.509998950665
15735.759998948064
15774.744998941824
15886.019998924012
16201.774998873469
16221.234998870354
16277.434998861358
16476.449998863132
16516.954998871384
16549.504998878016
16593.719998887023
16738.174998916453
16842.919998937792
16917.699998953027
17281.414999027125
17294.914999029876
17385.224999048274
17417.319999054813
17478.014999067178
17488.9199990694
17508.714999073432
17521.009999075937
17537.0199990792
17549.814999081806
17766.184999125886
17826.514999138177
17888.394999150783
17995.4849991726
18018.809999177352
18032.904999180224
18073.124999188418
18272.394999229015
18312.534999237192
18399.724999254955
18438.87499926293
18482.26999927177
18876.60999935211
19010.994999379487
19031.689999383703
19071.834999391882
19302.92499943896
19400.129999458764
19450.41999946901
19464.75499947193
19597.48499949897
19611.049999501734
19635.304999506676
19648.47999950936
19667.354999513205
19706.93999952127
19725.759999525104
19770.739999534268
19788.52499953789
19807.60999954178
19989.049999578743
20146.374999610794
20171.019999615815
20181.859999618024
20199.339999621585
20443.929999671414
20539.249999690834
20562.114999695492
20577.02499969853
20648.049999713
20664.43999971634
20874.989999759233
20886.829999761645
20898.78999976408
20912.08499976679
21239.96999983359
21319.73499984984
21381.064999862334
21416.92499986964
21977.62999998387
21990.114999986414
22007.699999989996
22099.570000008713
22113.79000001161
22174.21000002392
22187.305000026587
22366.19500006303
22391.925000068273
22514.2750000932
22530.615000096528
22964.280000184877
22990.930000190307
23054.99500020336
23065.75000020555
23196.820000232252
23316.8300002567
23863.24500036802
23887.685000373
23923.010000380196
24113.72500041905
24203.490000437338
24270.0600004509
24331.145000463344
24353.630000467925
24418.420000481125
24513.17500050043
24660.420000530426
24762.665000551257
24784.150000555634
24917.0100005827
25003.270000600274
25081.48500061621
25096.1600006192
25109.185000621852
25140.920000628317
25255.680000651697
25464.530000694245
25685.425000739247
25799.135000762413
25973.07500079785
26246.160000853484
26279.920000860362
26364.225000877537
26508.265000906882
26539.7600009133
26560.8750009176
26723.025000950634
26862.10500097897
27008.940001008883
27081.560001023678
27121.57500103183
27150.125001037646
27287.175001065567
27314.645001071163
27355.285001079443
27368.980001082233
27455.25000109981
27535.52000111616
27576.84500112458
27599.290001129153
28069.185001224883
28611.835001335436
28678.425001349002
28694.890001352356
28727.670001359034
28740.500001361648
28754.090001364417
28766.53000136695
28820.655001377978
28830.165001379915
28843.39500138261
29123.95500143977
29312.135001478106
29831.025001583817
29855.740001588852
30092.22500163703
30170.90500165306
30182.98500165552
30199.140001658812
30269.875001673223
30310.235001681445
30458.420001711635
30471.40000171428
30481.72000171638
30603.29000174115
30629.430001746474
30926.885001807073
30944.845001810732
31059.45500183408
31076.86500183763
31157.695001854096
31183.7300018594
31201.64000186305
31227.71000186836
31243.160001871507
31279.655001878942
31302.705001883638
31390.060001901435
31401.460001903757
31422.605001908065
31490.095001921814
31502.275001924296
31541.750001932338
31555.335001935106
32055.710002037045
32161.150002058526
32196.965002065823
32216.39000206978
32233.985002073365
32247.94500207621
32503.030002128176
32606.740002149305
32649.210002157957
32661.330002160426
32680.575002164347
32694.600002167204
32713.115002170976
32736.615002175764
32753.77500217926
32775.46500217824
33028.74000204556
33355.015001874635
33387.83500185744
33477.60000181042
33493.77500180194
33555.600001769555
33576.52500175859
33592.440001750256
33611.50000174027
33875.67000160188
33914.75000158141
33923.440001576855
33933.250001571716
33945.77000156516
33965.455001554845
33992.61000154062
34006.80500153318
34018.74500152693
34034.765001518535
34053.52500150871
34088.120001490584
34129.445001468936
34154.18000145598
34386.43000133431
34399.86000132727
34435.230001308744
34459.44500129606
34471.12000128994
34738.56000114984
34765.90000113552
34923.650001052876
34943.11000104268
35185.6950009156
35200.06000090807
35430.705000787246
35471.19000076604
35489.67500075635
35750.08500061993
35798.33000059466
35895.310000543854
35908.0100005372
35975.73500050172
35985.54500049658
36107.31500043279
36324.80000031886
36341.39500031016
36369.65000029536
36387.280000286126
36566.51000019223
36678.11500013377
36804.26000006768
36967.44999998219
37009.134999960355
37025.074999952005
37112.41999990625
37225.28499984712
37718.12499958894
37733.96999958064
37809.639999540996
37828.31999953121
37896.50499949549
37924.33499948091
37961.71499946133
38342.56499926181
38352.064999256836
38363.0199992511
38419.60999922145
38437.31999921217
38459.42999920059
38469.079999195535
39132.78499884784
39210.51999880712
39229.33999879726
39427.55499869342
39441.09499868633
39452.434998680386
39590.389998608116
39626.1149985894
39744.209998527534
39754.84999852196
39772.5249985127
40224.37999827599
40237.65999826903
40397.37999818536
40667.04499804409
40708.15499802255
40764.3849979931
40881.43499793178
40993.28999787318
41008.589997865165
41021.63999785833
41039.0649978492
41068.549997833754
41086.17499782452
41109.46999781232
41155.10499778841
41236.49499774577
41253.419997736906
41262.51999773214
41305.3549977097
41377.73999767178
41387.559997666634
41396.339997662035
41774.9349974637
41878.75499740931
42020.46999733507
42088.62499729937
42108.63999728888
42132.25499727651
42145.79499726942
42285.23499719637
42433.164997118874
42871.18499688941
42887.359996880936
42910.059996869044
42932.17499685746
42945.91999685026
43056.7449967922
43070.75999678486
43091.03499677424
43105.754996766525
43263.774996683744
43421.824996600946
43573.889996521284
43680.71999646532
43690.65999646011
44018.70499628826
44030.68999628198
44137.96499622578
44225.71999617981
44237.374996173705
44248.77499616773
44284.884996148816
44304.67499613845
44511.22499603024
44743.319995908656
44785.354995886635
44871.93499584128
44937.83999580675
45057.139995744255
45077.509995733584
45330.339995601134
45348.529995591605
45364.3849955833
45489.85499551757
45509.98999550702
45940.15999528167
45975.68499526306
45986.56499525736
46009.18499524551
46021.01999523931
46033.40499523282
46255.8249951163
46269.50999510913
46287.86499509952
46407.09999503705
46488.74999499428
46512.659994981754
46526.14999497469
46651.529994909004
46665.119994901885
46689.134994889304
46755.579994854495
47426.07999450324
47439.50499449621
47451.384994489985
47472.33999447901
47487.56999447103
47531.78999444786
47556.794994434764
47576.52499442443
47668.3899943763
47731.06499434347
47838.6649942871
48003.12999420094
48086.87999415707
48243.534994075
48254.49999406926
48267.179994062615
48282.00499405485
48436.20499397407
48449.14499396729
48460.969993961095
48492.104993944784
48512.65499393402
48653.554993860205
48667.24999385303
48691.844993840146
48703.574993834
48839.46499376281
48868.09999374781
48918.11499372161
49107.504993622395
49397.37499347054
49430.2799934533
49441.309993447525
49570.484993379854
49733.39999329451
49863.35499322643
49961.88499317481
