9.155000000000031
381.5399999997255
484.75499999963165
577.0099999995477
645.7549999994852
747.8449999993924
789.2449999993547
928.7549999992278
977.5249999991835
1039.2249999994735
1154.285000001985
1337.8250000059913
1529.0900000101662
1628.5600000123375
1704.8550000140028
1928.8250000188916
2043.8450000214023
2181.380000024404
2275.380000026456
2312.435000027265
2447.6150000302155
2497.435000031303
2657.6600000348003
2865.090000039328
2902.4400000401433
2957.0150000413346
3006.9050000424236
3034.875000043034
3239.2600000474954
3278.86000004836
3484.485000052848
3549.535000054268
4037.9150000649283
4087.1700000660035
4152.400000067427
4280.095000070214
4392.180000072661
4613.4900000774915
4915.295000084079
4955.365000084954
4993.055000085777
5104.955000088219
5445.690000095657
5520.480000097289
5791.000000103194
5827.525000103991
5950.775000106682
6066.645000109211
6149.720000111024
6193.685000111984
6273.455000113725
6321.390000114771
6372.240000115881
6426.745000117071
6458.740000117769
6532.695000119384
6576.185000120333
6770.790000124581
7103.770000131849
7318.705000136541
7536.010000141284
8022.6650001519065
8163.47000015498
8279.15500014165
8379.99000012551
8421.700000118833
8600.01500009029
8677.04500007796
8723.015000070602
8843.935000051246
8910.235000040633
9285.599999980548
9356.089999969265
9465.904999951686
9571.414999934797
9606.474999929185
9643.664999923232
9685.889999916473
9720.574999910921
9771.18499990282
9883.704999884809
10114.104999847928
10150.344999842127
10484.319999788668
10555.26999977731
10590.50499977167
10628.444999765597
10678.864999757527
10724.534999750216
10788.134999740036
10865.204999727699
10917.819999719277
10959.559999712596
11083.054999692828
11124.70499968616
11238.079999668013
11272.274999662539
11406.484999641056
11533.954999620652
11667.724999599239
11709.774999592508
11786.564999580216
12019.399999542946
12166.464999519405
12282.239999500873
12342.019999491304
12480.249999469177
12501.379999465795
12524.604999462077
12559.834999456438
12678.39499943746
12718.774999430996
12788.199999419883
12979.314999389291
13001.789999385694
13154.064999361319
13190.804999355438
13257.419999344775
13439.92499931556
13546.18999929855
13619.03499928689
13650.389999281871
13841.079999251348
13961.63999923205
14207.129999192754
14255.199999185059
14540.489999139392
14580.879999132927
14611.854999127969
15197.264999034262
15296.624999018357
15429.289998997121
15555.579998976906
15723.614998950008
15755.119998944965
15786.344998939967
15937.584998915758
15992.10999890703
16024.084998901912
16060.104998896146
16403.88999884835
16444.57499885664
16618.43999889206
16814.989998932102
16863.944998942075
16912.574998951983
16988.97999896755
17082.119998986524
17946.329999162586
18426.79499926047
18456.64499926655
18507.954999277004
18772.084999330815
18863.249999349388
18907.719999358447
19016.779999380666
19101.659999397958
19282.69499943484
19372.199999453074
19401.959999459137
19444.52499946781
19774.494999535033
19902.14499956104
19950.98999957099
19996.069999580173
20350.814999652444
20442.324999671087
20484.334999679646
20536.749999690324
20664.904999716433
20775.109999738885
20822.7949997486
20919.45499976829
21039.539999792756
21071.61999979929
21156.27999981654
21211.284999827745
21322.13999985033
21432.09999987273
21534.319999893556
21621.799999911378
21683.974999924045
21910.344999970162
22296.420000048816
22494.25000008912
22640.08000011883
22757.2500001427
22787.39500014884
22992.440000190614
23082.085000208877
23243.770000241817
23481.735000290297
23507.72000029559
23681.43000033098
23861.345000367633
24083.745000412942
24206.850000438022
24363.490000469934
24392.52500047585
24493.095000496338
24586.135000515293
24717.800000542116
24751.505000548983
24950.075000589437
25022.0450006041
25055.060000610825
25091.7550006183
25464.55000069425
25520.195000705586
25563.21500071435
25713.330000744932
25920.935000787227
26045.72000081265
26126.335000829073
26167.145000837387
26212.685000846664
26261.55500085662
26294.800000863394
26437.740000892514
26533.67500091206
26594.55500092446
26661.390000938078
26728.50500095175
26808.095000967965
26847.220000975936
26981.855001003365
27150.29000103768
27179.11000104355
27262.415001060523
27358.71500108014
27410.385001090668
27454.43000109964
27647.91000113906
27683.370001146282
27841.31500117846
28000.580001210907
28045.635001220086
28086.815001228475
28182.390001247946
28247.88500126129
28349.15000128192
28504.50000131357
28644.900001342172
28696.665001352718
28809.27500137566
28848.01000138355
29012.74000141711
29081.760001431172
29173.24500144981
29520.18500152049
29644.37500154579
29773.11500157202
29865.725001590887
29888.595001595546
29933.43500160468
30123.230001643347
30206.00000166021
30276.400001674552
30445.625001709028
30519.925001724165
30799.825001781188
30879.50500179742
31139.36500185036
31196.35000186197
31225.325001867874
31373.555001898072
31576.02000193932
31681.4550019608
31729.61500197061
31850.225001995183
32044.850002034833
32092.01000204444
32207.74500206802
32405.940002108397
32493.18500212617
32526.01500213286
32549.420002137627
32644.510002157
32810.815002159725
32883.37500212171
33022.19500204899
33100.54000200795
33212.6850019492
33359.865001872095
33399.79500185118
33447.79500182603
33472.775001812945
33877.58500160088
33952.495001561634
33986.09500154403
34027.685001522244
34315.2500013716
34470.335001290354
34510.89000126911
34542.81000125239
34665.575001188074
34752.72000114242
34785.75000112512
34953.545001037215
35142.20500093838
35318.67000084594
35387.36000080995
35538.96500073053
35577.83500071017
35699.54000064641
35724.34000063342
35776.51500060609
35834.31500057581
35918.36000053178
36030.90500047282
36101.15500043602
36132.485000419605
36354.125000303495
36390.9550002842
36445.78500025548
36656.27000014521
36872.32000003203
37118.31499990316
37302.4399998067
37353.44499977998
37476.67999971542
37572.05999966546
37625.279999637576
37722.67999958655
38188.55999934249
38225.93999932291
38407.269999227916
38488.38999918542
38688.89499908038
38788.27499902832
38909.84999896463
39022.70499890551
39095.4449988674
39286.17999876748
39355.36499873124
39399.654998708036
39671.214998565774
39756.05499852133
39935.5449984273
40084.77499834912
40113.12499833427
40167.68999830569
40191.56999829318
40243.84499826579
40343.634998213514
40373.17999819804
40515.4549981235
40668.68499804323
41121.539997805994
41170.06999778057
41273.67999772629
41321.93499770101
41348.939997686866
41442.784997637704
41465.71499762569
41517.45499759859
41774.69499746383
41868.459997414706
41913.909997390896
42004.04499734368
42192.70999724484
42258.20499721053
42283.144997197465
42448.60999711078
42514.66999707618
42754.16999695071
42826.3449969129
42859.00499689579
42905.34999687151
43158.839996738716
43325.20999665156
43423.32999660016
43696.25499645718
43756.19999642578
43930.72999633435
44010.294996292665
44151.23999621883
44191.51499619773
44297.734996142084
44353.96499611263
44384.679996096536
44431.984996071755
44629.67499596819
44658.90499595288
44700.26999593121
44915.099995818666
44971.124995789316
45010.0949957689
45051.99999574695
45383.634995573215
45537.34999549269
45582.29499546914
45607.05999545617
45648.69499543436
45714.039995400126
45929.19499528741
46232.28499512863
46299.074995093644
46363.55999505986
46418.47999503109
46504.754994985895
46627.33999492168
46752.47999485612
46831.04999481496
47009.94499472124
47094.64499467687
47161.66999464176
47234.98999460335
47260.22499459013
47436.94999449755
47505.20499446179
47567.194994429316
47599.59499441234
47632.09499439532
47721.109994348684
47766.08999432512
47872.56999426934
47943.42499423222
47963.994994221444
48006.03999419942
48138.64999412995
48202.78999409635
48226.75999408379
48271.05999406058
48307.8649940413
48454.88499396428
48684.05499384423
48731.704993819265
48825.00499377039
49005.48499367584
49043.50999365592
49121.50999361506
49231.774993557294
49385.969993476516
49432.17499345231
49534.574993398666
49588.409993370464
49689.369993317574
49833.17999324224
49874.74499322046
49972.90499316904
138.02999999994697
256.1199999998396
342.13999999976136
499.9549999996178
602.9149999995242
664.7549999994679
827.39499999932
883.8249999992687
1075.0000000002544
1333.8950000059056
1419.8950000077828
1466.3900000087976
1512.9800000098146
1579.3500000112633
1638.430000012553
1795.4150000159796
1887.9400000179992
2115.820000022973
2157.225000023877
2389.735000028952
2441.8900000300905
2741.3150000366263
3177.6900000461515
3306.675000048967
3335.7500000496016
3415.2700000513373
3702.1250000575988
3784.0250000593865
3863.030000061111
4210.625000068698
4567.185000076481
4728.540000080003
4843.365000082509
4899.885000083743
4964.070000085144
5176.435000089779
5357.535000093732
5430.640000095328
5587.41500009875
5669.490000100542
5689.470000100978
5713.635000101505
5786.0750001030865
5863.430000104775
5979.615000107311
6033.050000108477
6150.815000111048
6277.045000113803
6392.680000116327
6514.835000118994
6541.67500011958
6593.180000120704
6698.0300001229925
6794.12000012509
6844.470000126189
6989.530000129355
7101.905000131808
7139.165000132622
7353.730000137305
7722.375000145352
7922.50000014972
7952.830000150382
7987.775000151145
8116.28000015395
8189.12500015554
8353.8150001297
8411.280000120501
8643.31500008336
8841.105000051699
8877.130000045932
8990.395000027802
9306.734999977165
9336.18999997245
9567.409999935438
9645.834999922885
9978.499999869635
10051.74499985791
10210.884999832437
10275.304999822125
10346.734999810691
10574.214999774278
10622.534999766543
10775.129999742117
10794.23499973906
10843.9549997311
10879.674999725383
10909.61999972059
11347.934999650428
11419.779999638928
11531.934999620975
11556.89499961698
11732.659999588845
11795.459999578792
11997.644999546428
12035.829999540316
12119.224999526967
12190.48999951556
12238.979999507797
12315.774999495505
12371.824999486533
12438.394999475877
12458.874999472599
12716.194999431409
12911.509999400145
12960.104999392366
13001.37999938576
13096.424999370545
13269.084999342907
13301.839999337664
13388.979999323716
13496.849999306449
13520.224999302707
13626.199999285744
13766.064999263355
13896.22499924252
13922.599999238299
14133.67999920451
14311.60499917603
14427.909999157413
14652.524999121459
14878.72999908525
15335.444999012143
15936.929998915863
16034.27999890028
16411.659998849933
16449.519998857646
16486.34499886515
16857.63499894079
16904.039998950244
16982.249998966177
17043.004998978555
17068.344998983717
17106.00499899139
17135.26999899735
17403.16999905193
17496.899999071025
17581.89499908834
17627.314999097594
17661.279999104514
17754.064999123417
18007.819999175113
18140.22999920209
18188.964999212018
18342.049999243205
18457.109999266646
18556.96999928699
18746.54499932561
18869.174999350595
18961.999999369506
19047.009999386824
19423.744999463575
19756.03499953127
19963.99499957364
20008.214999582648
20046.784999590505
20322.484999646673
20378.02999965799
20488.149999680423
20551.374999693304
20580.884999699316
20623.544999708007
20680.69999971965
20744.06999973256
21104.464999805983
21190.779999823568
21322.73999985045
21394.529999865077
21693.42999992597
21807.074999949124
21843.809999956607
21993.889999987183
22140.93000001714
22228.16000003491
22353.82500006051
22412.485000072462
22491.415000088542
22576.925000105963
22629.18000011661
22771.710000145646
22846.070000160795
22894.39000017064
22932.05000017831
23057.445000203857
23226.07000023821
23345.660000262575
23599.65000031432
23633.260000321166
23689.72500033267
23772.53000034954
23808.55500035688
23903.470000376215
24214.215000439523
24293.855000455747
24331.440000463404
24536.635000505208
24701.445000538784
24815.175000561954
24945.795000588565
25092.010000618353
25134.715000627053
25207.070000641794
25401.000000681302
25429.06500068702
25588.955000719594
25710.2300007443
25805.375000763685
25920.535000787146
25957.22500079462
25993.165000801942
26344.970000873614
26393.085000883417
26508.000000906828
26537.91000091292
26587.73000092307
26648.98000093555
26716.685000949343
26746.9050009555
26842.57500097499
26884.475000983526
26916.125000989974
27025.46000101225
27134.965001034558
27278.16500106373
27511.07500111118
27552.45000111961
27657.10000114093
27692.00000114804
27739.635001157745
27904.820001191398
27990.83500120892
28157.96000124297
28188.93500124928
28233.90000125844
28409.38500129419
28471.580001306862
28607.315001334515
28852.82000138453
28883.620001390806
28954.850001405317
28998.735001414258
29421.400001500366
29471.030001510477
29551.68500152691
29648.405001546613
29994.19000161706
30103.350001639297
30133.98500164554
30394.895001698693
30444.26500170875
30534.09500172705
30612.590001743043
30744.145001769844
30818.695001785032
30992.215001820383
31028.92500182786
31118.165001846042
31150.030001852534
31210.610001864876
31433.370001910258
31477.935001919337
31548.545001933722
31640.400001952436
31707.595001966125
31751.370001975043
31876.780002000593
32063.620002038657
32099.015002045868
32123.56500205087
32159.625002058216
32242.010002075
32314.390002089745
32396.05000210638
32438.000002114928
32466.320002120698
32590.81000214606
33020.0750020501
33076.665002020454
33100.93000200774
33282.43500191266
33316.170001894985
33455.575001821955
33503.93500179662
33850.56500161503
33954.74000156046
34061.59000150448
34193.410001435426
34292.57500138348
34518.98500126487
34622.1950012108
34810.09000111237
34858.520001086996
34897.44000106661
34972.03000102753
35050.690000986324
35145.08500093687
35277.02000086776
35519.355000740805
35650.96000067186
35713.690000639
35814.82000058602
36249.94500035807
36272.94500034602
36459.78500024814
36539.16000020656
36699.11000012277
36865.99500003534
37060.199999933604
37151.35499988585
37516.97999969431
37554.71499967454
37715.56499959028
37751.68499957136
37778.03499955755
37845.544999522186
38044.28499941807
38097.1149993904
38137.82499936907
38194.11499933958
38397.12999923323
38482.25499918863
38571.854999141695
38636.414999107874
38766.38499903979
38858.1749989917
39102.20499886386
39246.28999878838
39280.26499877058
39389.20499871351
39438.93499868746
39607.65999859907
39734.434998532655
39771.564998513204
40229.1249982735
40252.92999826103
40351.84999820921
40422.76999817206
40497.74499813278
40565.79999809713
40591.099998083875
40840.60499795317
40895.55999792438
41060.53499783795
41109.61499781224
41155.10499778841
41208.564997760404
41261.90999773246
41319.38499770235
41470.32499762328
41499.54499760797
41579.48999756609
41624.01499754276
41686.64999750995
41772.559997464945
41976.79499735795
42041.30499732416
42099.11999729387
42424.09999712362
42666.9549969964
42769.394996942734
42838.31499690663
42951.79499684718
43041.844996800006
43205.65499671419
43300.019996664756
43343.33999664206
43384.38999662056
43501.16499655938
43609.87499650243
43661.95499647515
43703.41499645343
43791.98999640703
43822.18499639121
43924.374996337676
44076.359996258056
44153.88999621744
44533.29499601868
44701.8199959304
44847.70499585397
44880.49999583679
44915.83499581828
45032.6199957571
45079.32499573263
45179.73499568003
45252.7199956418
45357.16499558708
45658.74499542909
45843.519995332295
45988.78999525619
46100.399995197724
46362.1499950606
46426.32499502698
46643.49499491321
46702.79499488215
47255.094994592815
47318.029994559845
47497.60999446577
47552.524994437
47609.46999440717
47808.22499430305
47843.694994284466
47924.43499424217
48008.964994197886
48079.9549941607
48109.679994145125
48134.589994132075
48161.41499411802
48189.624994103244
48226.00999408418
48447.489993968156
48757.30999380585
48885.42999373873
48976.7349936909
49480.15999342717
49532.859993399565
49570.464993379865
49661.16499333235
49730.13499329622
49863.48999322636
49901.93499320622
49930.39499319131
107.37999999997483
155.594999999931
243.8799999998507
405.5099999997037
460.159999999654
496.41499999962105
595.3049999995311
622.6399999995062
704.284999999432
735.9599999994032
791.6649999993525
847.214999999302
957.2599999992019
1062.8749999999898
1103.8200000008835
1193.6950000028453
1412.9300000076307
1438.3150000081848
1475.2100000089902
1539.5350000103942
1677.9850000134163
1774.2550000155177
1897.1350000182
1934.3100000190113
2004.4550000205425
2062.270000021804
2190.2850000245985
2550.355000032458
2611.9400000338023
2751.8250000368557
2892.66000003993
3055.890000043493
3424.4350000515374
3670.2850000569038
3734.945000058315
3848.280000060789
4103.010000066349
4131.520000066971
4176.060000067943
4274.350000070089
4473.020000074425
4590.370000076987
4629.415000077839
4667.620000078673
4715.420000079716
4880.595000083322
4934.730000084503
5059.225000087221
5319.770000092908
5478.510000096373
5529.540000097487
5663.355000100408
5801.225000103417
5822.735000103887
5842.355000104315
5957.485000106828
6018.445000108159
6046.755000108777
6148.715000111002
6261.3850001134615
6377.955000116006
6589.695000120628
6644.860000121832
6925.635000127961
7081.3900001313605
7169.945000133293
7449.790000139402
7511.400000140747
7540.545000141383
7661.7050001440275
7694.250000144738
7719.305000145285
7845.925000148049
7861.830000148396
7889.8550001490075
7954.695000150423
8120.450000154041
8206.200000153329
8484.470000108786
8588.975000092058
8620.590000086997
8741.155000067698
8773.6300000625
8832.110000053139
8935.000000036669
9026.665000021996
9139.46500000394
9295.859999978906
9339.854999971863
9425.609999958137
9845.079999890992
9895.724999882885
9920.089999878985
10014.069999863941
10218.344999831243
10415.359999799706
10459.079999792708
11308.899999656676
11406.534999641048
11707.519999592869
11756.73999958499
11824.699999574112
11897.974999562382
11946.064999554685
12040.629999539547
12073.274999534322
12145.359999522783
12221.479999510599
12288.674999499843
12387.489999484025
12440.609999475522
12480.549999469129
12583.55999945264
12908.609999400609
12949.324999394092
13072.274999374411
13130.899999365027
13225.444999349893
13357.679999328726
13789.624999259584
13971.219999230516
13989.99499922751
14221.64499919043
14403.464999161326
14425.259999157837
14705.834999112925
14741.524999107212
14956.589999072787
14997.644999066215
15079.88499905305
15262.704999023787
15285.209999020184
15313.684999015626
15341.364999011195
15382.464999004616
15608.114998968496
15656.649998960727
15720.254998950546
15791.729998939105
16079.349998893065
16383.229998844423
16608.664998890068
16672.249998903022
16698.959998908464
16898.9199989492
16935.079998956568
17144.649998999263
17247.389999020193
17423.724999056118
17479.709999067523
17520.619999075858
17625.609999097247
17683.554999109052
17759.944999124615
17931.204999159505
18097.514999193387
18139.59999920196
18282.314999231035
18443.964999263968
18567.149999289064
18751.914999326706
18843.564999345377
19008.724999379025
19053.644999388176
20013.604999583746
20202.859999622302
20503.704999683592
20716.749999726995
20893.22999976295
21011.894999787124
21048.14499979451
21088.629999802757
21187.73999982295
21367.79499985963
21428.334999871964
21487.439999884005
21609.069999908785
21700.59499992743
21728.069999933028
21763.02999994015
21868.16999996157
22193.50000002785
22357.180000061195
22474.495000085095
22608.390000112373
22697.005000130426
22766.755000144636
22864.01500016445
23067.535000205913
23119.70000021654
23251.520000243396
23540.200000302208
23592.24000031281
23912.645000378085
23996.570000395182
24077.94500041176
24262.11000044928
24687.38500053592
25022.98000060429
25159.465000632095
25264.960000653587
25336.54500066817
25356.150000672165
25388.240000678703
26212.635000846654
26298.735000864195
26404.185000885678
26683.275000942536
26708.92000094776
26856.22500097777
26895.745000985822
26997.10000100647
27089.28500102525
27198.855001047574
27253.155001058636
27287.3400010656
27353.720001079124
27391.045001086728
27445.525001097827
27473.17500110346
27534.13000111588
27584.415001126123
27752.900001160448
27792.04000116842
28023.110001215497
28061.925001223404
28171.005001245627
28768.070001367265
29150.37500144515
29308.47000147736
29440.875001504333
29532.225001522944
29668.100001550625
29773.040001572004
29843.05500158627
29942.22000160647
30116.730001642023
30365.060001692615
30527.80000172577
30553.63000173103
30620.515001744658
30915.900001804835
30956.890001813186
31039.33000182998
31121.330001846687
31230.150001868857
31315.97500188634
31354.285001894146
31385.150001900434
31659.885001956405
31760.18500197684
31849.38500199501
31894.180002004137
31934.035002012257
31966.01000201877
32042.490002034352
32186.570002063705
32334.89000209392
32385.705002104274
32497.195002126988
32546.010002136933
32591.69000214624
32803.09500216377
32897.365002114384
33061.220002028545
33183.38500196455
33228.10500194112
33262.94000192287
33384.375001859255
33490.11000180386
33534.30000178071
33556.16500176926
33589.85500175161
33626.650001732334
33761.205001661845
34184.765001439955
34226.21500141824
34265.63500139759
34414.37000131967
34589.865001227736
34641.980001200434
34669.57500118598
34891.85500106953
34923.70000105285
35003.47500101106
35039.4800009922
35135.13000094209
35292.12500085984
35357.89000082539
35514.165000743524
35600.38000069836
35934.535000523305
36000.47000048876
36046.720000464535
36189.1850003899
36333.67500031421
36641.68500015285
36971.57499998003
37160.49499988106
37297.94499980906
37371.65999977044
37642.04999962879
37807.829999541944
37952.52499946614
38029.97499942557
38165.34999935465
38298.304999285
38482.85499918832
38589.16499913263
38726.75499906055
38808.7399990176
38989.744998922775
39035.479998898816
39069.38999888105
39142.54499884273
39190.729998817485
39255.744998783426
39289.84999876556
39316.6899987515
39354.01999873194
39426.58499869393
39892.014998450104
40222.48499827698
40328.72999822132
40351.79499820924
40409.97999817876
40517.3699981225
40544.41499810833
40629.794998063604
40717.10999801786
41029.624997854145
41066.924997834605
41100.1549978172
41303.11999771087
41418.86999765023
41451.62499763307
41485.749997615196
41631.23499753898
41753.90499747472
41779.53999746129
41884.169997406476
42002.44999734451
42350.30499716228
42390.864997141034
42428.20999712147
42496.8749970855
42589.40999703702
42640.53999701024
42680.59499698925
42751.08999695232
42919.78999686395
42981.36499683169
43004.529996819554
43082.11999677891
43141.77999674765
43302.04999666369
43375.17999662538
43572.04999652225
43625.62499649418
43836.379996383774
44033.504996280506
44063.284996264905
44224.7849961803
44475.91999604874
44529.95999602043
44725.17499591816
44783.3199958877
44879.824995837145
44901.664995825704
44919.339995816445
45006.91499577057
45050.48999574774
45095.24499572429
45642.53999543758
45734.58999538936
45777.38999536694
45810.46499534961
46182.08999515493
46227.83999513096
46427.20999502652
46474.44999500177
46587.904994942335
46691.974994887816
46884.38499478702
46941.45999475712
46972.124994741054
47043.46999470368
47111.699994667935
47154.63499464544
47183.204994630476
47219.31499461156
47261.639994589386
47304.41499456698
47404.26499451467
47482.71499447357
47517.584994455305
47577.409994423964
47626.139994398436
47836.27499428835
48042.70499418021
48099.63499415039
48174.20999411132
48714.294993828385
48778.26499379487
48810.579993777945
49062.854993645786
49190.344993579
49224.56499356107
49436.824993449874
49499.20999341719
49654.36499333591
49705.919993308904
49792.37999326361
4.79499999999992
73.60000000000555
185.53999999990376
255.3099999998403
343.8399999997598
390.884999999717
422.0349999996887
515.5649999996036
679.6099999994544
806.2749999993392
1187.685000002714
1316.6150000055284
1369.100000006674
1555.2200000107366
1621.7850000121896
1880.735000017842
2009.6700000206563
2047.0700000214727
2264.2700000262134
2301.960000027036
2868.8650000394105
2899.8350000400865
2985.625000041959
3030.10500004293
3091.4350000442687
3169.2100000459664
3278.0250000483416
3407.740000051173
3496.7000000531148
3585.135000055045
3639.3400000562283
3696.1950000574693
3721.5300000580223
3847.280000060767
3997.6000000640483
4116.3300000666395
4170.780000067828
4278.485000070179
4307.995000070823
4343.845000071606
4379.2950000723795
4409.725000073044
4591.835000077019
4771.875000080949
4794.515000081443
4820.325000082006
4863.0800000829395
4987.615000085658
5151.540000089236
5302.870000092539
5338.3900000933145
5442.870000095595
5495.005000096733
5634.660000099781
5678.330000100735
5779.720000102948
5853.11000010455
5917.350000105952
6012.000000108018
6179.450000111673
6281.895000113909
6316.810000114671
6522.485000119161
6720.670000123487
6769.265000124547
6958.2450001286725
7012.63000012986
7125.745000132329
7199.8200001339455
7259.830000135255
7316.415000136491
7464.180000139716
7512.7650001407765
7579.300000142229
7848.340000148101
7905.915000149358
8034.72500015217
8057.1150001526585
8300.430000138245
8330.0700001335
8538.995000100058
8640.88000008375
8845.110000051058
8978.41000002972
9045.595000018966
9136.825000004363
9190.324999995799
9210.339999992595
9318.114999975343
9404.899999961452
9435.379999956573
9500.99499994607
9599.364999930323
9736.594999908357
9999.82999986622
10028.899999861567
10156.644999841119
10308.589999816797
10418.044999799276
10459.929999792572
10519.334999783063
10545.419999778887
10577.794999773705
10719.219999751067
10758.974999744703
10829.46499973342
10912.079999720196
11204.949999673316
11259.26999966462
11293.399999659157
11355.759999649175
11687.674999596045
11869.114999567002
11972.064999550523
12080.72499953313
12180.659999517133
12281.429999501002
12519.254999462933
12546.75999945853
12632.959999444733
12807.474999416798
12900.999999401827
13086.639999372112
13156.99499936085
13205.564999353075
13787.554999259915
14196.34499919448
14452.764999153434
14517.864999143014
14597.089999130332
14688.359999115723
14731.749999108777
14791.539999099206
14843.029999090964
15225.974999029666
15348.439999010063
15407.024999000685
15538.329998979667
15569.019998974754
15627.14499896545
15651.704998961519
15977.48999890937
16015.689998903255
16070.834998894428
16115.569998887268
16159.669998880208
16247.694998866118
16300.764998857623
16424.919998852634
16565.709998881317
16686.41999890591
16751.31999891913
16972.184998964127
17627.944999097723
17830.049999138897
17914.429999156087
17997.38999917299
18267.529999228023
18317.409999238185
18385.674999252093
18521.38499927974
18616.99499929922
18696.31999931538
18736.1849993235
19178.464999413605
19218.6949994218
19249.724999428123
19285.469999435405
19316.439999441714
19464.494999471877
19517.17499948261
19742.22499952846
19842.454999548878
19869.50999955439
19896.99499955999
19988.164999578563
20518.924999686693
20552.3349996935
20634.589999710257
20722.684999728204
20786.67499974124
20828.059999749672
20905.639999765477
21166.699999818662
21271.58999984003
21589.039999904704
21969.219999982157
22118.825000012635
22153.885000019778
22226.875000034648
22251.245000039613
22514.170000093178
22652.025000121263
22749.99000014122
22975.615000187187
23484.460000290852
23596.305000313638
23730.575000340992
23809.135000356997
24023.380000400644
24608.030000519753
24758.575000550423
24916.875000582673
25012.735000602202
25061.86500061221
25181.560000636597
25246.550000649837
25311.530000663075
25361.03500067316
25587.96000071939
25740.94500075056
25789.775000760506
26915.605000989868
27075.570001022457
27143.12000103622
27297.620001067695
27353.75500107913
27432.23000109512
27479.2650011047
27663.77000114229
27704.440001150575
27723.65000115449
28014.74000121379
28108.900001232974
28284.70000126879
28346.55500128139
28396.600001291587
28426.500001297678
28573.005001327525
28840.99500138212
28991.855001412856
29158.32500144677
29241.260001463666
29353.130001486457
29381.8100014923
29429.76000150207
29478.0100015119
29695.680001556244
29858.67000158945
29950.26000160811
30040.49000162649
30074.240001633367
30208.870001660795
30228.450001664783
30315.780001682575
30389.495001697593
30693.840001759596
30758.79500177283
30863.705001794202
30967.61500181537
30999.750001821918
31097.53500184184
31124.165001847265
31160.695001854707
31417.42000190701
31453.960001914453
31626.160001949534
31779.840001980843
31938.61500201319
31987.735002023197
32091.695002044376
32143.845002055
32209.285002068333
32242.010002075
32397.980002106775
32461.200002119655
33031.24500204425
33214.64000194817
33249.67500192982
33336.5700018843
33373.25500186508
33396.55000185288
33546.23500177446
33585.91000175368
33716.67500168517
33809.785001636395
33992.20500154083
34035.85000151797
34067.19000150155
34138.79500146404
34369.545001343155
34627.535001208
34969.6050010288
35136.65000094129
35192.99000091178
35244.47000088481
35382.02500081275
35880.15500055179
35983.7950004975
36133.99000041882
36267.135000349066
36338.0800003119
36374.67500029273
36548.51500020166
36647.960000149564
36684.205000130576
36716.95500011342
36789.26000007554
36970.69499998049
37069.629999928664
37105.29999990998
37178.65499987155
37404.62999975317
37441.31499973395
37682.00999960786
37750.16499957215
37846.0899995219
38042.17499941918
38192.66499934034
38224.79499932351
38298.6799992848
38353.79999925593
38497.809999180485
38685.67499908207
38747.299999049785
39049.914998891254
39235.59999879398
39350.56999873375
39410.4099987024
39462.744998674985
39500.84999865502
39549.83999862936
39730.47999853473
39772.05499851295
39961.61999841364
40486.46999813869
40520.454998120884
40733.22499800942
40939.314997901456
41077.66499782898
41390.669997665005
41513.82499760049
41722.00499749143
41868.54999741466
42062.52499731304
42098.329997294284
42239.144997220516
42284.85499719657
42317.869997179274
42490.80499708868
42560.814997052
42683.624996987666
42984.99499682979
43008.61999681741
43062.059996789416
43115.509996761415
43190.869996721936
43246.27499669291
43379.81999662295
43642.65999648526
43661.81499647522
43797.48499640415
43843.94499637981
43900.06499635041
44058.53499626739
44113.05999623883
44184.899996201195
44262.97999616029
44341.44999611918
44471.079996051274
44745.1499959077
44849.88499585283
44915.6049958184
44956.16999579715
45167.014995686695
45226.5649956555
45351.55499559002
45462.304995532
45558.59499548156
45618.38499545024
45650.50499543341
45838.459995334946
45908.86499529806
46290.43999509817
46317.08999508421
46372.51499505517
46485.129994996176
46531.724994971766
46665.709994901576
46700.72499488323
46827.88499481662
46942.89499475637
47118.974994664124
47228.34499460683
47264.01499458814
47453.369994488945
47610.20999440678
47627.56999439769
47857.7549942771
48060.284994171
48172.41499411226
48231.844994081126
48319.36499403528
48371.63999400789
48484.789993948616
48583.87499389671
48629.56999387277
48685.13999384366
48962.35999369843
49025.46999366537
49155.14499359744
49517.36999340768
49666.554993329526
49696.34499331392
49769.63999327552
49817.41999325049
49934.47499318917
49974.84499316802
13.350000000000687
43.38000000000374
256.14999999983957
417.4349999996929
467.14499999964767
613.0949999995149
637.6349999994926
1013.0199999991512
1135.4000000015728
1164.7100000022126
1231.7400000036757
1281.9000000047706
1388.435000007096
1460.3900000086667
1616.2700000120692
1775.550000015546
1866.7050000175357
1951.8200000193935
2093.0150000224753
2250.8150000259197
2301.125000027018
2476.1550000308384
2545.535000032353
2658.155000034811
2986.775000041984
3122.825000044954
3158.2200000457265
3239.110000047492
3302.8500000488834
3336.1150000496095
3375.7500000504747
3607.0600000555237
3752.310000058694
4052.935000065256
4404.730000072935
4620.025000077634
4730.755000080051
4766.685000080835
4799.625000081554
5004.20000008602
5094.505000087991
5169.400000089626
5195.940000090205
5294.975000092367
5408.465000094844
5498.020000096799
5701.92000010125
5955.73500010679
6008.760000107947
6069.845000109281
6231.705000112814
6264.850000113537
6284.615000113969
6810.945000125457
6830.375000125881
7000.875000129603
7066.655000131039
7107.48500013193
7139.230000132623
7208.7500001341405
7250.545000135053
7331.225000136814
7452.91500013947
7553.485000141665
7610.785000142916
7668.0250001441655
7969.375000150743
8212.035000152395
8263.275000144193
8556.690000097225
8643.630000083309
8701.635000074024
8738.33000006815
8877.260000045912
9191.87499999555
9330.554999973352
9727.309999909843
9756.089999905236
9872.284999886637
9924.069999878348
9954.924999873409
9990.249999867754
10221.874999830678
10584.919999772565
10642.42499976336
10780.204999741305
10986.619999708264
11089.814999691745
11150.029999682107
11485.469999628413
11553.574999617511
11702.314999593702
11893.834999563045
12009.56499954452
12221.334999510622
12258.424999504685
12801.054999417825
12992.354999387204
13023.524999382214
13124.024999366127
13319.154999334893
13376.099999325777
13486.859999308048
13518.52499930298
13603.874999289317
13774.614999261987
13808.374999256583
13890.649999243413
14190.544999195408
14392.269999163118
14489.739999147516
14526.619999141612
14605.589999128972
14885.71999908413
14953.88499907322
15022.244999062277
15172.939999038155
15275.85999902168
15307.139999016674
15371.489999006373
15408.599999000433
15464.679998991456
15490.719998987288
15595.03499897059
15792.124998939042
15881.424998924747
15926.624998917512
16153.199998881244
16777.214998924406
16914.52999895238
17227.039999016048
17262.704999023314
17336.239999038295
17404.604999052222
17551.2599990821
17641.97499910058
17771.98999912707
17798.50999913247
18022.959999178198
18114.524999196852
18212.499999216812
18443.949999263965
18571.44999928994
18697.129999315544
18975.754999372308
19088.66999939531
19135.254999404802
19166.50499941117
19429.274999464702
19606.01499950071
19823.989999545116
19921.724999565027
19940.43499956884
20228.13499962745
20337.059999649642
20485.789999679942
20507.994999684466
20715.93999972683
20900.729999764477
21459.67999987835
21576.65499990218
21826.309999953042
21924.66499997308
22135.080000015947
22231.220000035533
22277.29000004492
22391.885000068265
22517.56000009387
22574.11500010539
22760.370000143335
22809.945000153435
22959.150000183832
23279.105000249016
23405.410000274747
23519.830000298058
23666.840000328008
23801.265000355394
23927.190000381048
23994.2000003947
24047.085000405474
24083.810000412956
24133.480000423075
24651.570000528623
24696.095000537694
24818.210000562573
24868.295000572776
24983.160000596177
25040.02000060776
25063.890000612624
25167.05000063364
25229.605000646385
25307.665000662288
25536.845000708978
25720.255000746343
25880.290000778947
25958.140000794807
25988.49500080099
26017.05000080681
26055.380000814617
26095.74000082284
26171.315000838236
26214.945000847125
26244.635000853174
26375.935000879923
26535.565000912444
26679.340000941735
26715.010000949
26787.270000963723
26911.355000989002
26994.24000100589
27144.930001036588
27302.770001068744
27482.41000110534
27535.895001116238
27629.785001135366
27655.750001140656
27685.970001146812
27765.650001163045
27878.005001185935
28024.16000121571
28063.645001223755
28133.900001238067
28294.205001270726
28461.350001304778
28524.955001317736
28555.050001323867
28573.3700013276
28770.2050013677
28817.42500137732
28846.510001383245
28902.915001394736
28938.000001401884
29040.02500142267
29112.92000143752
29152.510001445586
29319.900001479687
29441.765001504515
29479.760001512255
29540.725001524675
29884.30000159467
30009.390001620155
30159.775001650793
30575.67000173552
30603.58500174121
30777.90000177672
30861.995001793854
31099.660001842272
31133.37000184914
31158.80000185432
31194.050001861502
31407.565001905
31466.100001916926
31642.87000195294
31776.78000198022
31858.99500199697
31950.865002015686
32088.23500204367
32124.860002051133
32359.3250020989
32438.20000211497
32485.440002124593
32552.33000213822
32576.415002143127
32609.435002149854
32697.545002167804
32737.015002175845
33059.06000202968
33193.38000195931
33240.02000193488
33337.96000188357
33373.17500186512
33429.425001835654
33541.7650017768
33583.32500175503
33614.82500173853
33787.84500164789
34174.935001445105
34292.85000138333
34571.66000123727
34736.23000115106
34890.0100010705
34948.78500103971
35133.760000942806
35170.71000092345
35263.52000087483
35295.940000857845
35394.47000080623
35474.05000076454
35531.75000073431
35582.07000070795
35817.77500058447
35901.1450005408
36009.115000484235
36071.56500045152
36106.46000043324
36271.835000346604
36438.54000025927
36481.295000236874
36652.520000147175
36713.95000011499
36780.47500008014
36916.97000000864
37051.73499993804
37084.58999992083
37117.01499990384
37187.479999866926
37380.219999765955
37557.16999967326
37904.5049994913
37936.9599994743
37985.75999944873
38070.964999404096
38095.59499939119
38182.53499934565
38243.44499931374
38394.979999234354
38461.72499919939
39163.85999883156
39395.189998710375
39513.329998648485
39554.199998627075
39581.92999861255
39631.70499858647
39701.32999855
40035.409998374984
40086.86499834803
40303.414998234584
40325.879998222816
40357.91499820603
40396.57999818578
40441.174998162416
40599.37999807954
41009.71999786457
41132.85499780007
41251.03999773815
41316.454997703884
41797.71499745177
41827.4299974362
41858.87499741973
42029.549997330316
42066.34499731104
42090.79499729823
42422.264997124585
42664.654996997604
42749.89499695295
42906.619996870846
43044.25999679874
43264.4249966834
43319.87999665435
43838.05999638289
43934.014996332626
44041.02499627657
44155.38499621666
44299.77999614101
44549.19499601035
44717.324995922274
44770.89999589421
44802.04999587789
44876.75999583875
45070.13499573745
45125.50499570844
45191.869995673675
45212.48999566287
45445.214995540955
45481.60999552189
45517.139995503276
45557.339995482216
45581.319995469654
45609.089995455106
45680.33999541778
45784.47499536323
45813.71499534791
45867.359995319806
45901.14499530211
45978.784995261434
46012.04499524401
46084.974995205805
46507.0399949847
46540.14999496735
46611.404994930024
46910.619994773275
46932.649994761734
47002.89999472493
47209.454994616724
47329.369994553905
47395.8049945191
47704.2849943575
47731.759994343105
47924.52999424212
47962.934994222
48003.334994200835
48400.00999399303
48456.81999396327
48623.91999387573
48681.22999384571
48754.08499380754
48776.41999379584
49172.30499358845
49316.394993512964
49365.89499348703
49664.41499333065
49734.50999329393
49767.84999327646
49816.31999325107
49895.0999932098
49925.15499319405
49979.764993165445
0.2200000000000001
97.68999999998364
206.7249999998845
261.164999999835
350.234999999754
428.7449999996826
526.5149999995937
611.5799999995163
774.8499999993678
827.9349999993195
885.3449999992673
959.9849999991994
1069.1000000001256
1123.3700000013102
1538.655000010375
1714.3350000142098
1801.3050000161081
1847.1500000171088
1886.5050000179679
2098.955000022605
2236.850000025615
2259.675000026113
2500.4800000313694
2560.3100000326754
2638.540000034383
2915.6350000404314
3005.725000042398
3033.355000043001
3059.9000000435803
3103.0200000445216
3227.6850000472427
3402.015000051048
3846.6900000607543
3888.410000061665
3992.4250000639354
4040.6600000649883
4078.495000065814
4302.030000070693
4505.180000075127
4538.2650000758495
4761.495000080722
4927.330000084342
4975.9200000854025
5081.940000087717
5170.940000089659
5202.905000090357
5350.340000093575
5478.655000096376
5567.3650000983125
5590.900000098826
6407.525000116651
6459.145000117778
6652.825000122006
6738.610000123878
6786.685000124928
6834.195000125965
6914.975000127728
7101.06000013179
7287.115000135851
7332.740000136847
7573.755000142108
7780.560000146622
7820.040000147484
7871.020000148596
8101.585000153629
8152.170000154733
8541.640000099635
8771.635000062819
8811.135000056496
8864.490000047956
8918.545000039303
9026.280000022058
9190.204999995818
9670.954999918864
9697.21999991466
9856.849999889107
9891.264999883599
10059.55999985666
10317.829999815318
10384.324999804674
10540.08999977974
10761.579999744286
10860.299999728484
10897.219999722574
11155.19999968128
11221.389999670684
11259.974999664508
11341.714999651424
11398.83999964228
11493.194999627176
11630.489999605199
11678.429999597525
11751.854999585772
11787.594999580051
11877.834999565606
11990.559999547562
12138.844999523826
12178.92499951741
12522.454999462421
12581.569999452959
12632.309999444837
12652.019999441682
12712.049999432073
12819.924999414805
13320.454999334685
13445.954999314596
13476.894999309643
13514.14499930368
13947.409999234327
13977.014999229588
14164.614999199559
14351.409999169658
14498.669999146086
14574.159999134003
14667.124999119122
14691.039999115294
14796.794999098365
15133.829999044416
15280.149999020994
15416.584998999155
15705.829998952855
16149.214998881882
16246.664998866283
16267.389998862966
16422.999998852243
16542.814998876653
16603.739998889065
16633.16999889506
16746.46499891814
16794.579998927944
16846.3899989385
17208.29999901223
17304.30499903179
17332.519999037537
17389.199999049084
17506.804999073043
17616.364999095364
17651.724999102567
17909.059999154993
17931.954999159658
17980.059999169458
18008.919999175338
18174.819999209136
18360.064999246875
18432.43999926162
18495.384999274444
18551.91999928596
18636.939999303282
18962.294999369566
19009.619999379207
19043.4499993861
19082.654999394086
19172.364999412363
19282.664999434834
19326.82999944383
19407.999999460368
19552.994999489907
19576.399999494675
19684.494999516697
19719.01999952373
19849.989999550413
20125.48999960654
20153.02499961215
20368.944999656138
20531.794999689315
20933.199999771092
21125.85499981034
21243.35499983428
21491.63999988486
21539.53999989462
21588.639999904623
21971.98499998272
21994.544999987316
22067.185000002115
22129.4450000148
22227.27000003473
22413.90500007275
22480.690000086357
22810.90000015363
23068.235000206056
23117.24000021604
23233.025000239628
23344.295000262297
23448.580000283542
23508.525000295755
23559.45500030613
23717.395000338307
23944.685000384612
24103.105000416886
24401.335000477644
24516.400000501086
24551.86000050831
24677.600000533927
24797.34000055832
24840.58000056713
24954.90500059042
25006.830000601
25099.84500061995
25182.575000636803
25234.470000647376
25305.595000661866
25339.750000668824
25465.7850006945
25609.625000723805
25665.95500073528
25791.295000760816
25820.390000766743
25851.93500077317
25889.43500078081
25921.225000787286
25996.53500080263
26082.355000820113
26145.595000832996
26316.310000867776
26439.310000892834
26470.835000899257
26662.505000938305
26912.745000989285
26960.950000999106
27033.940001013976
27059.44000101917
27132.405001034036
27242.935001056554
27351.875001078748
27466.20000110204
27575.4750011243
27591.390001127544
27649.310001139344
27767.030001163326
27970.280001204734
28019.825001214827
28281.670001268172
28387.210001289674
28412.695001294866
28546.055001322035
28604.55000133395
28630.640001339267
28707.51500135493
28821.855001378222
28990.365001412552
29166.08000144835
29239.86000146338
29405.630001497153
29432.06500150254
29756.635001568662
29842.070001586068
29874.465001592667
29946.14000160727
30191.86000165733
30247.6700016687
30387.040001697093
30433.475001706553
30504.43500172101
30553.840001731074
30678.24500175642
30735.765001768137
30966.92500181523
31092.060001840724
31130.445001848544
31268.90000187675
31320.05000188717
31385.28500190046
31465.77500191686
31487.87000192136
31521.460001928204
31754.25500197563
31802.98500198556
31843.370001993786
31970.47500201968
32075.81000204114
32188.230002064043
32287.970002084363
32382.580002103638
32487.870002125088
32526.235002132904
32840.71500214406
32902.96500211145
33028.87000204549
33104.325002005964
33243.34000193314
33325.85500188991
33453.80500182288
33483.30500180743
33590.67000175118
33715.06000168602
33957.62000155895
34133.40500146686
34175.95000144457
34313.12500137271
34427.33500131288
34902.36500106403
34972.55000102726
35144.91500093696
35353.98000082744
35528.96500073577
35619.435000688376
35692.00500065036
35721.085000635125
35754.13000061781
35809.03000058905
35858.14500056332
36189.29000038985
36278.79500034296
36318.82000032199
36528.53000021213
36652.2800001473
36726.46500010844
36751.23500009546
36784.60500007798
36821.82500005848
36934.10999999966
37068.004999929515
37188.8649998662
37335.51999978937
37954.85999946492
38154.04499936057
38394.42999923464
38466.96999919664
38499.26499917972
38551.72499915224
38639.559999106226
38721.42499906334
38773.85999903587
38877.20999898173
38913.67999896262
38989.75499892277
39031.44999890093
39196.18499881463
39500.1349986554
39531.83999863879
39575.60499861586
39627.79999858852
39883.67999845447
39936.124998426996
40024.97499838045
40237.714998269
40283.47499824503
40352.40499820892
40402.084998182894
40485.37499813926
40518.124998122104
40588.20499808539
40713.29999801986
40890.07999792725
40970.28999788523
41043.49999784688
41174.7899977781
41417.399997651
41451.33999763322
41532.98999759045
41592.04999755951
41866.02999741598
41988.01999735207
42006.65499734231
42103.62999729151
42195.17999724355
42225.98999722741
42287.22499719533
42334.52499717055
42439.10999711576
42469.01999710009
42540.25499706277
42590.00999703671
42612.51499702492
42793.519996930096
42816.57499691802
42875.2099968873
42932.469996857304
42986.13499682919
43025.429996808605
43138.55499674934
43260.734996685336
43502.75499655855
43626.059996493954
43664.43499647385
44006.229996294795
44107.399996241795
44140.48499622446
44210.33999618787
44359.77999610958
44508.42499603171
44896.50499582841
45111.809995715616
45235.16999565099
45300.369995616835
45453.77999553647
45563.0949954792
45792.459995359044
45835.32499533659
45872.02499531736
45920.47999529198
45944.81999527923
46015.759995242064
46107.65499519392
46168.72999516193
46357.66499506295
46407.14499503703
46528.519994973445
46596.88499493763
46795.68999483348
46930.06499476309
46997.84999472758
47023.55499471411
47063.67999469309
47137.93499465419
47336.374994550235
47450.5949944904
47609.894994406946
47656.5549943825
47693.99499436289
47733.40999434224
47789.329994312946
47918.74499424515
47940.26999423387
48045.02999417899
48097.53499415149
48194.97999410044
49044.04999365564
49088.50499363235
49112.28499361989
49147.06499360167
49174.144993587484
49269.40999353758
49354.33499349309
49715.8549933037
49827.17999324538
49885.68499321473
84.01499999999608
138.45499999994658
211.2049999998804
388.3699999997193
480.4999999996355
681.9799999994523
717.7449999994197
950.8899999992077
998.8149999991641
1299.2900000051502
1368.45500000666
1403.5750000074265
1496.8850000094633
1611.2150000119589
1838.1850000169131
2082.8050000222524
2140.050000023502
2240.195000025688
2270.7300000263544
3206.8750000467885
3311.7300000490773
3384.1650000506584
3648.9750000564386
3666.1050000568125
3733.4450000582824
3764.990000058971
3829.7450000603844
4015.1200000644308
4069.5300000656184
4153.570000067452
4192.750000068308
4228.030000069078
4467.860000074313
4511.800000075272
4553.145000076174
4653.620000078367
4685.770000079069
4714.725000079701
4763.055000080756
4842.580000082492
5038.57500008677
5086.140000087808
5329.665000093124
5383.475000094299
5416.790000095026
5738.990000102059
5769.645000102728
5830.710000104061
5869.220000104901
5889.005000105333
5934.375000106324
6082.595000109559
6192.3000001119535
6269.9050001136475
6459.400000117784
6547.270000119702
6674.035000122469
6696.750000122965
7005.820000129711
7094.6300001316495
7227.330000134546
7258.895000135235
7299.215000136115
7435.130000139082
7570.580000142038
7789.260000146812
7823.840000147567
7899.7500001492235
8339.730000131955
8485.925000108553
8551.955000097983
8591.2050000917
8643.670000083303
8758.590000064907
8794.360000059181
9032.13500002112
9060.470000016585
9155.58500000136
9225.9249999901
9388.959999964003
9706.27499991321
9787.159999900263
9849.809999890234
9938.309999876068
10133.944999844753
10272.384999822592
10515.804999783628
10551.509999777913
10620.399999766885
10890.659999723624
10996.529999706678
11120.344999686859
11170.884999678769
11288.054999660013
11475.999999629928
11661.979999600158
11922.429999558468
12009.924999544462
12123.554999526274
12170.80499951871
12406.854999480925
12936.864999396086
12981.409999388956
13364.494999327635
13571.079999294567
13716.109999271352
13755.924999264978
13796.76999925844
13825.499999253841
13902.119999241577
14328.96999917325
14358.744999168484
14465.96999915132
14578.79999913326
14631.6549991248
14790.659999099347
14874.624999085907
15041.734999059157
15300.644999017713
15734.809998948216
16034.114998900306
16162.15499887981
16299.519998857822
16372.764998846098
16515.80999887115
16611.789998890705
16733.79999891556
16754.619998919803
16781.6099989253
16955.3599989607
17180.014999006467
17291.234999029126
17393.94499905005
17557.05499908328
17718.59999911619
17753.124999123225
17862.969999145604
18008.474999175247
18115.64999919708
18480.309999271372
18877.129999352215
18917.784999360498
18964.309999369976
19078.709999393282
19158.924999409624
19225.684999423225
19419.664999462744
19561.569999491654
19809.699999542205
19956.214999572054
19976.12499957611
20028.194999586718
20120.999999605625
20163.029999614188
20296.464999641372
20409.959999664494
20849.39499975402
20939.299999772335
21318.40999984957
21357.52999985754
21422.834999870844
21484.109999883327
21552.719999897305
21693.539999925993
21739.354999935327
21814.054999950546
21832.999999954405
22007.794999990016
22035.264999995612
22134.910000015912
22169.780000023016
22211.9200000316
22236.740000036658
22389.385000067756
22422.79000007456
22479.415000086097
22523.865000095153
22990.835000190287
23165.730000225918
23315.94000025652
23350.850000263632
23407.325000275137
23519.960000298084
23670.88500032883
23785.280000352137
23863.39500036805
23901.450000375804
24212.73000043922
24238.980000444568
24561.260000510225
24690.010000536455
24713.170000541173
24750.84500054885
25098.250000619624
25287.89000065826
25344.34500066976
25472.130000695794
25534.40000070848
25567.570000715237
25605.62500072299
25771.125000756707
25825.27500076774
25870.05500077686
25918.120000786654
26094.040000822493
26211.350000846393
26551.235000915636
26591.25000092379
26698.400000945618
26939.015000994637
27114.79500103045
27174.900001042693
27284.185001064958
27347.455001077848
27373.78000108321
27704.440001150575
27856.260001181505
27941.180001198805
28157.415001242858
28276.880001267196
28542.24500132126
28645.63500134232
28681.245001349576
28758.57500136533
29126.37000144026
29225.46500146045
29311.605001477998
29429.335001501982
29570.675001530777
29818.840001581335
29983.965001614975
30205.575001660123
30371.015001693828
30545.47000172937
30681.265001757034
30715.145001763936
30757.52500177257
30804.40500178212
30841.050001789587
30865.80000179463
31152.670001853072
31383.695001900138
31436.105001910815
31559.840001936023
31963.01500201816
32111.455002048402
32572.125002142253
32720.960002172575
32749.435002178376
32832.49500214837
32891.91500211724
33120.245001997624
33307.00000189979
33643.44000172354
33678.0600017054
33700.695001693544
33723.945001681364
33755.52000166482
33786.840001648416
33820.04500163102
34219.84500142158
34443.28000130453
34659.695001191154
34902.02000106421
34936.03000104639
34975.98000102546
35081.95000096995
35409.83500079818
35605.655000695595
35842.63500057145
35875.21000055438
35908.13000053714
36018.95000047908
36335.23500031339
36432.01500026269
36452.57500025192
36472.68000024139
36817.9700000605
37151.04999988601
37232.47999984335
37302.15999980685
37324.559999795114
37430.56499973958
37463.04999972256
37526.46499968934
37606.18499964758
37627.7099996363
37878.9299995047
37944.139999470535
37998.88999944185
38040.66499941997
38123.92499937635
38226.749999322485
38282.88499929308
38389.5449992372
38558.96499914845
38629.33999911158
38695.739999076795
38719.92999906412
38773.29499903617
38969.10499893359
39126.35999885121
39154.8149988363
39226.7799987986
39397.48999870917
39450.02499868165
39505.68999865249
39540.17499863442
39580.69999861319
39687.34999855732
39910.23999844056
39944.29999842271
39982.66999840261
40049.94499836737
40085.59999834869
40153.5399983131
40234.63999827061
40316.06499822796
40350.849998209735
40620.18499806864
40828.88499795931
40952.51499789454
41019.009997859706
41155.36999778827
41206.26999776161
41260.694997733095
41282.684997721575
41387.27999766678
41437.934997640245
41501.25999760707
41607.98499755116
41849.10999742484
41869.59499741411
41896.614997399956
41939.94499737726
41971.31499736082
42026.37999733198
42241.549997219256
42427.29499712195
42492.74499708766
42555.49999705479
42624.70999701853
42686.109996986364
42793.03499693035
42951.119996847534
42994.29999682491
43097.75499677072
43150.75499674295
43236.92999669781
43342.799996642345
43445.26499658867
43508.834996555364
43880.44499636069
43971.584996312944
44139.849996224795
44351.19499611408
44391.784996092814
44519.72999602579
44690.104995936534
44791.864995883225
45083.47999573046
45254.51499564086
45318.444995607366
45369.64999558054
45409.35999555974
45497.48499551357
45601.97999545883
45642.71999543749
45688.03499541375
45735.42999538892
46012.67999524368
46084.06999520628
46116.97999518904
46285.029995101
46462.58499500799
46490.379994993425
46882.92999478778
46919.04499476886
47085.90499468145
47143.01999465153
47321.1749945582
47353.514994541256
47429.7899945013
47514.04999445716
47649.09999438641
48056.00999417324
48098.739994150856
48297.7449940466
48341.70999402357
48425.49499397968
48517.72999393136
48633.299993870816
48712.33499382941
48786.36999379063
48841.179993761914
49001.369993677996
49026.244993664965
49264.5949935401
49411.02499346339
49494.354993419736
49614.54499335677
49902.47999320593
17.785000000000746
101.61999999998007
483.9099999996324
518.6899999996008
735.5149999994036
970.7199999991897
1073.235000000216
1214.8550000033072
1311.3600000054137
1411.5200000076
1536.7350000103331
1625.7300000122757
1788.6650000158322
1819.215000016499
1853.1000000172387
1907.7350000184313
1944.3650000192308
1994.4750000203246
2199.005000024789
2296.555000026918
2322.4050000274824
2412.0100000294383
2440.3900000300578
3027.075000042864
3066.435000043723
3190.6200000464337
3439.860000051874
3549.815000054274
3623.700000055887
3765.990000058993
3896.9900000618522
3930.005000062573
4124.340000066814
4226.665000069048
4258.095000069734
4421.175000073294
4441.725000073742
4596.050000077111
4738.665000080224
4834.600000082318
4900.730000083761
4948.590000084806
5134.975000088874
5338.035000093307
5365.035000093896
5426.13500009523
5634.180000099771
5676.040000100685
5749.505000102288
5887.575000105302
6134.630000110695
6248.530000113181
6315.240000114637
6375.580000115954
6531.830000119365
6596.150000120769
6726.720000123619
6774.820000124669
6826.790000125803
6950.410000128501
6991.1400001293905
7059.485000130882
7138.365000132604
7271.585000135512
7297.62000013608
7378.375000137843
7440.925000139208
7478.895000140037
7618.005000143074
7750.065000145956
7846.46500014806
7969.70000015075
8043.035000152351
8167.355000155065
8317.430000135524
8423.790000118499
8588.495000092134
8700.525000074202
8776.385000062059
8920.81500003894
8942.160000035523
8965.47500003179
8987.97500002819
9081.375000013239
9156.345000001238
9189.199999995979
9309.854999976666
9699.28499991433
9883.454999884849
10084.864999852609
10118.664999847198
10217.954999831305
10450.679999794052
10479.61499978942
10499.029999786313
10666.924999759438
11023.62499970234
11109.759999688553
11219.509999670985
11265.304999663655
11357.394999648914
11607.264999608917
11719.484999590954
12100.77499952992
12192.394999515254
12232.739999508796
12518.364999463076
12566.359999455393
12607.009999448886
12816.924999415285
13195.549999354678
13299.474999338043
13334.439999332446
13462.944999311876
13662.724999279897
13808.494999256563
14055.354999217048
14214.484999191576
14298.954999178055
14338.34499917175
14362.434999167894
14553.974999137234
14683.084999116567
14811.554999096003
15165.819999039295
15572.144998974254
15704.129998953127
15841.529998931133
15943.109998914873
15988.009998907686
16042.099998899028
16119.684998886609
16171.489998878316
16385.27999884456
16497.824998867487
16548.15499887774
16788.66499892674
16810.874998931264
17306.239999032183
17355.644999042248
17473.80499906632
17604.834999093015
17680.20499910837
17792.834999131315
17818.694999136584
18117.394999197437
18281.39999923085
18301.92499923503
18526.029999280687
18557.934999287187
18604.1449992966
18747.164999325738
18791.979999334868
18876.074999352
18910.96999935911
18970.779999371294
19025.819999382507
19209.979999420026
19333.84999944526
19372.354999453106
19553.9449994901
19576.61999949472
19645.454999508744
19971.1649995751
20188.244999619325
20275.68999963714
20314.16999964498
20581.15499969937
20616.73999970662
20690.304999721608
20728.70999972943
20920.664999768538
21091.284999803298
21196.19499982467
21230.09999983158
21445.59499987548
21605.834999908126
21664.284999920033
21704.154999928156
21869.309999961803
21902.62999996859
21935.884999975366
22221.115000033475
22329.265000055508
22348.71000005947
22369.840000063774
22406.105000071162
22435.55000007716
22506.82500009168
22555.040000101504
22710.785000133234
22825.015000156505
23141.675000221017
23259.00000024492
23286.14000025045
23566.91000030765
24030.690000402134
24167.490000430003
24329.490000463007
24385.500000474418
24461.14500048983
24668.455000532063
24730.100000544622
24764.810000551694
24784.450000555695
24818.00000056253
24847.135000568465
24882.875000575747
25084.09000061674
25120.42000062414
25242.48500064901
25399.305000680957
25443.765000690015
25532.870000708168
25838.990000770533
26130.675000829957
26177.920000839582
26315.39500086759
26427.345000890396
26627.59000093119
26663.645000938537
26703.825000946723
26812.270000968816
26864.090000979373
26911.420000989016
27172.105001042124
27464.550001101703
27498.880001108697
27759.965001161887
27806.895001171448
27895.84000118957
27951.695001200947
28136.21500123854
28196.470001250815
28249.02000126152
28408.54000129402
28507.95000131427
28809.755001375757
28951.120001404557
29016.750001417928
29081.690001431158
29149.92500144506
29231.000001461576
29297.400001475104
29378.580001491642
29424.535001501004
29553.06500152719
29661.520001549285
29731.54000156355
29810.66500157967
30050.180001628465
30137.7200016463
30211.39500166131
30236.885001666502
30428.15500170547
30736.46000176828
30793.240001779846
31082.740001838825
31265.76000187611
31351.70500189362
31438.115001911225
31541.355001932257
31609.115001946062
31732.21500197114
31849.320001994998
31953.78500201628
31980.645002021753
32300.285002086872
32432.845002113878
32633.46000215475
32744.720002177415
32922.915002101
33023.900002048096
33071.26500202328
33187.65500196231
33335.92000188464
33501.74500179777
33545.180001775014
33660.92500171438
33728.00500167924
33937.26500156961
34081.75500149392
34120.970001473375
34155.595001455236
34225.80000141846
34295.89000138174
34324.70000136665
34408.64500132267
34484.03000128318
34532.525001257774
34989.76000101824
35045.9650009888
35173.240000922124
35333.6300008381
35377.695000815016
35403.8800008013
35574.635000711845
35652.0350006713
35730.400000630245
35866.2050005591
35901.44500054064
36024.59000047613
36157.07500040672
36193.970000387395
36463.865000246005
36585.79500018213
36735.94500010347
36759.13500009132
36780.110000080334
37158.14999988229
37289.01999981373
37406.79999975203
37483.11999971205
37518.154999693696
37646.45499962648
37712.33499959197
37795.07999954862
37847.45999952118
37968.11999945797
38003.124999439635
38040.14999942024
38261.42999930432
38340.14499926308
38426.7749992177
38638.69999910668
38722.079999063
38868.6799989862
38901.35999896908
38935.46499895121
38975.25999893036
39044.109998894295
39234.18999879472
39333.94999874246
39571.3249986181
39837.97999847841
40298.93999823693
40319.06999822638
40346.629998211945
40388.48499819002
40425.389998170685
40474.37999814502
40511.0749981258
40594.76999808195
40742.20999800471
40821.35499796325
40906.52999791863
40989.234997875305
41126.12499780359
41152.139997789964
41289.66499771792
41338.64999769226
41414.719997652406
41520.46499759701
41610.67999754975
41703.50499750112
41784.30499745879
41861.609997418294
41904.62499739576
42030.47499732983
42082.22999730272
42319.69499717832
42698.08499698009
42771.69499694153
43004.66999681948
43081.54499677921
43105.219996766806
43220.96499670617
43466.24999657767
43516.639996551276
43542.15499653791
43707.04499645153
43843.269996380164
44019.16499628802
44179.98499620377
44212.89499618653
44373.839996102215
44577.3549959956
44792.81499588273
44824.22999586627
44893.51999582997
44932.87999580935
44980.44499578443
45011.56499576813
45045.61499575029
45196.04499567149
45280.039995627485
45432.12999554781
45612.25499545345
45753.73499537933
45823.31499534288
45878.65499531389
45920.49499529197
45954.694995274054
46018.85499524044
46082.34499520718
46131.04499518167
46205.8149951425
46227.39999513119
46658.04499490559
46744.01999486055
47295.66999457156
47336.774994550025
47399.234994517305
47651.279994385266
47732.7299943426
47773.714994321126
47814.97999429951
47842.839994284914
47996.464994204434
48023.759994190135
48083.74499415871
48158.70999411944
48317.12499403645
48363.804994011996
48477.03499395268
48568.4349939048
49009.88999367353
49162.25999359371
49314.084993514174
49395.88999347132
49519.27999340668
49785.324993267306
49819.76999324926
