60.570000000012534
92.85499999998804
110.65499999997185
177.33499999991122
204.01999999988695
232.60999999986095
251.8899999998434
302.5299999997974
316.2599999997849
328.6649999997736
397.69499999971083
486.3749999996302
502.35499999961564
522.0999999995977
600.4199999995265
617.0449999995113
680.5249999994536
746.2749999993938
783.7999999993597
796.8699999993478
814.6249999993316
852.3799999992973
892.0749999992612
920.9549999992349
946.114999999212
963.0749999991966
987.6999999991742
1107.9450000009736
1122.5500000012923
1135.8350000015823
1165.275000002225
1182.0300000025907
1231.0850000036614
1250.2250000040792
1268.2800000044733
1287.4450000048917
1304.32500000526
1323.695000005683
1392.100000007176
1405.615000007471
1422.8000000078462
1495.6650000094367
1522.0800000100132
1600.9400000117346
1636.055000012501
1664.6600000131255
1699.6800000138899
1717.145000014271
1854.2000000172627
1890.7050000180595
1913.8450000185646
1933.6200000189963
1990.420000020236
2004.160000020536
2068.48500002194
2102.9300000226917
2181.8500000244144
2230.1400000254685
2261.5750000261546
2287.210000026714
2310.3100000272184
2352.1950000281327
2546.005000032363
2610.740000033776
2690.135000035509
2712.535000035998
2745.370000036715
2806.2350000380434
2865.8050000393437
2964.3800000414954
2980.205000041841
3054.715000043467
3088.655000044208
3104.9500000445637
3152.4400000456003
3171.9250000460256
3236.3350000474315
3341.675000049731
3421.2250000514673
3453.9350000521813
3474.810000052637
3489.880000052966
3550.440000054288
3652.025000056505
3697.005000057487
3722.4950000580434
3830.050000060391
3864.630000061146
3887.995000061656
3906.6800000620638
3992.4850000639367
4008.7300000642913
4038.44500006494
4117.030000066655
4206.435000068606
4231.32500006915
4258.680000069747
4342.145000071569
4375.095000072288
4396.600000072757
4414.645000073151
4433.450000073562
4542.965000075952
4635.87000007798
4780.105000081128
4858.395000082837
4918.795000084156
4969.250000085257
4988.17000008567
5010.785000086164
5035.145000086695
5052.2900000870695
5076.070000087589
5112.200000088377
5138.850000088959
5156.9250000893535
5184.210000089949
5289.130000092239
5305.19500009259
5319.5150000929025
5333.435000093206
5356.95000009372
5371.17500009403
5419.590000095087
5443.920000095618
5512.0200000971045
5547.6650000978825
5569.055000098349
5772.1500001027825
5799.620000103382
5829.105000104026
5845.990000104394
5887.700000105305
5937.045000106382
5960.835000106901
5972.520000107156
6000.335000107763
6014.930000108082
6034.695000108513
6065.355000109183
6148.710000111002
6162.260000111298
6187.595000111851
6215.350000112457
6354.565000115495
6383.685000116131
6423.475000117
6497.570000118617
6540.395000119552
6800.510000125229
6831.0250001258955
6848.315000126273
7027.985000130195
7044.625000130558
7059.065000130873
7170.110000133297
7256.6700001351865
7274.23500013557
7297.6300001360805
7314.630000136452
7377.130000137816
7436.165000139104
7451.99500013945
7465.045000139735
7481.205000140088
7505.635000140621
7524.480000141032
7592.7100001425215
7682.570000144483
7703.325000144936
7719.745000145294
7751.810000145994
7804.425000147143
7828.57500014767
8010.91000015165
8199.665000154375
8297.160000138769
8389.750000123948
8405.42000012144
8430.445000117434
8478.240000109783
8537.000000100377
8554.830000097523
8579.060000093645
8659.480000080772
8706.59500007323
8815.905000055733
8978.860000029648
9102.260000009896
9276.419999982018
9397.564999962626
9480.584999949337
9507.344999945053
9554.684999937475
9615.454999927748
9722.88999991055
9738.219999908097
9767.679999903381
9785.254999900568
9805.589999897313
9841.959999891491
9861.609999888346
9903.514999881638
10049.399999858286
10097.194999850635
10197.23999983462
10233.344999828842
10247.72499982654
10394.364999803067
10413.14499980006
10431.6399997971
10558.764999776751
10651.394999761924
10684.624999756605
10737.669999748114
10956.549999713077
10993.154999707218
11045.464999698845
11112.52499968811
11160.574999680419
11202.699999673676
11219.844999670931
11252.294999665737
11271.58499966265
11292.389999659319
11381.389999645073
11439.044999635844
11540.944999619533
11565.69499961557
11630.10499960526
11654.199999601404
11671.074999598703
11695.984999594715
11719.57499959094
11757.824999584816
11793.989999579027
11843.874999571042
11881.654999564995
11989.409999547746
12005.399999545187
12025.419999541982
12077.119999533707
12097.909999530379
12176.36499951782
12300.324999497978
12413.094999479927
12582.979999452733
12598.379999450268
12617.194999447256
12646.664999442539
12719.169999430933
12784.119999420536
12810.624999416294
12950.844999393848
12969.399999390878
12994.104999386924
13051.219999377781
13139.62999936363
13238.484999347806
13380.404999325088
13403.394999321408
13434.034999316504
13555.859999297003
13595.914999290591
13651.229999281737
13667.869999279073
13699.654999273986
13816.974999255206
13897.779999242272
13916.989999239197
13992.31499922714
14034.504999220386
14058.269999216582
14074.01999921406
14089.489999211584
14148.86499920208
14161.839999200003
14180.884999196955
14238.164999187786
14392.00499916316
14405.849999160944
14545.774999138546
14559.104999136413
14617.649999127041
14661.964999119948
14683.12999911656
14737.649999107833
14788.424999099705
14836.614999091991
14856.849999088752
14951.189999073651
14965.37999907138
14985.404999068174
14997.949999066166
15011.639999063975
15048.564999058064
15154.964999041033
15184.879999036244
15281.844999020723
15379.594999005076
15466.14999899122
15495.619998986504
15677.384998957408
15694.86999895461
15742.134998947044
15782.13499894064
15895.199998922542
16023.179998902056
16052.964998897289
16079.709998893008
16107.754998888518
16125.349998885702
16177.559998877345
16197.8349988741
16234.204998868277
16262.039998863822
16302.84499885729
16338.70999885155
16353.584998849168
16374.529998845815
16389.234998845364
16415.114998850637
16532.329998874517
16628.879998894186
16668.84999890233
16714.30499891159
16770.06499892295
16787.119998926424
16805.024998930072
16843.514998937913
16857.719998940807
16900.074998949436
16925.62499895464
16983.29999896639
17041.11999897817
17058.68999898175
17074.524998984976
17211.914999012966
17228.409999016327
17251.464999021024
17429.799999057355
17473.384999066235
17542.389999080293
17580.339999088024
17603.669999092777
17621.00999909631
17692.694999110914
17790.10499913076
17816.359999136108
17844.379999141816
17958.56999916508
17976.414999168715
17999.124999173342
18078.18499918945
18162.199999206565
18206.234999215536
18232.059999220797
18285.839999231754
18308.25499923632
18325.3349992398
18351.089999245047
18447.479999264684
18467.214999268705
18515.874999278618
18536.49999928282
18551.839999285945
18650.209999305986
18671.96999931042
18690.12999931412
18717.019999319597
18732.044999322658
18750.634999326445
18771.304999330656
18901.859999357253
18919.249999360796
19016.25499938056
19040.774999385554
19060.079999389487
19150.55999940792
19246.85999942754
19340.689999446655
19358.694999450323
19378.94499945445
19397.434999458215
19509.549999481056
19560.3149994914
19625.934999504767
19649.12499950949
19662.9049995123
19681.17499951602
19709.714999521835
19734.37999952686
19807.884999541835
19832.049999546758
19864.6549995534
19910.959999562834
19928.829999566475
19986.28999957818
20015.09999958405
20052.219999591613
20066.654999594553
20080.124999597298
20108.85999960315
20124.934999606427
20173.73499961637
20193.399999620375
20251.39499963219
20350.289999652337
20419.90999966652
20442.914999671208
20460.01499967469
20509.214999684715
20537.404999690458
20635.399999710422
20734.874999730688
20773.934999738645
20798.34499974362
20860.274999756235
20935.114999771482
20952.12999977495
20970.29999977865
20984.399999781523
21008.914999786517
21031.55499979113
21091.2999998033
21125.84999981034
21136.98999981261
21157.61499981681
21189.384999823284
21206.979999826868
21251.55499983595
21391.264999864412
21429.9749998723
21453.29499987705
21484.939999883496
21564.17999989964
21731.90999993381
21793.774999946414
21817.07499995116
21836.31999995508
21853.5849999586
21881.259999964237
21945.27499997728
21972.91999998291
22027.094999993948
22053.149999999256
22078.34500000439
22119.915000012857
22218.38500003292
22253.43500004006
22320.255000053672
22360.040000061777
22374.13500006465
22389.26000006773
22407.535000071453
22435.565000077164
22462.040000082558
22486.14500008747
22524.030000095187
22536.695000097767
22567.97500010414
22599.550000110572
22620.270000114793
22760.025000143265
22779.170000147165
22843.45000016026
22909.26000017367
22928.395000177567
22949.285000181822
22986.24000018935
23061.405000204664
23131.775000219
23158.990000224545
23178.340000228487
23235.235000240078
23249.205000242924
23315.660000256463
23337.900000260994
23356.800000264844
23401.59000027397
23441.420000282083
23467.37500028737
23495.88500029318
23512.155000296494
23527.4050002996
23545.010000303188
23564.730000307205
23580.330000310383
23593.500000313066
23612.300000316896
23780.52500035117
23849.875000365297
23878.130000371053
23898.165000375135
23933.8350003824
23951.64500038603
24020.925000400144
24047.130000405483
24124.790000421304
24194.36500043548
24243.190000445426
24334.66500046406
24394.34500047622
24414.500000480326
24459.355000489464
24481.875000494052
24511.81000050015
24537.495000505383
24551.235000508183
24568.36000051167
24617.68000052172
24641.060000526482
24659.435000530226
24673.755000533143
24719.575000542478
24734.815000545583
24747.6650005482
24770.54000055286
24822.740000563495
24888.64000057692
24990.955000597765
25057.280000611278
25134.955000627102
25148.30500062982
25167.715000633776
25193.680000639066
25258.48500065227
25320.135000664828
25393.545000679784
25438.315000688905
25449.68000069122
25465.900000694524
25483.630000698136
25505.075000702505
25541.775000709982
25566.735000715067
25629.540000727862
25713.290000744924
25785.045000759543
25803.800000763364
25907.675000784526
25922.85500078762
25980.25000079931
26043.940000812287
26062.235000816014
26091.08500082189
26126.110000829027
26235.355000851283
26251.84000085464
26267.425000857816
26284.855000861367
26361.15500087691
26502.50500090571
26632.715000932236
26770.345000960275
26784.36000096313
26827.680000971955
26864.820000979522
26887.010000984043
26968.210001000585
26993.870001005813
27043.945001016014
27127.70500103308
27159.195001039494
27219.635001051807
27250.000001057993
27406.490001089875
27451.735001099092
27485.1500011059
27607.02500113073
27641.865001137827
27657.260001140963
27689.460001147523
27705.860001150864
27847.15000117965
27888.815001188137
27904.48500119133
27967.680001204204
27988.260001208397
28052.990001221584
28071.095001225272
28125.995001236457
28140.89000123949
28215.905001254774
28306.64500127326
28363.705001284885
28587.16000133041
28713.02500135605
28741.655001361883
28754.115001364422
28771.77000136802
28857.220001385427
28913.420001396877
28947.080001403734
29068.83500142854
29085.810001431997
29102.105001435317
29128.23000144064
29151.805001445442
29168.620001448868
29236.845001462767
29264.74000146845
29304.41000147653
29338.650001483507
29367.68000148942
29397.795001495557
29411.02000149825
29465.88500150943
29552.88000152715
29693.280001555755
29713.28500155983
29741.630001565605
29761.225001569597
29809.035001579337
29821.250001581826
29840.435001585734
29862.420001590213
29876.39500159306
29890.640001595963
30044.185001627244
30060.85500163064
30076.195001633765
30152.725001649356
30176.490001654198
30213.100001661656
30294.10500167816
30393.050001698317
30407.780001701318
30473.90000171479
30505.495001721225
30614.420001743416
30640.485001748726
30701.80500176122
30727.14500176638
30795.9550017804
30900.640001801727
30927.80000180726
30976.24500181713
31002.140001822405
31101.580001842663
31157.95500185415
31186.455001859955
31240.450001870955
31265.41500187604
31281.195001879256
31303.855001883872
31339.615001891158
31352.660001893815
31396.095001902664
31449.53000191355
31526.420001929215
31588.565001941875
31607.595001945752
31639.920001952338
31659.735001956375
31679.465001960394
31699.03000196438
31724.06500196948
31804.31500198583
31839.040001992904
31901.470002005623
31990.49000202376
32016.105002028977
32078.155002041618
32114.085002048938
32137.285002053664
32151.965002056655
32182.72000206292
32297.100002086223
32309.225002088693
32323.93000209169
32427.395002112768
32442.91000211593
32460.325002119476
32539.825002135673
32559.88500213976
32713.17500217099
32815.22000215742
32830.800002149255
32844.585002142034
32865.025002131326
32890.68500211788
32910.440002107534
32939.070002092536
32992.23000206469
33054.23000203221
33103.26500200652
33118.27000199866
33149.00000198256
33272.515001917855
33296.13000190548
33321.21500189234
33339.8100018826
33429.080001835835
33464.92000181706
33505.510001795796
33597.8900017474
33681.94500170337
33714.67000168622
33749.31000166808
33793.87500164473
33824.295001628794
33843.72000161862
33896.66500159088
33918.51000157944
33948.65000156365
33976.63500154899
34024.650001523834
34051.105001509975
34090.430001489374
34133.63500146674
34200.77000143157
34262.92000139901
34342.325001357414
34359.960001348176
34374.79000134041
34395.240001329694
34430.66000131114
34508.73500127024
34526.9400012607
34664.3800011887
34686.99500117685
34702.645001168654
34721.57000115874
34882.535001074415
34938.76000104496
34973.07000102699
35014.83000100511
35055.900000983595
35086.39000096762
35105.280000957726
35149.070000934786
35211.33500090217
35246.710000883635
35274.13500086927
35315.450000847624
35416.63500079462
35454.97500077453
35483.51000075958
35509.37500074603
35542.25500072881
35569.85500071435
35584.37500070674
35595.94500070068
35612.76500069187
35675.11000065921
35715.88500063785
35755.710000616986
35825.995000580166
35845.33000057004
36003.6450004871
36091.675000440984
36112.96000042983
36142.260000414484
36169.19000040038
36223.20000037208
36283.365000340564
36366.525000297
36403.430000277665
36420.305000268825
36457.46500024936
36477.48500023887
36547.06000020242
36570.26000019027
36600.67000017434
36665.09500014059
36682.36000013154
36733.24000010489
36774.33500008336
36833.900000052156
36916.33000000897
36934.534999999436
37281.19999981783
37331.91499979126
37373.15499976966
37716.34999958987
37749.699999572396
37767.949999562836
37786.274999553236
37875.479999506504
37903.3599994919
37980.2799994516
38017.404999432154
38033.284999423835
38046.06499941714
38060.14999940976
38155.76999935967
38172.194999351064
38199.949999336524
38331.64999926753
38360.02999925266
38410.629999226156
38490.479999184325
38506.759999175796
38535.05499916097
38560.75499914751
38581.52499913663
38610.80999912129
38642.20499910484
38671.97999908924
38688.01999908084
38707.97999907038
38722.18999906294
38736.48999905545
38831.89499900547
38980.36499892769
38993.08999892102
39005.95499891428
39064.69999888351
39077.76999887666
39098.54499886578
39123.75499885257
39183.344998821354
39280.0399987707
39296.024998762325
39313.239998753306
39363.14999872716
39423.75999869541
39463.8649986744
39485.00999866332
39524.3749986427
39556.84999862569
39590.81999860789
39609.3149985982
39622.74999859116
39646.99499857846
39711.4449985447
39753.55499852264
39844.71999847488
39893.82999844915
40061.29499836142
40086.62999834815
40102.18999834
40168.92499830504
40206.43999828539
40224.27499827604
40297.17499823785
40323.614998224
40342.05999821434
40395.84499818616
40423.73499817155
40453.76499815582
40572.314998093716
40640.71499805788
40690.96499803156
40715.56499801867
40909.539997917054
41115.52999780914
41151.509997790294
41177.389997776736
41276.51499772481
41323.974997699945
41376.59499767238
41404.244997657894
41421.84999764867
41470.29999762329
41506.574997604286
41526.79999759369
41577.19499756729
41600.014997555336
41643.43499753259
41702.66499750156
41716.04999749455
41733.599997485355
41753.61499747487
41804.99999744795
41839.93999742965
41863.22499741745
41997.3149973472
42029.3849973304
42055.914997316504
42110.93499728768
42139.65999727263
42161.69499726109
42227.57499722658
42295.25499719112
42335.91999716982
42467.91499710067
42486.824997090764
42514.31499707636
42534.19499706595
42607.174997027716
42645.87499700744
42664.004996997945
42698.6349969798
42713.64499697194
42739.60499695834
42777.409996938535
42792.11499693083
42808.18499692241
42943.864996851335
43016.609996813226
43048.48499679653
43061.1299967899
43078.80999678064
43095.32499677199
43111.234996763655
43124.90999675649
43156.644996739866
43177.93499672871
43249.95499669098
43272.47999667918
43340.74999664342
43490.354996565045
43598.14499650858
43670.589996470626
43835.309996384334
43866.8749963678
43939.50499632975
43956.824996320676
43997.084996299585
44018.83499628819
44054.944996269274
44076.474996257995
44121.334996234495
44178.49999620455
44206.50499618988
44219.27499618319
44239.874996172395
44336.70499612167
44359.464996109746
44393.61999609185
44448.93999606287
44488.944996041915
44523.99999602355
44554.4449960076
44569.289995999825
44620.199995973155
44637.81499596393
44667.0649959486
44834.80499586073
44862.63499584615
44954.3549957981
44992.164995778294
45007.82999577009
45032.344995757245
45121.0049957108
45161.214995689734
45181.22999567925
45197.51499567072
45234.434995651376
45252.5199956419
45267.76999563391
45524.30999549952
45599.98999545987
45632.399995442895
45646.97999543526
45669.36499542353
45722.46999539571
45740.229995386406
45809.37499535018
45830.50999533911
45849.51999532915
45869.29499531879
45907.084995298996
45942.90499528023
45961.239995270626
46085.13499520572
46215.75999513729
46242.10999512349
46328.394995078284
46343.969995070125
46378.24499505217
46421.31499502961
46501.28499498771
46515.92499498004
46600.39999493579
46617.51999492682
46685.66499489112
46699.259994884
46718.374994873986
46734.9599948653
46774.594994844534
46798.76999483187
46830.559994815216
46913.47999477178
46930.604994762805
46950.67999475229
46980.98999473641
47002.43999472517
47075.96999468665
47103.40499467228
47156.66499464438
47183.914994630104
47217.11499461271
47250.30999459532
47309.709994564204
47348.894994543676
47463.3749944837
47482.56499447365
47494.4949944674
47520.49499445378
47548.41999443915
47578.80999442323
47697.419994361095
47727.504994345334
47801.604994306515
47874.20999426848
47924.879994241935
47965.83999422048
47991.98999420678
48008.11499419833
48084.03499415856
48164.21999411655
48182.56999410694
48208.54999409333
48248.95999407216
48277.78999405706
48311.40499403945
48344.05499402234
48373.924994006695
48474.159993954185
48505.96499393752
48531.9749939239
48549.98499391446
48573.54499390212
48591.73999389259
48772.79499379774
48876.54499374339
48968.269993695336
49123.464993614034
49173.20499358798
49185.769993581394
49208.52999356947
49280.96999353152
49334.544993503456
49366.864993486524
49379.46999347992
49403.534993467314
49469.559993432726
49494.28499341977
49636.40999334532
49650.519993337926
49666.4099933296
49750.87499328535
49774.504993272974
49886.65999321422
49907.439993203334
49983.54999316346
7.3499999999998655
73.71500000000545
172.71499999991542
201.91499999988886
260.6399999998355
275.9299999998216
352.78999999975167
365.9599999997397
497.7549999996198
512.6449999996063
595.3399999995311
622.6599999995062
726.8799999994114
760.0699999993813
781.0649999993622
812.8149999993333
846.5699999993026
878.2999999992737
948.2699999992101
973.2399999991874
1068.5450000001135
1097.7250000007505
1133.6100000015338
1154.4500000019887
1179.9100000025444
1197.8400000029358
1217.9800000033754
1236.4650000037789
1264.0400000043808
1315.7900000055104
1454.1200000085298
1471.305000008905
1492.7600000093732
1575.99000001119
1591.1400000115207
1608.06000001189
1643.0900000126546
1659.0800000130037
1679.4150000134475
1806.160000016214
1884.910000017933
1950.8500000193724
2047.450000021481
2129.1350000232637
2164.735000024041
2179.9300000243725
2205.8550000249384
2225.1050000253585
2243.96500002577
2259.6550000261127
2273.915000026424
2329.8800000276456
2377.72500002869
2396.110000029091
2411.350000029424
2425.1200000297245
2461.760000030524
2479.480000030911
2494.9850000312495
2524.6300000318965
2552.4250000325032
2566.4500000328094
2582.52000003316
2654.385000034729
2671.535000035103
2902.0700000401353
2916.6500000404535
2973.3750000416917
2997.9100000422272
3049.165000043346
3070.780000043818
3093.280000044309
3127.0200000450454
3290.3550000486107
3365.6200000502536
3467.7800000524835
3487.6700000529177
3505.7200000533117
3586.000000055064
3660.670000056694
3678.490000057083
3755.550000058765
3862.205000061093
3900.10000006192
3912.9800000622013
3927.355000062515
3946.8000000629395
3984.1300000637543
4018.6350000645075
4053.160000065261
4069.465000065617
4096.115000066198
4134.650000067039
4246.585000069483
4305.425000070767
4350.430000071749
4380.410000072404
4403.4400000729065
4439.885000073702
4464.470000074239
4513.595000075311
4529.4700000756575
4637.355000078012
4676.585000078869
4750.500000080482
4832.300000082268
4976.7900000854215
5008.025000086103
5038.9100000867775
5085.350000087791
5102.575000088167
5119.825000088544
5176.065000089771
5190.480000090086
5213.895000090597
5238.515000091134
5267.510000091767
5324.42000009301
5376.145000094139
5416.815000095026
5434.120000095404
5500.060000096843
5676.225000100689
5736.665000102008
5792.550000103228
5841.940000104306
5864.400000104796
6194.965000112012
6234.555000112876
6246.400000113134
6271.5550001136835
6341.865000115218
6527.335000119267
6551.605000119796
6569.130000120179
6614.52000012117
6670.485000122391
6839.420000126079
6853.805000126393
6867.145000126684
6885.830000127092
6904.465000127499
6989.460000129354
7014.170000129893
7029.455000130227
7045.675000130581
7080.2000001313345
7178.435000133479
7261.39500013529
7280.795000135713
7299.840000136129
7331.860000136828
7352.030000137268
7402.365000138367
7423.290000138823
7544.105000141461
7579.82500014224
7599.090000142661
7624.860000143223
7637.825000143506
7709.91000014508
7764.055000146262
7790.860000146847
7813.240000147335
7829.670000147694
7865.975000148486
7906.90000014938
8227.485000149922
8314.905000135928
8338.63500013213
8411.430000120477
8453.855000113686
8471.030000110937
8486.160000108515
8496.670000106833
8514.895000103916
8552.995000097817
8620.770000086968
8654.9350000815
8680.42500007742
8698.635000074504
8731.240000069285
8753.57500006571
8767.44000006349
8787.105000060343
8884.005000044832
8902.110000041934
8917.405000039485
8933.520000036906
8953.60500003369
8989.740000027907
9059.715000016706
9078.730000013662
9092.730000011421
9126.510000006014
9186.209999996458
9221.759999990767
9240.374999987787
9330.69499997333
9358.294999968912
9405.214999961401
9429.784999957468
9451.959999953919
9675.84999991808
9739.374999907912
9763.514999904048
9783.30999990088
9794.539999899082
9813.024999896123
9837.519999892202
9894.229999883124
9911.479999880363
10005.95999986524
10052.964999857715
10132.14999984504
10150.88999984204
10168.014999839299
10297.114999818634
10334.93999981258
10380.994999805207
10405.054999801356
10423.734999798366
10509.574999784625
10642.499999763348
10683.614999756766
10698.404999754399
10711.429999752314
10749.029999746295
10792.22999973938
10810.679999736427
10829.734999733377
10970.854999710788
10991.919999707416
11007.654999704897
11024.729999702164
11127.799999685665
11197.164999674562
11226.124999669926
11278.984999661465
11322.899999654435
11342.604999651281
11386.709999644221
11516.834999623392
11533.609999620707
11671.224999598679
11769.934999582878
11869.969999566865
11902.439999561668
11920.959999558703
11941.369999555436
12000.479999545974
12043.61499953907
12096.609999530587
12180.009999517237
12246.234999506636
12265.664999503526
12314.29999949574
12347.29499949046
12367.649999487201
12488.759999467815
12525.484999461936
12541.384999459391
12566.594999455356
12627.069999445675
12684.924999436415
12723.629999430219
12781.219999421
12842.654999411167
12887.059999404059
12914.964999399592
12940.319999395533
12985.07499938837
13028.954999381345
13045.639999378674
13067.129999375235
13099.884999369991
13116.19999936738
13135.674999364262
13151.62499936171
13177.249999357608
13201.179999353777
13274.539999342034
13376.034999325788
13396.479999322515
13414.839999319576
13436.509999316107
13489.869999307566
13512.319999303973
13528.314999301412
13569.084999294886
13606.199999288945
13631.049999284967
13653.094999281439
13671.624999278472
13736.124999268148
13765.329999263473
13780.959999260971
13862.349999247943
13887.10999924398
13905.604999241019
13929.119999237255
13942.059999235184
14027.274999221543
14197.609999194277
14234.599999188356
14273.099999182194
14311.139999176105
14334.34999917239
14386.724999164006
14402.344999161505
14513.939999143642
14548.579999138097
14567.594999135054
14582.519999132664
14636.759999123982
14680.474999116985
14701.629999113598
14762.08999910392
14826.534999093605
14875.279999085802
14894.509999082724
14981.529999068794
14999.214999065964
15013.814999063627
15033.52999906047
15054.969999057039
15108.769999048427
15253.599999025244
15276.314999021608
15359.76499900825
15387.284999003845
15460.999998992045
15478.89999898918
15529.654998981056
15554.644998977055
15570.089998974583
15587.234998971839
15602.609998969378
15625.45999896572
15657.019998960668
15702.17499895344
15801.559998937531
15820.144998934556
15845.934998930428
15868.339998926842
16006.804998904678
16030.15499890094
16116.284998887153
16145.134998882535
16163.504998879594
16244.329998866657
16280.339998860893
16361.93999884783
16387.444998845
16410.449998849686
16459.869998859755
16491.59999886622
16506.599998869275
16574.449998883098
16589.269998886117
16605.514998889426
16620.984998892578
16679.234998904445
16760.88999892108
16783.60999892571
16798.63999892877
16819.05499893293
16907.94499895104
16929.3499989554
17042.58999897847
17076.634998985406
17097.01999898956
17113.404998992897
17133.43999899698
17175.894999005628
17234.01999901747
17261.469999023062
17283.419999027534
17301.61999903124
17315.324999034034
17395.56499905038
17431.164999057633
17486.879999068984
17544.469999080717
17570.80499908608
17600.904999092214
17636.61499909949
17707.169999113863
17748.119999122206
17824.6649991378
17848.37499914263
17898.58999915286
17909.5749991551
17929.299999159117
17955.799999164516
18043.644999182412
18084.414999190718
18146.059999203277
18170.644999208285
18197.644999213786
18216.41999921761
18229.649999220306
18253.154999225095
18287.914999232176
18325.849999239905
18349.464999244716
18371.994999249306
18398.784999254764
18430.32999926119
18504.69999927634
18517.869999279024
18532.52999928201
18640.179999303942
18866.769999350105
18893.09999935547
18993.08999937584
19036.274999384637
19053.71999938819
19088.399999395257
19149.754999407756
19212.11499942046
19232.04499942452
19251.52999942849
19275.604999433395
19308.994999440198
19354.679999449505
19378.85499945443
19446.98999946831
19462.629999471497
19516.33999948244
19544.66499948821
19559.209999491173
19584.944999496416
19627.259999505037
19650.954999509864
19710.659999522028
19724.89999952493
19781.569999536474
19831.509999546648
19855.3249995515
19907.55499956214
19929.724999566657
19998.934999580757
20018.514999584746
20055.224999592225
20140.889999609677
20187.794999619233
20217.994999625385
20306.214999643358
20327.799999647756
20398.074999662073
20439.809999670575
20466.83499967608
20549.609999692944
20599.9499997032
20643.554999712083
20769.814999737806
20789.9149997419
20826.244999749302
20915.384999767462
20928.099999770053
20940.049999772487
20957.104999775962
20973.469999779296
20986.369999781924
21110.374999807187
21244.699999834553
21270.124999839732
21317.62999984941
21332.98999985254
21371.589999860404
21387.414999863628
21481.709999882838
21574.2949999017
21636.054999914282
21658.059999918765
21764.88999994053
21852.889999958457
21877.454999963462
21986.80499998574
22015.76999999164
22038.429999996257
22069.650000002617
22133.495000015624
22317.125000053034
22390.650000068013
22418.02500007359
22487.600000087765
22512.680000092874
22537.435000097918
22632.315000117247
22648.08500012046
22666.605000124233
22694.705000129958
22716.390000134375
22765.65000014441
22790.605000149495
22861.07500016385
22903.67500017253
22950.570000182084
23020.14500019626
23051.240000202593
23107.77500021411
23123.760000217368
23157.560000224254
23172.000000227195
23240.925000241237
23277.345000248657
23308.23000025495
23338.435000261103
23371.135000267765
23416.150000276935
23447.700000283363
23467.750000287448
23544.53500030309
23588.56000031206
23665.48500032773
23724.2350003397
23740.19000034295
23770.32000034909
23787.5500003526
23822.135000359645
23851.17000036556
23921.665000379922
23937.625000383174
23975.69000039093
23991.875000394226
24054.42500040697
24093.070000414842
24122.915000420922
24290.405000455045
24349.055000466993
24366.7550004706
24386.360000474593
24437.455000485003
24489.4800004956
24612.6800005207
24628.62500052395
24647.410000527776
24667.26000053182
24698.595000538204
24737.240000546077
24774.980000553765
24875.68500057428
24915.945000582484
25067.240000613307
25141.055000628345
25161.825000632576
25193.295000638987
25211.845000642767
25267.22500065405
25294.42000065959
25359.280000672803
25377.785000676573
25464.495000694238
25500.160000701504
25516.10000070475
25559.110000713514
25579.51000071767
25606.740000723217
25666.160000735323
25707.075000743658
25740.830000750535
25788.685000760284
25898.77000078271
25940.18500079115
26009.830000805337
26027.040000808844
26117.315000827235
26181.090000840228
26260.18500085634
26335.17500087162
26356.43000087595
26406.89500088623
26480.405000901206
26514.420000908136
26544.360000914236
26609.605000927528
26626.965000931064
26683.1050009425
26705.740000947113
26798.660000966043
26823.945000971195
26856.790000977886
26874.395000981473
27074.70000102228
27094.615001026337
27166.675001041018
27204.150001048652
27246.905001057363
27258.43000105971
27277.315001063558
27292.43500106664
27330.175001074327
27357.245001079842
27393.940001087318
27421.63500109296
27437.265001096144
27558.020001120745
27628.945001135195
27666.305001142806
27693.100001148265
27724.660001154694
27940.62000119869
27973.535001205397
28056.390001222277
28170.23500124547
28199.05500125134
28217.715001255143
28233.16000125829
28272.495001266303
28312.795001274513
28346.335001281346
28373.93500128697
28405.26500129335
28423.08000129698
28462.25000130496
28501.375001312932
28611.71500133541
28729.045001359314
28763.320001366297
28775.735001368826
28789.470001371625
28815.06500137684
28868.760001387778
28885.790001391248
28947.710001403862
28970.440001408493
28986.505001411766
29010.220001416597
29035.155001421677
29060.375001426815
29109.98000143692
29168.715001448887
29187.765001452768
29325.80000148089
29450.350001506264
29613.59500153952
29641.750001545257
29716.46500156048
29733.55000156396
29752.540001567828
29771.83500157176
29792.565001575982
29839.750001585595
29873.025001592374
29905.090001598906
29983.19500161482
30009.965001620272
30031.245001624608
30048.520001628127
30071.975001632905
30090.50000163668
30153.945001649605
30174.20000165373
30215.96500166224
30281.510001675593
30304.845001680347
30330.795001685634
30359.415001691465
30423.65000170455
30541.035001728465
30602.26500174094
30674.630001755682
30696.570001760152
30712.0150017633
30728.02500176656
30762.950001773675
30779.41500177703
30839.74500178932
30862.740001794005
30888.755001799305
30904.620001802537
30935.41000180881
30974.37500181675
31162.22500185502
31178.960001858428
31309.560001885035
31448.960001913434
31473.595001918453
31494.69500192275
31522.96000192851
31576.640001939446
31638.81000195211
31654.245001955256
31670.145001958495
31714.3400019675
31810.390001987067
31828.200001990695
31846.3800019944
31863.870001997962
31904.55500200625
32071.015002040163
32092.64000204457
32117.63000204966
32160.44000205838
32276.950002082118
32297.690002086343
32354.495002097916
32400.245002107236
32428.645002113022
32483.495002124197
32542.46000213621
32559.320002139644
32575.805002143003
32586.670002145216
32600.445002148022
32708.780002170093
32730.690002174557
32749.395002178368
32818.33000215579
32904.23000211079
32946.35000208872
32967.7750020775
33073.99500202185
33216.375001947265
33263.21000192273
33285.26000191118
33308.26000189913
33351.19000187664
33407.06000184737
33496.120001800715
33538.230001778655
33590.98000175102
33720.565001683135
33744.17000167077
33796.43000164339
33858.76500161074
33924.20000157646
33941.725001567276
33963.470001555885
34008.8700015321
34029.79000152114
34056.86500150696
34175.16000144499
34251.13000140519
34322.52500136779
34338.755001359285
34354.85000135085
34414.22000131975
34429.32000131184
34476.79500128697
34539.930001253895
34687.965001176344
34841.17500109608
34856.68000108796
34875.90500107789
34892.35000106927
34931.820001048596
35066.875000977845
35084.780000968465
35108.23500095618
35139.36000093987
35154.685000931844
35203.79000090612
35235.580000889466
35250.23000088179
35292.74500085952
35311.190000849856
35330.16000083992
35385.63000081086
35433.59500078573
35535.24500073248
35680.005000656645
35773.70500060756
35804.78000059128
35904.88000053884
35917.25500053236
35932.69500052427
35957.100000511484
35988.09500049525
36026.68500047503
36103.44000043482
36277.635000343565
36323.565000319504
36347.39000030702
36393.84500028269
36487.31500023372
36519.15000021704
36532.720000209934
36549.53000020113
36660.56000014296
36680.390000132575
36768.57000008638
36800.12500006985
36871.315000032555
36962.00999998504
37018.964999955206
37035.114999946745
37135.04999989439
37185.90499986775
37205.14499985767
37274.3849998214
37352.16499978065
37400.434999755365
37457.95499972523
37480.86999971323
37528.58999968823
37592.68499965465
37630.93499963461
37696.80499960011
37737.37999957885
37773.97499955968
37795.28999954851
37825.39499953274
37848.50999952063
37873.204999507696
37915.58999948549
37952.96499946591
37980.95499945125
38025.43499942795
38055.28499941231
38069.989999404606
38104.579999386486
38117.93499937949
38136.039999370005
38163.82999935545
38238.734999316206
38286.134999291375
38322.99999927206
38337.76499926433
38352.869999256414
38380.964999241696
38403.78999922974
38447.88499920664
38464.844999197754
38662.409999094256
38726.76999906054
38740.55499905332
38800.34999902199
38818.18999901265
38836.29999900316
38859.81499899084
39082.18499887435
39099.11999886548
39127.50499885061
39256.06499878326
39277.07999877225
39305.2349987575
39326.81999874619
39414.26999870038
39552.98999862771
39605.15499860038
39625.37499858979
39649.604998577095
39681.789998560234
39722.829998538735
39807.354998494455
39828.42499848342
39843.87499847532
39862.75499846543
39879.70999845655
39901.85999844495
39925.97499843231
39957.74999841567
39973.404998407466
40074.79999835435
40095.48999834351
40111.86999833493
40125.774998327644
40194.14499829183
40226.03999827512
40359.08499820542
40449.86999815786
40478.879998142664
40576.60499809147
40606.30499807591
40629.429998063795
40754.96999799803
40781.97999798388
40835.99499795558
40851.40499794751
40866.84499793942
40884.08499793039
40902.09999792095
40945.50999789821
40974.25499788315
41010.35999786424
41033.29499785222
41113.93499780998
41155.40999778825
41170.79999778019
41189.01999777064
41265.93499773035
41281.27999772231
41326.95499769838
41386.049997667425
41402.734997658685
41452.7199976325
41479.184997618635
41576.35499756773
41636.04499753646
41655.22499752641
41724.894997489915
41771.93499746527
41822.64499743871
41861.244997418486
41883.40499740688
41903.279997396465
41927.074997384
41954.969997369386
41976.37999735817
42005.76999734277
42036.54999732665
42099.549997293645
42138.069997273466
42151.59999726638
42166.55999725854
42182.969997249944
42202.209997239865
42225.34999722774
42311.69499718251
42361.97499715617
42395.884997138404
42415.27499712825
42441.84499711433
42508.11999707961
42536.40999706479
42601.58999703064
42626.20499701775
42807.684996922675
42908.38999686992
42961.24999684223
43002.98499682036
43025.754996808435
43081.41499677928
43097.19999677101
43130.759996753426
43151.53999674254
43186.64499672415
43204.369996714864
43299.924996664806
43318.46999665509
43395.14499661492
43419.21499660231
43478.12999657145
43499.749996560124
43516.199996551506
43557.94499652964
43629.319996492246
43640.754996486256
43653.73999647945
43678.724996466364
43703.154996453566
43799.20499640325
43834.66499638467
43874.839996363626
43897.89499635155
43918.06499634098
43935.15499633203
43955.75499632124
43970.954996313274
43996.07999630011
44012.10499629172
44075.26499625863
44202.0649961922
44246.74999616879
44278.779996152014
44325.39999612759
44345.949996116826
44366.29499610617
44398.654996089215
44426.469996074644
44456.914996058695
44474.89999604927
44495.49999603848
44517.89499602675
44542.164996014035
44558.0749960057
44600.71999598336
44637.59499596404
44695.94999593347
44775.28999589191
44842.36999585677
44861.154995846926
44926.14999581288
44970.06999578987
45097.264995723235
45126.51499570791
45148.37999569646
45291.22999562162
45307.3099956132
45342.84499559458
45510.27999550687
45533.19999549486
45582.45999546906
45774.25499536858
45797.90499535619
45916.29999529417
45983.02499525921
46036.53499523118
46062.59499521753
46082.8799952069
46155.62999516879
46174.21999515905
46189.94999515081
46216.82499513673
46270.29999510872
46285.519995100745
46315.07499508526
46338.34499507307
46352.14999506584
46392.339995044786
46504.60999498597
46531.79999497173
46559.59999495716
46578.704994947155
46595.139994938545
46796.28499483317
46824.71499481828
46864.004994797695
46917.17999476984
46972.009994741114
46995.259994728935
47038.39499470634
47101.72999467316
47116.43999466545
47130.68999465799
47156.214994644615
47182.994994630586
47227.034994607515
47243.699994598785
47264.39999458794
47448.50499449149
47469.36999448056
47524.819994451515
47543.11999444193
47556.809994434756
47608.99499440742
47637.55999439245
47770.05999432304
47803.23499430566
47966.20499422029
48141.26499412858
48168.66999411422
48257.02999406793
48285.70999405291
48312.79499403872
48329.88999402976
48352.61499401786
48393.699993996335
48425.4499939797
48450.93499396635
48582.5599938974
48598.30499388915
48675.719993848594
48698.969993836414
48752.94499380814
48772.6749937978
48814.739993775765
48832.359993766535
48916.234993722595
48959.7549936998
48976.289993691134
49027.119993664506
49049.914993652565
49145.929993602265
49269.434993537565
49284.569993529636
49329.869993505905
49348.32499349624
49418.68499345938
49513.49999340971
49530.40499340085
49583.89999337283
49611.58499335832
49633.969993346596
49674.02999332561
49804.339993257345
49888.6099932132
49905.414993204395
49984.974993162716
2.119999999999977
23.229999999999663
81.66999999999821
141.79499999994354
231.76499999986171
335.13499999976773
385.33999999972207
411.2499999996985
430.8499999996807
450.4099999996629
475.49999999964007
496.17999999962126
532.2149999995885
574.6499999995499
590.2999999995357
602.6299999995244
622.0599999995068
769.9399999993723
799.0199999993458
821.6199999993253
842.3599999993064
861.0899999992894
892.3949999992609
926.8299999992296
966.0649999991939
979.0499999991821
1009.8549999991541
1063.254999999998
1117.5650000011835
1136.4450000015956
1365.6750000065992
1382.525000006967
1431.730000008041
1459.120000008639
1497.5500000094778
1575.9300000111887
1612.9950000119977
1627.2950000123099
1643.1450000126558
1685.1900000135736
1736.430000014692
1763.6600000152864
1789.3100000158463
1818.0600000164739
1854.7400000172745
1869.7300000176017
1917.7950000186509
1961.8800000196131
2016.3150000208013
2044.3600000214135
2083.705000022272
2176.0800000242884
2261.2100000261466
2292.7750000268356
2309.9900000272114
2330.495000027659
2564.6600000327703
2628.510000034164
2706.2700000358614
2740.9200000366177
2961.2250000414265
3014.9650000425995
3028.405000042893
3066.0550000437147
3091.720000044275
3122.5350000449475
3164.4500000458625
3222.8150000471364
3276.295000048304
3370.2350000503543
3415.84500005135
3638.3000000562056
3657.615000056627
3728.1450000581667
3742.550000058481
3759.215000058845
3775.675000059204
3820.0400000601726
3874.675000061365
3900.5700000619304
3923.7500000624364
3936.4100000627127
3965.9000000633564
4031.755000064794
4088.110000066024
4104.8300000663885
4152.875000067437
4193.610000068326
4225.905000069031
4240.235000069344
4267.170000069932
4298.995000070627
4323.340000071158
4344.380000071617
4358.620000071928
4455.0250000740325
4528.6450000756395
4573.540000076619
4588.965000076956
4605.755000077323
4617.050000077569
4649.750000078283
4671.470000078757
4757.675000080639
4881.855000083349
4899.76500008374
4927.69500008435
5030.625000086597
5062.135000087284
5093.515000087969
5158.890000089396
5194.010000090163
5208.355000090476
5226.215000090866
5267.125000091759
5294.590000092358
5317.615000092861
5332.0700000931765
5491.845000096664
5531.370000097527
5565.86500009828
5581.2450000986155
5602.580000099081
5635.615000099802
5696.2800001011265
5737.335000102023
5771.10500010276
5801.750000103429
5846.565000104407
5869.955000104917
5887.565000105302
5906.970000105725
5957.215000106822
5975.075000107212
6007.255000107914
6041.380000108659
6118.84000011035
6138.570000110781
6252.770000113273
6305.895000114433
6327.970000114915
6390.835000116287
6502.195000118718
6530.5350001193365
6549.895000119759
6562.150000120027
6576.265000120335
6588.680000120606
6673.285000122452
6687.625000122765
6712.355000123305
6748.445000124093
6767.725000124514
6790.8450001250185
6804.860000125324
6860.235000126533
6973.105000128997
7013.455000129878
7069.995000131112
7101.940000131809
7125.260000132318
7145.935000132769
7160.265000133082
7179.965000133512
7269.19500013546
7292.980000135979
7332.9050001368505
7411.425000138564
7432.940000139034
7476.470000139984
7498.8400001404725
7517.755000140885
7537.050000141307
7689.675000144638
7790.815000146846
7807.595000147212
7818.255000147445
7840.665000147934
7858.415000148321
7972.695000150816
7995.070000151304
8054.405000152599
8080.635000153172
8179.735000155335
8244.030000147273
8266.255000143716
8295.580000139022
8314.555000135984
8370.465000127035
8398.875000122487
8430.495000117426
8445.40000011504
8471.63500011084
8573.805000094486
8755.460000065408
8778.860000061663
8803.400000057734
8923.970000038435
8945.260000035027
8964.745000031908
8981.705000029193
9018.940000023233
9077.11500001392
9100.470000010182
9128.91000000563
9197.079999994718
9236.11499998847
9265.524999983762
9294.969999979048
9312.664999976216
9325.654999974136
9344.709999971086
9360.05999996863
9416.364999959616
9438.3349999561
9461.289999952425
9571.069999934853
9633.93499992479
9651.229999922021
9872.564999886592
9897.054999882672
9991.549999867546
10009.544999864665
10042.369999859411
10068.819999855177
10088.994999851948
10109.549999848658
10151.184999841993
10181.029999837216
10202.764999833737
10272.424999822586
10311.959999816258
10355.319999809317
10374.774999806203
10394.104999803109
10440.814999795632
10554.794999777387
10600.619999770051
10697.45999975455
10714.629999751802
10804.644999737393
10855.929999729184
10874.25499972625
10918.964999719094
10964.879999711744
10984.599999708587
11003.709999705528
11020.959999702767
11096.90999969061
11121.02499968675
11154.31999968142
11169.244999679031
11219.204999671034
11382.569999644884
11409.364999640595
11425.07999963808
11463.174999631981
11484.139999628625
11597.054999610551
11609.42999960857
11655.924999601128
11775.35499958201
11794.294999578979
11851.454999569829
11959.229999552577
12035.67499954034
12069.494999534927
12084.334999532552
12120.444999526771
12206.834999512943
12244.749999506874
12259.399999504529
12280.769999501108
12346.594999490571
12362.359999488048
12513.739999463816
12581.11999945303
12611.089999448233
12653.134999441503
12670.849999438668
12692.594999435187
12706.794999432914
12733.769999428596
12747.139999426456
12769.384999422895
12789.644999419652
12806.329999416981
12824.734999414035
12847.674999410363
12866.734999407312
12895.699999402676
12997.12999938644
13064.494999375656
13173.304999358239
13193.239999355048
13207.864999352707
13231.469999348928
13250.219999345927
13291.139999339377
13367.39999932717
13383.179999324644
13485.794999308218
13590.874999291398
13648.874999282114
13675.26499927789
13692.6899992751
13736.23999926813
13776.59499926167
13797.974999258247
13956.529999232867
14019.469999222792
14092.549999211094
14117.549999207093
14130.774999204976
14166.849999199201
14182.259999196734
14236.619999188033
14290.139999179466
14312.029999175962
14513.934999143643
14551.129999137689
14591.029999131302
14642.714999123029
14664.929999119473
14677.31999911749
14772.65499910223
14791.274999099249
14807.599999096636
14843.61999909087
14860.754999088127
14878.72499908525
14992.254999067078
15019.324999062745
15036.199999060043
15050.739999057716
15152.974999041351
15186.374999036005
15206.264999032821
15222.474999030226
15239.419999027514
15252.039999025494
15286.29999902001
15368.904999006787
15403.37499900127
15429.209998997134
15447.03499899428
15485.014998988201
15532.859998980543
15550.109998977781
15602.84999896934
15621.539998966347
15643.799998962784
15692.269998955026
15714.239998951509
15767.994998942904
15797.969998938106
15817.824998934928
15911.134998919992
16053.544998897196
16083.31499889243
16104.139998889097
16123.574998885986
16186.70499887588
16205.334998872899
16328.599998853168
16447.664998857268
16461.81499886015
16518.724998871745
16544.754998877048
16842.779998937764
16858.009998940866
16898.309998949077
16918.414998953172
17094.069998988958
17150.37999900043
17206.78499901192
17222.514999015126
17243.994999019502
17277.839999026397
17302.359999031392
17330.244999037073
17411.049999053535
17428.284999057047
17501.87499907204
17607.439999093545
17626.01499909733
17711.649999114776
17793.614999131474
17913.434999155885
18003.58999917425
18062.13999918618
18084.484999190732
18099.49999919379
18132.52999920052
18168.244999207796
18186.77499921157
18392.77999925354
18415.6449992582
18440.429999263248
18547.63999928509
18668.20499930965
18681.64499931239
18707.289999317614
18889.049999354644
18955.479999368177
18972.979999371742
19031.03499938357
19046.804999386783
19061.27499938973
19081.324999393815
19097.00499939701
19114.47999940057
19312.599999440932
19327.429999443953
19347.744999448092
19429.149999464677
19488.60499947679
19701.33999952013
19722.779999524497
19740.794999528167
19798.894999540003
19858.539999552155
19889.524999558467
19923.99999956549
19942.774999569316
19993.35999957962
20109.43499960327
20153.164999612178
20167.394999615077
20188.089999619293
20288.54499963976
20322.054999646585
20340.08999965026
20358.29499965397
20404.97499966348
20576.994999698523
20602.954999703812
20677.45999971899
20740.714999731877
20756.714999735137
20775.47499973896
20801.124999744185
20839.319999751966
20854.384999755035
20944.549999773404
20965.314999777635
21002.29499978517
21075.23999980003
21094.119999803876
21267.979999839295
21310.624999847983
21322.719999850447
21337.764999853513
21352.56999985653
21379.829999862082
21396.534999865486
21421.29999987053
21456.724999877748
21518.864999890407
21545.359999895805
21562.204999899237
21598.209999906572
21611.624999909305
21724.774999932357
21793.424999946343
21809.16999994955
21864.04999996073
21882.59499996451
21973.424999983014
22001.069999988646
22018.37499999217
22042.66499999712
22071.250000002943
22118.640000012598
22248.115000038975
22268.030000043032
22308.96000005137
22327.61500005517
22371.575000064127
22399.255000069767
22423.650000074736
22493.145000088894
22539.11000009826
22659.855000122858
22677.595000126472
22747.53000014072
22830.18500015756
22846.725000160928
23053.62500020308
23173.580000227517
23252.0350002435
23285.17000025025
23322.540000257864
23447.04500028323
23468.265000287553
23508.880000295827
23531.855000300508
23559.75500030619
23588.345000312016
23630.860000320677
23747.665000344474
23762.67500034753
23775.895000350225
23797.305000354587
23905.235000376575
23925.620000380728
24082.615000412712
24140.740000424554
24183.990000433365
24224.000000441516
24244.405000445673
24264.37500044974
24330.73000046326
24355.285000468262
24399.30000047723
24510.855000499956
24533.030000504474
24608.530000519855
24627.245000523668
24672.290000532845
24698.38500053816
24745.660000547792
24762.065000551134
24786.405000556093
24812.580000561426
24851.92000056944
24873.18000057377
24945.9600005886
25002.720000600162
25040.16000060779
25280.38500065673
25354.15500067176
25377.9250006766
25420.6200006853
25445.030000690273
25460.660000693457
25494.44000070034
25516.73000070488
25544.71000071058
25578.835000717532
25679.06500073795
25737.46500074985
25822.660000767206
25867.84000077641
25886.73000078026
25905.035000783988
25920.480000787134
25950.525000793255
25995.56500080243
26123.77000082855
26221.780000848517
26256.665000855624
26302.990000865062
26317.865000868092
26345.63500087375
26373.015000879328
26399.100000884642
26439.44000089286
26459.105000896867
26487.185000902587
26527.89500091088
26559.610000917342
26593.335000924213
26645.460000934832
26693.84000094469
26710.180000948018
26736.470000953374
26784.240000963106
26805.21500096738
26821.200000970635
26862.30500097901
26904.505000987607
26933.500000993514
26949.83500099684
26968.025001000547
26998.13000100668
27013.00500100971
27062.935001019883
27074.02000102214
27084.81500102434
27098.665001027162
27288.595001065856
27311.04000107043
27334.785001075266
27370.035001082448
27395.12000108756
27412.395001091078
27479.565001104762
27539.410001116954
27552.615001119644
27570.820001123353
27633.69000113616
27668.075001143166
27693.67000114838
27778.410001165645
27795.830001169194
27812.590001172608
27874.14500118515
27895.965001189594
27910.07500119247
27939.98500119856
28074.935001226055
28194.270001250366
28258.69000126349
28509.060001314498
28545.715001321965
28561.79500132524
28639.380001341047
28664.045001346072
28676.815001348674
28687.430001350836
28781.39000136998
28795.865001372928
28893.55000139283
28974.75000140937
28991.645001412813
29009.035001416356
29156.31000144636
29183.690001451938
29278.93000147134
29338.1150014834
29372.04000149031
29425.74000150125
29498.180001516008
29513.785001519187
29583.270001533343
29607.135001538205
29620.375001540902
29634.560001543792
29691.990001555492
29729.77000156319
29747.265001566753
29762.36000156983
29779.810001573383
29803.880001578287
29830.4500015837
29853.945001588487
29887.20000159526
29957.325001609548
30034.530001625277
30120.555001642802
30432.96500170645
30462.890001712545
30511.440001722436
30546.80000172964
30609.400001742393
30627.480001746077
30643.535001749347
30670.09500175476
30758.395001772747
30793.74500177995
30808.055001782865
30822.16500178574
30991.550001820247
31029.030001827883
31047.400001831626
31062.665001834735
31124.3400018473
31150.74000185268
31186.660001859997
31224.82500186777
31323.120001887797
31376.40000189865
31401.830001903832
31442.70000191216
31467.14500191714
31493.085001922424
31561.83000193643
31609.465001946133
31730.235001970737
31757.965001976387
31811.950001987385
31845.715001994264
31872.98500199982
31909.630002007285
31931.430002011726
31974.710002020543
32098.1850020457
32193.02000206502
32208.93000206826
32297.390002086282
32398.99000210698
32562.860002140365
32646.930002157493
32727.105002173827
32745.82000217764
32863.09000213234
32895.17500211553
32926.9250020989
32949.400002087124
33006.84500205703
33110.82000200256
33128.29500199341
33152.255001980855
33173.47000196974
33223.610001943474
33243.36000193313
33267.54000192046
33302.080001902366
33439.18500183054
33456.470001821486
33476.490001811
33491.01500180339
33528.54000178373
33558.51000176803
33601.93500174528
33624.585001733416
33722.50500168212
33861.24500160944
33883.010001598035
33904.80000158662
33926.75000157512
33955.83000155989
34000.77500153634
34114.02500147701
34153.98000145608
34195.62000143427
34278.985001390596
34304.21500137738
34319.98000136912
34434.200001309284
34453.99000129892
34468.43500129135
34482.54000128396
34551.80000124768
34570.0800012381
34589.295001228034
34671.85000118479
34731.75000115341
34769.07500113385
34790.870001122435
34807.80000111357
34826.45500110379
34910.01000106002
34926.10000105159
34978.83500102397
34997.860001014
35056.665000983194
35072.41500097494
35096.66000096224
35113.49500095342
35128.2350009457
35151.7150009334
35182.570000917236
35198.25500090902
35213.29000090114
35235.26500088963
35323.30500084351
35384.20000081161
35421.86000079188
35460.99000077138
35598.075000699566
35640.06000067757
35713.04500063934
35735.69000062747
35760.180000614644
35820.54000058302
35861.78500056142
35885.97000054875
35964.33500050769
35980.64000049915
36080.22500044698
36105.205000433896
36149.110000410896
36297.805000333
36329.235000316534
36389.820000284795
36426.720000265464
36498.97500022761
36565.79500019261
36594.08500017779
36608.480000170246
36630.36500015878
36664.00500014116
36695.6100001246
36814.51500006231
36876.90500002963
36896.265000019484
36928.29000000271
37065.60499993077
37187.49499986692
37202.43999985909
37225.71999984689
37329.31999979262
37351.549999780975
37374.95999976871
37390.644999760494
37416.374999747015
37447.82999973054
37481.02499971315
37492.66499970705
37515.654999695005
37533.504999685654
37559.7549996719
37574.85499966399
37625.67999963737
37643.759999627895
37659.82999961948
37707.764999594365
37760.26499956686
37889.59999949911
37916.844999484834
37994.51999944414
38012.24499943486
38053.48999941325
38086.7949993958
38113.914999381595
38191.99499934069
38225.07499932336
38239.58999931576
38251.56999930948
38377.109999243716
38393.984999234875
38435.98499921287
38502.85499917784
38520.82499916843
38599.44499912724
38657.64999909675
38677.7899990862
38696.34499907648
38733.46499905703
38765.70499904014
38983.43499892608
39009.444998912455
39072.50499887942
39086.17499887226
39167.52999882964
39253.63499878453
39414.624998700194
39445.68999868392
39489.754998660836
39512.02499864917
39529.94999863978
39547.25999863071
39564.62499862161
39636.429998584
39681.90999856017
39695.70999855294
39716.60999854199
39734.39999853267
39750.814998524074
39788.5649985043
39833.484998480766
39856.99499846845
39892.23499844999
39905.71499844293
39952.47999841843
39967.08499841078
39980.949998403514
39999.55499839377
40043.42999837078
40071.72999835596
40100.899998340676
40186.46499829585
40220.97999827777
40241.28999826713
40287.244998243055
40407.20999818021
40429.71499816842
40560.81499809974
40608.82999807459
40621.299998068054
40637.10999805977
40656.9099980494
40679.52999803755
40734.24999800888
40788.82499798029
40879.969997932545
40895.84499792423
40912.4999979155
40963.34499788887
40992.62499787353
41027.26999785538
41037.9249978498
41053.064997841866
41151.89999779009
41173.12999777897
41190.049997770104
41315.12499770458
41336.03499769363
41514.26499760026
41533.299997590286
41554.069997579405
41726.20499748923
41785.65999745808
41842.92999742808
41863.47499741732
41968.20499736245
41998.91999734636
42015.58999733763
42051.044997319055
42081.33499730319
42104.53499729103
42294.28999719163
42311.109997182815
42327.90499717402
42398.194997137194
42419.21999712618
42561.269997051764
42677.66499699079
42704.41999697677
42795.32999692915
42813.314996919726
42834.41499690867
42879.669996884964
42930.329996858425
42963.32999684114
42978.61999683313
43074.24999678303
43093.43999677298
43407.74499660832
43477.95999657154
43550.84499653336
43576.07499652014
43671.144996470335
43691.284996459784
43735.7349964365
43773.12499641691
43789.569996408296
43802.264996401645
43862.434996370124
43892.419996354416
43928.54999633549
43943.829996327484
43966.53999631559
43988.454996304106
44004.8899962955
44018.86999628817
44035.48499627947
44082.9499962546
44173.76499620703
44224.15499618063
44311.054996135106
44434.58999607039
44454.109996060164
44514.809996028365
44535.004996017786
44559.419996004995
44574.81499599693
44609.45999597878
44632.06499596694
44653.92499595549
44827.12999586475
44899.90999582662
44969.17499579034
44990.2399957793
45030.779995758065
45084.5399957299
45111.20999571593
45127.519995707386
45147.84499569674
45162.27499568918
45223.07499565733
45238.38499564931
45264.08999563584
45281.74499562659
45307.45499561312
45461.229995532565
45523.3949955
45552.69499548465
45591.55499546429
45605.37999545705
45693.194995411046
45725.67499539403
45767.90499537191
45790.86499535988
45928.329995287866
45948.1149952775
45977.59499526206
45996.669995252065
46072.72499521222
46088.56999520392
46143.35499517522
46156.024995168584
46177.879995157135
46227.529995131124
46254.18999511716
46279.304995104
46305.18499509044
46450.07499501454
46467.48499500542
46499.09499498886
46667.78499490049
46698.36499488447
46717.22499487459
46795.17999483375
46891.244994783425
46942.594994756524
46964.10999474525
46990.07999473165
47035.66499470777
47087.77499468047
47103.66999467214
47120.38999466338
47298.68499456998
47315.319994561265
47380.80499452696
47402.80999451543
47421.83999450546
47455.31999448792
47479.13499447545
47577.01999442417
47680.584994369914
47755.21499433082
47795.21999430986
47946.029994230856
47980.41499421284
47995.374994205005
48012.974994195785
48029.50999418712
48079.83999416076
48121.48999413894
48168.08499411453
48192.13499410193
48313.029994038596
48334.95999402711
48357.82499401513
48381.34499400281
48481.3799939504
48516.87499393181
48594.3849938912
48622.08999387669
48736.38499381681
48755.70499380669
48776.39499379585
48871.949993745795
48890.58499373603
48919.48999372089
48950.654993704564
48997.669993679934
49021.0199936677
49044.45999365542
49131.329993609914
49161.80499359395
49316.94999351267
49350.04999349533
49368.6349934856
49384.87499347709
49440.124993448146
49492.19499342087
49516.78999340798
49577.03499337642
49593.329993367886
49693.15999331559
49728.85999329689
49795.729993261855
49834.82999324137
49885.13499321502
49998.44499315566
