10.580000000000254
56.53500000001047
87.6249999999928
169.36999999991846
196.32999999989394
429.22999999968215
445.889999999667
470.064999999645
550.5099999995718
565.1049999995586
585.8699999995397
626.8099999995025
688.7599999994461
752.7449999993879
826.6149999993207
845.3399999993037
868.7599999992824
970.8349999991896
997.4399999991654
1082.1600000004107
1097.1850000007387
1275.500000004631
1340.9450000060594
1382.800000006973
1408.4650000075333
1465.215000008772
1484.7250000091979
1509.4600000097378
1529.1950000101685
1552.1400000106694
1574.7800000111636
1610.8750000119514
1624.5450000122498
1634.6200000124697
1666.285000013161
1703.9600000139833
1758.7700000151797
1774.4250000155214
1789.4200000158487
1849.905000017169
1864.9250000174968
1878.8700000178012
1980.3500000200163
2005.445000020564
2021.520000020915
2037.5950000212658
2049.940000021535
2067.5550000219196
2085.0450000223013
2110.275000022852
2153.615000023798
2167.4250000240995
2178.6450000243444
2207.7350000249794
2238.830000025658
2267.0750000262747
2287.9000000267292
2312.115000027258
2328.840000027623
2357.1900000282417
2423.915000029698
2438.5900000300185
2452.3000000303177
2483.7600000310044
2558.955000032646
2616.595000033904
2703.00000003579
2725.2350000362753
2741.260000036625
2828.570000038531
2851.110000039023
2897.4200000400338
2980.435000041846
2993.770000042137
3011.8050000425305
3040.8100000431637
3070.790000043818
3088.790000044211
3115.8400000448014
3130.5550000451226
3146.1750000454635
3167.645000045932
3370.2800000503553
3390.5500000507977
3420.835000051459
3498.230000053148
3511.190000053431
3566.7000000546427
3587.3500000550935
3598.910000055346
3613.3750000556615
3633.93000005611
3658.3250000566427
3776.360000059219
3834.070000060479
3944.2700000628843
3962.6050000632845
4011.41000006435
4028.6150000647253
4045.31500006509
4067.3800000655715
4086.230000065983
4107.475000066446
4153.645000067454
4194.010000068335
4315.100000070978
4593.970000077065
4612.545000077471
4701.625000079415
4713.5950000796765
4726.735000079963
4820.900000082019
4849.540000082644
4877.525000083255
4989.515000085699
5074.625000087557
5107.590000088277
5134.635000088867
5288.335000092222
5304.080000092566
5373.590000094083
5460.780000095986
5493.765000096706
5603.730000099106
5635.660000099803
5677.170000100709
5719.3250001016295
5761.790000102556
5863.960000104787
5918.445000105976
5980.655000107334
6023.8900001082775
6042.295000108679
6060.750000109082
6179.625000111677
6198.190000112082
6237.525000112941
6264.620000113532
6340.10000011518
6444.350000117455
6478.6750001182045
6557.680000119929
6698.695000123007
6730.595000123703
6841.985000126135
6889.88000012718
6940.73500012829
6955.84500012862
6971.380000128959
6990.365000129374
7079.365000131316
7091.01000013157
7107.160000131923
7133.945000132508
7152.430000132911
7247.175000134979
7266.400000135399
7360.600000137455
7402.355000138366
7506.155000140632
7522.225000140983
7552.7150001416485
7567.410000141969
7629.490000143324
7655.280000143887
7671.295000144237
7792.795000146889
7806.215000147182
7819.4850001474715
7865.610000148478
7887.185000148949
7901.7200001492665
7919.340000149651
8005.500000151532
8027.900000152021
8044.325000152379
8059.185000152704
8176.830000155272
8272.710000142682
8297.875000138654
8322.725000134677
8344.63000013117
8363.545000128142
8416.835000119612
8439.885000115923
8569.735000095137
8585.160000092668
8604.285000089607
8649.360000082392
8670.665000078981
8688.175000076179
8716.205000071692
8728.290000069757
8746.815000066792
8885.355000044616
8943.30500003534
8969.755000031106
8987.380000028284
9003.425000025716
9044.295000019174
9143.425000003306
9190.719999995736
9218.209999991335
9250.59999998615
9268.71499998325
9292.08999997951
9344.844999971065
9388.16999996413
9403.649999961652
9442.294999955466
9527.91499994176
9639.359999923921
9672.809999918567
9691.144999915632
9780.344999901354
9811.9149998963
9917.884999879338
9996.879999866693
10026.69999986192
10050.5599998581
10082.389999853005
10236.609999828319
10256.274999825171
10297.429999818583
10321.699999814698
10337.099999812233
10353.569999809597
10430.14499979734
10499.91999978617
10520.694999782845
10534.869999780576
10554.554999777425
10620.36999976689
10745.594999746845
10771.094999742763
10878.239999725613
10904.394999721426
10923.159999718422
10996.379999706702
11019.284999703035
11138.709999683919
11158.899999680687
11199.4199996742
11223.504999670346
11325.55999965401
11400.784999641968
11421.004999638732
11451.054999633921
11513.954999623853
11548.219999618368
11569.379999614981
11593.669999611093
11695.299999594825
11710.504999592391
11732.339999588896
11760.789999584342
11806.144999577082
11821.219999574669
11893.834999563045
11909.024999560614
11929.03499955741
11951.21999955386
11983.729999548656
12063.299999535919
12083.879999532624
12122.419999526455
12183.469999516683
12205.964999513082
12223.84499951022
12322.944999494357
12337.869999491968
12365.739999487507
12417.75999947918
12431.24999947702
12457.609999472801
12536.804999460124
12629.60499944527
12704.154999433336
12729.924999429211
12753.514999425435
12780.319999421145
12850.389999409928
12871.704999406516
12891.394999403365
12909.679999400438
13023.969999382143
13108.224999368656
13139.224999363694
13180.804999357038
13211.724999352089
13264.464999343647
13274.674999342013
13288.134999339858
13319.48499933484
13354.109999329297
13370.39999932669
13414.384999319649
13430.449999317078
13654.999999281134
13689.264999275649
13721.79999927044
13757.53499926472
13814.94999925553
13845.1249992507
13909.259999240434
13928.984999237276
14060.119999216286
14074.194999214033
14091.734999211225
14149.694999201947
14166.459999199264
14188.199999195784
14201.609999193637
14234.049999188444
14271.909999182384
14305.10999917707
14349.96499916989
14367.51999916708
14486.879999147974
14552.3099991375
14567.86499913501
14584.134999132406
14602.929999129397
14614.884999127484
14637.429999123875
14738.254999107736
14848.30499909012
14876.35499908563
14898.729999082048
14930.529999076958
15000.809999065708
15038.024999059751
15056.509999056792
15109.759999048269
15159.829999040254
15260.089999024205
15442.879998994946
15480.58999898891
15553.024998977315
15586.114998972018
15608.319998968464
15672.554998958181
15692.729998954952
15756.624998944724
15788.94999893955
15804.974998936985
15824.549998933851
15915.449998919301
16010.634998904065
16028.40499890122
16050.664998897657
16067.654998894937
16150.90999888161
16202.974998873276
16219.854998870574
16244.0549988667
16327.7749988533
16352.709998849308
16451.434998858036
16484.124998864696
16499.11499886775
16517.47999887149
16556.039998879347
16607.819998889896
16623.29999889305
16636.20999889568
16650.314998898553
16779.269998924825
16799.539998928954
16842.654998937738
16859.1649989411
16872.129998943743
16897.869998948987
16935.754998956705
16992.08499896818
17017.874998973435
17034.454998976813
17156.554999001688
17173.194999005078
17191.579999008824
17209.09499901239
17250.50999902083
17288.99999902867
17316.814999034337
17356.44499904241
17393.84999905003
17485.73999906875
17504.024999072477
17522.15499907617
17537.209999079238
17552.029999082257
17570.129999085944
17667.78499910584
17693.6149991111
17801.50499913308
17923.109999157856
17953.344999164015
17980.569999169562
17994.79999917246
18111.409999196218
18215.959999217517
18235.31499922146
18340.089999242806
18358.974999246653
18398.499999254705
18510.604999277544
18527.559999281
18565.8499992888
18587.54499929322
18601.859999296135
18649.19999930578
18859.23999934857
18948.47999936675
19011.089999379506
19026.794999382706
19039.61999938532
19151.774999408168
19199.30499941785
19262.089999430642
19288.024999435926
19493.349999477756
19516.28999948243
19551.619999489627
19581.354999495685
19709.019999521694
19793.07999953882
19809.459999542156
19824.834999545288
19839.96999954837
19919.77499956463
19942.119999569182
19965.359999573917
19993.019999579552
20039.164999588953
20084.34999959816
20099.409999601226
20152.369999612016
20246.124999631116
20349.16999965211
20396.364999661724
20445.71999967178
20463.0049996753
20481.25499967902
20517.229999686348
20596.12499970242
20614.33499970613
20655.46499971451
20670.069999717485
20690.80499972171
20708.954999725407
20782.5499997404
20821.599999748356
20873.274999758883
20887.0949997617
20915.039999767392
20938.859999772245
21010.3049997868
21062.23999979738
21183.644999822114
21209.899999827463
21292.14499984422
21307.279999847302
21322.764999850457
21336.32499985322
21363.96499985885
21379.929999862103
21392.814999864728
21412.204999868678
21425.749999871437
21453.92999987718
21509.144999888427
21605.084999907973
21626.23499991228
21664.484999920074
21681.88999992362
21790.929999945834
21823.514999952473
21849.824999957833
22088.770000006512
22198.485000028864
22213.105000031843
22249.450000039247
22268.135000043054
22288.18500004714
22303.45500005025
22344.085000058527
22392.89500006847
22459.74000008209
22531.775000096764
22554.14500010132
22581.200000106834
22635.18000011783
22652.84500012143
22694.530000129922
22759.27000014311
22791.195000149615
22843.575000160286
22879.86000016768
22897.83000017134
22910.585000173938
22940.58000018005
23100.540000212637
23251.475000243387
23310.650000255442
23331.735000259738
23356.905000264866
23401.850000274022
23436.88000028116
23460.60000028599
23534.185000300982
23585.495000311435
23630.765000320658
23675.610000329794
23698.040000334364
23714.4100003377
23821.480000359512
23836.59000036259
23866.345000368652
23958.95500038752
23983.490000392518
24078.060000411784
24092.875000414802
24104.20500041711
24117.880000419897
24151.12000042667
24165.980000429696
24258.745000448595
24400.550000477484
24479.765000493622
24501.020000497952
24603.93500051892
24627.590000523738
24646.480000527587
24668.58500053209
24738.305000546294
24755.26500054975
24772.11500055318
24783.660000555534
24883.53500057588
24898.850000579
24913.010000581886
24929.950000585337
24949.175000589254
24967.250000592936
25004.52500060053
25023.925000604482
25126.875000625456
25167.965000633827
25183.565000637005
25289.03000065849
25345.100000669914
25374.110000675824
25396.22000068033
25421.490000685477
25442.035000689662
25460.24000069337
25564.675000714647
25585.5550007189
25645.605000731135
25697.405000741688
25798.265000762236
25828.295000768354
25844.785000771713
25862.990000775422
25986.52500080059
26054.100000814356
26095.235000822737
26114.480000826657
26150.805000834058
26229.070000850003
26298.040000864054
26332.800000871135
26353.220000875295
26379.69500088069
26398.380000884496
26422.65000088944
26491.07000090338
26533.695000912063
26607.630000927125
26651.88000093614
26669.715000939774
26737.515000953586
26781.450000962537
26825.420000971495
26860.58500097866
26876.910000981985
26898.510000986385
26916.075000989964
26975.11000100199
27008.935001008882
27035.645001014323
27059.460001019175
27077.465001022843
27177.63500104325
27193.20000104642
27207.96000104943
27252.870001058578
27284.305001064982
27325.155001073304
27394.265001087384
27439.880001096677
27486.290001106132
27534.595001115973
27553.705001119866
27578.890001124997
27608.665001131063
27689.575001147547
27714.445001152613
27737.64500115734
27761.480001162196
27781.245001166222
27841.22500117844
27870.395001184384
27898.9350011902
27933.905001197323
27984.460001207623
28028.91000121668
28092.68500122967
28174.135001246264
28276.640001267147
28344.125001280896
28465.325001305588
28535.29000131984
28556.070001324075
28588.5950013307
28668.285001346936
28743.6950013623
28756.875001364984
28768.595001367372
28790.615001371858
28808.825001375568
28882.240001390524
28919.63000139814
28951.400001404614
29021.13000141882
29039.375001422537
29063.59500142747
29082.405001431303
29127.755001440542
29143.370001443724
29161.285001447373
29178.385001450857
29195.97000145444
29222.105001459764
29276.790001470905
29324.77500148068
29342.39000148427
29455.940001507402
29594.085001535546
29706.55500155846
29767.33000157084
29795.01000157648
29835.55500158474
29866.020001590947
29905.41000159897
29960.87000161027
29975.425001613236
29992.53000161672
30022.18000162276
30082.41000163503
30150.73500164895
30179.00500165471
30278.270001674933
30339.940001687497
30372.570001694145
30387.36500169716
30424.97000170482
30511.720001722493
30533.070001726843
30623.295001745224
30642.28000174909
30662.850001753282
30732.115001767394
30758.665001772802
30790.5500017793
30865.790001794627
30883.350001798204
30906.425001802905
30922.630001806207
30950.250001811833
31030.5900018282
31060.71500183434
31078.83500183803
31156.375001853827
31182.125001859073
31312.39000188561
31330.175001889234
31427.675001909098
31447.195001913075
31475.49000191884
31536.145001931196
31561.6850019364
31583.605001940865
31608.340001945904
31696.86500196394
31747.410001974236
31816.845001988382
31885.960002002463
31994.995002024676
32044.405002034742
32084.15500204284
32108.575002047815
32126.890002051547
32156.21000205752
32225.26500207159
32261.470002078964
32365.185002100094
32380.005002103113
32395.660002106302
32412.59000210975
32425.24500211233
32457.21000211884
32470.930002121637
32489.085002125335
32554.475002138657
32625.795002153187
32639.620002156003
32662.045002160572
32696.79500216765
32741.985002176858
32763.260002181192
32783.690002173935
32817.400002156275
32905.79000210997
32928.785002097924
32943.81000209005
33062.020002028126
33094.380002011174
33161.50000197601
33223.03000194378
33238.290001935784
33260.23500192429
33301.76500190253
33342.360001881265
33378.46000186235
33449.54000182512
33472.4750018131
33497.820001799824
33590.31500175137
33607.865001742175
33624.52500173345
33714.10500168652
33730.49500167793
33851.27500161466
33864.01000160799
33946.79000156462
33971.19500155184
34032.40500151977
34058.695001506
34076.69000149657
34108.95500147967
34123.645001471974
34138.2950014643
34151.16000145756
34168.08500144869
34187.88000143832
34217.46000142283
34280.48000138981
34336.15000136065
34352.710001351974
34394.88000132988
34459.19000129619
34540.8700012534
34648.505001197016
34696.14000117206
34725.360001156754
34751.11500114326
34776.98000112971
34838.900001097274
34857.455001087554
34890.22500107039
34916.04000105686
34931.6200010487
34944.2200010421
35039.16500099236
35067.84500097734
35185.25000091583
35200.205000908
35332.98500083844
35365.500000821405
35436.45500078423
35454.36500077485
35472.92500076513
35508.645000746415
35545.68500072701
35593.35000070204
35608.75500069397
35714.18500063874
35760.95000061424
35831.94500057705
35854.83000056506
35867.03000055867
35885.44500054902
36003.57000048714
36069.90500045239
36094.535000439486
36134.88500041835
36166.43000040182
36185.10000039204
36254.59000035564
36272.575000346216
36295.53500033419
36315.06500032396
36336.410000312775
36356.685000302154
36371.12000029459
36412.69500027281
36442.62500025713
36598.70000017537
36656.59500014504
36712.650000115675
36790.820000074724
36846.76000004542
36887.38000002414
36932.35500000058
37038.894999944765
37075.849999925405
37102.08999991166
37115.54999990461
37148.979999887095
37257.55999983021
37339.254999787416
37377.57999976734
37420.48499974486
37439.15999973508
37478.98999971421
37497.7149997044
37513.039999696375
37687.14499960517
37737.42499957883
37754.23499957002
37776.38499955842
37848.51499952063
37865.72999951161
37885.58999950121
37904.8849994911
38010.21499943592
38037.5449994216
38091.9599993931
38108.7549993843
38122.85999937691
38144.209999365725
38175.07999934955
38270.18999929973
38299.10499928458
38407.349999227874
38425.6299992183
38516.58999917065
38551.32499915245
38573.15999914101
38649.509999101014
38667.089999091804
38759.70999904328
38791.30999902673
38808.90999901751
38901.509998969
38915.76499896153
38946.604998945375
38993.16499892098
39037.39499889781
39092.42999886898
39113.79499885779
39177.89499882421
39190.044998817844
39201.18499881201
39215.85499880432
39231.41499879617
39332.369998743285
39352.20999873289
39387.52999871439
39480.459998665705
39496.19999865746
39515.16999864752
39568.25499861971
39583.97499861148
39621.199998591976
39726.11999853701
39758.81499851988
39842.35499847612
39857.31499846828
39889.11999845162
39901.1849984453
39913.66999843876
39970.78499840884
39983.72499840206
40010.269998388154
40044.25499837035
40079.274998352004
40101.739998340236
40125.89499832758
40169.03999830498
40265.51499825444
40291.77499824068
40439.41499816334
40473.494998145485
40495.97499813371
40509.80499812646
40536.23499811262
40551.9249981044
40642.82499805678
40695.17999802935
40747.684998001845
40778.399997985754
40836.23499795546
40856.99999794458
41117.414997808155
41213.70999775771
41226.144997751195
41353.6499976844
41367.0049976774
41441.88999763817
41480.9649976177
41502.529997606405
41590.70999756021
41603.99999755325
41619.98999754487
41635.40999753679
41741.1499974814
41766.604997468065
41807.44999744667
41824.09499743795
41882.55999740732
41905.854997395116
41930.02999738245
41964.84499736421
42003.48499734397
42022.16999733418
42093.44499729684
42127.39499727906
42161.99499726093
42241.82999721911
42284.35999719683
42368.87999715255
42422.88999712426
42516.239997075354
42546.55499705947
42570.364997047
42628.75499701641
42678.90499699014
42710.35499697366
42741.754996957214
42764.809996945136
42796.004996928794
42817.9449969173
42835.249996908235
42940.44999685312
42959.67499684305
43054.04999679361
43067.37999678663
43115.05499676165
43174.494996730515
43191.864996721415
43211.41499671117
43228.364996702294
43256.859996687366
43316.264996656246
43512.289996553554
43533.48499654245
43605.00999650498
43629.51999649214
43642.37499648541
43668.169996471894
43694.44999645813
43739.04999643476
43755.134996426335
43917.38499634134
43995.77999630027
44039.87499627717
44225.689996179826
44244.49999616997
44264.04499615973
44276.62999615314
44398.78499608915
44445.92499606445
44509.83499603097
44528.83499602102
44572.724995998025
44619.50499597352
44681.05999594127
44708.33999592698
44736.70499591212
44755.8399959021
44806.55999587553
44950.55999580009
44978.954995785214
45094.059995724914
45198.45999567022
45211.53499566337
45235.159995650996
45255.49999564034
45295.31999561948
45314.494995609435
45339.62999559627
45352.519995589515
45365.65999558263
45484.764995520236
45499.084995512734
45517.75499550295
45557.399995482185
45573.49999547375
45597.884995460976
45620.429995449165
45635.204995441425
45663.014995426856
45693.6599954108
45722.0999953959
45747.70499538249
45768.89499537139
45801.6999953542
45840.73999533375
45875.06499531577
45891.76999530702
45955.33499527372
46003.05999524872
46022.23999523867
46047.44999522546
46085.12999520572
46100.624995197606
46132.464995180926
46261.22999511347
46281.63999510278
46293.37499509663
46319.649995082866
46437.769995020986
46456.08999501139
46488.11499499461
46542.93999496589
46566.049994953784
46586.87999494287
46663.80499490257
46685.55499489118
46711.44499487762
46753.20499485574
46846.78999480671
46861.41499479905
46935.5749947602
46952.29499475144
46990.76999473129
47063.55499469316
47079.209994684956
47092.019994678245
47114.80499466631
47184.66999462971
47210.159994616355
47236.38499460262
47254.1649945933
47272.92999458347
47359.434994538155
47387.434994523486
47462.79499448401
47478.584994475736
47514.699994456816
47534.90499444623
47580.1999944225
47606.02999440897
47659.719994380845
47764.73999432583
47809.32499430247
47908.01499425077
47934.91499423668
48031.59999418603
48060.084994171106
48134.02999413237
48175.97999411039
48295.414994047824
48312.629994038805
48346.38499402112
48369.474994009026
48466.00499395846
48522.77499392872
48542.229993918525
48575.444993901125
48628.63499387326
48679.31499384671
48764.05499380232
48795.69999378574
48809.07999377873
48870.06999374678
48899.44499373139
48926.56999371718
48949.70999370506
48965.74499369666
49109.049993621586
49138.94999360592
49187.049993580724
49202.28999357274
49221.654993562595
49237.574993554255
49326.969993507424
49349.319993495716
49364.98499348751
49388.15999347537
49496.92499341839
49515.679993408565
49545.46499339296
49885.50999321482
49901.54999320642
49920.359993196565
49950.16999318095
5.809999999999898
25.194999999999272
67.96000000001068
123.18499999996045
145.40999999994025
255.06999999984052
281.35999999981664
298.1049999998014
319.14999999978227
498.2249999996194
560.8199999995625
576.6299999995481
599.6699999995271
635.1249999994949
661.6499999994708
681.2649999994529
706.6749999994298
763.8449999993778
843.964999999305
944.7149999992133
991.9299999991704
1124.9700000013452
1196.9000000029152
1208.9200000031776
1228.5800000036068
1246.3500000039946
1310.960000005405
1371.8400000067338
1386.1600000070464
1494.855000009419
1508.3950000097145
1525.1250000100797
1640.5300000125987
1660.7650000130404
1713.755000014197
1778.210000015604
1906.855000018412
1922.8150000187604
1939.5300000191253
2017.4600000208263
2039.8850000213158
2065.690000021879
2178.0000000243303
2206.255000024947
2227.6100000254132
2318.2950000273927
2472.8100000307654
2592.865000033386
2680.000000035288
2703.2500000357954
2744.425000036694
2883.9450000397396
3094.7200000443404
3134.230000045203
3214.2550000469496
3237.17000004745
3346.7450000498416
3370.49500005036
3400.500000051015
3426.4000000515803
3505.105000053298
3629.255000056008
3643.765000056325
3658.20500005664
3678.870000057091
3720.635000058003
3733.6450000582868
3751.615000058679
3795.130000059629
3856.7750000609744
3877.460000061426
3946.1250000629248
4034.180000064847
4051.175000065218
4083.530000065924
4111.550000066535
4126.100000066853
4142.550000067212
4183.775000068112
4290.170000070434
4306.175000070783
4320.115000071088
4332.555000071359
4368.050000072134
4401.025000072854
4471.1500000743845
4502.54500007507
4580.150000076764
4595.035000077089
4624.86500007774
4645.280000078185
4676.970000078877
4703.550000079457
4718.365000079781
4739.270000080237
4821.505000082032
4867.820000083043
4977.735000085442
5015.340000086263
5087.025000087828
5150.915000089222
5175.700000089763
5229.890000090946
5254.290000091479
5282.065000092085
5342.2900000934
5380.070000094224
5419.28000009508
5434.475000095412
5462.585000096025
5497.830000096795
5625.155000099574
5658.86000010031
5758.960000102495
5779.150000102935
5792.760000103232
5823.630000103906
5935.985000106359
5963.810000106966
5998.105000107715
6023.225000108263
6037.830000108582
6051.220000108874
6314.595000114623
6328.355000114923
6380.235000116056
6578.34000012038
6593.285000120706
6645.7100001218505
6679.480000122588
6727.155000123628
6876.035000126878
6901.3000001274295
6920.155000127841
6934.670000128158
6953.045000128559
7011.350000129832
7028.2950001302015
7076.385000131251
7116.63000013213
7142.350000132691
7242.765000134883
7375.920000137789
7462.835000139687
7557.2500001417475
7634.430000143432
7655.3350001438885
7756.615000146099
7777.5200001465555
7791.635000146864
7832.440000147754
7970.520000150768
8048.5050001524705
8156.810000154835
8180.115000155343
8299.520000138391
8324.365000134414
8339.660000131966
8367.865000127451
8384.095000124853
8461.935000112393
8565.375000095835
8582.170000093147
8608.63500008891
8706.700000073213
8731.480000069247
8749.695000066331
8771.94000006277
8805.945000057327
8845.750000050955
8864.8350000479
8894.94500004308
8912.665000040244
8954.765000033505
8977.645000029843
8999.800000026296
9023.800000022455
9105.895000009314
9144.550000003126
9169.219999999177
9357.514999969037
9388.844999964022
9419.239999959156
9442.034999955507
9486.964999948315
9504.834999945455
9527.97499994175
9567.354999935447
9584.524999932699
9653.73999992162
9787.569999900197
9799.414999898301
9811.469999896372
9911.639999880337
9940.904999875653
9955.209999873363
9973.814999870385
10051.234999857992
10064.36499985589
10087.35499985221
10107.494999848986
10135.64499984448
10152.999999841702
10176.69499983791
10322.3099998146
10372.394999806584
10388.734999803968
10419.32999979907
10466.209999791567
10501.184999785968
10566.809999775463
10593.669999771164
10614.539999767823
10634.134999764687
10660.254999760506
10697.249999754584
10718.334999751209
10734.739999748583
10758.134999744838
10838.969999731898
10858.19999972882
10873.079999726438
10888.149999724026
10985.129999708503
11006.339999705107
11032.599999700904
11067.904999695253
11100.40499969005
11125.624999686013
11172.50499967851
11238.289999667979
11265.224999663667
11281.44999966107
11322.464999654505
11403.809999641484
11423.964999638258
11513.40999962394
11543.77499961908
11558.784999616677
11691.999999595353
11708.269999592749
11723.479999590314
11824.529999574139
11953.294999553527
12012.214999544096
12029.979999541252
12047.069999538517
12081.444999533014
12109.924999528455
12137.829999523989
12205.884999513095
12229.449999509323
12320.879999494688
12347.09999949049
12382.429999484835
12419.25499947894
12437.424999476032
12476.334999469804
12533.154999460708
12615.519999447524
12748.029999426313
12891.244999403389
12906.649999400923
12923.519999398222
13127.88499936551
13262.864999343903
13282.114999340822
13304.669999337211
13342.504999331155
13386.434999324123
13461.29999931214
13537.504999299941
13590.504999291457
13606.139999288955
13624.109999286078
13666.364999279314
13693.87999927491
13782.639999260702
13794.889999258741
13815.794999255395
13835.459999252247
13858.36999924858
13917.724999239079
13934.51999923639
13966.87999923121
13985.849999228174
14001.3099992257
14016.454999223275
14070.314999214654
14111.599999208045
14222.914999190227
14321.344999174471
14371.94999916637
14469.03999915083
14505.504999144992
14591.899999131163
14610.614999128167
14646.38999912244
14750.734999105738
15020.764999062514
15040.399999059371
15133.104999044532
15163.97499903959
15271.004999022458
15344.95499901062
15362.13999900787
15405.484999000932
15456.84499899271
15519.154998982736
15555.014998976996
15573.279998974072
15623.974998965958
15643.314998962862
15684.224998956313
15705.574998952896
15721.04499895042
15750.634998945683
15764.669998943436
15783.694998940391
15809.69499893623
15902.224998921418
15916.569998919122
15937.579998915759
16017.519998902962
16056.919998896656
16076.679998893493
16091.609998891103
16110.399998888095
16200.004998873752
16213.4449988716
16232.899998868486
16345.01999885054
16373.354998846004
16391.71999884587
16465.69499886094
16489.919998865877
16512.724998870523
16585.424998885333
16711.969998911114
16728.894998914562
16742.97999891743
16962.759998962207
16990.2099989678
17004.039998970617
17031.919998976296
17049.299998979837
17159.194999002226
17184.904999007464
17227.264999016093
17307.19999903238
17323.224999035643
17355.624999042244
17371.779999045535
17397.499999050775
17422.589999055886
17463.54999906423
17527.50999907726
17545.114999080848
17558.504999083576
17585.81499908914
17604.299999092906
17667.0949991057
17793.369999131424
17838.399999140598
17955.859999164528
17975.16999916846
18098.344999193556
18113.52499919665
18129.899999199984
18219.289999218196
18325.299999239793
18359.88499924684
18454.07999926603
18467.1999992687
18480.969999271507
18505.754999276556
18694.739999315058
18778.619999332146
18795.449999335575
18879.69999935274
18903.5549993576
18990.859999375385
19004.73499937821
19020.42499938141
19111.37999939994
19141.58499940609
19183.459999414623
19277.15499943371
19292.059999436748
19306.149999439618
19331.97499944488
19387.524999456196
19447.71999946846
19462.29499947143
19507.889999480718
19528.56499948493
19633.174999506242
19651.08999950989
19675.12499951479
19697.02999951925
19719.274999523783
19780.804999536318
19948.87999957056
19966.93999957424
20030.35999958716
20193.459999620387
20224.79499962677
20246.87499963127
20351.994999652685
20390.99499966063
20484.1149996796
20504.019999683656
20593.594999701905
20644.049999712184
20678.594999719222
20751.014999733976
20764.159999736654
20877.37999975972
20894.924999763294
20911.134999766597
20939.534999772382
20957.799999776104
21019.019999788576
21047.50499979438
21147.44499981474
21171.74999981969
21270.334999839775
21305.20499984688
21325.654999851045
21426.919999871676
21461.729999878768
21483.324999883167
21551.81499989712
21577.349999902322
21591.979999905303
21614.214999909833
21689.949999925262
21717.894999930955
21743.48999993617
21764.769999940505
21785.424999944713
21820.99999995196
21849.694999957806
21864.104999960742
21887.289999965466
21963.819999981057
22009.98499999046
22033.14499999518
22071.805000003056
22094.180000007615
22140.140000016978
22218.360000032913
22236.540000036617
22305.880000050744
22374.060000064634
22474.090000085012
22499.99500009029
22514.740000093294
22538.860000098208
22593.51000010934
22608.160000112326
22623.11000011537
22657.06500012229
22750.255000141275
22774.34000014618
22920.130000175883
22945.575000181067
23032.240000198723
23106.760000213904
23122.4400002171
23165.580000225887
23198.86500023267
23212.835000235515
23225.67500023813
23401.365000273923
23413.23500027634
23425.185000278776
23442.555000282315
23462.030000286282
23597.5950003139
23634.61000032144
23648.69000032431
23709.175000336632
23869.950000369387
23940.830000383827
23959.215000387572
23979.270000391658
24022.28500040042
24119.680000420263
24172.225000430968
24377.545000472797
24409.230000479252
24473.990000492446
24497.215000497177
24516.645000501136
24544.165000506742
24598.9250005179
24647.82000052786
24663.18500053099
24681.125000534645
24702.870000539075
24730.93000054479
24745.725000547805
24759.78000055067
24903.235000579894
24928.55000058505
24946.335000588675
24961.555000591776
24979.74000059548
25016.99000060307
25153.25000063083
25186.180000637538
25244.445000649408
25265.16500065363
25284.395000657547
25303.975000661536
25420.86500068535
25441.905000689636
25461.01500069353
25488.620000699153
25618.445000725602
25639.370000729865
25687.715000739714
25821.380000766945
25834.085000769534
25896.810000782312
25943.015000791725
25956.990000794573
25996.215000802564
26070.780000817755
26115.210000826806
26133.600000830553
26148.99500083369
26163.155000836574
26176.83000083936
26201.23000084433
26230.210000850235
26250.985000854467
26272.285000858807
26373.880000879504
26390.89000088297
26405.755000885998
26453.695000895765
26499.17500090503
26519.670000909206
26539.67500091328
26633.61500093242
26674.245000940697
26774.065000961033
26790.485000964378
26819.89500097037
26870.75000098073
26934.010000993618
26958.730000998654
27002.900001007652
27053.05000101787
27142.005001035992
27157.17000103908
27233.380001054607
27295.215001067205
27363.435001081103
27447.710001098272
27485.94500110606
27711.33000115198
27733.63000115652
27756.83500116125
27780.410001166052
27815.760001173254
27832.985001176763
27904.470001191326
27998.19500121042
28070.215001225093
28088.930001228906
28119.790001235193
28162.195001243832
28221.600001255934
28254.600001262657
28299.450001271794
28322.49500127649
28345.840001281245
28362.710001284682
28380.585001288324
28433.110001299025
28449.960001302457
28470.665001306676
28484.505001309495
28498.635001312374
28653.500001343924
28666.755001346624
28683.52500135004
28702.690001353945
28761.890001366006
28790.695001371874
28820.760001378
28838.415001381596
28942.9900014029
28980.43500141053
28997.805001414068
29023.53500141931
29041.865001423044
29199.030001455063
29248.655001465173
29328.885001481518
29352.01000148623
29419.075001499892
29469.045001510072
29552.540001527082
29566.290001529884
29684.970001554062
29697.345001556583
29717.270001560642
29739.44500156516
29764.940001570354
29830.05500158362
29849.465001587574
29878.680001593526
29894.21000159669
29993.02500161682
30094.265001637446
30142.39500164725
30174.070001653705
30193.965001657758
30231.710001665448
30364.025001692404
30382.840001696237
30408.42000170145
30434.44500170675
30504.430001721008
30533.480001726926
30686.325001758065
30715.12000176393
30730.710001767107
30783.775001777918
30899.005001801394
30918.265001805317
31142.040001850906
31160.340001854634
31187.32000186013
31239.170001870694
31324.820001888143
31340.345001891306
31434.390001910466
31450.380001913723
31464.44500191659
31480.39500191984
31506.160001925087
31632.050001950734
31716.00500196784
31731.210001970936
31834.320001991942
31854.68500199609
31875.97500200043
31997.195002025124
32017.380002029236
32053.790002036654
32082.270002042456
32099.380002045942
32115.62000204925
32137.695002053748
32155.37500205735
32170.44000206042
32194.93500206541
32237.090002073997
32261.680002079007
32290.41000208486
32331.00000209313
32350.555002097113
32365.550002100168
32401.225002107436
32443.530002116055
32479.455002123374
32518.07000213124
32533.195002134322
32554.855002138735
32644.935002157086
32678.68000216396
32795.99000216749
32809.03000216066
32821.42000215417
32835.96000214655
32931.25000209663
33063.92500202713
33086.22000201545
33102.31000200702
33158.58500197754
33190.160001961
33205.84500195278
33241.895001933895
33410.220001845715
33491.32000180323
33642.45000172406
33713.97500168659
33731.9000016772
33748.04500166874
33865.77000160707
33882.75000159817
33979.36000154756
34116.95500147548
34136.78500146509
34239.38500141134
34271.695001394415
34370.405001342704
34407.99500132301
34431.485001310706
34499.250001275206
34521.04000126379
34671.75000118484
34780.48000112788
34804.32000111539
34924.950001052195
34947.61500104032
34974.410001026285
35077.15000097246
35097.62000096174
35192.83500091186
35207.41500090422
35291.10000086038
35309.79000085059
35343.15500083311
35455.85000077407
35478.160000762386
35512.84000074422
35539.205000730406
35570.475000714025
35584.41500070672
35641.30000067692
35656.220000669106
35721.735000634784
35740.71500062484
35761.650000613874
35787.68000060024
35866.66500055886
35894.00500054454
35974.69000050227
35996.76000049071
36044.84000046552
36063.7700004556
36236.595000365065
36259.66500035298
36283.56500034046
36300.60500033153
36360.66500030007
36397.42500028081
36536.62500020789
36644.39500015143
36699.58000012252
36724.74500010934
36784.30500007814
36947.33499999273
37027.744999950606
37055.50499993606
37069.67999992864
37083.54999992137
37201.874999859385
37314.43499980042
37333.41999979047
37363.9099997745
37425.28499974235
37473.009999717346
37496.03999970528
37519.32499969308
37573.21999966485
37608.504999646364
37639.539999630106
37746.86999957388
37884.8399995016
37952.06499946638
37980.964999451244
37995.22999944377
38013.74999943407
38025.589999427866
38081.03999939882
38095.05999939147
38122.85499937691
38254.5849993079
38292.13499928823
38310.43999927864
38490.344999184395
38517.299999170275
38533.70499916168
38563.09999914628
38652.35999909952
38665.71999909252
38689.68499907997
38704.73499907208
38733.39999905707
38915.22999896181
38941.82999894788
38969.6549989333
39059.419998886275
39075.719998877736
39093.7349988683
39148.92999883938
39183.724998821155
39203.729998810675
39244.79499878916
39288.539998766246
39360.679998728454
39452.339998680436
39471.24999867053
39481.81999866499
39495.634998657755
39535.8249986367
39601.54999860227
39624.54499859022
39697.324998552096
39714.849998542915
39733.66499853306
39752.0999985234
39792.72499850212
39865.69999846389
39902.00999844487
39915.78999843765
39948.1399984207
39997.0149983951
40022.05999838198
40041.724998371676
40107.1499983374
40135.5949983225
40152.7749983135
40181.04999829869
40281.404998246115
40361.979998203904
40627.23999806494
40662.40499804652
40685.244998034555
40731.76999801018
40756.91999799701
40807.414997970554
40871.15999793716
40902.34499792082
40922.87499791007
40949.51999789611
40960.829997890185
40973.084997883765
40990.90499787443
41018.6349978599
41217.61999775566
41255.55499773579
41324.23499769981
41353.829997684305
41395.50999766247
41466.034997625524
41478.8699976188
41505.27499760497
41676.70999751516
41722.38999749123
41744.67499747955
41852.484997423075
41888.869997404014
41919.01999738822
41934.61499738005
41981.829997355315
42003.90999734375
42018.33499733619
42090.769997298245
42150.65499726687
42166.45999725859
42243.439997218265
42283.87999719708
42556.88999705406
42673.184996993135
42701.759996978166
42722.38999696736
42788.46999693274
42825.3899969134
42952.42999684685
42967.304996839055
43043.35999679921
43180.20499672752
43195.67999671942
43217.10499670819
43243.33999669445
43339.81499664391
43353.68999663664
43388.22499661855
43453.99499658409
43486.55999656703
43520.63499654918
43626.85499649354
43646.004996483505
43684.87499646314
43719.704996444896
43749.219996429434
43765.194996421065
43965.209996316284
43989.794996303404
44015.984996289684
44076.80499625782
44165.469996211374
44193.75999619655
44249.17999616752
44274.83499615408
44298.379996141746
44366.644996105984
44380.53499609871
44407.28999608469
44549.84499601001
44573.61499599756
44607.35999597988
44677.409995943184
44844.64999585557
44923.614995814205
44989.2949957798
45011.93499576794
45085.43499572943
45122.08499571023
45170.80999568471
45226.63999565546
45246.539995645035
45262.34999563675
45464.72999553073
45482.68999552132
45499.47999551253
45623.81499544739
45692.7099954113
45729.654995391946
45745.079995383865
45761.46999537528
45774.84999536827
45788.03499536136
45817.96499534568
45876.9099953148
45888.90499530852
45913.25499529576
45929.33499528734
46002.28499524912
46057.20999522035
46129.76499518234
46183.11999515439
46213.75499513834
46279.774995103755
46296.03499509524
46417.02999503185
46444.58999501741
46468.599995004835
46496.009994990476
46521.82499497695
46538.78499496807
46555.67499495922
46578.86499494707
46605.36499493319
46652.58499490845
46667.89499490043
46684.04999489197
46701.31999488292
46726.70499486962
46813.054994824386
46827.57999481678
46845.15499480757
46867.70499479576
46895.62499478113
46923.7399947664
46943.81999475588
47032.08499470964
47054.36499469797
47121.00499466306
47136.02499465519
47157.49999464394
47190.53999462663
47223.864994609175
47244.214994598515
47272.74499458357
47322.48499455751
47337.94999454941
47391.36499452143
47498.63999446523
47525.219994451305
47613.05499440529
47646.814994387605
47749.92999433359
47763.76499432634
47796.859994309
47815.58999429919
47872.059994269606
47886.579994262
47906.44499425159
48047.8749941775
48136.29999413118
48151.579994123174
48166.05999411559
48187.6049941043
48206.66499409432
48266.19999406313
48287.38499405203
48303.30499404369
48316.809994036616
48330.91499402923
48388.18999399922
48404.85499399049
48425.05499397991
48475.15999395366
48568.95999390452
48584.99999389612
48603.159993886606
48700.17499383578
48813.75999377628
48850.109993757236
48971.04499369388
49034.17499366081
49057.54499364857
49118.87499361644
49165.954993591775
49287.43999352813
49375.969993481754
49403.97999346708
49469.214993432906
49486.184993424016
49613.449993357346
49634.64999334624
49653.554993336336
49673.464993325906
49714.76499330427
49744.954993288455
49775.439993272485
49807.314993255786
49854.559993231036
49877.65499321894
49935.77999318849
5.094999999999914
27.01999999999891
42.395000000003236
63.42000000001399
105.55999999997648
138.2249999999468
154.1699999999323
176.51999999991196
190.61999999989914
203.60499999988733
288.8549999998098
305.2349999997949
337.19499999976586
356.01499999974874
397.9499999997106
420.74999999968986
439.9349999996724
453.0399999996605
594.2199999995321
639.439999999491
733.3749999994055
754.819999999386
862.4649999992881
1021.6399999991434
1039.294999999475
1067.5400000000916
1086.6250000005082
1101.685000000837
1122.3350000012877
1195.7800000028908
1249.935000004073
1330.530000005832
1345.140000006151
1505.2400000096457
1532.565000010242
1550.1700000106264
1654.695000012908
1671.3500000132715
1767.4500000153691
1784.4300000157398
1805.290000016195
1923.71000001878
1948.0500000193113
1986.5800000201523
2023.4150000209563
2070.8000000219904
2167.9650000241113
2196.8450000247417
2306.0100000271245
2376.0500000286534
2425.6200000297354
2448.470000030234
2686.7500000354353
2699.925000035723
2724.5150000362596
2763.115000037102
2818.6650000383147
2841.8750000388213
2857.2300000391565
2888.455000039838
2904.900000040197
2924.27500004062
2942.7200000410226
2960.9000000414194
3001.390000042303
3094.9600000443456
3144.415000045425
3177.5600000461486
3253.5600000478075
3380.795000050585
3414.7700000513264
3441.415000051908
3507.4050000533484
3544.4150000541563
3645.330000056359
3662.77500005674
3691.000000057356
3737.330000058367
3751.605000058679
3768.6700000590513
3783.6050000593773
3917.3800000622973
4034.3550000648506
4050.735000065208
4066.1400000655444
4090.9700000660864
4145.750000067282
4171.32000006784
4197.8300000684185
4224.230000068995
4297.990000070605
4320.605000071098
4370.195000072181
4422.775000073329
4443.325000073777
4468.1750000743195
4578.930000076737
4609.175000077397
4624.1650000777245
4652.045000078333
4676.17000007886
4721.590000079851
4743.825000080336
4882.375000083361
4905.850000083873
4937.535000084565
4975.670000085397
5016.715000086293
5043.580000086879
5093.280000087964
5113.980000088416
5135.985000088896
5231.640000090984
5251.58500009142
5267.350000091764
5355.865000093696
5370.005000094005
5388.810000094415
5404.845000094765
5457.980000095925
5503.865000096926
5550.2300000979385
5619.875000099459
5632.345000099731
5666.485000100476
5695.54500010111
5804.665000103492
5845.060000104374
5906.045000105705
5934.615000106329
5979.150000107301
5999.695000107749
6029.090000108391
6063.500000109142
6081.595000109537
6118.075000110333
6175.20500011158
6269.08500011363
6290.300000114093
6305.7300001144295
6383.3400001161235
6458.465000117763
6573.9650001202845
6586.11500012055
6600.130000120856
6730.765000123707
6866.4350001266685
6973.980000129016
6995.1700001294785
7031.595000130274
7064.155000130984
7115.630000132108
7129.530000132411
7145.880000132768
7160.440000133086
7212.625000134225
7230.635000134618
7288.115000135873
7411.055000138556
7512.350000140767
7531.840000141193
7657.365000143933
7673.235000144279
7688.995000144623
7704.710000144966
7767.115000146328
7780.93500014663
7798.555000147015
7916.570000149591
7932.620000149941
7943.755000150184
8024.67500015195
8050.76000015252
8085.100000153269
8172.150000155169
8300.21500013828
8333.660000132926
8448.190000114593
8461.720000112427
8474.845000110327
8560.635000096594
8576.240000094096
8592.415000091507
8613.76000008809
8636.115000084512
8659.820000080717
8681.73000007721
8698.385000074544
8846.940000050765
8959.950000032675
8979.550000029538
9003.070000025773
9028.655000021678
9052.94500001779
9240.16999998782
9296.414999978817
9365.11999996782
9417.419999959448
9446.369999954813
9471.719999950756
9504.509999945507
9564.624999935884
9727.814999909762
9783.464999900854
9802.569999897796
9867.044999887476
9972.524999870591
9994.779999867029
10032.87999986093
10050.454999858117
10102.824999849734
10128.0249998457
10242.894999827313
10300.32999981812
10325.974999814014
10351.29999980996
10457.06999979303
10487.139999788216
10602.334999769777
10624.384999766247
10711.279999752338
10736.159999748355
10758.324999744807
10884.324999724638
10982.004999709003
11007.014999705
11092.319999691344
11109.83999968854
11127.754999685672
11145.409999682846
11159.234999680633
11178.204999677597
11220.074999670895
11242.549999667297
11256.14999966512
11273.864999662284
11299.494999658182
11318.254999655179
11350.239999650059
11365.004999647696
11388.179999643986
11401.939999641783
11427.38999963771
11450.079999634077
11760.67499958436
11785.09999958045
11817.854999575207
11955.764999553132
11976.51999954981
12012.299999544082
12037.98499953997
12055.279999537202
12071.549999534598
12088.65499953186
12115.419999527576
12159.774999520476
12269.51499950291
12416.984999479304
12438.30999947589
12466.17999947143
12498.214999466301
12574.579999454078
12594.919999450822
12608.04999944872
12629.994999445207
12652.479999441608
12671.714999438529
12687.339999436028
12704.724999433245
12724.319999430109
12752.124999425658
12771.199999422604
12784.994999420396
12809.029999416549
12832.294999412825
12844.50499941087
12860.894999408247
12904.574999401255
12983.44499938863
13012.549999383971
13043.944999378946
13117.754999367131
13235.759999348242
13253.254999345441
13266.704999343288
13278.484999341403
13317.704999335125
13356.359999328937
13371.909999326448
13403.864999321333
13424.054999318101
13462.699999311915
13535.274999300298
13547.44999929835
13564.484999295622
13613.439999287786
13684.38499927643
13699.744999273971
13898.774999242112
13918.02999923903
13945.904999234568
14018.064999223017
14049.549999217978
14071.799999214416
14083.589999212529
14097.70499921027
14206.34499919288
14271.549999182442
14316.279999175282
14327.834999173432
14346.919999170377
14417.479999159083
14466.544999151229
14499.96499914588
14755.324999105003
14873.814999086037
14976.464999069605
15032.584999060622
15101.834999049537
15128.36999904529
15144.939999042637
15161.759999039945
15188.044999035737
15202.414999033437
15219.784999030657
15245.389999026558
15262.879999023759
15283.084999020524
15302.049999017489
15417.219998999053
15475.309998989755
15550.499998977719
15566.074998975226
15645.674998962484
15664.674998959443
15771.279998942378
15788.31999893965
15821.229998934383
15846.939998930267
15866.78999892709
15942.599998914955
15959.174998912302
16040.33999889931
16075.899998893618
16095.724998890444
16120.019998886555
16294.214998858672
16308.84499885633
16393.8349988463
16446.29499885699
16467.769998861364
16480.624998863983
16584.949998885237
16658.764998900275
16673.334998903243
16720.98499891295
16752.579998919387
16795.179998928066
16813.89499893188
16878.38999894502
16925.604998954637
16987.81499896731
17017.284998973315
17040.22499897799
17092.70499898868
17127.494998995768
17139.549998998224
17152.53999900087
17193.359999009186
17390.70999904939
17400.994999051487
17412.554999053842
17423.954999056165
17456.87499906287
17530.434999077857
17550.199999081884
17659.49999910415
17671.249999106545
17683.869999109116
17700.264999112456
17846.51499914225
17879.39999914895
17904.604999154086
17922.23999915768
17963.959999166178
17993.749999172247
18035.159999180683
18220.064999218353
18360.504999246965
18371.954999249298
18451.29499926546
18484.334999272192
18509.3999992773
18635.079999302903
18743.35499932496
18805.079999337537
18823.5599993413
18879.044999352605
18923.324999361626
19004.154999378094
19059.6449993894
19115.6049994008
19132.434999404228
19157.509999409336
19188.089999415566
19284.779999435264
19298.50499943806
19311.619999440732
19553.54499949002
19603.444999500185
19675.339999514832
19694.27499951869
19793.304999538865
19838.234999548018
19863.584999553183
19890.559999558678
19947.439999570266
19965.979999574043
19994.839999579923
20031.524999587396
20056.23499959243
20085.504999598394
20113.36999960407
20131.254999607714
20174.664999616558
20191.679999620024
20210.519999623863
20233.52999962855
20250.834999632076
20269.06499963579
20305.379999643188
20335.97499964942
20374.579999657286
20404.309999663343
20433.979999669387
20451.134999672882
20470.044999676735
20508.69499968461
20548.30499969268
20577.55999969864
20595.219999702236
20608.67999970498
20638.409999711035
20667.524999716967
20758.14499973543
20778.634999739603
20830.519999750173
20852.554999754662
20892.11499976272
20905.029999765353
21011.52499978705
21024.659999789725
21054.87999979588
21158.579999817008
21174.994999820352
21261.22499983792
21308.29499984751
21334.944999852938
21398.784999865944
21431.714999872653
21497.289999886012
21565.11499989983
21584.99999990388
21620.86999991119
21644.259999915954
21801.569999948002
21817.71499995129
21832.28499995426
21846.754999957207
21975.639999983465
21990.83499998656
22021.039999992714
22198.76000002892
22216.73000003258
22253.98500004017
22331.415000055946
22350.565000059847
22486.84500008761
22534.640000097348
22608.090000112312
22630.66500011691
22662.545000123406
22689.045000128805
22756.595000142566
22781.280000147595
22853.725000162354
22897.700000171313
22922.72500017641
22995.96000019133
23020.98500019643
23032.855000198848
23052.760000202903
23109.085000214378
23125.915000217807
23169.0850002266
23186.935000230238
23295.67000025239
23309.75000025526
23338.17000026105
23350.665000263594
23367.63000026705
23424.625000278662
23463.30000028654
23510.045000296064
23526.800000299478
23540.825000302335
23562.560000306763
23584.010000311133
23616.05500031766
23635.68500032166
23714.32500033768
23799.67000035507
23824.005000360026
23842.025000363697
23968.43500038945
23993.210000394498
24094.505000415134
24106.425000417563
24123.755000421093
24142.25000042486
24166.88000042988
24200.235000436674
24229.61000044266
24358.535000468924
24377.42000047277
24423.01500048206
24475.310000492715
24498.74500049749
24517.11500050123
24662.470000530844
24678.470000534104
24747.46000054816
24765.105000551754
24779.985000554785
24803.42500055956
24883.700000575915
24986.545000596867
25025.795000604863
25056.16500061105
25081.010000616112
25143.650000628873
25167.870000633808
25186.24500063755
25232.215000646916
25268.99500065441
25281.640000656986
25298.730000660467
25384.360000677912
25451.415000691573
25503.82500070225
25585.45000071888
25611.735000724235
25650.460000732124
25667.345000735564
25704.29000074309
25762.01500075485
25784.59000075945
26025.50000080853
26043.735000812245
26080.265000819687
26115.86500082694
26352.85500087522
26367.87500087828
26390.225000882834
26414.430000887765
26627.43000093116
26642.46000093422
26668.13000093945
26701.21500094619
26733.915000952853
26768.26000095985
26789.205000964117
26929.080000992613
26946.625000996188
27029.950001013163
27165.74500104083
27182.7850010443
27197.230001047243
27265.2450010611
27293.62000106688
27324.19500107311
27412.290001091056
27445.270001097775
27478.43500110453
27581.490001125527
27603.9300011301
27623.555001134097
27649.315001139345
27679.835001145562
27711.715001152057
27752.800001160427
27852.180001180674
27874.290001185178
27982.68500120726
28014.400001213722
28033.14500121754
28089.530001229028
28114.795001234175
28141.66500123965
28160.390001243464
28180.310001247522
28196.05500125073
28257.435001263235
28349.555001282002
28423.045001296974
28520.420001316812
28540.120001320825
28558.170001324503
28611.790001335426
28741.530001361858
28770.860001367833
28786.965001371114
28803.815001374547
28821.780001378207
28849.19000138379
28867.225001387465
29004.060001415342
29020.74500141874
29032.010001421037
29046.195001423926
29122.20000143941
29168.860001448917
29331.29500148201
29385.230001492997
29414.805001499022
29442.950001504756
29462.920001508824
29527.35000152195
29550.61000152669
29578.030001532275
29591.570001535034
29613.160001539432
29636.65500154422
29660.41000154906
29705.860001558318
29721.32500156147
29741.685001565616
29868.30000159141
29884.83500159478
29899.110001597688
29958.050001609696
29978.810001613925
30003.56500161897
30341.600001687835
30370.355001693693
30391.63500169803
30409.200001701607
30453.610001710655
30494.170001718918
30520.98000172438
30627.320001746044
30752.57500177156
30795.77000178036
30815.925001784468
30899.985001801593
30926.950001807087
30957.40500181329
31093.785001841075
31160.845001854737
31294.580001881983
31308.820001884884
31320.950001887355
31351.41500189356
31386.25500190066
31411.04500190571
31423.880001908325
31468.585001917432
31582.910001940723
31629.800001950276
31682.160001960943
31713.435001967315
31742.110001973157
31760.070001976816
31859.665001997106
31881.985002001653
31902.125002005756
31917.40500200887
31936.380002012735
31956.895002016914
31973.475002020292
32018.260002029416
32038.36500203351
32110.71500204825
32127.69000205171
32143.975002055027
32167.93500205991
32278.97500208253
32424.70000211222
32462.735002119967
32479.67500212342
32493.510002126237
32509.400002129474
32531.555002133988
32676.155002163447
32693.535002166987
32726.060002173614
32739.615002176375
32771.67000218023
32902.79500211154
32924.505002100166
32951.87500208583
33116.4700019996
33185.07500196366
33198.52000195662
33219.865001945436
33257.39000192578
33307.38000189959
33333.715001885794
33351.525001876464
33414.420001843515
33450.9100018244
33488.655001804625
33512.420001792176
33636.210001727326
33716.72500168515
33734.13000167603
33808.49500163707
33833.08000162419
33855.100001612656
33897.91000159023
33923.995001576564
34016.460001528125
34137.3450014648
34171.43000144694
34212.20500142558
34231.245001415606
34248.74000140644
34277.000001391636
34303.26500137788
34361.34000134745
34386.34500133435
34405.7300013242
34425.570001313805
34542.28500125266
34554.76500124612
34600.745001222036
34628.13500120769
34644.100001199324
34660.77000119059
34681.54500117971
34789.76000112302
34805.170001114944
34823.625001105276
34902.465001063974
34927.25000105099
34964.675001031384
34996.745001014584
35018.07500100341
35032.94500099562
35066.48500097805
35180.875000918124
35194.83500091081
35228.6400008931
35248.89500088249
35285.3300008634
35313.55500084862
35334.06500083787
35396.49000080517
35433.780000785635
35452.3650007759
35489.09000075666
35533.15000073358
35593.28000070208
35697.280000647595
35721.45500063493
35791.22500059838
35829.25500057846
35851.54000056678
35956.15500051198
35976.38000050138
36003.235000487315
36043.90000046601
36076.27500044905
36129.53500042115
36160.085000405146
36241.79000036234
36287.18500033856
36308.580000327354
36389.45500028499
36405.81000027642
36422.615000267615
36481.140000236956
36493.51500023047
36519.950000216624
36552.745000199444
36569.70500019056
36589.42500018023
36638.10000015473
36677.125000134285
36693.81500012554
36716.36000011373
36759.705000091024
36788.71500007583
36807.175000066156
36834.23000005198
36888.210000023704
36929.51000000207
36951.069999990774
36983.499999973785
37017.37499995604
37043.47999994236
37094.74499991551
37125.00999989965
37143.34499989005
37191.854999864634
37207.904999856226
37226.10999984669
37240.28499983926
37292.16999981208
37309.629999802935
37383.13499976443
37412.56999974901
37432.6299997385
37450.86499972895
37492.879999706936
37522.889999691215
37861.5499995138
37884.374999501844
38010.97999943552
38104.104999386735
38122.05499937733
38149.2249993631
38240.38999931534
38273.76999929785
38392.96499923541
38559.65999914808
38576.88499913906
38670.944999089785
38689.73499907994
38715.79999906629
38757.929999044216
38793.55999902555
38877.214998981726
38912.83999896306
38944.2699989466
38998.30499891829
39080.78499887508
39209.339998807736
39227.344998798304
39241.91999879067
39255.48499878356
39355.47499873118
39461.964998675394
39540.51999863424
39567.63499862004
39592.414998607055
39667.454998567744
39723.86999853819
39743.09499852812
39784.34499850651
39849.634998472306
39862.194998465726
39880.77499845599
39905.31499844314
39923.68999843351
39992.26999839758
40008.19499838924
40024.51499838069
40053.87499836531
40073.069998355255
40091.84999834542
40107.09499833743
40124.55499832828
40360.374998204745
40385.78499819143
40397.289998185406
40413.78999817676
40440.28999816288
40526.674998117625
40550.44499810517
40663.539998045926
40683.334998035556
40743.569998004
40796.36999797634
40919.51499791183
40962.95499788907
40996.314997871596
41064.994997835616
41092.76499782107
41126.13499780359
41208.334997760525
41233.5749977473
41354.45499768398
41368.86499767643
41406.229997656854
41568.059997572076
41631.739997538716
41647.184997530625
41723.69999749054
41740.99499748148
41833.259997433146
41852.39999742312
41903.99499739609
42055.204997316876
42094.90499729608
42115.449997285315
42131.95999727667
42147.994997268266
42186.35499724817
42260.83999720915
42294.78499719137
42330.139997172846
42402.72999713482
42425.05999712312
42525.02499707075
42661.809996999094
42683.149996987915
42694.93499698174
42714.06499697172
42782.409996935916
42799.57999692692
42902.6999968729
42923.90499686179
42957.399996844244
43005.61999681898
43081.52499677922
43095.88999677169
43108.999996764825
43129.39499675414
43203.26499671544
43224.62499670425
43252.319996689745
43474.30499657345
43496.66499656174
43516.34999655143
43618.1399964981
43661.369996475456
43683.32999646395
43841.71499638098
43941.19999632886
44014.77499629032
44103.9499962436
44134.504996227595
44163.369996212474
44320.95999612992
44426.96999607438
44445.16999606485
44534.49999601805
44564.629996002266
44685.98499593869
44699.84999593143
44742.899995908876
44784.03499588733
44806.809995875396
44933.76499580889
44950.57499580008
44973.819995787904
45065.25999574
45084.57499572988
45216.50499566077
45230.14499565362
45336.97499559766
45393.45999556807
45429.43999554922
45459.759995533335
45479.1099955232
45553.1749954844
45590.404995464894
45610.98999545411
45625.774995446365
45641.37999543819
45667.08999542472
45744.92999538394
45762.719995374624
45903.154995301054
46018.164995240804
46064.63499521646
46120.554995187165
46132.754995180774
46142.34999517575
46156.06499516856
46281.034995103095
46305.60999509022
46390.219995045896
46440.78499501941
46522.45999497662
46549.27499496257
46620.12999492545
46672.97499489777
46690.77999488844
46740.17999486256
46855.24999480228
46872.32499479334
46937.684994759096
46963.10499474578
46991.91499473069
47028.67999471143
47125.139994660894
47316.9749945604
47338.9249945489
47363.459994536046
47404.99499451429
47507.78499446044
47520.80499445362
47621.83999440069
47777.784994318994
47799.81999430745
47830.564994291344
47861.51499427513
47880.02499426543
47935.094994236584
48038.40499418246
48054.914994173814
48139.52999412949
48155.44999412115
48189.144994103495
48268.364994061994
48285.96999405277
48317.49499403626
48418.92499398312
48462.114993960495
48563.8449939072
48660.369993856635
48684.90999384378
48699.519993836126
48754.30999380742
48769.139993799654
48785.304993791186
48876.36999374348
48938.089993711146
48980.26999368905
49059.64499364747
49079.73499363694
49142.37499360413
49199.64999357412
49244.694993550525
49267.25499353871
49335.94499350272
49351.609993494516
49365.99499348698
49384.43999347732
49430.69999345308
49512.5549934102
49599.88499336445
49615.76499335613
49673.979993325636
49767.824993276474
