25.5549999999992
57.270000000010846
71.61000000000736
140.69499999994454
157.8949999999289
176.72499999991177
199.0299999998915
221.3449999998712
292.21999999980676
361.4249999997438
432.75499999967894
444.6549999996681
481.1699999996349
498.4399999996192
511.67999999960716
523.5499999995964
584.394999999541
602.1749999995249
630.8499999994988
675.9699999994577
705.359999999431
771.9699999993704
815.5349999993308
888.8949999992641
978.1699999991829
991.8749999991704
1110.6450000010325
1181.9150000025882
1263.6600000043725
1279.355000004715
1302.855000005228
1491.6550000093491
1525.2200000100818
1541.770000010443
1554.8650000107289
1586.4200000114176
1605.9250000118434
1625.0850000122616
1651.8300000128454
2139.310000023486
2205.0850000249216
2461.985000030529
2492.0600000311856
2539.1850000322142
2556.6050000325945
2579.820000033101
2598.730000033514
2672.720000035129
2849.1150000389794
2869.6450000394275
2879.2600000396374
2892.6500000399296
2911.535000040342
2924.910000040634
2961.3250000414287
3011.3050000425196
3067.390000043744
3082.0850000440646
3097.225000044395
3117.970000044848
3179.6600000461945
3202.765000046699
3224.1050000471646
3264.8250000480534
3297.555000048768
3327.9550000494314
3398.725000050976
3424.56000005154
3596.945000055303
3760.7900000588793
3833.400000060464
3909.165000062118
3936.7250000627196
4002.0550000641456
4075.3000000657444
4099.710000066277
4114.920000066609
4131.150000066963
4147.730000067325
4165.39000006771
4231.430000069152
4271.470000070026
4328.8550000712785
4352.395000071792
4427.740000073437
4448.275000073885
4477.035000074513
4555.290000076221
4592.265000077028
4603.105000077265
4617.6600000775825
4657.645000078455
4729.000000080013
4742.875000080316
4760.560000080702
4824.17000008209
4853.135000082722
4870.850000083109
5039.305000086786
5055.07000008713
5078.285000087637
5160.800000089438
5185.250000089972
5263.595000091682
5274.05500009191
5287.915000092213
5302.825000092538
5326.850000093063
5409.845000094874
5435.995000095445
5483.580000096484
5533.80000009758
5645.675000100022
5712.265000101475
5735.900000101991
5761.415000102548
5984.465000107417
6030.065000108412
6060.015000109066
6102.190000109987
6175.1650001115795
6188.270000111866
6217.200000112497
6233.770000112859
6457.4200001177405
6671.170000122406
6684.6950001227015
6752.275000124177
6793.705000125081
6842.540000126147
6855.9000001264385
6963.6050001287895
6982.375000129199
7002.785000129645
7017.22000012996
7055.180000130788
7074.6100001312125
7089.16500013153
7147.3300001328
7190.475000133742
7214.8900001342745
7433.525000139047
7476.335000139981
7515.335000140833
7542.485000141425
7625.685000143241
7644.775000143658
7842.125000147966
7861.335000148385
7902.400000149281
7913.2650001495185
7925.975000149796
7949.445000150308
7969.580000150748
7984.160000151066
8025.57000015197
8072.890000153003
8120.585000154044
8137.475000154413
8161.610000154939
8211.680000152452
8246.505000146877
8262.365000144338
8391.35500012369
8440.33500011585
8467.82500011145
8515.80500010377
8534.17500010083
8557.335000097122
8618.810000087282
8794.455000059166
8813.705000056085
8912.470000040275
8931.860000037172
8967.935000031397
8997.370000026685
9018.790000023257
9097.640000010635
9144.330000003161
9337.279999972276
9352.67999996981
9370.589999966944
9409.5899999607
9425.619999958135
9448.779999954428
9485.294999948583
9498.129999946528
9513.999999943988
9544.464999939111
9559.164999936758
9571.034999934858
9584.659999932677
9599.249999930342
9614.114999927962
9629.594999925484
9640.524999923735
9656.439999921187
9686.65499991635
9745.234999906974
9778.534999901643
9798.444999898456
10030.144999861368
10050.179999858161
10064.954999855796
10116.194999847594
10140.414999843717
10157.25999984102
10195.099999834963
10390.90999980362
10413.944999799933
10437.349999796186
10482.759999788917
10535.084999780542
10565.004999775752
10673.34499975841
10694.629999755003
10710.319999752492
10732.924999748873
10821.21499973474
10833.109999732837
10926.694999717856
10955.629999713225
10974.729999710167
11003.099999705626
11036.294999700312
11057.229999696961
11118.8349996871
11152.839999681657
11251.224999665908
11271.669999662636
11283.114999660804
11338.814999651888
11379.519999645372
11419.75999963893
11468.294999631162
11525.354999622028
11541.544999619437
11642.014999603354
11698.649999594289
11716.044999591504
11743.909999587044
11773.804999582258
11787.609999580049
11799.7799995781
11825.489999573985
11905.059999561248
12013.654999543865
12120.969999526687
12166.534999519394
12185.66999951633
12198.139999514335
12261.029999504268
12280.084999501218
12297.169999498483
12313.219999495914
12335.66999949232
12348.109999490329
12364.939999487635
12402.32499948165
12631.484999444969
12648.014999442323
12668.71499943901
12707.834999432747
12721.719999430525
12739.559999427669
12787.424999420007
12859.389999408488
12919.09499939893
12945.739999394666
13105.224999369137
13167.159999359223
13187.904999355902
13205.354999353109
13219.564999350834
13230.844999349029
13248.869999346143
13353.53499932939
13395.409999322686
13461.684999312078
13510.779999304219
13531.229999300946
13548.269999298218
13711.719999272054
13850.834999249786
13884.014999244475
13907.629999240695
13939.489999235595
14015.084999223494
14059.369999216406
14097.774999210258
14118.454999206948
14196.694999194424
14206.819999192803
14220.514999190611
14233.774999188488
14293.569999178917
14350.749999169764
14360.879999168143
14374.554999165954
14390.889999163339
14497.999999146194
14526.394999141648
14663.504999119701
14802.1999990975
14815.739999095333
14897.7799990822
14961.504999072
15063.744999055634
15076.39499905361
15092.104999051095
15107.44499904864
15118.9399990468
15135.164999044202
15169.339999038732
15185.949999036073
15239.109999027563
15308.47499901646
15334.979999012217
15345.52499901053
15367.19999900706
15444.994998994607
15483.45499898845
15604.364998969097
15638.319998963661
15675.259998957748
15693.454998954836
15711.66999895192
15733.484998948428
15769.879998942602
15812.219998935825
15834.719998932223
15855.714998928863
15880.4699989249
15894.764998922612
15911.044998920006
15923.779998917968
16105.474998888883
16219.75499887059
16241.219998867155
16260.269998864105
16275.704998861635
16305.709998856832
16387.654998845042
16414.224998850455
16435.814998854854
16462.5549988603
16487.124998865307
16502.914998868524
16533.149998874684
16754.249998919728
16840.88999893738
16858.459998940958
16881.844998945722
16929.529998955437
16965.404998962746
16990.769998967913
17013.32499897251
17096.949998989545
17116.444998993516
17230.259999016704
17294.369999029765
17304.584999031846
17329.164999036853
17376.749999046548
17414.56499905425
17478.084999067192
17576.659999087275
17595.864999091187
17806.909999134183
17823.474999137557
17922.354999157702
17934.02999916008
17947.734999162873
17962.764999165935
17985.46999917056
18005.83499917471
18020.209999177638
18139.24999920189
18195.324999213313
18245.344999223504
18293.12999923324
18310.579999236794
18321.84999923909
18351.704999245172
18372.054999249318
18435.904999262326
18492.979999273954
18510.264999277475
18525.89999928066
18546.02999928476
18568.824999289405
18582.724999292237
18730.154999322272
18756.044999327547
18826.089999341817
18845.429999345757
18873.059999351386
18894.794999355814
18996.609999376557
19017.19999938075
19090.27999939564
19113.54499940038
19132.264999404193
19223.269999422733
19245.1949994272
19307.709999439936
19410.869999460952
19422.48499946332
19458.979999470754
19515.544999482277
19548.824999489058
19628.624999505315
19638.744999507377
19658.73999951145
19850.47499955051
19868.104999554103
19887.37999955803
19900.349999560673
19959.444999572712
19972.619999575396
20002.53499958149
20021.414999585337
20060.69499959334
20081.45499959757
20105.75999960252
20121.539999605735
20135.934999608668
20164.209999614428
20176.78999961699
20188.85999961945
20206.159999622974
20267.169999635404
20291.93499964045
20321.554999646483
20333.834999648985
20362.809999654888
20380.82499965856
20399.789999662422
20438.50999967031
20453.96999967346
20468.30999967638
20583.734999699896
20609.554999705157
20750.924999733958
20771.379999738125
20915.494999767485
20995.859999783857
21007.574999786244
21017.604999788287
21033.064999791437
21051.509999795195
21065.87499979812
21079.474999800892
21138.534999812924
21149.99499981526
21234.57499983249
21282.219999842197
21327.664999851455
21370.29999986014
21385.444999863226
21401.26999986645
21438.114999873957
21512.50499988911
21552.769999897315
21572.734999901382
21594.064999905728
21642.23499991554
21656.429999918433
21679.709999923176
21728.579999933132
21788.15999994527
21820.689999951897
21839.584999955747
21888.59499996573
21930.339999974236
21955.05499997927
21967.32499998177
21979.04499998416
21993.179999987038
22022.699999993052
22045.70999999774
22196.025000028363
22207.45000003069
22222.75500003381
22240.020000037326
22293.8850000483
22308.91000005136
22475.815000085364
22561.335000102787
22583.44000010729
22594.175000109477
22607.64000011222
22620.815000114904
22645.850000120005
22758.82500014302
22783.835000148116
22802.99500015202
22842.685000160105
22860.87500016381
22931.820000178264
23094.575000211422
23110.605000214688
23258.8950002449
23357.23000026493
23382.185000270016
23556.005000305428
23567.21000030771
23698.195000334395
23718.845000338602
23745.870000344108
23874.645000370343
23888.680000373202
23908.040000377146
23955.76500038687
23967.44500038925
23986.670000393166
24031.5100004023
24055.720000407233
24078.73500041192
24166.565000429815
24203.16500043727
24272.345000451365
24293.840000455744
24460.0300004896
24485.865000494865
24515.565000500916
24665.120000531384
24679.550000534324
24696.02000053768
24750.56000054879
24938.50500058708
24989.625000597494
25108.610000621735
25129.11000062591
25235.645000647615
25311.50500066307
25325.700000665962
25347.14500067033
25362.005000673358
25379.28500067688
25397.325000680554
25427.620000686726
25536.785000708966
25556.48500071298
25741.610000750694
25764.2200007553
25819.990000766662
25831.700000769048
25849.03500077258
25904.40500078386
25921.98000078744
25936.41000079038
25975.96500079844
25988.330000800957
26005.605000804477
26017.760000806953
26058.53000081526
26077.755000819176
26093.87000082246
26111.140000825977
26205.05500084511
26297.67500086398
26315.620000867635
26329.205000870403
26348.48500087433
26361.74000087703
26467.47000089857
26544.34000091423
26558.445000917105
26646.890000935124
26661.435000938087
26845.210000975527
26880.07500098263
26931.605000993128
27046.97500101663
27067.14500102074
27084.140001024203
27158.93500103944
27244.800001056934
27355.840001079556
27381.38500108476
27566.950001122565
27598.475001128987
27713.655001152452
27735.10000115682
27757.38000116136
27790.490001168106
27820.21000117416
27885.260001187413
27901.660001190754
27951.16500120084
27964.76000120361
27983.76000120748
28134.65500123822
28148.075001240955
28159.495001243282
28174.975001246436
28194.400001250393
28223.650001256352
28246.340001260975
28365.335001285217
28386.50000128953
28476.055001307774
28509.940001314677
28583.525001329668
28602.275001333488
28652.340001343688
28753.335001364263
28793.490001372444
28878.800001389824
28901.2650013944
28932.695001400803
29004.05000141534
29019.21000141843
29057.94000142632
29177.17000145061
29237.485001462897
29252.400001465936
29266.230001468753
29336.780001483126
29411.245001498297
29764.415001570247
29852.755001588244
30099.270001638466
30115.59000164179
30133.635001645467
30214.765001661995
30241.04000166735
30328.840001685236
30342.99000168812
30484.000001716846
30566.845001733724
30581.585001736727
30594.95000173945
30619.70000174449
30656.85000175206
30680.545001756887
30699.665001760783
30715.16000176394
30766.975001774495
30785.30500177823
30820.905001785482
30886.37500179882
30962.675001814365
31096.720001841673
31117.400001845886
31161.00000185477
31188.20500186031
31238.040001870464
31259.360001874807
31273.32000187765
31382.245001899842
31415.390001906595
31444.495001912524
31493.475001922503
31552.16000193446
31633.20500195097
31677.205001959934
31700.135001964605
31721.94500196905
31741.695001973072
31808.170001986615
31868.975001999002
31886.015002002474
31985.54000202275
32093.210002044685
32112.81500204868
32137.180002053643
32149.955002056246
32262.895002079254
32276.72000208207
32322.425002091382
32373.725002101834
32580.94000214405
32669.93500216218
32698.050002167907
32778.39000217671
32803.95000216332
32827.01000215124
32873.14500212707
32962.01000208052
33000.05000206059
33086.38500201536
33114.480002000644
33225.64500194241
33276.74500191564
33309.36500189855
33350.090001877215
33366.870001868425
33381.970001860514
33428.59000183609
33461.07000181908
33482.775001807706
33506.82500179511
33555.390001769665
33566.25500176397
33588.300001752425
33631.56000172976
33659.345001715206
33702.410001692646
33807.82500163742
33850.80000161491
33966.410001554344
33982.025001546164
34022.91500152474
34047.8100015117
34069.42500150038
34112.93000147759
34230.025001416245
34244.30000140877
34265.70500139755
34285.850001387
34334.85500136133
34349.65000135358
34364.620001345735
34390.2650013323
34444.07000130411
34552.94000124708
34672.80000118429
34814.68500110996
34840.865001096245
34865.105001083546
34922.2650010536
34945.42500104147
34966.260001030554
35004.31500101062
35024.73000099992
35060.35500098126
35230.15000089231
35321.690000844355
35334.18500083781
35515.9300007426
35540.485000729735
35639.77000067772
35694.0300006493
35747.620000621224
35807.860000589666
35826.605000579846
35865.88500055927
35894.99000054402
35917.7500005321
35949.960000515224
36001.71500048811
36064.43000045526
36079.71500044725
36110.81500043096
36274.46000034523
36295.25000033434
36316.24500032334
36450.29000025312
36483.95500023548
36527.090000212884
36545.61500020318
36635.17500015626
36695.700000124554
36711.14500011646
36765.19500008815
36803.110000068285
36851.86000004275
36912.430000011016
36990.59499997007
37029.234999949826
37045.439999941336
37059.2499999341
37122.599999900915
37135.83499989398
37160.0349998813
37189.64999986579
37242.514999838095
37273.50999982186
37332.17999979112
37381.04499976552
37665.39999961656
37679.4449996092
37722.73999958652
37742.94999957593
37771.50999956097
37815.654999537845
37829.71499953048
37856.34499951653
37897.6299994949
37932.77499947649
37983.024999450165
37994.51999944414
38047.13999941658
38067.164999406086
38090.38999939392
38104.87999938633
38123.47499937659
38178.84499934758
38208.56999933201
38257.12499930657
38305.52499928122
38319.03499927414
38334.99499926578
38501.359999178625
38515.93999917099
38563.08499914629
38583.81999913543
38658.48999909631
38675.13999908759
38688.24999908072
38704.85999907202
38750.97999904786
38763.294999041405
38784.444999030326
38973.12499893148
39005.664998914435
39030.78999890127
39042.55999889511
39057.129998887474
39083.814998873495
39098.13999886599
39179.37999882343
39195.939998814756
39275.20499877323
39287.72999876667
39322.54499874843
39358.674998729504
39409.47499870289
39433.83999869013
39474.29999866893
39534.804998637235
39550.61499862895
39668.22999856734
39853.22999847042
39875.33499845884
39888.25999845207
39917.36999843682
39955.884998416645
39970.44499840902
40000.244998393406
40016.184998385055
40098.894998341726
40130.259998325295
40236.59999826959
40265.04999825468
40280.62499824652
40418.04999817453
40445.56499816012
40528.53999811665
40546.17499810741
40571.15999809432
40599.15999807965
40738.199998006814
40767.6249979914
40856.04499794508
40913.97999791473
40976.52999788196
40996.16999787167
41026.019997856034
41105.17499781457
41117.5199978081
41139.05499779682
41150.10499779103
41218.34499775528
41254.40499773639
41269.534997728464
41286.18999771974
41361.71999768017
41383.19999766892
41418.12999765062
41432.95499764285
41530.29999759186
41590.74999756019
41606.47999755195
41644.304997532134
41674.01999751657
41702.43499750168
41729.284997487615
41749.29499747713
41891.329997402725
42056.789997316046
42071.24999730847
42194.44499724393
42217.05499723209
42310.119997183334
42332.03999717185
42349.344997162785
42370.17499715187
42498.159997084826
42557.63499705367
42764.94999694506
42854.279996898265
42871.214996889394
42926.42999686047
43077.62499678126
43097.26499677097
43115.00999676168
43283.86499667322
43302.97499666321
43347.11999664008
43422.50499660059
43444.53499658905
43458.31499658183
43484.93999656788
43531.12499654369
43550.62999653347
43581.964996517054
43657.71499647737
43677.05499646724
43912.24499634403
43929.664996334905
43990.48499630304
44035.93499627923
44062.60499626526
44158.039996215266
44172.92499620747
44262.29499616065
44308.3999961365
44333.37999612341
44379.24499609938
44416.26999607999
44440.37499606736
44458.39499605792
44504.52499603375
44539.244996015565
44558.559996005446
44596.679995985476
44650.75499595715
44663.379995950534
44678.07999594283
44854.53999585039
44895.08999582915
44951.62999579953
44968.414995790736
44991.83499577847
45026.93499576008
45043.25499575153
45057.924995743844
45073.34999573576
45215.38999566135
45228.634995654415
45278.03999562853
45296.18499561903
45344.99499559346
45405.51999556175
45428.19499554987
45570.759995475186
45592.139995463986
45640.56499543862
45733.42499538997
45757.76999537722
45786.87499536197
45800.83499535466
45816.2149953466
45923.92999529017
45960.479995271024
45973.66499526412
45991.689995254674
46020.67499523949
46032.52499523328
46044.95999522677
46255.50499511647
46303.50499509132
46325.779995079654
46340.0049950722
46361.0049950612
46449.23499501498
46511.739994982236
46615.47499492789
46633.699994918345
46675.749994896316
46692.49999488754
46750.77499485701
46771.024994846404
46788.32499483734
46988.35999473255
47076.099994686585
47171.45499463663
47188.494994627705
47223.86999460917
47275.44999458215
47300.639994568955
47318.80999455944
47567.2299944293
47593.60499441548
47704.939994357155
47725.594994346335
47804.734994304876
47827.549994292924
47970.844994217856
47985.66999421009
48001.18499420196
48074.04499416379
48103.50499414836
48118.36999414057
48133.9649941324
48144.44999412691
48206.48999409441
48287.16999405214
48303.11499404379
48335.209994026976
48356.994994015564
48438.77999397272
48634.18499387035
48675.82499384854
48705.78499383284
48763.1399938028
48780.44999379373
48889.474993736614
48906.824993727525
49041.744993656845
49064.784993644775
49091.62999363071
49159.12499359535
49177.52999358571
49192.57499357783
49226.20499356021
49237.37999355436
49282.909993530506
49295.73499352379
49320.89499351061
49340.17499350051
49466.37999343439
49486.509993423846
49524.54499340392
49544.51499339346
49632.01999334762
49678.30999332337
49693.664993315324
49778.90499327067
49794.13999326269
49813.43999325258
49828.009993244945
49959.9949931758
49974.29499316831
49990.31499315992
16.06500000000109
39.070000000001535
101.64499999998004
168.59499999991917
198.63499999989185
231.0049999998624
273.07999999982417
285.75999999981263
300.1799999997995
310.4149999997902
322.9749999997788
345.5999999997582
363.6549999997418
374.2149999997322
399.3649999997093
425.5399999996855
442.6799999996699
463.5699999996509
489.69999999962715
517.9799999996014
625.2199999995039
715.5849999994217
780.4399999993627
797.764999999347
816.7349999993297
965.3299999991946
992.7899999991696
1115.5550000011397
1135.9900000015857
1175.0000000024372
1203.4050000030572
1253.4000000041485
1291.2900000049756
1436.0950000081364
1464.3250000087526
1485.6400000092178
1573.3450000111322
1592.48000001155
1614.515000012031
1748.8100000149623
1850.2050000171755
1884.1400000179162
1928.5350000188853
1947.945000019309
1960.915000019592
1971.9150000198322
2010.6500000206777
2030.5700000211125
2042.5700000213744
2056.0500000216684
2123.0250000231304
2279.8100000265526
2300.7500000270097
2327.560000027595
2343.7150000279476
2496.295000031278
2610.0650000337614
2626.6650000341238
2732.0250000364235
2751.660000036852
2767.4400000371966
2786.325000037609
2805.950000038037
2963.2400000414705
2983.415000041911
3000.875000042292
3014.165000042582
3081.780000044058
3165.24500004588
3195.0600000465306
3213.640000046936
3263.9600000480345
3349.1650000498944
3367.2200000502885
3395.320000050902
3437.4450000518214
3580.970000054954
3594.935000055259
3614.8750000556943
3634.750000056128
3663.0750000567464
3686.8200000572647
3707.5700000577176
3722.5350000580443
3764.580000058962
3845.705000060733
3867.205000061202
3880.8500000615
3933.115000062641
3981.6300000636998
4000.1250000641035
4038.780000064947
4232.430000069174
4247.970000069513
4300.1300000706515
4323.90000007117
4348.385000071705
4376.235000072313
4420.325000073275
4441.980000073748
4480.835000074596
4527.375000075612
4569.980000076542
4610.69500007743
4623.770000077716
4640.800000078088
4661.0000000785285
4685.665000079067
4721.825000079856
4738.8350000802275
4766.91000008084
4814.455000081878
4897.255000083685
4917.135000084119
4976.565000085417
5010.465000086157
5091.450000087924
5130.085000088768
5142.900000089047
5160.710000089436
5197.005000090228
5231.205000090975
5242.100000091213
5251.860000091426
5265.725000091728
5283.19500009211
5440.015000095533
5497.760000096793
5510.025000097061
5523.345000097352
5535.735000097622
5548.550000097902
5598.835000098999
5623.170000099531
5675.885000100681
5719.575000101635
5735.4500001019815
5758.315000102481
5776.415000102876
5851.895000104523
5944.200000106538
6154.630000111131
6222.885000112621
6256.445000113354
6283.715000113949
6296.865000114236
6334.895000115066
6354.015000115483
6407.810000116658
6540.455000119553
6570.360000120206
6634.070000121596
6652.585000122001
6673.340000122454
6701.800000123075
6731.115000123715
6872.660000126804
6897.275000127342
6908.230000127581
7013.395000129876
7045.715000130582
7105.3500001318835
7124.765000132307
7163.6250001331555
7247.6000001349885
7283.1050001357635
7297.460000136077
7328.820000136761
7381.510000137911
7479.170000140043
7504.280000140591
7561.1000001418315
7810.8700001472835
7962.995000150604
7980.315000150982
7998.810000151386
8015.3800001517475
8032.230000152115
8048.985000152481
8177.625000155289
8249.460000146404
8315.500000135833
8327.750000133872
8347.480000130714
8372.755000126668
8439.440000115994
8475.455000110229
8561.960000096382
8577.685000093865
8599.615000090354
8639.800000083922
8666.450000079656
8733.255000068963
8750.01000006628
8770.925000062933
8800.285000058233
8824.000000054437
8839.615000051937
8882.51500004507
8909.94500004068
8929.50000003755
8960.205000032634
8974.35500003037
9026.785000021977
9067.580000015447
9084.355000012762
9215.774999991725
9268.569999983274
9287.974999980168
9306.749999977163
9324.529999974317
9363.464999968084
9400.624999962136
9410.2249999606
9422.044999958707
9452.7049999538
9462.524999952228
9479.524999949506
9540.744999939707
9602.234999929864
9632.099999925083
9727.279999909848
9741.419999907584
9771.17999990282
9792.124999899468
9855.814999889273
9911.634999880338
10001.699999865921
10090.85999985165
10127.819999845733
10145.039999842977
10184.154999836715
10204.224999833503
10317.434999815381
10407.40499980098
10426.26499979796
10582.26499977299
10870.349999726875
10936.634999716265
10958.024999712841
10977.469999709729
11022.184999702571
11139.234999683835
11152.249999681751
11466.719999631414
11487.764999628045
11505.369999625227
11527.244999621726
11562.279999616117
11675.70999959796
11729.594999589335
11807.78499957682
11828.159999573558
11848.034999570376
11876.944999565749
11898.67999956227
11917.679999559228
12003.239999545533
12020.894999542707
12093.189999531134
12104.004999529403
12178.899999517414
12192.829999515185
12243.674999507046
12273.334999502298
12309.459999496516
12431.419999476993
12455.984999473061
12471.809999470528
12601.814999449718
12640.459999443532
12653.734999441407
12745.629999426697
12764.804999423628
12787.354999420018
12799.074999418142
12820.059999414783
12839.614999411653
12891.934999403278
12909.334999400493
12978.6299993894
12994.474999386865
13008.914999384553
13067.15499937523
13104.419999369265
13117.524999367168
13143.30999936304
13190.799999355439
13218.054999351076
13237.324999347991
13471.059999310577
13505.39999930508
13548.589999298167
13575.144999293916
13589.699999291586
13669.504999278812
13688.424999275783
13705.224999273094
13748.764999266125
13794.08499925887
13870.349999246662
14216.504999191253
14247.954999186219
14328.53499917332
14372.76999916624
14388.874999163661
14428.769999157275
14448.309999154148
14463.324999151744
14518.719999142877
14633.77499912446
14801.114999097674
14846.004999090488
14898.179999082136
14953.619999073262
14987.794999067792
15016.66499906317
15074.099999053977
15089.344999051536
15113.799999047622
15129.92499904504
15148.624999042047
15225.239999029784
15240.014999027419
15253.889999025198
15280.099999021002
15294.804999018648
15305.154999016991
15319.484999014698
15360.76999900809
15394.30999900272
15438.60499899563
15520.769998982478
15533.25499898048
15576.374998973577
15588.734998971599
15609.804998968226
15638.559998963623
15715.099998951371
15745.08999894657
15764.779998943419
15891.77499892309
15985.834998908034
16007.16999890462
16024.389998901863
16050.049998897755
16170.944998878404
16189.689998875403
16225.159998869725
16237.904998867685
16328.179998853235
16396.369998846818
16416.239998850866
16452.09999885817
16593.889998887058
16661.964998900927
16716.324998912
16792.574998927535
16825.324998934208
16934.06499895636
16983.504998966433
17019.939998973856
17055.719998981145
17108.694998991938
17124.844998995228
17147.904998999926
17313.719999033707
17333.839999037806
17354.81499904208
17371.89499904556
17412.64499905386
17435.989999058616
17479.024999067384
17511.144999073927
17550.67999908198
17655.51499910334
17679.91999910831
17750.98999912279
17910.444999155276
17922.97499915783
17944.414999162196
18122.06999919839
18228.954999220165
18249.519999224354
18280.26999923062
18368.704999248635
18477.83999927087
18493.234999274006
18509.269999277272
18560.099999287628
18580.394999291762
18601.88999929614
18613.139999298433
18681.094999312278
18712.449999318666
18734.934999323246
18775.88499933159
18866.094999349967
18916.62499936026
18953.09499936769
18967.91499937071
19072.839999392087
19090.739999395733
19317.53999944194
19390.134999456728
19428.504999464545
19460.58499947108
19588.044999497048
19668.8049995135
19689.244999517665
19858.594999552166
19890.784999558724
19916.079999563877
19940.514999568855
19975.92999957607
20026.78499958643
20050.664999591296
20075.989999596455
20282.524999638532
20306.529999643422
20356.769999653658
20662.749999715994
20711.03499972583
20731.29499972996
20771.569999738163
20908.94999976615
20949.619999774437
20975.60499977973
21015.479999787854
21042.984999793458
21057.56499979643
21077.824999800556
21114.229999807972
21210.104999827505
21401.579999866513
21429.954999872294
21555.29999989783
21569.42999990071
21597.354999906398
21610.554999909087
21625.084999912047
21652.8299999177
21792.759999946207
21906.579999969395
21928.374999973836
21950.58499997836
21967.75999998186
22052.849999999195
22072.980000003296
22090.835000006933
22114.97000001185
22143.555000017674
22184.785000026073
22327.915000055233
22402.975000070524
22496.730000089625
22601.84000011104
22650.34000012092
22720.10000013513
22775.380000146393
22807.035000152842
22954.96500018298
22982.380000188565
22995.65000019127
23030.230000198313
23043.920000201102
23057.860000203942
23072.735000206972
23147.985000222303
23159.095000224566
23175.785000227967
23223.155000237617
23245.325000242134
23262.29500024559
23280.40000024928
23313.210000255964
23336.125000260632
23420.015000277723
23452.2950002843
23531.195000300373
23645.88500032374
23692.28500033319
23708.295000336453
23752.95000034555
23794.505000354016
23900.74000037566
23917.795000379134
23930.315000381685
23944.800000384635
24065.96000040932
24109.390000418167
24136.59500042371
24192.26000043505
24217.015000440093
24241.170000445014
24254.16000044766
24273.670000451635
24290.990000455164
24328.22500046275
24356.01000046841
24391.44500047563
24502.155000498184
24517.335000501276
24547.53500050743
24590.330000516147
24601.575000518438
24657.375000529806
24694.140000537296
24725.22500054363
24811.02500056111
24853.180000569697
24869.93500057311
25001.375000599888
25053.550000610518
25076.445000615182
25112.340000622495
25197.445000639833
25234.660000647415
25251.38000065082
25291.500000658994
25308.345000662426
25381.385000677306
25451.35000069156
25490.940000699626
25566.780000715076
25604.705000722803
25710.42500074434
25826.395000767967
25838.170000770366
25852.17500077322
25886.705000780254
25906.005000784186
25942.20500079156
25955.785000794327
26051.590000813845
26063.860000816345
26081.435000819925
26218.60000084787
26277.6600008599
26337.610000872115
26354.76000087561
26377.20000088018
26390.420000882874
26425.165000889952
26501.39000090548
26523.390000909963
26546.870000914747
26608.460000927294
26668.185000939462
26699.7850009459
26895.59000098579
27090.75000102555
27119.835001031475
27182.74500104429
27200.035001047814
27212.28000105031
27289.725001066086
27305.175001069234
27350.45500107846
27387.930001086093
27402.130001088986
27436.545001095998
27458.20500110041
27472.79000110338
27496.05000110812
27510.210001111005
27601.13500112953
27647.055001138884
27727.650001155303
27799.850001170013
27822.940001174717
27842.610001178724
27869.9750011843
27989.535001208656
28012.155001213265
28027.49500121639
28068.030001224648
28126.535001236567
28164.135001244227
28259.745001263705
28281.37000126811
28348.76500128184
28370.21000128621
28395.175001291296
28422.105001296783
28455.72000130363
28511.72000131504
28631.805001339504
28691.505001351667
28762.8400013662
28786.915001371104
28825.245001378913
28839.85500138189
28970.145001408433
28989.285001412332
29033.00500142124
29078.01500143041
29249.81500146541
29437.650001503676
29468.34500150993
29546.98000152595
29586.88500153408
29603.700001537505
29636.22000154413
29666.5100015503
29692.095001555514
29715.995001560383
29815.560001580667
29866.355001591015
29904.66500159882
30016.355001621574
30040.305001626453
30061.905001630854
30124.695001643646
30148.165001648427
30162.86000165142
30207.555001660527
30238.59500166685
30260.115001671234
30322.515001683947
30336.060001686707
30360.700001691726
30388.170001697323
30417.095001703216
30493.64500171881
30529.81000172618
30591.290001738704
30660.13000175273
30721.310001765192
30731.07500176718
30743.87000176979
30888.350001799223
30913.870001804422
30983.280001818563
30994.50000182085
31061.89500183458
31075.865001837425
31145.220001851554
31204.59500186365
31301.405001883373
31371.19500189759
31392.98500190203
31697.105001963988
31710.80500196678
31735.965001971905
31752.180001975208
31851.700001995483
31874.11500200005
32036.355002033102
32104.755002047037
32120.490002050243
32246.930002076002
32267.950002080284
32363.94000209984
32403.80000210796
32435.17000211435
32450.48000211747
32529.440002133557
32578.34000214352
32601.3250021482
32710.065002170355
32756.56500217983
32862.38000213271
32913.59500210588
32955.795002083774
33034.24500204268
33063.7900020272
33139.735001987414
33169.18000197199
33190.97000196057
33447.41500182623
33541.72000177683
33621.50000173503
33636.71500172706
33676.80500170606
33799.41500164183
33840.3150016204
33861.650001609225
33964.62000155528
34005.520001533856
34027.9650015221
34043.15000151414
34065.54500150241
34080.6500014945
34146.29000146011
34201.92000143097
34294.21000138262
34317.930001370194
34430.06000131145
34444.01500130414
34502.94000127327
34519.61500126454
34539.69000125402
34565.00000124076
34583.00500123133
34608.56500121794
34702.10500116894
34863.8500010842
34935.88000104647
34991.150001017515
35040.15500099184
35290.270000860815
35303.64000085381
35370.01500081904
35387.16000081006
35605.59000069563
35627.225000684295
35663.39500066535
35681.285000655975
35748.12500062096
35763.82000061274
35850.565000567294
35872.72000055569
35949.365000515536
35971.12500050414
36027.61500047454
36104.96500043402
36121.22000042551
36172.79500039849
36270.590000347256
36288.13000033807
36543.97500020404
36567.270000191835
36590.66500017958
36631.55500015816
36648.015000149535
36697.99500012335
36746.37000009801
36792.89500007364
36815.63000006173
36836.54000005077
36853.430000041924
36949.93499999137
36966.8599999825
36978.86499997621
37021.0749999541
37103.47999991093
37119.74999990241
37135.559999894125
37266.40499982558
37280.994999817936
37340.49999978676
37395.224999758095
37417.27999974654
37434.319999737614
37451.45499972864
37495.94499970533
37561.20499967114
37648.15999962559
37664.564999616996
37761.5249995662
37841.17999952447
37859.024999515124
37870.54999950909
37921.784999482246
37933.869999475915
38000.55499944098
38038.5049994211
38073.26999940289
38175.609999349275
38235.56499931787
38252.18499930916
38267.33999930122
38331.68499926751
38348.5099992587
38370.74999924705
38391.0749992364
38419.85499922132
38441.514999209976
38459.29999920066
38475.27999919229
38508.35499917496
38652.9749990992
38699.999999074564
38716.47999906593
38730.07499905881
38813.44499901513
38848.219998996916
38863.26999898903
38901.14999896919
38918.54999896007
38934.28999895183
38946.99999894517
38977.30499892929
39022.84999890543
39063.47999888415
39084.30499887324
39125.25999885178
39165.44499883073
39197.78999881379
39225.48499879928
39259.65499878138
39287.069998767016
39302.10499875914
39324.254998747536
39348.07499873506
39411.10499870204
39540.92499863403
39576.57499861535
39594.264998606086
39618.72999859327
39635.939998584254
39762.88499851775
39825.92499848473
39838.659998478055
39850.71499847174
39942.099998423866
39987.664998399996
40027.9349983789
40058.19499836305
40147.12999831646
40164.95499830712
40208.3299982844
40232.479998271745
40273.384998250316
40300.509998236106
40323.63999822399
40534.29499811363
40593.999998082356
40623.18499806707
40650.2299980529
40698.74999802748
40727.05499801265
40755.83999799757
40769.63999799034
40782.75999798347
40809.9949979692
40821.68499796308
40837.94499795456
40851.014997947714
40909.33499791716
40926.184997908334
40971.90999788438
41045.40499784588
41256.664997735206
41311.57999770644
41329.64999769697
41368.24999767675
41399.00499766064
41624.72999754239
41750.80999747634
41770.81999746586
41820.35499743991
41859.44499741943
41880.084997408616
41943.059997375625
41976.274997358225
41995.04499734839
42014.53999733818
42035.374997327264
42151.26499726655
42173.43499725494
42186.64499724802
42200.05499724099
42220.83499723011
42246.17999721683
42259.44499720988
42271.58499720352
42297.70499718984
42320.44999717792
42357.47999715852
42385.649997143766
42430.28999712038
42683.65999698765
42765.54499694475
42783.46499693536
42825.969996913096
42889.98499687956
42952.644996846735
42974.31499683538
43096.21499677152
43141.02499674805
43169.569996733095
43192.97999672083
43209.76499671204
43332.164996647916
43356.259996635294
43397.089996613904
43486.14499656725
43527.179996545754
43600.3899965074
43622.48499649583
43642.11999648554
43676.77999646738
43715.394996447154
43755.63499642607
43807.6949963988
43826.814996388784
43899.829996350534
43917.62999634121
43998.67999629875
44095.22999624817
44113.564996238565
44160.0699962142
44239.54499617257
44261.88999616086
44300.73999614051
44321.67999612954
44372.92999610269
44386.83499609541
44407.189996084744
44488.784996042
44501.524996035325
44534.67499601796
44548.31499601081
44661.22999595166
44674.72499594459
44730.39499591543
44805.17499587625
44834.83999586071
44850.64499585243
44902.884995825065
44952.764995798934
44977.539995785955
44990.83999577899
45015.944995765836
45160.849995689925
45199.37499566974
45219.204995659355
45244.3149956462
45279.104995627975
45321.90999560555
45345.21999559334
45359.95999558562
45376.42999557699
45389.1999955703
45434.22999554671
45454.549995536065
45477.054995524275
45496.04499551433
45588.19999546605
45639.88499543897
45671.319995422506
45699.48999540775
45718.03999539803
45862.4099953224
45973.29499526431
45989.379995255884
46007.08499524661
46047.83499522526
46063.784995216905
46079.08499520889
46153.82999516973
46191.38499515006
46223.139995133424
46285.90499510054
46327.189995078916
46361.75499506081
46444.98499501721
46459.63999500953
46531.97999497163
46654.754994907315
46669.31499489969
46753.69499485548
46810.119994825924
46828.27999481641
46906.589994775386
46935.78999476009
47083.8949946825
47142.14999465198
47170.09999463734
47197.104994623194
47257.62999459149
47280.40999457955
47384.83499452485
47404.79999451439
47442.11499449484
47506.19499446127
47537.78499444472
47574.984994425235
47631.889994395424
47649.40499438625
47670.139994375386
47685.99999436708
47751.84499433258
47781.36499431712
47850.434994280935
47915.394994246904
47996.68999420432
48032.14499418574
48064.284994168906
48107.4299941463
48363.079994012376
48375.47499400588
48410.81499398737
48429.73499397746
48513.059993933806
48529.61999392513
48550.99499391393
48601.594993887426
48616.009993879874
48636.40499386919
48681.6299938455
48694.87999383856
48721.244993824745
48781.95499379294
48795.47499378586
48811.71999377735
48846.28999375924
48884.699993739116
48900.714993730726
48938.80999371077
48950.71499370453
48993.01999368237
49012.02999367241
49037.12999365926
49164.25999359266
49226.28499356017
49254.05999354562
49313.92499351426
49339.10499350107
49355.77999349233
49372.0699934838
49443.2649934465
49457.954993438805
49471.76499343157
49494.33499341975
49632.6299933473
49747.14499328731
49791.72499326395
49829.019993244416
49852.81499323195
49914.51499319963
49930.189993191416
49948.78999318167
49960.91499317532
49974.73999316808
49987.18499316156
15.915000000001088
31.38999999999804
51.63500000000796
180.9749999999079
203.57999999988735
258.68499999983726
317.5749999997837
357.51999999974737
371.8099999997344
442.96499999966966
481.8699999996343
498.5449999996191
515.2699999996039
615.4499999995128
642.2999999994884
740.604999999399
755.3049999993856
791.194999999353
830.8249999993169
860.8799999992896
877.4449999992745
909.819999999245
955.8499999992032
970.36999999919
1028.2249999992334
1165.7750000022359
1197.9750000029387
1361.4800000065077
1379.7200000069058
1412.4550000076204
1435.6500000081267
1490.960000009334
1506.6950000096774
1527.9950000101423
1548.6800000105939
1631.200000012395
1645.805000012714
1675.685000013366
1702.9450000139611
1802.4100000161322
1945.9700000192659
1962.6600000196302
1980.3450000200162
1994.1600000203177
2032.4400000211533
2048.5000000215036
2079.0000000221694
2098.585000022597
2115.080000022957
2140.0350000235017
2290.915000026795
2354.8350000281903
2475.7050000308286
2530.970000032035
2559.2150000326515
2580.170000033109
2734.235000036472
2764.8350000371397
2808.885000038101
2864.030000039305
2988.0350000420117
3003.0950000423404
3018.4450000426755
3089.065000044217
3105.6250000445784
3187.0750000463563
3210.005000046857
3300.4300000488306
3326.195000049393
3344.025000049782
3366.9500000502826
3381.7800000506063
3419.570000051431
3458.8450000522885
3515.5600000535264
3529.9100000538397
3569.730000054709
3586.0800000550657
3599.845000055366
3664.305000056773
3684.815000057221
3731.830000058247
3846.350000060747
3866.975000061197
3932.580000062629
3988.145000063842
4012.7800000643797
4023.830000064621
4035.8050000648823
4054.390000065288
4168.195000067772
4186.830000068178
4199.100000068446
4234.450000069218
4416.530000073192
4439.995000073704
4526.435000075591
4565.720000076449
4651.055000078311
4724.100000079906
4766.395000080829
4796.4250000814845
4863.925000082958
4896.880000083677
4940.8250000846365
5001.45500008596
5046.35000008694
5112.380000088381
5175.825000089766
5191.675000090112
5215.150000090624
5269.9000000918195
5285.350000092157
5327.445000093076
5374.660000094106
5391.835000094481
5441.485000095565
5515.04000009717
5532.310000097547
5587.87500009876
5601.985000099068
5618.09000009942
5654.930000100224
5680.790000100788
5695.3200001011055
5821.920000103869
5888.6050001053245
5961.750000106921
5989.5300001075275
6015.800000108101
6046.785000108777
6090.585000109733
6115.475000110277
6159.870000111246
6176.260000111603
6192.545000111959
6243.280000113066
6376.955000115984
6423.95500011701
6504.0100001187575
6539.535000119533
6554.435000119858
6630.670000121522
6644.3800001218215
6684.875000122705
6744.095000123998
6757.605000124293
6786.2650001249185
6852.74500012637
6894.315000127277
7091.4700001315805
7110.260000131991
7155.005000132967
7171.840000133335
7276.115000135611
7322.775000136629
7375.195000137774
7397.94500013827
7411.065000138557
7453.475000139482
7609.0200001428775
7652.160000143819
7667.455000144153
7687.645000144594
7745.140000145849
7785.610000146732
7805.555000147167
8103.955000153681
8125.360000154148
8143.220000154538
8492.710000107467
8610.150000088668
8708.690000072895
8738.260000068161
8772.615000062662
8790.665000059773
8827.960000053803
8843.235000051358
8927.990000037791
8967.280000031502
9107.245000009098
9288.014999980162
9299.89499997826
9319.524999975118
9345.254999970999
9365.389999967776
9391.72499996356
9414.289999959949
9487.299999948262
9569.77999993506
9590.20499993179
9607.799999928973
9667.074999919485
9713.244999912094
9729.924999909425
9764.61999990387
9838.354999892068
9850.379999890143
9865.89499988766
9883.869999884782
10022.374999862612
10097.634999850565
10216.209999831584
10234.239999828698
10256.0999998252
10269.079999823121
10329.49499981345
10342.549999811361
10361.959999808254
10407.364999800986
10424.999999798163
10446.38999979474
10460.904999792416
10568.129999775252
10613.699999767958
10697.689999754513
10837.314999732163
10902.93499972166
10918.094999719233
11036.87499970022
11059.574999696586
11080.899999693173
11101.52999968987
11300.449999658029
11326.48999965386
11436.809999636202
11456.859999632992
11491.884999627386
11509.989999624488
11530.39999962122
11548.109999618386
11627.964999605603
11747.529999586464
11780.259999581225
11810.729999576348
11829.07999957341
11862.404999568076
11875.62499956596
11975.45999954998
12160.844999520305
12195.594999514742
12218.234999511118
12233.90499950861
12255.664999505127
12296.449999498598
12465.994999471459
12486.16999946823
12511.689999464144
12528.574999461442
12541.344999459398
12561.399999456187
12576.134999453829
12595.30499945076
12610.569999448317
12634.279999444521
12662.749999439964
12684.964999436408
12699.794999434034
12740.404999427534
12810.654999416289
12837.854999411935
12871.68499940652
12918.84499939897
12934.979999396388
12977.774999389538
13006.894999384876
13053.429999377428
13082.704999372741
13100.884999369831
13114.644999367629
13141.209999363376
13210.694999352254
13231.679999348895
13391.299999323344
13421.18999931856
13668.184999279023
13703.864999273312
13809.57999925639
13913.419999239768
13957.959999232638
14019.264999222825
14047.749999218266
14061.994999215985
14078.789999213297
14251.849999185595
14357.849999168628
14502.684999145444
14552.529999137465
14565.664999135362
14619.644999126722
14661.45499912003
14674.769999117898
14696.409999114434
14839.109999091592
14856.67999908878
14944.169999074775
15027.189999061486
15065.859999055296
15126.849999045533
15182.324999036653
15197.794999034177
15239.109999027563
15255.539999024933
15420.979998998451
15546.694998978328
15611.994998967875
15631.01499896483
15644.679998962643
15727.859998949329
15749.689998945834
15830.05499893297
15849.839998929803
15888.999998923535
15913.094998919678
15927.239998917414
15943.714998914777
15958.159998912464
16013.999998903526
16098.169998890053
16224.804998869782
16242.964998866875
16298.144998858043
16367.089998847006
16380.319998844889
16395.49999884664
16420.304998851694
16439.349998855574
16453.289998858414
16544.95499887709
16623.50499889309
16645.314998897535
16703.444998909377
16719.969998912744
16766.68499892226
16905.84499895061
16920.22499895354
16944.839998958556
16958.85499896141
16988.64499896748
17008.069998971438
17143.40499899901
17201.214999010786
17221.914999015004
17270.28999902486
17302.4049990314
17320.779999035145
17334.24999903789
17347.75999904064
17376.829999046564
17408.139999052943
17442.93499906003
17524.479999076644
17602.614999092562
17652.244999102673
17666.79999910564
17684.074999109158
17701.379999112683
17724.894999117474
17744.01999912137
17755.50999912371
17891.729999151463
17904.209999154005
17916.05999915642
17931.1749991595
17960.57999916549
18072.524999188296
18085.494999190938
18242.13499922285
18263.92999922729
18301.57999923496
18327.274999240195
18349.654999244754
18363.17499924751
18443.43999926386
18469.974999269267
18496.409999274652
18533.864999282283
18558.08999928722
18575.31999929073
18599.049999295563
18639.809999303867
18655.92999930715
18721.9399993206
18804.10999933734
18898.869999356644
18991.749999375566
19115.004999400677
19138.03999940537
19154.8749994088
19168.07999941149
19180.10499941394
19195.214999417018
19221.939999422462
19357.639999450108
19377.61999945418
19390.944999456893
19478.40499947471
19519.13499948301
19536.139999486473
19564.854999492323
19578.844999495173
19602.869999500068
19651.804999510037
19702.099999520284
19723.999999524745
19880.224999556573
19896.339999559856
19925.0199995657
19943.984999569562
20081.94499959767
20118.779999605173
20187.989999619273
20199.824999621684
20221.25999962605
20244.304999630745
20256.919999633315
20294.78999964103
20317.299999645616
20427.404999668048
20446.239999671885
20621.89999970767
20638.079999710968
20665.52499971656
20744.479999732645
20772.354999738323
20789.794999741876
20811.449999746288
20826.03999974926
20840.55999975222
20856.899999755547
20889.129999762114
20917.764999767947
20931.434999770732
20957.459999776034
20979.56999978054
21013.849999787522
21033.13499979145
21094.854999804025
21119.37999980902
21195.719999824574
21214.174999828334
21232.61499983209
21251.21499983588
21267.979999839295
21298.08499984543
21320.684999850033
21344.019999854787
21359.864999858015
21700.4449999274
21743.124999936095
21842.83499995641
21864.474999960818
21889.454999965907
21907.694999969623
21929.444999974054
22044.164999997425
22101.42000000909
22115.585000011975
22126.65000001423
22137.275000016394
22154.225000019847
22174.435000023965
22201.910000029562
22273.41000004413
22308.625000051303
22417.955000073576
22448.325000079763
22463.67000008289
22503.065000090915
22526.130000095614
22545.850000099632
22562.550000103034
22578.365000106256
22694.4150001299
22772.435000145793
22916.64000017517
22970.47500018614
22990.65500019025
23044.15500020115
23062.145000204815
23092.580000211015
23216.98000023636
23243.74000024181
23286.315000250484
23300.990000253474
23314.90500025631
23332.165000259825
23443.02000028241
23467.050000287305
23483.845000290727
23526.290000299374
23602.340000314867
23620.530000318573
23637.425000322015
23682.685000331236
23703.940000335566
23726.38500034014
23759.61500034691
23795.025000354122
23822.145000359647
23869.510000369297
23888.37000037314
23983.8900003926
24001.645000396216
24022.110000400386
24100.885000416434
24125.11000042137
24183.840000433334
24248.945000446598
24262.45000044935
24283.625000453663
24341.065000465365
24373.210000471914
24483.545000494392
24500.550000497857
24533.775000504625
24547.405000507402
24561.215000510216
24580.2800005141
24603.130000518755
24653.640000529045
24672.17000053282
24724.69500054352
24743.405000547333
24756.0050005499
24772.665000553294
24815.16000056195
24835.600000566115
24852.32000056952
24871.390000573407
24886.900000576567
24920.015000583313
24984.01000059635
25005.55000060074
25026.475000605
25048.965000609584
25072.245000614326
25095.365000619036
25130.395000626173
25143.305000628803
25167.19000063367
25182.925000636875
25207.01000064178
25220.830000644597
25240.24000064855
25261.905000652965
25293.69000065944
25308.27000066241
25321.555000665117
25410.765000683292
25552.775000712223
25588.020000719403
25711.30000074452
25744.44000075127
25763.33500075512
25801.38500076287
25826.440000767976
26024.990000808426
26048.935000813304
26066.990000816983
26085.14000082068
26105.430000824814
26210.690000846258
26301.740000864807
26398.170000884453
26431.7850008913
26472.76500089965
26499.690000905135
26538.475000913037
26631.200000931927
26681.660000942207
26698.040000945544
26731.180000952296
26744.000000954908
26759.245000958013
26783.27500096291
26804.740000967282
26818.595000970105
26857.655000978062
26876.970000981997
26893.895000985445
26911.725000989078
27065.18000102034
27098.860001027202
27255.19000105905
27331.440001074585
27351.280001078627
27366.845001081798
27401.12000108878
27423.94000109343
27437.15000109612
27457.21500110021
27524.52500111392
27559.22000112099
27593.700001128014
27617.98000113296
27722.63500115428
27791.79500116837
27822.52000117463
27842.25500117865
27902.465001190918
27962.250001203098
28037.21500121837
28056.45000122229
28099.40500123104
28128.035001236873
28157.91500124296
28249.36500126159
28267.72000126533
28384.64500128915
28399.330001292143
28565.245001325944
28580.250001329
28710.750001355587
28723.105001358104
28743.335001362226
28773.58500136839
28788.56500137144
28841.760001382278
28929.625001400178
28973.995001409217
29041.60500142299
29064.28000142761
29108.69000143666
29162.680001447658
29223.050001459957
29259.895001467463
29271.160001469758
29289.650001473525
29390.93500149416
29405.46000149712
29448.745001505937
29462.21000150868
29479.325001512167
29548.375001526234
29567.8400015302
29602.325001537225
29621.415001541114
29651.790001547302
29688.625001554807
29710.52500155927
29933.67500160473
30136.820001646116
30184.565001655843
30210.145001661054
30250.890001669355
30283.69500167604
30298.860001679128
30319.365001683305
30338.0000016871
30431.11500170607
30443.600001708615
30468.95000171378
30492.16500171851
30595.74000173961
30847.10000179082
31031.105001828306
31049.810001832117
31065.465001835306
31079.43000183815
31101.86500184272
31148.710001852265
31163.26000185523
31268.775001876726
31439.690001911546
31471.735001918074
31518.88500192768
31561.385001936338
31586.595001941474
31607.08500194565
31657.94500195601
31826.80500199041
31839.80000199306
31855.86000199633
31881.695002001594
31964.14500201839
31984.435002022525
32170.855002060503
32191.69500206475
32205.870002067637
32221.360002070793
32239.230002074433
32276.430002082012
32548.245002137388
32578.14000214348
32602.865002148515
32642.390002156568
32706.195002169567
32719.6050021723
32738.65000217618
32761.850002180905
32782.36500217463
32891.47000211747
32921.2000021019
32937.64500209328
32961.465002080804
33023.140002048494
33136.260001989234
33174.45000196923
33287.56000190997
33303.7350019015
33367.785001867946
33394.46500185397
33474.530001812025
33493.850001801904
33520.000001788205
33579.71500175692
33722.265001682244
33745.35500167015
33761.46000166171
33779.265001652384
33828.455001626615
33845.78000161754
33895.745001591364
33929.34500157376
33954.0850015608
33984.70500154476
34021.670001525395
34036.99500151737
34091.29500148892
34103.80000148237
34138.96500146395
34197.78000143314
34228.575001417004
34244.4250014087
34323.0700013675
34337.17500136011
34350.73000135301
34369.275001343296
34405.55500132429
34459.560001296
34473.95000128846
34516.14000126636
34616.305001213885
34632.585001205356
34666.795001187435
34781.16500112752
34834.48500109959
34979.7250010235
35000.620001012554
35016.765001004096
35073.04500097461
35091.5800009649
35106.120000957286
35232.280000891195
35256.19000087867
35271.16000087083
35291.82500086
35311.2950008498
35326.575000841796
35407.955000799164
35425.35500079005
35452.010000776085
35480.205000761314
35667.24000066333
35732.52500062913
35794.00000059693
35806.96000059014
35903.20500053972
35965.170000507256
36012.67000048237
36025.10500047586
36080.13500044703
36110.46500043114
36141.48000041489
36159.11000040566
36169.825000400044
36217.84500037489
36290.04000033707
36310.315000326445
36366.48500029702
36394.46500028236
36447.23500025472
36468.160000243755
36497.87500022819
36595.47000017706
36613.76000016748
36717.630000113066
36733.015000105006
36751.80500009516
36813.79000006269
36824.40000005713
36840.885000048496
36877.11500002952
36967.65999998208
37023.70999995272
37063.574999931836
37089.96999991801
37109.94999990754
37152.00499988551
37175.27499987332
37266.754999825396
37282.14999981733
37296.31999980991
37315.50499979986
37333.854999790245
37372.33999977008
37389.03499976134
37409.369999750685
37424.69499974266
37442.604999733274
37459.78999972427
37471.66999971805
37489.044999708945
37502.69999970179
37532.86499968599
37553.984999674925
37626.959999636696
37645.77999962684
37662.674999617986
37683.91999960686
37697.73999959962
37716.10999958999
37794.369999548995
37806.46499954266
37820.01499953556
37848.72499952052
37916.88499948481
37979.94499945178
38187.68499934295
38204.07499933436
38218.87999932661
38242.094999314446
38325.50499927075
38344.39999926085
38355.96499925479
38373.35999924568
38393.334999235216
38406.84499922814
38446.33499920745
38566.45999914452
38737.41999905496
38799.54999902241
38825.55999900879
38872.884998983995
38885.499998977386
38918.61499896004
39025.46499890406
39121.6049988537
39139.10499884453
39194.204998815665
39227.974998797974
39243.03999879008
39281.7549987698
39298.924998760805
39326.81999874619
39342.62999873791
39397.344998709246
39420.95499869688
39445.3399986841
39620.61999859228
39637.214998583586
39785.68499850581
39798.38999849915
39843.37999847558
39884.23999845418
39929.349998430545
39940.594998424654
39954.84999841719
40125.41999832783
40190.39999829379
40202.46499828747
40290.4099982414
40327.72999822185
40339.03999821592
40371.349998198995
40497.96999813266
40520.13999812105
40658.674998048475
40715.41999801875
40731.12499801052
40787.389997981045
40800.37499797424
40821.254997963304
40890.97499792678
40908.794997917445
40929.89999790639
40941.88999790011
40971.14999788478
41049.51999784372
41067.92999783408
41097.924997818365
41113.93499780998
41139.33999779667
41318.25999770294
41381.88499766961
41397.68499766133
41538.244997587695
41575.794997568024
41676.139997515456
41692.14499750707
41708.19999749866
41726.04999748931
41741.809997481054
41760.12999747146
41776.81999746271
41819.84999744017
41844.96999742701
42016.57999733711
42153.63999726531
42258.22999721052
42279.33999719946
42298.1649971896
42314.43499718107
42371.70499715107
42421.00999712524
42470.49499709932
42496.194997085855
42508.61499707935
42528.83999706875
42543.12999706127
42558.444997053244
42573.49999704536
42589.78999703682
42605.229997028735
42620.55499702071
42656.00999700213
42725.564996965695
42743.43999695633
42767.43499694376
42788.119996932925
42822.10499691512
42849.70499690066
42894.35999687727
42912.329996867855
42935.78499685557
43020.429996811225
43051.38499679501
43072.674996783855
43120.299996758906
43175.62499672992
43192.149996721266
43297.864996665885
43311.724996658624
43325.16999665158
43457.96999658201
43478.10999657146
43550.944996533304
43617.33999649852
43648.85999648201
43669.17499647137
43770.20999641844
43885.03999635828
43913.65999634329
44077.659996257375
44115.0249962378
44134.789996227446
44155.254996216725
44183.524996201915
44209.83999618813
44232.85499617607
44257.44999616319
44270.46499615637
44342.12499611883
44387.49999609506
44403.96999608643
44449.85499606239
44473.11499605021
44493.75999603939
44515.06999602823
44532.354996019174
44598.00499598478
44707.17999592759
44723.719995918924
44737.96999591146
44766.04499589675
44790.05499588417
44835.08499586058
44870.01999584228
44885.874995833976
44918.39499581694
44944.90499580305
45090.8399957266
45235.85999565063
45250.91999564274
45354.93999558825
45387.07999557141
45444.40999554138
45460.30499553305
45529.63999549673
45549.269995486444
45636.159995440925
45650.094995433625
45660.04499542841
45728.42499539259
45747.43999538263
45799.369995355424
45823.839995342605
45837.2049953356
45848.87999532949
46063.439995217086
46086.83499520483
46110.33999519252
46164.61999516408
46192.099995149685
46220.92999513458
46237.32999512599
46252.37499511811
46276.14499510566
46299.17499509359
46346.26499506892
46363.52499505988
46431.88499502407
46451.94499501356
46506.44499498501
46557.47499495828
46576.87999494811
46602.814994934524
46662.14999490344
46675.10999489665
46699.89499488367
46714.7249948759
46732.54499486656
46744.8799948601
46768.48999484773
46850.184994804935
46894.89999478151
46962.404994746146
46977.65499473816
47060.849994694574
47107.69499467003
47159.459994642915
47189.74499462705
47273.24499458331
47358.41499453869
47380.1549945273
47402.13999451578
47436.02499449803
47459.669994485645
47520.904994453565
47561.489994432304
47583.50499442077
47604.29499440988
47643.109994389546
47659.984994380706
47678.999994370744
47700.30499435958
47722.959994347715
47736.914994340405
47755.20499433082
47806.454994303975
47824.244994294655
47839.15999428684
47875.784994267655
47892.37999425896
47905.484994252096
47920.80999424407
47941.05999423346
47976.77499421475
48007.399994198706
48029.18999418729
48059.65499417133
48099.829994150285
48128.58999413522
48160.264994118625
48185.06999410563
48225.89999408424
48246.35999407352
48372.43999400747
48407.269993989226
48423.31999398082
48462.69499396019
48489.409993946196
48510.16499393532
48568.96999390452
48579.17499389917
48604.34999388598
48636.72499386902
48673.47999384977
48700.80999383545
48734.42999381784
48772.914993797676
48856.73999375376
48881.84499374061
48929.47499371566
49006.30999367541
49034.97999366039
49076.3849936387
49104.984993623715
49323.034993509486
49356.25999349208
49495.54499341911
49507.96499341261
49526.20499340305
49551.739993389674
49571.64499337925
49586.25499337159
49636.68999334517
49669.32999332807
49693.61499331535
49722.95499329998
49742.68999328964
49757.93999328165
49776.354993272005
49829.79499324401
49912.05999320091
49949.489993181305
49978.67999316601
