53.97500000000916
74.56000000000468
85.23999999999496
121.31499999996215
346.8049999997571
572.0649999995522
768.8999999993732
979.0599999991821
1206.100000003116
1228.5150000036053
1295.755000005073
1308.1550000053437
1322.18500000565
1470.3700000088845
1494.990000009422
1747.4350000149323
1846.5800000170964
1870.3950000176162
1957.4550000195165
1972.2500000198395
2315.3050000273274
2326.2200000275657
2341.0950000278904
2396.290000029095
2413.3450000294674
2425.6600000297362
2530.4400000320234
2629.200000034179
2643.860000034499
2657.5300000347975
2671.4650000351016
2690.260000035512
2716.415000036083
2760.310000037041
2825.825000038471
3126.8750000450423
3639.7550000562373
3653.5150000565377
3715.5350000578915
3743.965000058512
3801.3050000597636
3817.075000060108
3942.24000006284
3958.7600000632006
3970.7650000634626
3981.1250000636887
4270.095000069996
4371.0800000722
4384.535000072494
4475.005000074469
4491.970000074839
4563.390000076398
4707.79000007955
4739.330000080238
4797.005000081497
4862.300000082922
4886.990000083461
5138.6450000889545
5159.090000089401
5407.915000094832
5423.060000095163
5438.775000095506
5457.76500009592
5496.860000096774
5612.435000099296
5650.710000100132
5669.645000100545
5697.410000101151
5720.460000101654
5736.035000101994
5765.61500010264
5874.550000105018
5905.940000105703
6052.8000001089085
6093.305000109793
6210.680000112355
6269.55500011364
6466.630000117942
6490.465000118462
6679.4750001225875
6690.965000122838
6724.075000123561
6735.560000123812
6767.285000124504
6821.475000125687
6837.380000126034
6946.340000128413
6961.145000128736
7064.7150001309965
7188.835000133706
7237.790000134774
7276.200000135613
7315.735000136476
7445.885000139317
7507.915000140671
7518.730000140907
7569.555000142016
7581.270000142272
7601.935000142723
7655.655000143895
7732.5300001455735
7826.27500014762
7900.990000149251
7917.92000014962
7967.945000150712
7982.210000151023
7996.815000151342
8327.680000133883
8443.745000115305
8454.825000113531
8550.745000098177
8589.000000092054
8694.025000075242
9007.990000024985
9164.414999999946
9220.704999990936
9231.769999989165
9247.909999986581
9621.634999926759
9643.269999923295
9988.184999868085
9999.794999866226
10014.39499986389
10039.914999859804
10114.59999984785
10124.65499984624
10618.109999767252
10637.319999764177
10650.994999761988
10936.54499971628
10958.039999712839
10967.444999711333
10980.849999709188
11100.769999689992
11564.63499961574
11703.20499959356
12072.779999534401
12086.609999532187
12136.07499952427
12151.299999521832
12169.884999518858
12521.489999462576
12593.414999451063
12665.354999439547
12689.044999435755
12771.619999422537
12805.069999417183
12820.469999414718
12847.4449994104
12869.384999406888
12883.694999404597
13020.794999382651
13046.619999378518
13151.099999361793
13164.194999359697
13197.504999354365
13331.234999332959
13354.879999329174
13368.799999326946
13386.839999324058
13562.979999295863
13752.629999265506
13763.189999263815
13777.229999261568
13844.429999250811
13866.459999247285
13913.234999239798
13925.889999237772
13942.339999235139
13995.859999226572
14120.239999206662
14140.779999203374
14181.869999196797
14211.744999192015
14227.914999189426
14280.12499918107
14406.714999160806
14480.699999148963
14607.139999128724
14624.389999125962
14740.679999107348
14750.669999105749
14801.63999909759
14851.274999089645
14925.419999077776
14935.94999907609
14995.8649990665
15052.179999057485
15093.464999050877
15236.874999027921
15301.22499901762
15311.9699990159
15332.039999012688
15541.404998979175
15555.544998976911
15727.204998949434
15765.83499894325
16024.459998901852
16035.499998900084
16049.439998897853
16082.249998892601
16101.454998889527
16122.854998886101
16137.499998883757
16209.379998872251
16848.20999893887
16863.81999894205
16914.464998952368
16954.509998960526
16967.949998963264
16981.704998966066
17260.1849990228
17422.939999055958
17440.359999059507
17624.289999096978
17722.75999911704
17740.559999120665
17853.489999143672
17864.839999145985
17875.76999914821
18002.01499917393
18033.18499918028
18062.079999186168
18072.869999188366
18088.514999191553
18104.229999194755
18114.969999196943
18129.904999199985
18143.989999202855
18153.204999204732
18165.694999207277
18225.2049992194
18257.184999225916
18466.45999926855
18477.35499927077
18570.66499928978
18621.3149993001
18646.54999930524
18719.604999320123
18795.23499933553
18828.739999342357
18883.77999935357
18936.68499936435
18988.964999375
19013.299999379957
19194.759999416925
19246.999999427568
19785.124999537198
19869.25999955434
19884.2899995574
19908.694999562373
19951.644999571123
19968.07999957447
20014.489999583926
20032.609999587617
20107.854999602947
20123.38999960611
20154.84999961252
20265.08999963498
20279.554999637927
20292.91499964065
20302.519999642605
20313.269999644795
20416.334999665793
20439.09999967043
20573.34499969778
20593.744999701936
20686.744999720882
20724.009999728474
20885.07999976129
21128.169999810812
21146.974999814644
21642.95999991569
21695.43499992638
21716.58499993069
21811.52499995003
21958.38999997995
21966.619999981627
22311.485000051885
22323.24000005428
22538.23000009808
22554.440000101382
22686.730000128333
22713.930000133874
22730.145000137178
22754.820000142205
22810.470000153542
22834.180000158372
22871.455000165966
23107.710000214098
23119.84500021657
23134.785000219614
23228.07000023862
23245.345000242138
23326.39500025865
23336.4650002607
23397.87000027321
23428.89500027953
23447.09000028324
23495.54000029311
23624.88500031946
23642.915000323133
23658.235000326255
23670.375000328728
23878.71000037117
23895.660000374624
23913.7050003783
23942.280000384122
23954.64000038664
23989.54500039375
24005.650000397032
24043.23000040469
24066.775000409485
24142.39000042489
24498.195000497377
24767.98000055234
24987.43500059705
25009.505000601544
25143.93500062893
25205.120000641396
25251.980000650943
25431.47500068751
25475.815000696544
25672.47500073661
25691.160000740416
25718.335000745952
25775.005000757497
25846.210000772004
25859.030000774615
25927.6750007886
25965.62500079633
26141.030000832066
26152.24500083435
26492.145000903598
26515.305000908316
26526.135000910523
26537.190000912775
26550.065000915398
26562.44500091792
26656.080000936996
26668.31500093949
26689.57000094382
26753.420000956827
26775.250000961274
27044.345001016096
27057.07000101869
27272.1250010625
27303.5350010689
27337.220001075762
27621.830001133745
27904.860001191406
27995.84000120994
28013.295001213497
28066.945001224427
28192.51500125001
28246.300001260966
28262.21500126421
28355.305001283174
28378.5100012879
28536.07000132
28874.725001388993
29278.070001471166
29312.225001478124
29852.025001588096
30117.15000164211
30129.560001644637
30145.48000164788
30377.430001695135
30388.720001697435
30701.56000176117
30780.435001777238
30791.060001779402
30992.14500182037
31021.31000182631
31032.125001828514
31042.130001830552
31067.84000183579
31136.550001849788
31150.3450018526
31185.85000185983
31356.970001894693
31747.76500197431
31777.22000198031
31985.170002022674
32116.870002049505
32128.155002051804
32161.880002058675
32214.515002069398
32376.915002102483
32393.83000210593
32599.195002147768
32627.24000215348
32687.01500216566
32701.30500216857
33073.840002021934
33104.08000200609
33265.65500192145
33471.01000181387
33651.83500171914
33749.78000166783
33872.65000160346
33959.09500155818
33979.69000154739
33993.36500154022
34026.50500152286
34282.005001389014
34306.455001376205
34578.80000123353
34613.935001215126
34990.45000101788
35066.45000097807
35213.9450009008
35231.03000089185
35284.41500086388
35301.98000085468
35413.660000796175
35423.42000079106
35467.8300007678
35486.78500075787
35500.37000075075
35513.780000743725
35529.4850007355
35695.3650006486
35780.55500060397
35869.95000055714
35967.67000050595
35980.025000499474
35990.97000049374
36060.43500045735
36505.22000022434
36569.98500019041
36592.770000178476
36671.52000013722
36906.01500001438
36919.81500000715
37114.15499990534
37220.61499984957
37241.28499983874
37469.229999719326
37484.24499971146
37557.12499967328
37595.24499965331
37649.0899996251
37685.53499960601
37718.39999958879
37746.31499957417
37757.814999568145
37804.37999954375
37865.5599995117
37875.96499950625
37890.79499949848
37899.75499949379
37932.63499947656
38000.37999944107
38018.24999943171
38066.21999940658
38077.51999940066
38197.26499933793
38232.46999931949
38263.554999303204
38300.544999283826
38346.949999259516
38367.374999248816
38463.9999991982
38496.624999181106
38510.389999173894
38524.21999916665
38617.52499911777
38634.714999108764
38811.209999016304
38830.59499900615
38959.06499893885
39006.98999891374
39027.60999890294
39073.774998878755
39138.30499884495
39160.27999883344
39297.419998761594
39376.25999872029
39408.81499870324
39422.95499869583
39434.014998690036
39559.029998624545
39644.814998579604
40090.059998346354
40107.57499833718
40123.3799983289
40205.714998285766
40225.244998275535
40395.1999981865
40416.49999817534
40430.22499816815
40545.66499810768
40644.00499805616
40876.534997934345
40956.994997892194
40968.93499788594
41010.0549978644
41150.94999779059
41308.91999770783
41360.584997680766
41383.12499766896
41518.13999759823
41532.82999759053
41669.12999751913
41680.95999751293
41955.179997369276
42000.21999734568
42064.45999731203
42244.719997217595
42312.389997182145
42324.42999717584
42352.92999716091
42591.51999703592
42731.789996962434
42747.08999695442
42941.344996852655
43058.74999679115
43218.29499670757
43233.72999669948
43312.63499665815
43326.14499665107
43432.53999659533
43443.44999658962
43460.39499658074
43575.49999652044
43614.37999650007
43626.21499649387
43657.114996477685
43686.82499646212
43749.20999642944
43967.289996315194
43982.62999630716
44119.09499623567
44245.564996169414
44268.16999615757
44390.409996093535
44411.86999608229
44487.31999604277
44669.52999594731
44684.469995939486
44866.844995843945
44882.324995835836
44904.20999582437
44929.264995811245
45096.73999572351
45112.29999571536
45130.03499570607
45411.444995558646
45476.03999552481
45488.869995518085
45506.50499550885
45533.879995494506
45553.334995484314
45630.38999544395
45803.0399953535
45857.68999532487
45879.484995313454
45932.73499528556
45956.03999527335
46109.86999519276
46137.97499517804
46392.15499504488
46418.299995031186
46434.09499502291
46458.50999501012
46471.7149950032
46640.34499491486
46724.62499487071
46794.3199948342
46995.5149947288
47008.70999472189
47027.02999471229
47048.994994700784
47162.65499464124
47190.899994626445
47217.909994612295
47256.60999459202
47299.94499456932
47332.90999455205
47435.7099944982
47649.42499438624
47872.99499426912
47930.854994238805
48131.019994133945
48348.50999402001
48462.25999396042
48505.35999393784
48525.79999392713
48541.35999391898
48582.15499389761
48595.51499389061
48743.39499381314
48866.44499374868
48924.769993718124
48981.16499368858
49002.48499367741
49176.014993586505
49184.89499358185
49202.39999357268
49257.55499354379
49284.13999352986
49302.7749935201
49343.64499349869
49429.074993453934
49618.5049933547
49764.099993278425
49784.30499326784
49805.599993256685
49816.844993250794
49919.749993196885
49932.444993190235
49949.239993181436
49962.74499317436
16.730000000000956
54.87500000000962
179.84999999990893
455.0199999996587
466.9699999996478
534.3399999995866
789.5749999993544
996.3149999991664
1061.0849999999507
1304.3900000052615
1315.4450000055028
1358.470000006442
1484.2150000091867
1578.6550000112481
1819.9550000165152
1891.1000000180682
2062.9800000218197
2113.8700000229305
2177.345000024316
2201.7400000248485
2234.525000025564
2281.8700000265976
2292.2100000268233
2308.4750000271783
2395.60500002908
2651.0650000346564
2735.7800000365055
2837.460000038725
2882.3250000397043
2954.05000004127
2990.165000042058
3004.5300000423717
3114.1150000447637
3214.320000046951
3245.1650000476243
3294.070000048692
3404.1050000510936
3571.2600000547422
3582.3950000549853
3810.1400000599565
3824.2450000602644
3839.3650000605944
3850.485000060837
4040.5350000649855
4085.770000065973
4398.855000072806
4414.670000073152
4427.140000073424
4450.3050000739295
4712.100000079644
4754.1850000805625
4948.285000084799
5042.810000086863
5064.020000087326
5077.915000087629
5160.025000089421
5407.720000094828
5572.325000098421
5589.6300000987985
5603.730000099106
5614.1400000993335
5768.450000102702
5787.62000010312
5860.075000104702
5876.215000105054
5918.7950001059835
5959.915000106881
5997.580000107703
6037.455000108574
6594.910000120742
6606.665000120998
6629.975000121507
6644.76500012183
6657.765000122114
6726.910000123623
6746.01500012404
6756.99500012428
6767.140000124501
6867.575000126693
7065.070000131004
7221.980000134429
7306.955000136284
7411.915000138575
7472.650000139901
7482.565000140117
7492.535000140335
7502.84500014056
7515.720000140841
7527.5850001411
7536.720000141299
7568.315000141989
7588.700000142434
7758.200000146134
7859.610000148347
8149.695000154679
8171.1450001551475
8259.760000144755
8305.350000137458
8342.455000131518
8531.345000101282
8617.680000087463
8634.020000084847
8719.485000071167
8822.155000054732
8934.8050000367
9265.924999983697
9283.3999999809
9371.454999966805
9396.499999962796
9418.199999959323
9971.014999870833
10194.009999835138
10273.954999822341
10335.284999812524
10531.639999781093
10560.034999776548
10609.894999768567
10672.564999758535
10748.25499974642
10767.204999743386
10781.98499974102
10860.44999972846
11164.94499967972
11245.52999966682
11268.429999663154
11313.609999655922
11330.479999653222
11352.934999649628
11368.16499964719
11381.439999645065
11518.839999623071
11717.9399995912
11737.214999588115
11752.444999585678
11902.129999561717
11954.434999553345
12121.799999526555
12132.234999524884
12142.119999523302
12156.509999520998
12428.584999477447
12523.864999462196
12692.914999435136
12739.649999427655
12766.254999423396
12920.699999398674
12931.039999397019
12987.87999938792
13006.024999385016
13020.959999382625
13137.784999363925
13154.549999361241
13617.269999287173
13632.004999284814
13788.2749992598
13837.49999925192
13941.02499923535
13954.029999233268
14000.669999225802
14115.87999920736
14130.779999204975
14152.954999201425
14162.509999199896
14175.219999197861
14312.614999175868
14323.504999174125
14552.079999137537
14565.654999135364
14591.029999131302
15205.634999032922
15483.889998988381
15505.294998984955
15759.719998944229
15773.95499894195
15826.709998933506
15837.23999893182
16021.934998902256
16041.884998899062
16163.84499887954
16458.08499885939
16534.044998874866
16602.404998888793
16623.379998893066
16660.06999890054
16674.064998903392
16896.50499894871
16920.234998953543
17109.82999899217
17249.23999902057
17263.51999902348
17284.18999902769
17337.569999038566
17631.889999098526
17651.72999910257
17661.394999104537
17760.144999124655
18010.084999175575
18132.734999200562
18147.474999203565
18162.359999206597
18174.094999208988
18603.73999929652
18613.51999929851
18947.459999366543
19065.284999390547
19077.099999392954
19090.344999395653
19103.299999398292
19122.269999402157
19168.499999411575
19225.584999423205
19965.414999573928
20065.8949995944
20100.60999960147
20125.10499960646
20212.95999962436
20488.359999680466
20698.719999723322
20721.904999728045
20891.0299997625
20928.709999770177
20938.214999772114
20954.029999775335
20964.40999977745
21084.23499980186
21103.039999805693
21119.85499980912
21367.999999859672
21389.079999863967
21399.169999866022
21442.00999987475
21820.39999995184
22119.78500001283
22138.14500001657
22155.385000020084
22166.56000002236
22196.370000028433
22276.785000044816
22291.47500004781
22303.775000050315
22316.695000052947
22354.920000060734
22386.6550000672
22527.18000009583
22555.96000010169
23084.095000209287
23309.920000255293
23320.145000257377
23467.970000287492
24265.825000450037
24275.295000451966
24284.870000453917
24301.950000457397
24368.065000470866
24456.205000488822
24508.76000049953
24548.91000050771
24565.025000510992
24602.07000051854
24734.535000545526
24746.77500054802
24766.01500055194
24784.345000555673
24889.045000577004
25227.150000645885
25268.06500065422
25290.410000658772
25451.83500069166
25524.710000706506
25587.745000719347
25625.620000727064
25647.01000073142
25683.09000073877
25698.230000741856
25707.610000743767
25722.74500074685
25815.975000765844
25832.655000769242
25868.2750007765
25881.250000779142
25903.165000783607
25919.070000786847
25935.050000790103
26237.180000851655
26251.83000085464
26270.57500085846
26280.870000860556
26310.64000086662
26322.675000869072
26336.65000087192
26611.420000927897
26624.550000930572
26696.285000945187
26711.0800009482
26797.195000965745
26858.740000978283
26960.960000999108
27067.790001020872
27084.285001024233
27118.215001031145
27249.530001057898
27422.86500109321
27564.37000112204
27573.84000112397
27586.095001126465
27611.89500113172
27648.36500113915
27807.73500117162
28124.610001236175
28549.150001322665
28563.21000132553
29328.06000148135
29358.405001487532
29370.340001489963
29381.8150014923
29395.26000149504
29438.50500150385
29505.675001517535
29554.63000152751
29567.430001530116
29586.560001534013
29702.650001557664
29721.4800015615
29762.27000156981
30244.905001668136
30283.735001676047
30327.88000168504
30400.295001699793
30614.115001743354
30624.035001745375
30639.260001748476
30795.935001780395
30810.105001783282
30833.40500178803
30911.21000180388
30943.820001810524
30954.590001812718
30967.130001815272
31071.045001836443
31169.755001856553
31180.870001858817
31292.79500188162
31370.335001897416
31382.71500189994
31394.665001902373
31403.470001904167
31417.360001906996
31454.170001914496
31759.30000197666
31853.55000199586
31873.120001999847
31898.195002004955
31923.40500201009
32025.965002030985
32039.460002033735
32070.075002039972
32107.0350020475
32117.470002049628
32131.795002052546
32139.800002054177
32154.560002057184
32224.63000207146
32425.530002112388
32457.630002118927
32566.85500214118
32845.75000214142
32858.60500213469
32947.99500208786
33140.01000198727
33361.950001871
33403.28000184935
33535.73500177996
33622.02000173476
33657.47000171619
33886.87500159601
33899.76000158926
33917.43000158
33966.29000155441
33984.105001545075
34121.030001473344
34141.605001462565
34526.19000126109
34586.10000122971
34664.92000118842
34808.985001112946
35051.050000986135
35131.20000094415
35150.21000093419
35588.10000070479
35621.25500068742
35656.50000066896
35737.11000062673
36130.46500042066
36174.36000039767
36310.69000032625
36330.6300003158
36361.855000299445
36529.71500021151
36547.685000202095
36557.440000196984
36575.840000187345
36614.08500016731
36815.38000006186
36825.81500005639
36870.60500003293
37107.27499990894
37203.32999985862
37232.79499984319
37255.454999831316
37308.639999803454
37318.2849997984
37335.92499978916
37445.959999731516
37475.53999971602
37492.024999707384
37515.674999694995
37562.90499967025
37579.78999966141
37765.23499956426
38056.84999941149
38111.81999938269
38312.344999277644
38340.43499926293
38491.93499918356
38555.59999915021
38574.23499914045
38679.28999908541
38801.20999902154
38812.91999901541
38947.78499894476
38961.69499893747
39036.04499889852
39054.87999888865
39073.15999887908
39146.0399988409
39186.57999881966
39202.13999881151
39279.41999877102
39384.73499871585
39408.81499870324
39631.434998586614
39712.309998544246
39995.664998395805
40006.314998390226
40186.12499829603
40766.30999799209
40797.31999797584
40806.839997970856
40895.57499792437
40935.439997903486
41253.94999773663
41506.94499760409
41523.00499759568
41640.80499753397
41650.34999752897
41708.78999749835
41725.484997489606
41827.059997436394
41865.234997416395
41882.19999740751
42023.86999733329
42035.049997327435
42102.40499729215
42155.1799972645
42184.47999724915
42200.374997240826
42223.204997228866
42242.11499721896
42254.61499721241
42513.68999707669
42651.41999700454
42929.7999968587
42942.964996851806
42954.01499684602
43003.61499682003
43017.564996812725
43042.9999967994
43063.10499678887
43099.054996770035
43147.29999674476
43264.71499668325
43497.41499656135
43597.73499650879
43616.724996498844
43652.67499648001
43666.66499647268
43743.61499643237
44000.809996297634
44016.58499628937
44261.73999616094
44274.29499615436
44310.329996135486
44682.789995940366
44698.39499593219
44909.72499582148
44920.53499581582
44941.79999580468
44972.75999578846
45006.77999577064
45025.699995760726
45041.869995752255
45058.859995743354
45196.14999567143
45449.05999553894
45485.93499551962
45754.82499537876
45772.42999536954
45911.88999529648
45947.81499527766
46294.26999509616
46357.29999506314
46533.39499497089
46608.03499493179
46742.884994861146
46764.054994850056
46854.289994802784
46864.139994797624
46881.71499478842
47070.74999468939
47089.11499467977
47121.95499466256
47166.19499463939
47182.17999463101
47219.954994611224
47233.09999460434
47327.994994554625
47568.244994428765
47846.94999428276
47857.934994277006
47937.249994235455
47950.19999422867
47969.72499421844
47980.619994212735
47989.93999420785
47999.5899942028
48011.11499419676
48021.659994191235
48074.07499416378
48226.94999408369
48244.16999407467
48263.989994064286
48292.73499404923
48320.8499940345
48340.46499402422
48525.6649939272
48730.98499381964
48743.40999381313
48797.329993784886
48832.95999376622
48886.094993738385
48905.68499372812
48962.20499369851
49110.49499362083
49242.30499355178
49252.92999354621
49270.38499353707
49316.64999351283
49359.96499349014
49395.45499347155
49406.82999346559
49422.60999345732
49513.47999340972
49530.58499340076
49549.124993391044
49557.29999338676
49570.7799933797
49782.24499326892
49802.04499325855
49986.54999316189
49997.384993156214
301.0749999997987
312.0949999997887
373.9849999997324
437.6249999996745
609.3299999995183
636.5199999994936
814.3499999993319
852.2099999992975
958.0599999992012
1001.5799999991616
1054.039999999797
1146.125000001807
1189.560000002755
1287.1800000048859
1299.4750000051542
1315.135000005496
1325.2350000057165
1536.0250000103176
1547.6500000105714
1556.2300000107587
1571.5300000110926
1867.1900000175463
1956.060000019486
1967.005000019725
2051.905000021578
2113.2300000229166
2501.375000031389
2516.865000031727
2804.440000038004
3074.4400000438977
3189.485000046409
3388.050000050743
3533.220000053912
3550.675000054293
3898.850000061893
3911.09500006216
4289.195000070413
4423.530000073345
4456.895000074073
4602.150000077244
4940.175000084622
4959.980000085055
4974.105000085363
5067.750000087407
5083.375000087748
5212.065000090557
5226.375000090869
5395.950000094571
5509.53000009705
5520.750000097295
5756.7550001024465
5780.105000102956
6006.440000107897
6063.0600001091325
6079.540000109492
6202.69000011218
6276.43000011379
6373.125000115901
6381.930000116093
6394.605000116369
6406.735000116634
6551.8400001198015
6587.290000120575
6809.790000125432
6830.890000125893
6889.280000127167
6897.725000127351
6962.580000128767
7049.125000130656
7103.865000131851
7437.525000139134
7463.235000139695
7626.450000143258
7637.98500014351
7665.080000144101
7682.5050001444815
7710.710000145097
7734.285000145612
7748.180000145915
7758.0050001461295
7833.650000147781
7848.205000148098
7859.170000148338
7872.405000148627
8006.365000151551
8031.890000152108
8255.930000145368
8415.395000119843
8615.32500008784
8665.100000079872
8675.615000078189
8696.940000074776
8826.86000005398
8938.160000036163
9017.555000023454
9078.235000013741
9090.140000011836
9102.530000009852
9120.120000007037
9134.700000004703
9159.775000000689
9268.744999983246
9311.944999976331
9531.784999941141
9763.654999904025
9781.514999901166
9820.399999894942
9890.18999988377
9956.609999873139
9968.304999871267
10121.424999846757
10147.01999984266
10160.339999840528
10179.859999837403
10290.924999819625
10348.874999810349
10525.994999781997
10544.329999779062
10635.559999764459
10875.44499972606
10973.824999710312
11151.899999681807
11263.444999663952
11299.549999658173
11489.489999627769
11586.584999612227
11602.80999960963
11641.804999603388
11653.519999601513
11676.52999959783
11785.029999580462
11816.174999575476
11843.839999571048
11865.56499956757
11973.819999550242
11998.864999546233
12029.654999541304
12170.449999518767
12380.049999485216
12411.76499948014
12803.079999417501
12944.934999394794
12955.554999393094
12966.499999391342
13101.099999369797
13115.209999367538
13127.514999365569
13148.959999362136
13564.414999295634
13630.519999285052
13652.96499928146
13725.539999269842
13765.364999263467
13848.034999250234
13862.019999247996
13966.579999231259
13987.05999922798
14065.159999215479
14081.14499921292
14105.749999208982
14144.769999202736
14171.239999198498
14269.294999182803
14330.47499917301
14347.364999170306
14446.879999154376
14789.479999099536
14803.50999909729
14896.189999082455
14913.674999079656
14930.154999077018
15138.17499904372
15147.204999042275
15161.65999903996
15171.369999038407
15210.944999032072
15237.764999027779
15249.114999025962
15266.854999023122
15365.409999007346
15524.774998981837
15761.034998944018
15776.054998941614
15953.68499891318
15969.73999891061
15985.729998908051
16178.664998877168
16315.08999885533
16324.279998853859
16417.524998851128
16682.044998905018
16732.584998915314
16746.394998918127
16818.789998932876
16831.889998935545
17029.62499897583
17044.10499897878
17060.00999898202
17075.834998985243
17084.629998987035
17096.304998989413
17117.474998993726
17137.9649989979
17177.704999005997
17239.164999018518
17261.784999023126
17287.249999028314
17313.799999033723
17329.229999036867
17341.304999039327
17640.40499910026
17651.63999910255
17772.994999127273
17838.84499914069
18014.439999176462
18037.14999918109
18103.194999194544
18113.62499919667
18432.164999261564
18444.284999264033
18461.189999267477
18509.29999927728
18590.424999293806
18649.169999305774
18661.094999308203
18808.264999338186
18820.20999934062
18854.71499934765
18945.549999366154
18994.349999376096
19044.96999938641
19238.629999425862
19253.109999428812
19537.969999486846
19677.504999515273
19691.419999518108
19716.424999523202
19810.474999542363
20098.15499960097
20168.614999615325
20207.07499962316
20219.519999625696
20338.889999650015
20366.719999655685
20377.129999657805
20450.04999967266
20530.58999968907
20709.629999725545
20744.539999732657
20856.46499975546
20872.154999758655
20891.634999762624
20901.504999764635
20938.98499977227
20958.054999776155
21105.759999806247
21118.819999808908
21133.60999981192
21237.12999983301
21301.544999846134
21365.179999859098
21382.62499986265
21400.564999866307
21415.779999869406
21429.019999872104
21448.09999987599
21463.06499987904
21715.41999993045
21733.694999934174
21824.564999952687
21900.7099999682
21923.019999972745
21937.27999997565
21948.154999977865
21962.789999980847
22022.474999993006
22208.320000030868
22356.700000061097
22372.680000064352
22722.54000013563
23030.000000198266
23095.34500021158
23105.7650002137
23167.370000226252
23177.935000228405
23732.955000341477
23753.215000345604
23772.29500034949
23783.265000351726
23857.31000036681
24409.91000047939
24458.45000048928
24712.37500054101
24864.09500057192
24875.48000057424
24892.135000577633
25045.780000608935
25061.02500061204
25102.785000620548
25301.68500066107
25412.82500068371
25423.115000685808
25465.39500069442
25650.220000732075
25773.925000757277
26200.950000844274
26276.050000859574
26297.43500086393
26315.380000867586
26373.52000087943
26392.940000883387
26469.575000899
26632.94000093228
26652.95000093636
26667.070000939235
26952.070000997297
27011.795001009465
27021.795001011502
27102.47500102794
27125.430001032615
27248.41000105767
27378.305001084133
27388.630001086236
27402.530001089068
27651.30000113975
27661.985001141926
27683.720001146354
27823.470001174825
27841.920001178583
27873.03000118492
27886.6700011877
27901.570001190736
27914.670001193404
27928.58500119624
28177.530001246956
28208.165001253197
28237.710001259216
28257.60500126327
28313.02000127456
28420.86000129653
28434.685001299345
28459.40500130438
28607.260001334504
28624.22500133796
28640.6150013413
28656.560001344547
28828.780001379633
28839.22000138176
28856.420001385264
28869.75500138798
28893.250001392767
28913.58000139691
28974.11000140924
29051.235001424953
29066.97000142816
29081.590001431137
29091.600001433177
29114.425001437827
29141.965001443437
29239.245001463256
29308.200001477304
29526.385001521754
29764.73000157031
29783.065001574047
29798.460001577183
29812.43000158003
29856.480001589003
30157.920001650415
30494.37500171896
30619.410001744433
30634.66000174754
30862.980001794054
30901.38500180188
31021.230001826294
31225.035001867815
31240.020001870867
31304.9750018841
31364.41000189621
31538.835001931744
31607.48500194573
31617.84500194784
31679.84000196047
31718.040001968253
31731.240001970942
31746.425001974036
31767.125001978253
31891.44000200358
31939.215002013312
31958.565002017254
32095.35000204512
32248.370002076295
32332.3300020934
32421.040002111473
32433.620002114036
32445.775002116512
32617.775002151553
32634.50500215496
32658.40500215983
32805.240002162645
32836.01500214652
32888.40500211908
33023.270002048426
33038.70000204034
33217.215001946824
33236.29500193683
33688.42500169997
33703.20500169223
33744.32500167069
33769.97500165725
33780.60500165168
33985.94500154411
34147.275001459595
34215.54500142383
34230.31500141609
34244.0500014089
34287.93000138591
34378.250001338594
34395.82000132939
34420.265001316584
34445.77000130322
34567.23000123959
34865.64500108326
35087.970000966794
35098.95000096104
35136.78500094122
35149.16000093474
35243.180000885484
35330.84500083956
35567.69500071548
35590.3750007036
35784.01500060216
35942.19500051929
35952.4900005139
35967.940000505805
35979.17500049992
35990.59500049394
36105.30000043385
36114.59000042898
36126.990000422484
36268.435000348385
36347.66000030688
36361.16500029981
36399.37500027979
36590.85500017948
36604.20000017249
36671.50500013723
36738.89000010193
36793.950000073084
36848.200000044664
36861.655000037616
36879.56500002823
36912.8450000108
36924.170000004866
37155.86499988349
37283.47499981664
37417.43499974646
37520.08999969268
37617.094999641864
37627.954999636175
37652.59499962327
37678.71499960958
37801.354999545336
37811.95999953978
37972.599999455626
38111.75499938273
38544.42999915606
38651.929999099746
38752.21999904721
39102.404998863756
39122.30499885333
39136.404998845945
39155.64999883586
39175.649998825385
39388.61999871382
39650.06999857685
39668.36499856727
39821.87499848685
39839.444998477644
39873.44999845983
39981.90499840301
40003.26999839182
40024.24499838083
40073.259998355155
40105.39499833832
40119.44999833096
40149.539998315195
40223.279998276565
40245.804998264764
40259.014998257844
40289.77499824173
40339.44499821571
40353.83499820817
40550.29999810525
40565.75499809715
40578.709998090366
40611.2849980733
40621.699998067845
40646.99499805459
40673.849998040525
40691.97999803103
40784.27499798268
40981.789997879205
41023.75499785722
41071.219997832355
41374.76499767334
41386.089997667405
41395.8399976623
41735.21499748451
41867.91499741499
42035.94999732696
42058.90499731494
42098.38999729425
42108.01499728921
42120.66999728258
42129.32499727805
42178.234997252424
42222.88999722903
42457.3649971062
42625.25999701824
42637.19499701199
42905.744996871304
42994.869996824615
43008.51499681747
43369.0349966286
43380.57999662255
43392.584996616264
43419.79999660201
43437.08999659295
43865.354996368595
43880.36999636073
43937.739996330674
44045.42999627426
44190.69499619816
44210.05499618802
44591.72999598807
44786.82999588586
44850.349995852586
45012.46999576766
45061.20999574212
45083.30499573055
45273.72999563079
45459.34499553355
45494.309995515236
45651.22999543303
45672.21499542204
45753.77499537931
45770.75999537041
45803.36999535333
45829.53499533962
45848.22999532983
46209.65499514049
46222.34999513384
46246.20499512134
46288.18499509935
46416.849995031946
46529.19499497309
46585.959994943354
46673.33499489758
46692.109994887745
46767.814994848086
46780.509994841435
46792.01499483541
46948.70999475332
46971.95999474114
47149.66499464805
47331.984994552535
47519.949994454066
47746.77999433524
47886.98499426179
47907.33499425113
48148.6699941247
48165.629994115814
48431.11999397673
48482.76499394968
48501.25499393999
48529.64499392512
48569.55999390421
48583.54499389688
48795.56999378581
48818.94999377356
48963.74499369771
48979.10499368966
49024.38499366594
49053.614993650626
49081.31999363611
49313.889993514276
49506.534993413356
49528.5899934018
49541.61499339498
49648.40999333903
49796.839993261274
49829.019993244416
49847.10499323494
49917.364993198134
49931.06499319096
266.48999999983016
295.3449999998039
304.9049999997952
315.2549999997858
364.92999999974063
435.16499999967675
463.30499999965116
481.88499999963426
565.3449999995584
580.024999999545
977.4299999991836
1159.5550000021
1182.8400000026083
1199.8400000029794
1216.4250000033414
1501.1950000095574
1529.8800000101835
1680.0200000134607
1710.4300000141245
1726.485000014475
1749.990000014988
1815.225000016412
1838.8950000169286
1854.7700000172752
2013.7050000207444
2378.7650000287126
2552.550000032506
2574.440000032984
2627.8400000341494
2647.745000034584
2658.4050000348166
2708.7000000359144
2730.6450000363934
2836.960000038714
2860.500000039228
2956.490000041323
2983.2700000419077
3055.4200000434826
3068.7150000437728
3116.925000044825
3140.0300000453294
3253.6450000478094
3273.0300000482325
3291.6200000486383
3395.4750000509052
3411.6500000512583
3425.8600000515685
3543.310000054132
3555.7750000544042
3613.3400000556608
3630.1800000560283
3647.6000000564086
3678.490000057083
3776.485000059222
3793.5100000595935
3807.7950000599053
3817.63000006012
3862.8150000611063
3893.6450000617792
3918.2950000623173
3970.375000063454
4014.530000064418
4065.570000065532
4090.7500000660816
4101.840000066323
4146.380000067295
4312.690000070926
4330.570000071316
4368.8950000721525
4384.705000072498
4411.0450000730725
4564.600000076424
4593.820000077062
4650.620000078302
4799.570000081553
4974.510000085372
4984.565000085591
5041.695000086838
5362.950000093851
5574.4650000984675
5609.705000099237
5708.025000101383
5838.150000104223
5916.955000105943
5929.390000106215
6049.335000108833
6081.045000109525
6536.495000119467
6561.37500012001
6579.770000120411
6592.695000120693
6620.295000121296
6664.595000122263
6899.9250001273995
7072.015000131156
7126.26500013234
7153.9600001329445
7377.855000137832
7437.825000139141
7461.435000139656
7493.100000140347
7511.185000140742
7542.405000141423
7669.295000144193
7682.9600001444915
7744.980000145845
7758.380000146138
7855.335000148254
8076.42000015308
8088.710000153348
8099.500000153584
8113.910000153898
8133.400000154324
8157.555000154851
8184.265000155434
8209.915000152734
8323.320000134581
8488.395000108158
8540.120000099878
8557.325000097124
8587.065000092363
8602.125000089953
8635.990000084532
8646.725000082813
8656.49000008125
8666.465000079654
8678.950000077655
8694.320000075195
8727.440000069893
8743.07500006739
8761.050000064513
8777.25000006192
8842.685000051446
8862.58500004826
8875.08000004626
8951.440000034037
9157.065000001123
9167.69999999942
9183.75499999685
9402.214999961881
9416.049999959667
9437.804999956184
9616.154999927636
9631.914999925113
9647.98499992254
9706.204999913221
9769.704999903057
10113.254999848064
10123.869999846365
10160.499999840502
10189.199999835908
10317.594999815356
10740.959999747587
10788.894999739914
10802.309999737767
11052.594999697703
11073.949999694285
11087.864999692058
11133.51499968475
11151.204999681919
11183.189999676799
11284.779999660537
11468.374999631149
11479.324999629396
11491.764999627405
11567.284999615316
11582.404999612896
11601.459999609846
11625.834999605944
11675.944999597923
12124.434999526133
12159.979999520443
12175.579999517946
12341.98499949131
12353.874999489406
12363.374999487885
12373.2749994863
12430.849999477085
12954.004999393343
13018.519999383016
13086.564999372124
13222.934999350295
13238.699999347771
13400.904999321807
13516.89499930324
13603.654999289352
13797.874999258263
13916.169999239328
13956.254999232911
13979.039999229264
14177.954999197424
14219.639999190751
14429.209999157205
14631.979999124747
14701.644999113596
14753.274999105332
14815.834999095317
14843.504999090888
14998.159999066133
15013.314999063707
15030.879999060895
15400.849999001673
15421.334998998394
15436.60999899595
15923.334998918039
15936.274998915967
16248.564998865979
16260.034998864143
16274.384998861846
16284.29499886026
16408.0649988492
16427.83999885323
16445.144998856755
16726.08999891399
16881.124998945575
17134.449998997185
17149.509999000253
17272.49999902531
17413.46999905403
17440.61499905956
17453.14499906211
17465.174999064562
17717.02499911587
17741.109999120778
17756.609999123935
17770.95999912686
17791.594999131063
17822.229999137304
17860.039999145007
17875.604999148178
17885.544999150203
17970.084999167426
17985.149999170495
18073.399999188474
18513.61999927816
18527.51499928099
18672.504999310528
18835.959999343828
18853.519999347405
18914.69499935987
18925.874999362146
19013.049999379906
19024.494999382237
19042.76499938596
19058.439999389153
19172.754999412442
19185.60499941506
19443.019999467502
19728.93999952575
19756.109999531287
20112.014999603794
20219.654999625724
20303.71999964285
20430.16499966861
20531.87499968933
20545.784999692165
20558.76499969481
20569.95999969709
20652.039999713812
20773.249999738506
20918.014999768
20965.034999777577
20989.959999782655
21347.254999855446
21588.654999904626
21668.00499992079
21834.39999995469
21905.599999969196
21916.95999997151
21959.1149999801
22049.019999998414
22057.820000000207
22118.60000001259
22224.000000034062
22237.170000036745
22247.315000038812
22257.645000040917
22293.965000048316
22311.840000051958
22356.03500006096
22472.70000008473
22494.49500008917
22541.940000098835
22729.735000137094
22967.150000185462
23097.32000021198
23334.875000260377
23359.960000265488
23373.700000268287
23383.82000027035
23529.135000299953
23540.50000030227
23550.07500030422
23621.065000318682
23681.0450003309
23751.37500034523
23769.515000348925
23834.495000362163
23845.86500036448
23911.075000377765
23923.455000380287
23934.85500038261
24032.9800004026
24056.19000040733
24090.75000041437
24229.105000442556
24240.27500044483
24252.110000447243
24264.190000449704
24654.94500052931
24676.19500053364
24695.900000537655
24713.525000541245
24724.15500054341
24734.190000545455
24748.30500054833
24842.78500056758
24868.71000057286
24891.175000577437
24904.080000580067
24940.32000058745
25095.37500061904
25108.080000621627
25143.88000062892
25413.16500068378
25502.180000701916
25594.655000720755
25615.315000724964
25703.575000742945
25757.24500075388
26046.155000812738
26182.290000840472
26210.79500084628
26231.180000850432
26290.17500086245
26315.20500086755
26334.55000087149
26490.605000903284
26814.420000969254
26938.710000994575
26949.510000996775
26961.8950009993
26981.815001003357
27134.73000103451
27146.290001036865
27169.740001041642
27188.605001045486
27667.580001143066
27852.69500118078
27864.990001183283
27883.165001186986
27900.230001190463
27913.6650011932
27932.350001197006
27942.43000119906
27952.325001201076
28077.335001226544
28124.330001236118
28256.250001262993
28267.540001265294
28573.630001327652
28633.130001339774
28863.975001386803
28905.410001395245
28921.43500139851
28940.77000140245
28959.995001406365
28978.390001410113
29291.175001473835
29303.600001476367
29449.805001506153
29515.96500151963
29529.490001522387
29557.39000152807
29651.250001547192
29837.590001585155
30196.81500165834
30410.160001701803
30438.300001707536
30447.275001709364
30458.860001711724
30506.65500172146
30519.150001724007
30531.43000172651
30547.63500172981
30573.70500173512
30633.325001747267
30668.04500175434
30724.570001765856
30756.78500177242
30766.030001774303
30907.700001803165
30953.28000181245
30967.495001815347
31228.860001868594
31268.580001876686
31306.040001884317
31748.670001974493
31806.055001986184
31911.485002007663
31948.52500201521
31959.535002017452
31975.075002020618
31987.240002023096
32008.95000202752
32050.93000203607
32070.520002040063
32143.905002055013
32170.04500206034
32203.010002067054
32214.010002069295
32267.10000208011
32282.7600020833
32304.280002087686
32323.210002091542
32413.450002109927
32496.390002126824
32862.46500213267
33065.8850020261
33302.865001901955
33311.855001897246
33322.14000189186
33374.27000186455
33445.305001827335
33468.135001815375
33626.800001732256
33758.44500166329
33993.81000153999
34116.085001475934
34136.53500146522
34267.325001396704
34302.065001378505
34314.570001371954
34326.66000136562
34351.11000135281
34364.180001345965
34411.22000132132
34539.12000125432
34637.98000120253
34680.215001180404
34707.69500116601
34776.85500112978
34858.97500108676
34969.66500102877
35104.15000095832
35180.340000918404
35304.75500085323
35387.32500080997
35411.885000797105
35461.65500077103
35668.81000066251
35693.66500064949
35970.38000050453
35996.18000049101
36122.20500042499
36192.87500038797
36301.56000033103
36365.595000297486
36375.93000029207
36390.08500028466
36750.88000009565
36923.85000000503
36968.724999981525
36992.51999996906
37055.22499993621
37134.279999894796
37343.874999784995
37645.22499962713
37714.09499959105
37811.39999954007
37863.61499951272
37983.94499944968
37999.24499944167
38021.97999942976
38032.7849994241
38043.784999418334
38171.30499935153
38251.95999930928
38264.60499930265
38277.714999295786
38362.86499925118
38414.27999922424
38426.339999217926
38453.72499920358
38661.47999909474
38868.16499898647
39115.83499885672
39337.2999987407
39354.46999873171
39403.02499870627
39413.284998700896
39427.71499869334
39534.65999863731
39573.614998616904
39788.86499850414
39806.6899984948
39893.07499844955
40025.289998380285
40040.56499837228
40050.20999836723
40407.59499818001
40534.50999811352
40634.89999806093
40648.60999805375
40660.78499804737
40684.174998035116
40712.43499802031
40721.724998015445
40742.90499800435
40935.2249979036
40959.304997890984
41011.99499786338
41110.62499781171
41123.95499780473
41230.55999774888
41242.24499774276
41308.49999770805
41440.394997638956
41468.98499762398
41479.70999761836
41534.49999758966
41927.33499738386
42046.89499732123
42096.989997294986
42300.67999718828
42311.7149971825
42355.30499715966
42369.83999715205
42391.51999714069
42411.1649971304
42494.99499708648
42706.23499697582
42717.09499697013
42875.34499688723
42932.90999685707
42948.20499684906
42966.044996839715
43131.219996753185
43233.79499669945
43251.21499669032
43292.40999666874
43733.029996437916
44242.89999617081
44373.44499610242
44793.03999588261
44802.9849958774
44822.674995867084
44872.779995840836
44893.319995830076
44984.15999578249
45358.399995586435
45415.834995556346
45439.5899955439
45508.52499550779
45521.244995501125
45625.34999544659
45635.0599954415
45768.8799953714
45786.0549953624
45801.58999535426
45821.529995343815
45910.084995297424
45938.87499528234
46233.83999512782
46403.384995039
46462.02999500828
46816.014994822835
46824.79999481823
46835.64999481255
46847.834994806166
46858.14999480076
46871.11499479397
46922.25499476718
47048.88499470084
47066.7199946915
47359.36499453819
47482.269994473805
47496.5999944663
47526.614994450574
47554.884994435764
47696.924994361354
47730.27499434388
47741.629994337934
47773.184994321404
47878.63999426616
48068.639994166624
48087.419994156786
48150.70999412363
48349.624994019425
48387.94999399935
48407.349993989184
48461.07999396104
48589.20999389391
48822.354993771776
48861.90499375106
49032.26499366181
49196.154993575954
49216.18999356546
49243.74499355102
49264.129993540344
49290.224993526674
49310.00999351631
49330.099993505784
49345.599993497664
49370.37999348468
49383.68999347771
49397.23999347061
49425.92999345558
49572.809993378636
49597.514993365694
49661.91499333196
49677.02999332404
49903.94999320516
93.14999999998777
191.7599999998981
202.67499999988817
264.72999999983176
365.24999999974034
399.55999999970913
474.87499999964064
487.28999999962934
539.324999999582
664.4599999994682
676.2999999994574
732.7499999994061
806.8999999993387
823.3349999993237
868.7199999992824
879.4949999992726
933.2799999992237
1081.8250000004034
1154.2650000019846
1364.3050000065693
1402.6000000074052
1421.3600000078147
1491.4800000093453
1507.545000009696
1528.34500001015
1550.065000010624
1565.405000010959
1774.1600000155156
1792.3050000159117
2098.5300000225957
2117.425000023008
2193.8100000246754
2218.3300000252107
2232.8350000255273
2245.745000025809
2355.2850000282
2413.4500000294697
2455.0300000303773
2493.955000031227
2504.720000031462
2526.860000031945
2539.3400000322176
2745.3650000367147
2921.015000040549
3168.3500000459476
3200.4250000466477
3228.980000047271
3250.4900000477405
3378.4000000505325
3400.770000051021
3414.530000051321
3500.8150000532046
3607.445000055532
3758.0850000588202
3814.700000060056
3862.7400000611046
3885.6450000616046
4152.09000006742
4226.7850000690505
4249.175000069539
4268.355000069958
4325.095000071196
4376.490000072318
4386.575000072538
4404.115000072921
4588.785000076952
4607.175000077354
4722.880000079879
4734.580000080135
5047.060000086955
5132.49000008882
5540.395000097724
5726.575000101788
5751.620000102334
5905.8300001057005
6068.340000109248
6115.005000110266
6172.0500001115115
6251.760000113251
6322.100000114787
6725.830000123599
6768.745000124536
6822.0800001257
6854.9850001264185
6888.350000127147
7057.1100001308305
7110.195000131989
7234.015000134692
7261.240000135286
7295.575000136036
7306.730000136279
7319.695000136562
7340.22000013701
7623.400000143191
7743.225000145807
7808.040000147222
8088.840000153351
8183.740000155422
8199.280000154436
8500.990000106141
8546.680000098828
8598.000000090613
8607.730000089055
8720.390000071022
8736.26500006848
8770.805000062952
8782.220000061125
8795.93000005893
8832.990000052998
8873.380000046533
8892.9550000434
9059.825000016688
9078.900000013635
9154.095000001598
9188.93999999602
9198.05999999456
9230.119999989429
9264.119999983986
9289.094999979989
9413.814999960025
9433.004999956953
9474.789999950264
9497.209999946675
9718.51999991125
9732.344999909037
9759.19499990474
9771.349999902794
9985.859999868457
10133.71499984479
10146.95499984267
10169.174999839113
10230.094999829362
10266.204999823582
10296.32499981876
10313.19499981606
10332.894999812906
10344.634999811027
10355.654999809263
10370.564999806877
10441.794999795475
10472.419999790573
10629.649999765405
10742.219999747385
10985.249999708483
11003.604999705545
11166.229999679514
11206.599999673052
11219.939999670916
11287.044999660175
11501.519999625843
11583.049999612793
11706.674999593004
11725.684999589961
11775.139999582045
11906.724999560982
12016.569999543399
12044.624999538908
12063.959999535813
12076.339999533831
12092.46999953125
12301.659999497764
12358.684999488636
12395.7649994827
12511.104999464238
12529.684999461264
12542.729999459176
12568.289999455084
12595.789999450682
12608.319999448677
13270.599999342665
13334.579999332424
13405.784999321026
13462.534999311942
13513.174999303836
13602.514999289535
13640.879999283394
13719.754999270768
13884.889999244335
13931.504999236873
13940.949999235361
13953.244999233393
13987.949999227838
14005.594999225013
14029.344999221212
14160.719999200182
14387.529999163877
14402.224999161524
14424.579999157946
14435.714999156164
14525.229999141835
14930.989999076884
14945.169999074615
15007.894999064574
15022.324999062264
15126.784999045543
15246.589999026366
15298.409999018071
15310.239999016178
15329.309999013125
15377.279999005446
15406.609999000751
15460.864998992067
15472.449998990212
15497.629998986182
15508.849998984386
15520.914998982455
15646.404998962367
15697.36499895421
15709.769998952224
15765.069998943372
15791.69999893911
15822.114998934241
15856.324998928765
15933.839998916357
16106.029998888795
16126.264998885556
16165.629998879254
16213.364998871613
16295.954998858393
16308.869998856326
16330.77499885282
16343.604998850766
16358.229998848425
16373.889998845918
16515.089998871004
16660.204998900568
16673.589998903295
16686.389998905903
16699.1399989085
16710.4299989108
16744.869998917817
16855.699998940396
16869.774998943263
16882.799998945917
16999.654998969723
17021.304998974134
17029.714998975847
17043.509998978658
17063.659998982763
17249.81999902069
17269.869999024773
17441.244999059687
17518.07999907534
17587.67499908952
17619.08999909592
17634.674999099094
17653.789999102988
17790.414999130822
17866.82999914639
17972.634999167945
18048.09999918332
18098.354999193558
18130.4699992001
18140.444999202133
18170.109999208176
18359.01499924666
18425.36499926018
18527.694999281026
18550.57999928569
18563.289999288278
18658.67499930771
18672.02499931043
18749.079999326128
18766.389999329655
18942.654999365564
18986.71999937454
19007.02499937868
19064.50499939039
19354.249999449417
19390.09999945672
19399.829999458703
19457.554999470463
19680.92999951597
19762.774999532645
19777.18499953558
19980.269999576954
20008.894999582786
20023.83499958583
20052.019999591572
20212.629999624292
20240.874999630047
20326.729999647538
20436.14999966983
20569.159999696927
20683.309999720183
20741.349999732007
20756.23999973504
20820.029999748036
21003.33499978538
21019.42999978866
21072.04499979938
21083.28999980167
21095.579999804173
21223.77999983029
21241.014999833802
21250.454999835725
21264.774999838643
21533.129999893314
21541.404999895
21640.089999915104
21682.67499992378
21696.739999926645
21744.449999936365
21772.479999942076
21817.70499995129
21947.73499997778
21974.24999998318
22077.800000004278
22102.435000009296
22126.620000014223
22136.705000016278
22145.20000001801
22164.01000002184
22209.9450000312
22372.745000064366
22405.090000070955
22543.710000099196
22563.350000103197
22576.42000010586
22596.00500010985
22613.940000113504
23089.385000210365
23118.72000021634
23306.990000254696
23323.50500025806
23454.46000028474
23471.05000028812
23498.170000293645
23567.910000307853
23643.00000032315
23821.215000359458
23862.770000367924
23876.760000370774
24029.320000401854
24044.995000405048
24084.23000041304
24100.790000416415
24158.170000428105
24241.855000445154
24398.6700004771
24538.90500050567
24603.74000051888
24620.860000522367
24957.30500059091
25028.395000605393
25088.940000617727
25103.08000062061
25131.685000626436
25222.355000644908
25447.92000069086
25884.215000779746
26073.79500081837
26120.810000827947
26221.830000848528
26250.85500085444
26311.86000086687
26344.250000873468
26514.565000908166
26888.550000984356
27013.68000100985
27063.11000101992
27072.910001021915
27086.38000102466
27114.17000103032
27342.41000107682
27435.105001095704
27460.36000110085
27487.890001106458
27533.525001115755
27589.540001127167
27681.990001146
27702.560001150192
27742.370001158302
27776.52000116526
27892.880001188965
27906.125001191664
27921.800001194857
27933.960001197334
28008.090001212437
28220.06000125562
28275.015001266816
28376.0550012874
28515.685001315847
28531.530001319075
28554.060001323665
28636.075001340374
28800.20000137381
28878.745001389812
28898.70500139388
29182.350001451665
29314.975001478684
29330.090001481763
29341.965001484183
29406.290001497287
29427.470001501602
29440.90500150434
29454.4600015071
29571.930001531033
29624.080001541657
29678.300001552703
29689.13000155491
29707.905001558735
29788.010001575054
29797.035001576893
29921.59500160227
30078.165001634166
30250.550001669286
30413.87000170256
30699.220001760692
30718.905001764702
30731.32000176723
30813.92000178406
30833.040001787955
30896.550001800893
31219.22500186663
31313.785001885895
31325.35000188825
31399.61000190338
31410.425001905583
31446.57500191295
31503.300001924505
31529.625001929868
31634.715001951277
31697.46000196406
31751.94000197516
31761.820001977172
31851.34000199541
31867.19000199864
31913.29500200803
31986.08500202286
32231.31000207282
32504.880002128553
32519.39000213151
32529.100002133488
32540.69500213585
32551.560002138063
32564.89500214078
32576.58500214316
32645.88500215728
32657.395002159625
32822.020002153855
32848.190002140145
32863.09000213234
32877.36500212486
32912.51500210645
32955.48000208394
32966.655002078085
33082.4950020174
33213.73500194865
33253.025001928065
33283.73500191198
33621.86500173484
33824.25000162882
33943.065001566574
33977.385001548595
34046.42000151243
34058.87000150591
34079.51500149509
34332.73500136244
34429.045001311984
34438.565001307
34542.65500125247
34700.4550011698
34752.290001142646
34814.90000110985
34842.715001095276
34855.11500108878
34917.24500105623
35250.04000088189
35284.39500086389
35517.830000741604
35536.84500073164
35898.00500054244
36438.04500025953
36521.80500021565
36616.31500016614
36834.82000005167
36871.25000003259
36898.20000001847
36921.11000000647
36936.85499999822
36959.769999986216
36980.194999975516
37019.7399999548
37039.72499994433
37068.08499992947
37119.03499990278
37288.52999981399
37303.21999980629
37321.254999796845
37338.66999978772
37408.204999751295
37451.81499972845
37461.86999972318
37481.754999712764
37500.1999997031
37705.14499959574
37717.859999589076
37731.72499958181
37937.61999947395
37991.53499944571
38004.7149994388
38018.969999431334
38039.659999420495
38290.179999289256
38300.47999928386
38318.77999927427
38328.99499926892
38357.59499925394
38371.25499924678
38401.90499923073
38483.75499918785
38495.32499918179
38557.784999149066
38621.18499911585
38644.01499910389
38674.39499908798
38784.62499903023
38842.5199989999
38852.92999899445
38910.164998964465
39067.67499888195
39215.61499880445
39292.07999876439
39319.86999874983
39355.85499873098
39523.6049986431
39543.184998632845
39620.744998592214
39637.49499858344
39884.28499845415
39895.18499844844
39905.01999844329
40298.199998237316
40589.05499808495
40740.17999800578
40788.28999798057
40891.13999792669
40992.85499787341
41006.59999786621
41183.879997773336
41334.149997694614
41361.10499768049
41377.899997671695
41411.189997654255
41440.42999763894
41466.2699976254
41769.61499746649
41891.919997402416
42024.62999733289
42441.53499711449
42459.01999710533
42524.554997071
42538.229997063834
42694.73999698184
42747.35999695428
42757.499996948965
42773.23999694072
42788.32499693282
43093.73999677282
43107.609996765554
43343.084996642196
43460.10499658089
43536.4499965409
43566.12999652535
43647.03999648296
43726.58999644129
43740.05999643423
43756.58999642557
43987.15499630479
44019.629996287775
44038.24999627802
44075.43499625854
44194.11499619637
44217.559996184085
44234.60999617515
44289.41499614644
44301.92499613989
44320.40499613021
44341.01999611941
44679.204995942244
44733.09499591401
44790.049995884176
44883.05999583545
44893.40499583003
44905.41499582374
45025.57999576079
45037.534995754526
45419.83999555425
45436.31499554562
45458.51499553399
45855.67499532593
46086.82999520483
46147.9699951728
46173.3649951595
46191.17499515017
46205.51499514266
46233.009995128254
46376.44999505311
46401.16999504016
46493.109994991995
46612.874994929254
46889.44499478437
46959.13499474786
46981.31499473624
47064.6199946926
47087.67999468052
47152.74999464643
47193.34999462516
47213.444994614634
47676.96999437181
47692.36499436374
47715.59999435157
47790.25499431246
47922.779994243036
47966.1849942203
47976.609994214836
48083.109994159044
48094.924994152854
48316.09499403699
48338.819994025085
48409.48999398806
48561.58999390838
48575.594993901046
48590.70999389313
48601.634993887405
48620.549993877496
48647.504993863375
48662.09499385573
48680.009993846346
48717.41999382675
48866.22999374879
48880.1449937415
48891.284993735666
49564.449993383016
49578.4149933757
49588.714993370304
49979.38999316564
49990.61999315976
