167.3549999999203
354.7099999997499
562.6199999995608
633.4749999994964
661.339999999471
714.0199999994231
754.3749999993864
801.4149999993436
891.199999999262
1278.2800000046916
1319.760000005597
1367.220000006633
1404.3100000074426
1545.3800000105218
1706.9300000140481
2088.1250000223686
2192.370000024644
2530.705000032029
2595.0900000334345
2678.310000035251
2748.8900000367917
2768.8550000372275
2805.715000038032
2874.9950000395443
2912.860000040371
3129.560000045101
3422.3000000514908
3707.23000005771
3743.495000058502
3840.770000060625
3896.3200000618376
3932.215000062621
4106.465000066424
4185.935000068159
4403.675000072912
4423.950000073354
4527.76500007562
4861.235000082899
4889.825000083523
4933.910000084486
4974.655000085375
5057.295000087179
5086.010000087806
5294.080000092347
5386.425000094363
5833.045000104112
5961.625000106918
6029.4800001083995
6063.500000109142
6370.565000115845
6650.835000121962
6678.295000122562
6702.665000123094
7054.230000130768
7191.980000133774
7304.645000136234
7393.170000138166
7500.920000140518
7530.750000141169
8003.165000151481
8067.075000152876
8138.455000154434
8259.655000144772
8353.420000129763
8447.375000114724
8679.330000077594
8837.930000052207
8868.5900000473
8961.445000032436
9009.105000024807
9062.055000016331
9146.515000002812
9231.994999989129
9262.234999984288
9324.439999974331
9353.61999996966
9384.144999964774
9453.344999953697
9684.149999916752
9841.769999891521
9862.359999888226
9970.144999870972
10020.63499986289
10130.989999845226
10156.484999841145
10292.899999819309
10339.064999811919
10400.419999802098
10599.75499977019
10689.044999755897
10751.819999745849
10986.674999708255
11017.839999703267
11043.334999699186
11102.794999689668
11294.084999659048
11340.6149996516
11394.719999642939
11460.93499963234
11536.754999620203
11562.374999616102
11685.254999596433
11709.794999592505
11852.37999956968
11893.264999563136
11970.509999550772
12414.309999479732
12460.129999472398
12497.809999466366
12588.394999451866
12664.944999439613
12748.009999426316
12861.714999408116
12931.329999396972
12981.854999388885
13010.944999384228
13037.774999379933
13074.754999374014
13209.329999352472
13453.909999313322
13518.484999302986
13689.69499927558
13719.514999270807
13989.849999227534
14031.639999220844
14099.224999210026
14210.65499919219
14419.80499915871
14642.349999123087
14796.489999098414
14817.664999095025
15016.819999063146
15163.65999903964
15261.354999024003
15301.47999901758
15326.604999013558
15365.394999007349
15507.01499898468
15549.919998977812
15685.204998956156
15871.904998926271
15969.55999891064
16039.934998899374
16078.57499889319
16114.349998887463
16151.144998881573
16198.469998873998
16281.649998860683
16491.20999886614
16539.454998875968
16783.879998925764
16867.679998942836
16943.72499895833
16967.23999896312
16993.764998968523
17060.55999898213
17207.584999012084
17271.629999025132
17350.684999041237
17384.379999048102
17419.624999055282
17445.304999060514
17532.049999078186
17565.819999085066
17892.974999151716
17991.294999171747
18156.864999205478
18595.969999294935
19123.429999402393
19144.91999940677
19208.27499941968
19364.639999451534
19444.37499946778
19468.179999472628
19524.329999484067
19700.80499952002
19733.5999995267
19937.274999568195
20215.22499962482
20368.679999656084
20520.77999968707
20578.829999698897
20871.324999758486
20925.744999769573
20946.284999773758
21019.909999788757
21218.544999829224
21292.079999844205
21313.824999848635
21569.994999900824
21696.444999926585
22100.110000008823
22129.565000014823
22165.62000002217
22251.43500003965
22277.88000004504
22530.91500009659
22557.505000102006
22651.095000121073
22842.31500016003
22876.405000166975
22930.560000178008
23063.660000205124
23132.225000219092
23283.460000249903
23327.290000258832
23430.99500027996
23468.040000287507
23511.080000296275
23605.65000031554
23674.250000329517
23728.130000340494
23979.355000391675
24013.715000398675
24385.965000474513
24556.740000509304
24665.84500053153
24703.475000539198
24858.20000057072
24944.34000058827
24989.1550005974
25130.0450006261
25180.090000636297
25208.555000642096
25237.83500064806
25396.12500068031
25614.450000724788
25667.215000735538
25760.560000754554
25912.540000785517
25958.560000794892
26192.165000842484
26221.585000848478
26345.54500087373
26374.585000879648
26401.89000088521
26468.515000898784
26506.04500090643
26539.91000091333
26782.330000962716
26809.10000096817
26888.08000098426
26917.540000990262
26952.77000099744
27066.910001020693
27219.1000010517
27294.45000106705
27396.20000108778
27569.43000112307
27592.11500112769
27623.085001134
27674.365001144448
27696.46500114895
27870.510001184408
27895.665001189533
27973.290001205347
28088.685001228856
28224.08500125644
28378.12000128782
28427.815001297946
28456.000001303688
28599.615001332946
28693.475001352068
28735.915001360714
28870.500001388133
28962.190001406812
28994.635001413422
29246.255001464684
29374.515001490814
29448.065001505798
29518.2600015201
29872.6600015923
29975.075001613164
30319.87000168341
30413.355001702454
30496.205001719332
30633.04500174721
30812.30000178373
30891.655001799896
31076.57500183757
31198.25500186236
31240.355001870936
31521.29500192817
31568.745001937838
31709.710001966556
31759.325001976664
31870.28000199927
31996.890002025062
32034.940002032814
32108.720002047845
32223.240002071176
32256.530002077958
32293.425002085474
32356.095002098242
32400.525002107293
32456.890002118776
32529.6450021336
32575.69500214298
32590.595002146016
32678.395002163903
32715.080002171377
32995.535002062956
33125.96500199463
33237.05500193643
33320.065001892945
33415.415001842994
33446.07500182693
33480.1200018091
33552.42500177122
33851.34500161462
33876.94500160121
33906.44000158576
34093.48000148778
34151.63000145731
34235.88000141318
34276.92000139168
34438.69000130693
34596.17000122443
34724.85000115702
34779.285001128505
35032.33500099594
35145.065000936884
35207.44000090421
35289.80500086106
35310.16500085039
35367.89500082015
35405.300000800555
35516.78500074215
35670.20000066178
35711.0100006404
35753.99000061789
35855.450000564735
35904.08500053926
36035.62500047035
36361.5550002996
36407.27500027565
36427.560000265024
36529.57500021158
36564.74500019316
37078.25999992414
37216.189999851886
37294.034999811105
37327.094999793786
37417.64499974635
37462.28999972296
37520.69999969236
37616.11499964238
37638.9849996304
37877.31999950554
37927.76999947911
38270.21999929971
38288.74499929001
38342.044999262085
38384.10499924005
38525.94999916574
38559.329999148256
38605.32499912416
38635.914999108136
38653.69999909882
38811.86999901596
38903.10499896816
39111.6749988589
39277.624998771964
39326.28499874647
39353.479998732226
39645.63999857917
39670.374998566214
39711.07499854489
39968.174998410206
40066.24499835883
40166.21499830646
40356.34999820685
40659.67999804795
40753.01999799905
40806.559997971
40914.54499791443
40944.109997898944
41072.404997831734
41117.95499780787
41447.134997635425
41682.12999751232
41750.17499747667
41777.68999746226
41835.954997431734
42020.75999733492
42048.084997320606
42131.734997276784
42202.06499723994
42243.5599972182
42454.07999710792
42508.9049970792
42667.934996995886
42689.53999698457
42817.914996917316
42901.22999687367
42969.92499683768
43003.304996820196
43287.024996671564
43309.30999665989
43341.07499664325
43379.00499662338
43488.599996565965
43522.55499654818
43564.669996526114
43679.96999646571
43724.01499644264
43769.15999641899
43795.2899964053
43819.389996392674
43944.82999632696
44006.4099962947
44042.70499627569
44079.5199962564
44121.98999623415
44252.61499616572
44393.49499609192
44419.61999607823
44478.22499604753
44719.90499592092
44753.1599959035
44784.44499588711
44927.584995812125
44953.009995798806
44976.16999578667
45095.51499572415
45121.0049957108
45244.18499564627
45335.11999559863
45406.539995561216
45438.609995544415
45639.71499543906
45716.89499539863
45776.20499536756
45823.304995342885
45868.01999531946
45920.60999529191
46054.03999522201
46114.68499519024
46141.934995175965
46165.66999516353
46194.66999514834
46227.69499513104
46252.21499511819
46274.66499510643
46313.20499508624
46360.41499506151
46439.029995020326
46487.839994994756
46647.47499491113
46666.29499490127
46770.564994846645
46789.96499483648
46853.37999480326
46928.659994763824
47058.35499469588
47082.189994683395
47226.82999460762
47334.464994551236
47357.469994539184
47412.77499451021
47515.90999445618
47580.16999442252
47674.01999437335
47721.909994348265
47884.17999426326
48005.06999419993
48103.149994148545
48192.7649941016
48255.13999406892
48274.55499405875
48396.179993995036
48590.904993893026
48623.90499387574
48819.36499377334
48844.46999376019
48905.25499372835
49089.829993631654
49133.37499360884
49352.69499349395
49385.6249934767
49426.35499345536
49478.894993427835
49727.164993297774
49796.74499326132
49872.829993221465
49909.73499320213
49961.3299931751
50257.809993019786
50295.27999300016
50432.31499292837
50593.13499284412
50693.1999927917
50861.48999270354
51043.944992607954
51071.79999259336
51130.80499256245
51176.324992538604
51264.589992492365
51312.79999246711
51435.59499240278
51514.099992361655
51546.894992344474
51605.54499231375
51636.82999229736
51691.88499226852
51737.36999224469
51809.80999220674
51876.79499217165
51958.03999212909
51978.89499211816
52393.36999190103
52419.094991887556
52692.01999174458
52762.904991707444
52898.09999163662
52935.18499161719
52981.40499159298
53152.62999150328
53178.26999148985
53438.034991353765
53466.23499133899
53538.42499130117
53648.22499124365
53730.989991200295
54047.269991034605
54228.229990939806
54274.94499091533
54397.76999085099
54510.29499079204
54538.044990777504
54613.27499073809
54676.014990705226
54767.239990657436
54868.54999060436
54890.019990593115
54981.36999054526
55027.2999905212
55065.29999050129
55090.60999048803
55123.934990470574
55157.03999045323
55188.9849904365
55417.52499031677
55454.41999029744
55510.96999026782
55562.594990240774
55609.74499021607
55646.21499019697
55759.70999013751
55816.509990107756
55843.54499009359
55886.53499007107
56340.12998983345
56468.86498976601
56509.82498974455
56633.17498967993
56660.234989665754
56747.199989620196
56801.35998959182
57004.57998948536
57165.224989401206
57202.98998938142
57322.92498931859
57372.01998929287
57399.959989278235
57495.784989228036
57603.35498917168
57623.5499891611
57665.57498913909
57823.83498905618
58210.13998885381
58249.009988833444
58426.75998874033
58463.4599887211
58492.53998870587
58573.31998866355
58596.3149886515
58659.4999886184
58679.824988607754
58725.96998858358
58833.46498852727
58886.704988499376
59288.87998828869
59370.224988246075
59451.79998820334
59478.779988189206
59509.54998817309
59616.0449881173
59632.329988108766
60022.37498790443
60144.46998784047
60235.35498779286
60251.81498778424
60273.19498777304
60327.24498774472
60452.33998767919
60508.64998764969
60539.274987633646
60614.60498759418
60665.78998756737
60810.40998749161
60885.85998745208
61363.35998720193
61386.00998719007
61430.039987167
61530.804987114214
61929.93498690512
62011.50498686239
62121.03998680501
62142.09498679398
62200.20998676353
62393.77998666213
62461.129986626845
62524.11998659385
62656.959986524256
62834.659986431165
62890.304986402014
63217.40498623066
63261.6049862075
63365.02998615332
63413.46498612795
63456.324986105494
63481.82998609213
63652.60498600267
63839.28498590487
64103.64998576638
64156.4899857387
64425.364985597844
64445.13498558749
64504.769985556246
64563.94998552524
64580.53998551655
64605.29998550358
64744.084985430876
64768.064985418314
64789.89498540688
64859.21498537056
64911.11998534337
64941.179985327624
65113.054985237584
65147.54998521951
65224.86498517901
65307.759985135584
65424.47498507444
65894.26998534967
66000.62498544873
66151.01998558879
66343.3299857679
66389.98498581134
66687.93998608884
66937.40998632117
67174.43498654192
67192.78998655902
67267.76498662884
67292.1999866516
67336.64498669299
67354.17498670932
67371.59498672554
67522.23998686584
67617.7599869548
67685.99998701835
67863.0049871832
67917.59998723405
68115.06998741796
68422.6449877044
68489.36998776655
68630.09998789761
68662.16498792748
68963.72498820833
68981.17498822458
69096.3049883318
69133.40498836635
69152.62998838426
69179.45998840925
69198.28498842678
69591.42498879292
69631.74998883047
69707.479988901
69730.22998892219
69774.95498896384
69802.1749889892
69862.69998904556
69885.14998906647
69913.53998909291
70024.02998919581
70045.3799892157
70091.0099892582
70144.5999893081
70208.03998936719
70312.68498946464
70459.91998960177
70563.08498969785
70625.529989756
70657.64998978592
70771.21998989169
70933.39999004273
71030.47499013314
71285.27499037044
71331.8349904138
71473.15499054542
71498.19499056874
71678.90499073704
71882.78999092692
72032.3499910662
72121.98999114969
72242.76499126217
72293.27499130921
72592.24999158765
72729.71999171568
72777.54999176023
73049.35999201337
73105.73499206587
73232.29499218374
73459.90499239572
73513.07999244524
73691.69499261159
73829.56999274
73876.11999278335
73914.96499281953
73963.28499286453
73991.82499289111
74055.4849929504
74106.12999299756
74167.88499305508
74188.94499307469
74210.4299930947
74280.79499316023
74399.71999327099
74600.3099934578
74670.39499352308
75121.33499394305
75166.28499398491
75208.93499402463
75240.0349940536
75267.50999407918
75348.76999415486
75395.60499419848
75415.86999421736
75470.63999426836
75498.13499429397
75562.35499435378
75611.32499439939
75666.8549944511
75758.38999453635
75954.94999471941
75969.9699947334
76063.65499482065
76080.94999483676
76119.28499487246
76156.37999490701
76192.19499494036
76350.85499508813
76372.81499510858
76438.20499516948
76529.43999525445
76560.6399952835
76791.99999549898
77205.32999588392
77461.9299961229
77912.03499654209
78064.57999668416
78116.32999673235
78135.68499675038
78198.1949968086
78340.20999694086
78386.70499698416
78448.58499704179
78545.35499713192
78719.30999729392
78842.85999740899
79022.05999757588
79051.73499760352
79096.99999764567
79186.12499772868
79283.17999781907
79342.25499787409
79359.04999788973
79495.75499801704
79541.29999805946
79626.17999813851
79648.42999815923
79990.64999847795
80011.88999849773
80035.63499851985
80142.02999861893
80212.28999868437
80228.09499869909
80248.75499871833
80554.67999900325
80597.77999904339
80710.23499914812
80996.95999941515
81023.67499944003
81127.6849995369
81143.35499955149
81274.41499967355
81330.4049997257
81350.41499974433
81409.92999979976
81604.30499998078
81632.26000000682
81691.65500006214
81902.58000025857
82048.5250003945
82377.65000070102
82464.04500078148
82724.3400010239
82764.76000106154
82786.48000108177
82958.54000124201
83023.60500130261
83079.98000135511
83165.39000143466
83197.98000146501
83266.50500152883
83285.23000154627
83498.57000174496
83522.17000176694
83539.89000178344
83573.01000181428
83618.82000185695
83904.89500212338
84112.50000231672
84199.68000239792
84314.57000250492
84661.87000282836
84826.20500298141
84882.33000303368
84905.20000305498
84926.79000307509
85141.35500327492
85157.59500329004
85462.89000357437
85565.28000366973
85767.73500385828
85793.13500388194
85947.90000402607
86128.12000419392
86190.88500425237
86212.19500427222
86255.97000431299
86515.41000455461
86548.03000458499
86686.51500471396
86853.56500486954
86924.04000493517
86963.40000497183
87102.68000510155
87159.7500051547
87181.83500517526
87227.57500521786
87257.47500524571
87291.2900052772
87378.08500535804
87442.70500541822
87474.66000544798
87517.62000548799
87623.21000558633
87763.68000571715
87831.11500577995
87855.72500580287
88128.87000605726
88220.1850061423
88275.08000619343
88369.03500628093
88573.73000647157
88749.4300066352
88962.94500683405
89260.11000711081
89305.40000715299
89509.40000734298
89565.50000739523
89611.8600074384
89679.97500750184
89726.86500754551
89758.51000757498
89830.29500764183
89920.18500772555
90152.53000794194
90191.255007978
90290.24000807019
90317.64000809571
90454.79500822345
90479.46500824642
90616.19000837376
90649.9550084052
90946.61000868148
90973.01000870607
90996.06000872754
91044.7650087729
91101.41500882566
91180.77000889956
91235.53000895056
91261.94000897516
91285.2850089969
91327.50000903622
91369.75500907557
91438.24000913935
91491.93000918935
91557.63500925055
91605.44000929507
91669.69500935491
91785.14500946243
92135.1450097884
92358.77000999666
92604.74501022574
92627.66501024709
92667.86001028452
92812.30001041904
92890.25001049164
92974.83001057041
93233.68001081148
93260.99001083692
93329.91501090111
93365.14501093392
93498.98001105856
93602.97001115541
93960.97001148883
94206.8350117178
94402.4600119
94470.73501196358
94497.64501198864
94588.83001207357
94616.27501209913
94987.81501244515
95024.39501247922
95267.33501270547
95390.57501282025
95501.43001292349
95602.28501301742
95915.365013309
96114.68501349463
96164.87001354137
96227.2850135995
96271.08501364029
96292.90501366061
96311.62501367804
96371.62001373392
96453.75001381041
96510.80001386354
96648.33501399163
96722.65001406084
96825.94501415704
97140.95501445042
97200.39501450578
97486.21001477196
97590.82501486939
97642.27501491731
97702.90001497377
97759.90501502686
97944.49501519877
98095.72501533962
98199.67501543643
98606.82001581561
98630.24001583742
98685.88501588925
98934.65001612093
99002.01001618366
99038.03501621721
99065.17501624249
99319.05501647893
99470.9600166204
99542.39501668693
99722.33001685451
99789.34001691692
99851.58001697488
99879.36001700076
100099.32001720561
100209.87001730857
100327.43001741805
100348.6350174378
100658.78501772665
100684.6100177507
100844.45501789957
100874.75001792778
100913.83501796419
100937.44501798617
100972.51001801883
101187.83001821936
101390.50001840811
101487.46501849842
101648.05501864798
101864.27501884935
101887.34001887083
102013.92001898872
102090.06001905963
102177.67501914123
102265.49001922301
102306.96001926163
102852.42501976964
102994.49501990195
103028.11501993326
103078.53501998022
103157.28502005356
103175.5800200706
103214.61002010695
103285.4200201729
103572.14502043993
103718.250020576
103764.88502061943
103863.02002071083
103897.44002074288
104028.87002086529
104056.08502089063
104146.87502097519
104253.66002107464
104288.1850211068
104389.48502120114
104485.18002129026
104549.07002134976
104899.4650216761
105047.9750218144
105093.99002185726
105125.8100218869
105242.19002199528
105623.19002235011
105644.9700223704
105902.30502261006
105963.450022667
106183.21002287167
106572.75502323447
106681.43502333568
106700.98502335389
106965.55502360029
107015.2850236466
107146.95002376923
107171.44002379203
107238.10002385412
107273.00502388662
107410.60502401477
107443.43502404535
107490.93002408958
107706.89002429071
107775.86002435494
107826.01002440165
107928.7150244973
107985.04002454976
108040.97502460185
108099.30002465617
108251.98502479837
108312.62002485484
108336.70002487727
108558.96502508427
108733.62502524693
108790.77502530016
108819.98002532736
108935.8850254353
109070.79502556095
109104.27002559212
109226.06502570555
109260.62502573774
109292.67502576759
109428.79002589436
109682.94002613105
109734.87502617942
109765.72502620815
109808.8350262483
109836.19002627378
109923.9350263555
109996.86502642342
110020.24002644519
110086.65502650704
110240.18502665003
110319.34502672375
110359.82002676144
110472.03002686595
110557.73502694577
110582.93502696924
110833.8300272029
110876.93502724305
110985.83502734447
111080.18502743234
111113.8600274637
111643.56502795703
112018.99502830667
112633.71502887917
112696.54002893768
112714.78502895468
112777.18502901279
112802.55502903642
112999.47002921981
113106.23502931924
113134.30502934539
113501.70002968755
113530.09002971399
113582.80002976308
113655.93502983119
113701.51502987364
113728.93502989918
113798.535029964
114137.98003028013
114199.39503033733
114234.32503036986
114750.87003085093
114919.13503100764
115180.91003125143
115214.31503128255
115266.24503133091
115443.01503149554
115482.25003153208
115701.14003173594
115860.77503188461
115948.30503196613
116205.0050322052
116333.18503232457
116428.92503241374
116456.65503243956
116489.17003246985
116777.75003273861
116886.4100328398
117104.08503304253
117140.57503307651
117376.55503329629
117448.21503336303
117469.97503338329
117588.46003349364
117934.20003381564
117979.95003385824
118488.84003433218
118510.00003435189
118535.64503437578
118563.72503440193
118751.34503457666
118860.12003467797
118890.28503470606
118935.98503474862
118963.16003477393
119046.29503485136
119075.3300348784
119098.8550349003
119176.92503497301
119396.90003517788
119715.67003547476
119784.9650355393
119805.55003555847
119826.15003557765
120095.45503582846
120122.26003585343
120213.59503593849
120482.42003618885
120506.24503621104
120820.63003650383
120903.8150365813
120936.39003661164
120958.7850366325
121056.45003672346
121148.70503680938
121356.08503700251
121510.12503714598
121664.65003728989
121681.70003730577
121813.51003742852
122087.20503768342
122281.40003786428
122323.97003790393
122412.76003798662
122597.28003815847
122693.9550382485
122889.15003843029
122918.43003845756
123240.1650387572
123259.3900387751
123408.43503891391
123428.44003893255
123684.82003917132
123726.00003920967
123774.51003925485
123807.69003928575
124010.51003947464
124310.99503975449
124328.63503977092
124434.94003986992
124501.25503993168
124523.09003995202
124639.81004006072
124684.22004010208
124788.25004019897
124807.36504021677
124948.20004034793
125034.69504042849
125073.74504046486
125363.86504073505
125413.91004078166
125626.35504097951
125667.37004101771
125962.86004129291
126235.89504154719
126413.88004171295
126657.05504193943
126707.14504198608
126780.14504205406
126817.42504208878
126847.33504211664
126870.10504213785
126909.02004217409
126964.47504222573
127019.0850422766
127122.62004237302
127169.07004241628
127368.94504260243
127527.49004275008
127584.57504280325
127606.08004282328
127672.47504288511
128088.84004327288
128586.80004373664
128669.62004381377
128876.63504400657
129208.83004431595
129363.04004445957
129421.54504451406
129466.93504455633
129654.28004473081
130011.75504506374
130047.01504509657
130092.69504513912
130117.66004516237
130214.62004525267
130387.40504541359
130435.6300454585
130521.33504553832
130540.60504555627
130667.91004567483
130701.44504570606
130755.81004575669
130824.38504582056
130885.72504587768
130963.5850459502
131069.16004604852
131174.61504614673
131231.45004619966
131271.8450462373
131326.5050462882
131432.63004638703
131477.3800464287
131573.51004651823
131700.22004663624
131724.5500466589
131888.1750468113
131910.430046832
131979.8900468967
132300.67004719545
132363.99004725443
132389.35004727804
132506.9850473876
132600.6300474748
132785.88004764734
133043.9600478877
133114.5150479534
133201.040048034
133339.63004816306
133367.07004818862
133421.66004823946
133452.320048268
133476.98504829098
133496.4350483091
133540.01504834968
133726.7650485236
133758.73504855338
133781.6300485747
133815.40004860616
133862.11504864966
133877.87504866434
133979.17004875868
134018.00504879485
134421.48504917062
134615.21504935104
134688.63504941942
134872.4350495906
135293.43504998268
135338.3200500245
135370.58505005453
135422.66505010304
135469.60505014675
135572.75505024282
135771.62005042803
135839.5700504913
135865.80505051574
135903.0300505504
136132.8000507644
136190.60505081824
136337.6700509552
136408.14505102084
136598.83505119843
136631.73505122907
136868.56005144963
136931.51505150826
137004.28005157603
137193.48505175224
137217.83505177492
137276.5600518296
137312.15005186276
137471.40005201107
137605.3300521358
137631.77505216043
137662.6550521892
137700.020052224
137851.72505236528
137904.87505241478
138064.5750525635
138102.84005259915
138295.77005277883
138318.20005279972
138612.68005307397
138650.68505310937
138671.73005312897
138759.46005321067
138877.5950533207
139133.32505355886
139199.70005362068
139220.3350536399
139292.24505370687
139521.15505392005
139862.35505423782
139885.69005425955
139990.73505435738
140060.95005442278
140148.52505450434
140180.10005453374
140291.47505463747
140321.86005466577
140369.1400547098
140453.50505478837
140504.14505483554
140733.63005504926
140761.8150550755
140858.04505516513
140996.8550552944
141039.0600553337
141074.31505536655
141110.5450554003
141136.14505542413
141385.62005565647
141409.86005567905
141438.55505570577
141470.07505573513
141498.42505576153
141545.07005580497
141614.97505587008
141741.87505598826
141936.1600561692
142002.22005623073
142308.69005651615
142361.40505656524
142471.27505666757
142506.1000567
142531.2200567234
142553.9850567446
142663.6200568467
142717.640056897
142840.10505701107
142936.83505710115
142961.9150571245
143170.15505731845
143240.4300573839
143277.98505741887
143323.48005746125
143354.83505749045
143378.6250575126
143681.67005779484
144005.52005809644
144142.7100582242
144178.2350582573
144233.735058309
144314.32505838404
144588.76005863963
144612.5650586618
144668.15505871357
144958.24005898373
144985.64505900926
145030.00505905057
145060.19005907868
145272.09505927603
145312.04505931324
145439.52005943196
145496.34005948488
145658.88005963626
145813.26005978003
145856.2900598201
145900.23005986103
145924.2350598834
146317.9900602501
146339.95506027056
146450.2650603733
146470.83506039245
146610.67506052268
146691.29506059777
146711.03506061615
146731.45006063516
146796.48006069573
146998.4250608838
147396.86506125488
147523.02506137238
147747.22006158117
147810.99506164057
147831.60006165976
147854.46506168105
147948.28506176843
148271.40506206936
148330.11506212404
148417.41006220534
148547.1700623262
148601.54506237683
148689.33006245858
148800.11006256175
149318.60006304464
149370.15506309265
149633.5050633379
149688.9900633896
149747.38006344397
149778.0300634725
150028.80006370606
150074.97506374907
150502.95506414765
150554.19506419537
150737.76006436633
150863.38506448333
150885.30006450374
150907.93006452481
150980.43506459234
151096.74506470066
151191.55506478896
151419.8700650016
151458.60506503767
151486.69006506383
151549.30506512214
151605.12006517412
151803.7350653591
151916.83006546443
152192.08006572077
152307.05006582785
152335.31006585417
152362.00506587903
152411.10006592475
152471.22506598075
152525.9500660317
152562.63006606587
152934.64506641234
152960.63506643655
152991.5250664653
153029.58006650076
153199.8150666593
153226.1250666838
153351.6450668007
153605.45006703708
153807.64006722538
153828.3850672447
153955.46506736305
154063.6550674638
154154.9100675488
154183.64006757556
154335.12006771663
154368.94006774813
154404.9750677817
154599.94006796327
154710.19506806595
154855.33506820112
154879.98506822408
154932.3100682728
154975.44006831298
155010.6950683458
155150.5800684761
155217.1550685381
155301.895068617
155320.32006863417
155378.4400686883
155400.90506870922
155465.64506876952
155505.9900688071
155536.75506883574
155578.61006887472
155808.77506908908
155897.21506917145
155969.55506923882
156012.93506927922
156033.94006929878
156090.29506935127
156210.55006946326
156444.72006968135
156533.60006976413
156808.30507001997
156831.7350700418
156855.43507006386
156933.90007013694
157008.1650702061
157047.30007024255
157521.4000706841
157547.12007070804
157575.36007073434
157599.1500707565
157633.6100707886
157678.87007083074
157712.04507086164
157942.70507107646
158074.53507119924
158124.13507124543
158353.2350714588
158384.77507148817
158411.83507151337
158445.32507154456
158572.53507166303
158740.9700718199
158765.64507184288
158995.29007205676
159122.62507217535
159167.96507221757
159326.4900723652
159353.52007239038
159369.58007240534
159406.82507244003
160174.18007315468
160293.4950732658
160310.85007328197
160336.2300733056
160453.72007341502
160520.3850734771
160595.40007354697
160688.59007363376
160734.82007367682
160876.41007380869
160900.67007383128
161021.4750739438
161155.88007406896
161179.95507409138
161210.70507412002
161283.25007418758
161339.82507424027
161398.28507429472
161612.35007449408
161634.63507451484
161727.6850746015
161816.61507468432
161838.31507470453
161959.60007481748
162062.68007491349
162322.2200751552
162404.1550752315
162483.55007530545
162596.5600754107
162624.7050754369
162659.18007546902
162772.79007557483
162903.2200756963
162927.04007571848
162945.5200757357
163011.94007579755
163160.15007593558
163493.3450762459
163567.02507631452
163783.62007651624
163866.81507659372
163928.4250766511
163947.92507666926
163993.9200767121
164065.27507677855
164086.8100767986
164133.56507684215
164275.59007697442
164461.2250771473
164597.5800772743
164684.70507735544
164711.04007737996
164751.31507741747
164785.3900774492
164837.38007749763
165165.9150778036
165181.4900778181
165226.7000778602
165347.4800779727
165436.58007805567
165459.54007807706
165490.37507810578
165514.48507812823
165537.93507815007
165777.47507837316
165896.1750784837
166344.39507890114
166598.5150791378
166665.6150792003
166777.1750793042
166804.72507932986
166909.2450794272
166925.93507944274
166963.62507947785
167017.30007952783
167095.03507960023
167172.58007967245
167295.580079787
167495.15507997287
167568.91008004156
167591.5150800626
167628.15508009674
167691.9900801562
167754.19008021412
167776.65008023503
167895.19008034543
168063.92508050258
168162.57008059445
168263.4600806884
168457.11508086877
168515.00508092268
168542.92508094868
168570.0100809739
168938.395081317
168968.2450813448
169310.5600816636
169328.84508168063
169357.7100817075
169415.21508176107
169482.07008182333
169583.26008191757
170122.57008241984
170167.60508246179
170362.53508264333
170422.97508269962
170467.80008274136
170503.78008277487
170575.69508284185
170656.11008291674
170693.88008295192
170843.90508309164
170962.3000832019
170990.46008322813
171015.27508325124
171071.1750833033
171243.4050834637
171291.87008350884
171571.80008376954
171652.825083845
171827.7350840079
171888.70008406468
172102.04508426337
172319.32008446573
172410.59508455073
172505.19008463883
172790.05008490413
172818.5850849307
172840.35008495097
173195.74008528196
173403.8800854758
173505.74008557067
173621.51008567848
173716.0200857665
173903.62008594122
173951.43508598575
173982.9400860151
174177.2850861961
174420.10508642223
174679.08508666343
174819.0800867938
174904.41508687328
175027.77508698817
175084.00508704054
175191.82508714095
175258.15008720272
175342.99008728174
175366.70008730382
175449.4700873809
175537.67008746305
175663.61508758034
175743.85008765507
175776.6300876856
175796.0650877037
175814.66008772101
175851.3750877552
175944.17508784164
176044.08008793468
176176.9400880584
176727.6400885713
176785.1900886249
176834.55008867086
177015.13008883904
177095.25508891366
177270.59508907696
177303.15508910728
177323.92508912663
177362.5500891626
177386.33508918475
177562.57008934888
177670.5100894494
177690.97508946847
177928.00508968922
177948.7000897085
177969.7400897281
177991.06508974795
178169.4600899141
178206.54508994863
178229.19508996973
178296.56009003246
179057.64509074128
179090.79509077215
179130.39509080903
179303.26009097003
179342.46509100654
179588.75509123591
179657.69009130012
179811.07509144297
179936.67509155994
180091.30509170395
180336.65509193245
180761.72509232833
180847.98509240866
180889.53509244736
180964.15509251686
181122.63509266445
181274.58509280597
181430.37009295105
181501.6050930174
181556.00009306805
181710.4450932119
181764.33509326208
181865.25509335607
182003.4650934848
182056.97009353462
182091.56509356684
182123.955093597
182278.2600937407
182309.37009376968
182412.12009386538
182479.41509392805
182667.1600941029
182974.26509438892
183008.65009442094
183063.7000944722
183234.0950946309
183884.83509523695
184028.95509537117
184099.28009543667
184122.27509545808
184146.7850954809
184217.5450955468
184606.70009590924
184828.95509611623
185046.82009631913
185237.4750964967
185547.6800967856
185689.33509691752
185831.30509704974
185867.17009708314
185939.47509715048
185994.83509720204
186032.10009723675
186080.695097282
186115.2750973142
186598.49009776424
186713.04509787093
186732.31509788887
186942.3700980845
186982.25509812165
187039.6500981751
187069.45009820285
187097.77009822923
187141.17509826965
187263.92509838397
187342.91009845753
187518.06009862066
187706.78009879641
187922.52009899734
188080.46009914443
188154.43509921333
188183.2950992402
188216.65009927127
188290.84509934037
188365.4050994098
188404.89509944658
188437.0050994765
188487.85509952385
188550.59009958227
188570.43509960076
188653.13509967778
188691.8150997138
188713.45509973395
188818.9550998322
188913.31009992008
188974.68009997724
189401.0301003743
189439.38010041002
189552.68510051555
189807.9751007533
189833.60010077717
189885.76010082575
189913.99510085204
190082.68510100915
190223.34510114015
190273.5301011869
190402.53010130703
190846.67010172067
191062.5301019217
191261.0551021066
191411.89510224707
191603.82010242582
191698.21010251372
191838.080102644
191945.42010274396
192055.39010284637
192331.1601031032
192580.96510333585
192768.51510351052
192853.91510359006
192997.24010372354
193243.60010395298
193344.4551040469
193469.5401041634
193571.59010425844
193649.33010433085
193945.55010460672
194114.33510476392
194377.73010500922
194483.6751051079
194604.76010522066
194657.70510526997
194680.30510529102
194810.14010541193
194947.41010553978
194994.1351055833
195151.32010572968
195180.5401057569
195210.3901057847
195435.70010599453
195535.79010608775
196024.67010654305
196055.18510657147
196084.0001065983
196144.79010665492
196406.92010689905
196471.96010695962
196589.38010706898
196621.98010709934
196643.96510711982
196700.45010717242
196763.59010723123
196920.41510737728
197008.9101074597
197030.12510747946
197072.98510751937
197129.34010757186
197578.76510799042
197605.32510801515
197756.4401081559
197812.58010820817
197887.29010827775
198004.65010838705
198023.0501084042
198163.10510853463
198210.8651085791
198257.40510862245
198320.3951086811
198360.28510871826
198398.30510875367
198462.20010881318
198559.57510890387
198613.57010895415
198798.13510912604
198866.7101091899
199002.60010931647
199047.01010935783
199194.89510949556
199249.45010954636
199424.5001097094
199463.35010974557
199580.4051098546
199794.88511005434
199835.66511009232
199914.41011016566
199991.015110237
200211.72511044255
200261.3851104888
200422.08511063847
200445.26511066005
200485.83511069784
200609.9051108134
201066.98511123908
201269.9601114281
201313.67011146882
201388.62011153862
201736.2851118624
202077.0851121798
202127.61011222686
202169.07511226548
202243.49011233478
202406.4101124865
202490.3651125647
202520.01511259231
202601.69011266838
202738.04511279537
202927.64011297195
203223.49511324748
203296.39511331538
203336.66511335288
203357.3001133721
203388.9851134016
203427.6301134376
203484.980113491
203511.7101135159
203537.60011354001
203611.84011360916
203656.765113651
203732.85011372186
203913.24011388986
204030.36011399893
204216.16511417198
204318.64011426741
204343.29511429038
204380.20511432475
204404.105114347
204465.12011440384
204530.35011446459
204726.4351146472
204750.95511467004
204820.83011473512
204912.67011482065
205024.25011492457
205293.82511517563
205369.04011524568
205422.9551152959
205466.47511533642
205890.20511573105
205925.13511576358
206265.33511608042
206343.9051161536
206425.6301162297
206519.49511631712
206622.57011641312
206655.6201164439
206772.1201165524
206802.48511658068
206828.64011660503
206972.54011673905
206995.17011676013
207040.38011680223
207064.9301168251
207107.52511686477
207141.33011689625
207211.23511696135
207303.13511704694
207349.23011708987
207378.94511711755
207546.63011727371
207689.87511740712
207727.41511744208
207785.1001174958
207801.405117511
207817.25011752575
207869.22011757415
207913.75511761563
208074.2451177651
208140.66511782695
208177.14511786093
208225.78011790622
208301.73511797696
208336.130118009
208461.4401181257
208669.14511831914
208763.76011840726
208938.04011856957
208960.91511859087
209137.81511875562
209254.98511886474
209276.45511888474
209297.8901189047
209389.51511899004
209522.03011911345
209548.1651191378
209601.28511918726
210268.53011980868
210478.64012000436
210535.94012005773
210580.49012009922
210727.21512023587
210775.8801202812
210807.00512031018
210906.83012040314
211166.25012064475
211436.20512089616
211512.08012096683
211601.95512105053
211777.0451212136
211888.23012131714
212102.87512151705
212351.79012174887
212378.09512177337
212398.6351217925
212470.9001218598
212546.34012193006
212576.0101219577
212654.28012203058
212721.36512209306
212758.61012212775
212897.84012225742
212963.03012231813
212998.90012235154
213035.65512238577
213065.1051224132
213098.9301224447
213125.40512246935
213146.95512248942
213186.81512252655
213621.54512293142
213670.98512297746
214038.20512331947
214061.1201233408
214100.7201233777
214311.38512357388
214555.06512380083
214691.56012392795
214768.65512399975
214800.75512402965
214830.94012405776
214983.43512419978
215019.71512423357
215046.3851242584
215067.6501242782
215210.51012441126
215345.89512453735
215398.41512458626
215441.8351246267
215628.1401248002
215799.5101249598
215994.09512514103
216068.71012521052
216095.59012523555
216216.91512534855
216250.5951253799
216410.685125529
216491.1001256039
216666.9751257677
216744.9301258403
216819.94512591016
216853.2651259412
216884.6101259704
217001.5651260793
217038.34012611356
217090.38012616202
217166.46012623288
217250.17512631085
217379.59012643137
217397.71512644825
217522.9551265649
217774.335126799
217800.78512682364
217951.85012696433
217979.1951269898
218021.53512702923
218080.4501270841
218133.9101271339
218180.24012717704
218275.96012726618
218378.1901273614
218513.40012748732
218561.01012753166
218654.28012761852
218715.1501276752
219183.4101281113
219211.98012813792
219240.05012816406
219316.16512823495
219385.67012829968
219406.38512831897
219475.41512838326
219575.67012847663
219752.32012864115
219913.63012879138
219957.255128832
220101.53012896638
220154.32012901554
220187.8751290468
220251.82012910635
220471.60512931104
220718.25012954074
220767.4901295866
220808.14512962446
220913.25012972235
220987.64012979163
221019.47012982127
221094.0001298907
221135.73012992955
221253.65513003938
221307.23013008927
221328.415130109
221591.93513035442
221724.78013047815
221869.42513061286
221984.62513072015
222148.91513087315
222204.2651309247
222235.45013095374
222268.70513098472
222412.01513111818
222482.18513118353
222770.18513145176
223087.26013174705
223200.76513185276
223326.3201319697
223350.21513199195
223506.44513213745
223570.55513219716
223600.32513222488
223637.94013225992
223657.41513227805
223830.81013243954
223852.1351324594
223932.00013253378
223951.9801325524
224011.3801326077
224203.86513278697
224227.77013280924
224496.14513305918
224548.92513310834
224591.02513314754
224646.41013319913
224732.09513327893
224923.22513345693
224998.65013352718
225086.86013360933
225114.62013363518
225184.23513370001
225207.32513372152
225234.5851337469
225312.7551338197
225330.9851338367
225353.7551338579
225474.4601339703
225499.1601339933
225570.91513406014
225641.24013412563
225677.31013415923
225791.01013426512
225824.97513429675
225991.16013445152
226015.91013447457
226122.5551345739
226311.69513475004
226356.14513479144
226718.21013512864
226769.84013517672
226818.71513522224
226941.1901353363
227082.13013546757
227132.77013551473
227484.79513584258
227510.6901358667
227529.65513588436
227547.23513590073
227675.67013602034
227699.98013604298
228098.33013641398
228118.68013643293
228286.55013658927
228435.32013672782
228723.1751369959
228812.6151370792
228921.900137181
229093.88013734116
229303.17013753607
229352.96513758245
229456.1151376785
229485.1901377056
229530.14513774746
229806.3701380047
229853.0651380482
229911.5901381027
229938.2151381275
230142.40513831767
230433.24013858853
230463.88513861707
230681.11013881938
230706.87013884337
230824.2551389527
230863.19513898896
230886.3151390105
231121.41013922944
231138.92513924575
231300.83513939654
231338.4751394316
231431.245139518
231675.27013974526
231789.41513985157
231826.67013988626
231884.19013993983
231906.98013996106
232297.57514032483
232415.9701404351
232623.67514062853
232655.47014065814
232681.22014068213
232703.3251407027
232820.79514081212
232983.68514096382
233054.03014102933
233097.99014107027
233125.1851410956
233371.76514132525
233555.95014149678
233589.1351415277
233647.62514158216
233714.84014164476
233815.10514173814
233901.86014181894
233997.0701419076
234263.795142156
234302.14014219173
234367.37014225248
234533.1751424069
234582.98014245328
234598.42014246766
234902.83514275117
234935.58514278167
234976.9451428202
235242.41014306742
235274.74514309753
235739.34514353023
235764.2251435534
235836.67014362087
235980.40514375473
236066.08014383452
236114.77014387987
236343.620144093
236468.22014420904
236540.04514427594
236633.8651443633
236846.9801445618
236887.64014459966
237022.14014472492
237045.4051447466
237110.75514480745
237181.30514487316
237211.7501449015
237248.51014493575
237349.78514503007
237393.8351450711
237605.11514526786
237628.19014528935
237656.53514531575
237691.4851453483
237774.41514542553
237851.34514549718
237875.4051455196
237895.09514553793
237916.03514555743
238165.35514578962
238297.92014591309
238378.85514598846
238462.27014606615
238507.05014610785
238611.54014620517
238849.02514642634
238897.03514647105
238971.36514654028
239304.4551468505
239339.27014688292
239441.41014697804
239504.41014703672
239540.07014706993
239626.6951471506
239703.5651472222
239828.64014733868
240403.7501478743
240569.79014802893
240732.71014818066
240759.01514820516
240904.80014834093
241047.11014847347
241064.94014849007
241182.1001485992
241250.620148663
241328.09514873516
241617.54014900472
241644.22514902957
241728.0051491076
241890.3501492588
242297.55514963804
242407.86514974077
242448.2851497784
242510.56514983642
242893.73015019327
242926.02015022334
242976.11015027
243012.5101503039
243164.91515044583
243197.57015047624
243274.8301505482
243312.03015058284
243346.6601506151
243436.8651506991
243493.32015075168
243672.37515091844
243866.66015109938
243946.91015117412
244117.500151333
244171.35015138314
244448.70515164145
244516.44015170453
244561.69015174668
244694.72515187057
244732.37015190563
245084.75515223382
245129.86015227583
245240.60515237896
245276.8201524127
245305.6001524395
245385.8051525142
245418.1201525443
245505.3101526255
245545.30515266274
245660.08015276963
245699.16515280603
245815.02515291394
245868.20515296346
246106.7201531856
246199.56015327206
246394.14015345328
246555.60515360365
246685.07515372423
246819.88015384978
246976.26015399542
247393.3851543839
247522.43015450408
247708.8651546777
247780.19515474414
247856.35515481507
248059.02515500382
248232.56015516544
248345.86015527096
248404.60015532566
248485.51515540102
248521.8951554349
248549.50515546062
248584.285155493
248659.1101555627
248767.69015566382
248794.99015568924
248862.385155752
248904.5851557913
248970.79015585297
249060.2751559363
249091.97015596583
249292.65515615273
249375.07015622949
249402.82015625533
249433.55015628395
249540.89015638392
249597.90515643702
249784.57015661086
249828.4251566517
249980.74015679356
250017.59015682788
250041.6801568503
250148.14515694947
250234.4001570298
250520.49515729625
250648.63515741559
250759.72015751904
250824.9601575798
251067.66515780584
251114.57515784953
251201.90015793085
251236.70015796326
251282.0451580055
251337.81015805743
251448.94015816093
251719.2651584127
251782.60015847167
251845.62015853036
251898.45515857957
251929.45015860844
252031.1001587031
252202.12015886238
252245.67015890294
252394.18515904126
252424.71015906968
252452.24015909532
252566.65015920188
252588.4851592222
252633.1451592638
252819.4451594373
252853.0451594686
252878.11015949195
252985.45515959192
253131.4751597279
253189.27515978174
253259.97515984759
253304.03515988862
253545.89516011387
253702.41516025964
253951.11516049126
253969.07016050798
253987.4501605251
254307.36516082304
254333.4051608473
254412.0101609205
254447.51016095356
254632.31516112568
254841.03016132006
255186.04016164137
255336.7151617817
255369.75516181247
255448.03516188537
255504.83516193827
255668.47016209067
255737.79016215523
255809.09016222163
255862.39016227127
255906.3401623122
256026.40516242402
256147.42516253673
256174.48016256193
256731.85516308103
256779.09516312502
256933.88516326918
256991.3401633227
257110.60516343376
257163.6851634832
257201.41516351834
257230.73516354564
257268.28516358061
257388.8651636929
257415.6901637179
257440.79516374128
257499.71516379615
257597.21516388695
257624.7651639126
257681.30516396527
257716.6501639982
257788.84516406542
257989.37016425218
258099.59516435483
258123.395164377
258188.86016443797
258293.8051645357
258387.61516462307
258612.96016483294
258680.0301648954
258708.74516492215
258826.88516503217
258914.13516511343
258930.71016512887
258975.945165171
259105.93016529205
259274.6651654492
259577.69516573142
259737.48516588024
259842.9851659785
259900.1201660317
259960.565166088
260000.05016612477
260024.71516614774
260218.78516632848
260401.71516649885
260491.94516658288
260654.03516673384
260701.85016677837
260740.93016681477
260767.65516683966
261081.86016713228
261168.4351672129
261340.5301673732
261368.37516739912
261406.2651674344
261427.05016745377
261488.6101675111
261507.3951675286
261538.7501675578
261613.8201676277
261704.30016771198
261828.38016782753
261865.23516786186
261886.13016788132
261971.1601679605
262212.175168185
262235.3101682065
262250.82016822096
262288.5801682561
262369.11516833113
262607.6651685533
262856.1201687847
262958.48516888
263098.21016901016
263245.72516914754
263273.20516917313
263369.4051692627
263410.14016930066
263431.5351693206
263453.51016934105
263620.88516949693
263977.6551698292
264063.9651699096
264170.3101700086
264422.78017024376
264555.6351703675
264606.7651704151
264927.01017071336
264946.55517073156
264963.94017074775
264991.060170773
265130.7351709031
265290.625171052
265335.730171094
265359.05517111573
265393.54017114785
265612.03017135133
265785.77517151315
265871.98517159343
265947.69517166395
266073.0301717807
266356.1151720443
266408.98017209355
266488.5701721677
266513.4801721909
266545.7351722209
266590.23017226235
266716.56517238
266937.5001725858
266979.1651726246
267002.6851726465
267041.86517268297
267152.1601727857
267175.50517280743
267201.2701728314
267250.37017287716
267389.43517300667
267419.6201730348
267470.345173082
267513.41517312214
267709.16517330444
267775.74517336645
267803.1001733919
267911.45517349284
268294.3001738494
268342.5051738943
268407.30017395463
268482.5301740247
268606.0251741397
268672.08517420123
268786.9701743082
268837.12517435494
268886.8051744012
268923.04017443495
269161.2301746568
269180.50017467473
269251.1001747405
269350.3651748329
269380.4051748609
269591.6151750576
269823.90017527394
269885.155175331
269938.0851753803
269956.5851753975
270216.6051756397
270636.63017603086
270759.200176145
270830.12017621106
271251.5151766035
271274.7051766251
271302.8351766513
271447.18017678574
271497.12017683225
271879.25017718814
271978.980177281
272046.6951773441
272250.56017753395
272316.5451775954
272401.5751776746
272434.7651777055
272576.12017783715
272693.2051779462
272735.0701779852
272808.8701780539
272896.0301781351
272918.86017815635
272955.7401781907
272982.01517821517
273038.740178268
273130.19017835316
273453.16017865395
273776.1901789548
273831.4951790063
273901.5151790715
274004.4501791674
274085.67517924303
274115.02517927036
274145.8551792991
274260.665179406
274479.0651796094
274514.6851796426
274590.9301797136
274611.2351797325
274814.24017992156
274953.38018005114
274976.59518007276
275277.4001803529
275292.2351803667
275464.18518052687
275683.7851807314
275807.77018084686
276047.12018106977
276069.5651810907
276519.12018150935
276582.8151815687
276612.19518159603
276646.9251816284
276675.8451816553
276787.5951817594
276808.1951817786
277159.80018210603
277184.6501821292
277207.69018215063
277259.12518219854
277299.31018223596
277468.84518239385
277836.7351827365
277952.3901828442
277992.6551828817
278054.8451829396
278157.8301830355
278524.44518337696
278568.58018341806
278587.36018343555
278827.4951836592
279038.12518385536
279082.14518389635
279160.08518396894
279231.1001840351
279500.26018428575
279516.16018430056
279694.59018446674
279716.19018448686
279870.17018463026
279893.0601846516
279950.99018470553
280166.93018490664
280208.130184945
280258.6951849921
280353.3051850802
280375.4151851008
280558.2901852711
280774.8451854728
280835.12518552894
280889.97518558
281021.5901857026
281053.150185732
281227.91018589475
281269.9401859339
281587.39018622955
281616.4551862566
281646.5901862847
281689.4751863246
281788.29518641665
281907.855186528
281935.2151865535
281967.2551865833
281983.0951865981
282036.42518664774
282120.475186726
282140.36018674454
282291.0951868849
282355.54518694495
282514.12518709264
282767.0601873282
282808.9301873672
282843.05018739897
282949.395187498
282985.50018753164
283032.055187575
283062.06018760294
283106.3701876442
283202.1501877334
283243.0251877715
283312.49018783617
283500.58518801135
283531.19518803986
283564.0001880704
283604.33018810797
283795.3751882859
283935.2051884161
284010.85018848657
284101.78518857126
284145.4201886119
284283.90018874087
284311.88518876693
284350.9101888033
284404.5301888532
284581.31518901786
284609.67518904427
284690.0351891191
284723.46018915024
284742.3251891678
284816.48018923687
284978.69518938794
284999.7151894075
285036.91018944216
285073.39018947614
285142.99518954096
285164.80018956127
285194.8751895893
285235.0401896267
285301.6151896887
285394.8001897755
285417.73518979683
285442.2951898197
285667.40519002936
285725.3151900833
285770.35519012524
285820.9201901723
285988.8201903287
286116.97019044805
286143.775190473
286348.25519066345
286385.28519069793
286400.6301907122
286479.14519078535
286624.31519092055
286726.6751910159
286826.4751911088
286892.88019117067
286922.3601911981
287088.70519135304
287137.76019139873
287164.905191424
287381.0151916253
287479.54019171704
287496.2651917326
287614.2751918425
287761.30019197945
287867.48019207834
288017.5201922181
288199.1251923872
288274.4001924573
288294.20019247575
288311.04019249143
288411.9501925854
288737.77519288886
288810.36519295647
288861.420193004
288881.9351930231
288927.7901930658
289008.69019314117
289049.1101931788
289097.02519322344
289203.0701933222
289232.53019334964
289258.0251933734
289283.85019339743
289303.0201934153
289336.06019344606
289371.25019347883
289402.4751935079
289440.52019354334
289535.2951936316
289572.6751936664
289715.4801937994
289953.56019402115
290069.350194129
290249.60519429686
290275.91019432136
290382.95019442105
290440.48519447463
290622.9051946445
290655.2801946747
290949.43519494863
291045.57519503817
291063.9451950553
291120.540195108
291143.9951951298
291162.28019514686
291339.3701953118
291460.97019542503
291486.6051954489
291538.72519549745
291571.38019552786
291852.3001957895
291874.33519581
291900.3151958342
292021.420195947
292047.5951959714
292148.8601960657
292441.65019633836
292495.20019638824
292685.1101965651
292839.66019670904
292901.50519676664
292955.605196817
293269.6251971095
293370.33519720327
293485.1301973102
293512.69519733585
293556.3501973765
294019.18519780756
294039.1051978261
294064.5551978498
294429.00519818923
294488.915198245
294775.9151985123
294825.89519855886
294879.4151986087
295387.9601990823
295488.40019917587
295564.0351992463
295660.83019933646
295921.1601995789
295944.2451996004
296013.22519966465
296041.525199691
296143.0701997856
296174.2001998146
296234.6801998709
296360.7651999883
296490.8752001095
296537.85020015325
296570.39520018356
296636.355200245
296892.82520048384
296917.20020050654
297202.26520077203
297458.6602010108
297608.09020115
297651.7152011906
297757.6602012893
297878.1752014015
297907.4952014288
297938.815201458
298208.1302017088
298427.7952019134
298457.6402019412
298580.86520205595
298610.985202084
298683.70520215173
299124.91520256264
299144.90020258125
299186.13520261965
299208.9402026409
299229.06520265964
299538.0602029474
299571.8752029789
299597.38520300266
299778.5852031714
299853.77520324144
299903.26520328753
299967.2002033471
300182.55520354764
300301.9102036588
300330.51520368544
300422.6952037713
300725.12520405295
301032.22020433896
301123.9402044244
301177.0052044738
301272.1352045624
301320.62020460755
301495.5602047705
301530.8952048034
301664.9452049282
301774.5302050303
301883.70520513196
301938.22520518274
301962.6402052055
302219.6952054449
302617.8802058157
302640.68020583695
302686.76520587987
302737.4852059271
302775.0352059621
302802.6352059878
302844.1852060265
303069.0702062359
303165.93520632613
303190.3052063488
303488.83020662685
303535.7252066705
303734.1502068553
303996.1402070993
304187.1302072772
304484.17020755383
304507.0052075751
304733.49520778604
304893.5202079351
304979.7752080154
305028.46520806075
305073.2752081025
305096.0802081237
305134.6352081596
305182.6802082044
305241.8752082595
305344.27520835487
305451.6052084548
305572.7202085676
305729.08020871325
305945.5752089149
306388.90020932775
306455.91520939016
306528.8702094581
306728.9752096445
306901.0002098047
306955.8652098558
307041.1152099352
307429.68021029705
307454.1052103198
307487.0902103505
307632.2202104857
307745.12521059084
307801.7752106436
307858.4452106964
307950.3002107819
307970.29521080054
308216.8802110302
308239.3052110511
308270.30521107995
308307.1852111143
308385.11021118687
308569.8302113589
308600.9802113879
308679.8652114614
308728.3952115066
308767.6302115431
308878.2202116461
308962.4052117245
309151.1402119003
309359.4602120943
309462.72021219047
309556.685212278
309598.4552123169
309851.40021255246
309935.6252126309
309979.2452126715
310032.73521272134
310071.96021275787
310134.360212816
310164.3102128439
310436.49021309736
310495.7052131525
310632.62021328
310664.32521330955
310960.3852135853
311326.225213926
311394.0002139891
311557.6302141415
311582.2352141644
311677.9002142535
311710.36521428375
311808.63021437527
311834.8452143997
311859.70021442283
311896.9502144575
312036.33021458733
312237.3152147745
312271.06521480595
312421.05521494563
312444.8852149678
312503.1402150221
312538.65521505516
312927.4952154173
313266.5702157331
313317.02021578007
313346.3752158074
313376.38521583535
313568.81021601456
313594.55521603854
313919.78021634143
313969.31021638756
314124.0852165317
314368.2652167591
314469.5252168534
314623.0402169964
314742.9952171081
314798.75021716004
314881.0702172367
314927.63521728007
314984.8702173334
315020.80021736684
315072.58021741506
315220.1502175525
315452.1752177686
315492.330217806
315693.84521799366
315738.8002180355
315771.520218066
315981.2102182613
316079.96521835326
316292.9602185516
316398.59021865
316469.53021871607
316498.7852187433
316652.67521888664
316679.33521891147
316699.6402189304
316724.5702189536
316788.8902190135
316923.16021913855
317020.11021922884
317061.7252192676
317093.87521929754
317133.055219334
317161.6952193607
317223.7452194185
317291.25021948136
317412.48521959427
317613.16521978116
317670.36521983444
317962.64022010664
318072.6702202091
318207.6302203348
318279.2152204015
318469.15022057836
318506.30022061296
318548.36022065213
318782.26022086997
318899.70022097934
319068.1252211362
319089.97022115655
319244.7452213007
319319.88522137067
319550.9852215859
320147.2402221412
320185.28022217663
320244.1902222315
320372.7352223512
320458.6252224312
320539.42022250645
320672.9452226308
320778.5102227291
320982.9452229195
321076.84522300697
321124.135223051
321162.4752230867
321193.23522311536
321347.62022325915
321380.49022328976
321643.2652235345
321804.0102236842
321835.33022371336
321953.97522382386
322026.55522389145
322136.60022399394
322166.1952240215
322244.41522409435
322466.46522430115
322521.060224352
322601.09522442654
322721.79022453894
322749.5552245648
322859.0602246668
322912.4552247165
323008.1002248056
323110.39522490086
323257.1402250375
323308.37022508524
323389.33522516064
323479.44522524456
323647.7402254013
323711.6552254608
323795.3952255388
323903.76522563974
323962.73522569466
323989.44522571954
324032.1702257593
324049.92022577586
324070.8802257954
324112.7902258344
324313.29522602115
324547.38022623915
324869.29022653896
325060.7002267172
325106.88522676023
325298.25522693846
325403.49022703647
325429.33022706053
325570.8952271924
326036.54522762605
326139.08022772154
326227.48022780387
326249.45022782433
326455.280228016
326487.40522804594
326546.70022810117
326785.7302283238
326934.9952284628
326994.31022851804
327047.4002285675
327132.1502286464
327303.540228806
327383.47022888047
327404.8752289004
327472.8452289637
327608.06022908963
327631.9902291119
327716.4502291906
327774.5602292447
327794.05022926285
328018.640229472
328039.51522949146
328113.7802295606
328287.86522972275
328333.4452297652
328431.2652298563
328516.0852299353
328700.1452301067
328918.4952303101
328944.33023033413
328975.70523036335
329012.3552303975
329187.13023056026
329343.3902307058
329519.5952308699
329567.87023091485
329598.58523094346
329687.9702310267
329878.1002312038
330009.6602313263
330080.7702313925
330242.27523154294
330265.90023156494
330370.06023166195
330394.4652316847
330654.7502319271
330767.7352320323
330843.1002321025
330928.0302321816
330971.23023222183
331081.5602323246
331106.30523234763
331376.04023259884
331414.1402326343
331437.0802326557
331519.035232732
331574.3252327835
331633.7752328389
331682.3152328841
331729.86023292836
331751.8002329488
331790.3752329847
331977.22523315874
332104.8302332776
332207.7052333734
332243.825233407
332354.2702335099
332398.58023355115
332707.5352338389
332907.83023402543
332949.1402340639
332993.3852341051
333124.43023422715
333163.06523426314
333244.91523433937
333266.1852343592
333437.1802345184
333728.2252347895
333794.9202348516
333818.1452348732
333870.7002349222
333921.8552349698
334028.6952350693
334058.2952350969
334089.8652351263
334145.9302351785
334303.94023532566
334363.65023538127
334514.90523552214
334536.84023554256
334683.5452356792
334705.72023569985
334771.6902357613
334885.5152358673
334929.7552359085
335082.63023605087
335117.5752360834
335291.11023624503
335331.2552362824
335786.045236706
335805.2652367239
335832.0302367488
335954.26523686264
336022.270236926
336191.7552370838
336273.94523716037
336404.9952372824
336434.13023730955
336571.69523743767
336675.0402375339
336710.41523756686
336741.5752375959
336799.08523764944
336860.74023770686
337121.63523794984
337227.4702380484
337333.0402381467
337390.62523820036
337681.7652384715
337706.985238495
337750.7102385357
337824.9152386048
337875.4352386519
337937.7302387099
338008.5052387758
338104.8952388656
338346.920239091
338430.6052391689
338537.67523926863
338724.84523944295
338868.765239577
339104.3852397964
339244.84023992723
339345.90524002135
339650.0652403046
339717.95024036785
339760.23524040723
339903.0152405402
340233.1102408476
340308.9002409182
340329.9252409378
340351.7302409581
340598.1652411876
340655.3952412409
340743.6302413231
340842.67524141533
341129.93524168286
341149.9552417015
341182.5852417319
341350.04524188786
341493.5702420215
341572.3752420949
341636.6502421548
341674.86024219036
341726.8602422388
341840.6902423448
342404.4102428698
342435.9902428992
342484.7452429446
342526.6052429836
342801.54524323967
342892.34524332423
342922.97524335276
343011.24524343497
343216.74524362636
343252.06524365925
343566.1852439518
343756.1402441287
343775.3652441466
344379.1052447089
344500.2102448217
344535.1102448542
344597.6252449124
344859.14024515596
344892.65524518717
345095.12524537573
345131.43524540955
345293.37024556036
345341.4002456051
345359.93524562236
345454.86024571076
345477.1352457315
345651.1552458936
345819.3002460502
345952.94524617464
345973.9252461942
346042.0402462576
346066.4102462803
346093.51524630556
346157.73024636536
346200.4052464051
346236.2602464385
346282.49524648156
346339.4502465346
346370.1452465632
346410.0802466004
346680.18024685193
346725.52524689416
346751.6752469185
346870.4452470291
347033.0752471806
347140.3252472805
347313.9852474422
347692.0252477943
347725.29524782527
347749.2652478476
347805.79024790024
347831.3852479241
347848.21024793974
347884.95024797396
347948.2402480329
348057.2202481344
348074.2102481502
348327.4552483861
348351.78524840873
348584.025248625
348651.630248688
348750.90524878044
348819.85024884465
348860.45524888247
349063.3352490714
349267.8352492619
349294.2002492864
349459.9502494408
349545.6502495206
349658.1752496254
349683.1752496487
349937.09524988517
349970.8402499166
