93.03499999998787
204.3949999998866
226.44499999986655
439.3699999996729
687.8799999994469
724.2349999994138
1028.4649999992387
1143.8950000017583
1183.1150000026144
1216.1950000033364
1285.7350000048543
1432.7000000080623
1461.3800000086883
1649.705000012799
1731.0000000145735
1768.3750000153893
2017.6800000208311
2120.480000023075
2263.5400000261975
2485.2700000310374
2544.6950000323345
2584.400000033201
2619.8700000339754
2654.115000034723
2906.950000040242
2936.9100000408957
3121.9950000449358
3288.2450000485646
3308.9850000490173
3530.2650000538474
3841.8950000606496
3864.780000061149
4331.340000071333
4445.940000073834
4604.895000077304
4726.345000079955
4777.3650000810685
4857.420000082816
4919.190000084164
4961.540000085089
5105.145000088223
5219.115000090711
5271.205000091848
5366.765000093934
5733.270000101934
5769.26500010272
5794.130000103262
5992.0950001075835
6074.42000010938
6111.480000110189
6210.405000112349
6236.145000112911
6346.130000115311
6399.2350001164705
6529.970000119324
6656.860000122094
6974.255000129022
7274.475000135575
7300.630000136146
7474.705000139946
7568.720000141998
8007.990000151586
8040.5800001522975
8229.715000149565
8254.525000145593
8362.090000128375
8382.5500001251
8407.205000121154
8439.550000115976
8749.725000066326
8794.775000059115
8871.83000004678
9019.495000023144
9095.325000011006
9151.02000000209
9192.369999995472
9220.014999991046
9347.799999970592
9442.219999955478
9468.739999951233
9509.994999944629
9534.47999994071
9581.034999933257
9682.584999917002
9862.599999888187
9996.89999986669
10027.689999861761
10103.259999849664
10258.499999824815
10443.584999795188
10474.1199997903
10624.044999766302
10853.419999729585
10953.824999713514
11080.759999693195
11145.614999682814
11226.629999669845
11253.444999665553
11477.689999629658
11507.024999624962
11551.839999617789
11590.299999611632
11670.609999598777
11762.774999584024
11869.68499956691
11896.834999562565
11953.744999553455
12016.454999543417
12167.219999519284
12190.754999515517
12229.299999509347
12311.234999496231
12676.919999437696
12713.7499994318
12741.339999427384
13036.264999380175
13075.414999373908
13109.904999368388
13127.18999936562
13216.474999351329
13426.859999317652
13467.53999931114
13830.834999252987
13895.704999242604
13930.284999237068
13952.959999233439
13984.084999228457
14331.479999172849
14364.164999167617
14381.534999164836
14431.61999915682
14492.26999914711
14528.454999141319
14574.784999133903
14800.819999097721
14870.764999086525
15005.444999064966
15060.574999056142
15115.469999047355
15353.974999009177
15399.649999001866
15475.15499898978
15856.864998928679
15928.754998917171
16074.44999889385
16124.444998885847
16150.614998881658
16351.724998849466
16368.744998846742
16610.58499889046
16707.77999891026
16736.849998916183
16923.774998954264
17021.369998974147
17180.95499900666
17278.04999902644
17485.839999068772
17668.979999106083
17795.179999131793
17815.314999135895
17851.329999143232
17917.594999156732
18275.2699992296
18318.059999238318
18355.254999245895
18395.699999254135
18413.624999257787
18452.749999265758
18650.404999306025
18959.56999936901
19047.319999386888
19343.71499944727
19391.339999456974
19551.87499948968
19594.504999498364
19829.779999546296
20146.364999610792
20219.43499962568
20427.144999667995
20469.159999676554
20497.044999682235
20625.23499970835
20672.044999717888
20714.02499972644
20837.099999751514
21017.874999788342
21070.124999798987
21085.539999802128
21176.439999820646
21249.174999835464
21341.599999854294
21363.2299998587
21390.81999986432
21514.11499988944
21919.204999971967
21982.38499998484
22072.640000003226
22094.00500000758
22126.79500001426
22190.71500002728
22284.135000046314
22365.64000006292
22388.08500006749
22579.685000106525
22650.715000120996
22670.880000125104
22740.780000139344
22791.02000014958
22995.255000191188
23127.415000218112
23178.235000228466
23241.410000241336
23607.06000031583
23749.680000344884
23771.89000034941
23801.15500035537
23822.94000035981
23928.77000038137
24012.090000398344
24070.09500041016
24105.760000417427
24263.745000449613
24360.745000469375
24545.18500050695
24569.225000511848
24610.7100005203
24631.37500052451
24783.015000555402
24825.300000564017
24857.740000570626
24937.690000586914
24955.93000059063
25101.040000620193
25440.345000689318
25707.110000743665
25887.645000780445
25924.750000788004
26077.82000081919
26171.44000083826
26229.440000850078
26479.275000900976
26498.505000904894
26567.06500091886
26703.490000946655
26796.715000965647
26950.450000996967
27032.92500101377
27285.850001065297
27349.745001078314
27377.590001083987
27513.37500111165
27690.505001147736
27903.575001191144
27934.38500119742
27966.665001203997
28015.08000121386
28184.86000124845
28213.81500125435
28278.925001267613
28311.690001274288
28345.930001281264
28512.9950013153
28650.815001343377
28714.30000135631
28799.75500137372
28865.450001387104
28953.570001405056
29230.740001461523
29254.6800014664
29297.420001475108
29415.225001499108
29576.785001532022
29655.535001548065
29729.345001563102
29877.42500159327
30124.23000164355
30338.460001687195
30358.02000169118
30551.32000173056
30653.75500175143
30739.690001768937
30848.455001791095
30878.22000179716
31299.76500188304
31431.36000190985
31542.460001932483
31610.165001946276
31644.045001953178
31712.795001967184
31734.495001971605
31764.60000197774
31789.485001982808
31835.93500199227
31867.705001998744
31994.195002024513
32050.23500203593
32138.14500205384
32343.485002095673
32363.59500209977
32511.505002129903
32561.530002140094
33004.95500205802
33187.61000196233
33258.06000192543
33291.03500190815
33425.44500183774
33540.15000177765
33808.985001636815
33865.870001607014
33891.96000159335
34023.77500152429
34112.77000147767
34166.68000144943
34327.88500136498
34400.545001326915
34441.220001305606
34502.5000012735
34523.1250012627
35008.23000100857
35088.01000096677
35163.600000927174
35263.53000087482
35338.11000083575
35461.400000771166
35579.580000709255
35663.27000066541
35828.0250005791
35979.29500049986
36009.77500048389
36044.64500046562
36088.83500044247
36446.38500025516
36577.025000186724
36599.71000017484
36650.96500014799
36671.570000137195
36876.810000029676
36905.83500001447
37041.54499994338
37114.6099999051
37276.46499982031
37394.55999975844
37460.61499972384
37945.49999946982
37970.60499945667
37997.11499944278
38379.4349992425
38486.28999918652
38529.82999916371
38659.184999095945
38692.49999907849
38839.91499900127
39067.97999888179
39539.119998634975
39568.24499861972
39704.124998548534
39784.08999850664
39882.37999845515
40017.18499838453
40068.70499835754
40085.84499834856
40101.44499834039
40205.264998286
40437.53999816432
40682.81499803583
40755.14499799794
40979.46999788042
41203.51499776305
41377.20499767206
41440.6949976388
41471.09499762287
41512.23999760132
41527.309997593424
41589.79499756069
41671.98499751763
41768.04499746731
41833.509997433015
42053.4349973178
42280.359997198924
42443.774997113316
42472.944997098035
42627.99499701681
42647.23499700673
42678.82999699018
42833.94499690892
42978.224996833334
42998.439996822744
43059.37999679082
43279.289996675616
43313.36999665776
43406.00999660923
43447.58499658745
43469.38999657603
43744.274996432025
43854.39999637433
43876.85499636257
43911.13999634461
43942.0799963284
44087.79999625206
44177.799996204914
44274.17499615443
44375.864996101154
44419.55499607827
44561.20499600406
44717.97499592193
44770.43999589445
45029.01999575899
45218.7349956596
45249.63999564341
45290.269995622126
45487.75999551867
45594.829995462576
45615.07499545197
45812.41499534859
45872.03499531736
45902.924995301175
46097.379995199306
46123.52999518561
46156.54999516831
46182.35999515479
46223.35499513331
46265.59999511118
46479.08999499934
46510.38999498294
46594.279994938996
46634.82999491775
46656.4949949064
46825.6249948178
46967.694994743375
47073.94999468771
47105.94999467095
47153.254994646166
47190.214994626804
47250.399994595275
47356.6749945396
47386.47499452399
47489.579994469976
47515.24999445653
47543.60999444167
47715.44999435165
47744.59999433638
47963.074994221926
48000.46499420234
48065.18999416843
48085.06499415802
48230.7499940817
48260.98999406586
48339.47499402474
48405.77499399001
48444.934993969495
48516.33999393209
48704.179993833684
48743.05499381332
48826.994993769345
48887.74499373752
48918.09499372162
48981.33499368849
49013.1999936718
49161.084993594326
49182.639993583034
49625.1849933512
49719.55499330176
49804.83999325708
49848.67999323412
50052.1999931275
50353.314992969754
50396.39999294718
50442.44499292306
50561.954992860454
50584.764992848504
50617.39999283141
50655.49999281145
50802.43999273447
51009.889992625795
51049.7799926049
51116.864992569754
51151.754992551476
51282.73999248286
51427.339992407105
51463.08999238838
51519.614992358765
51658.59499228596
51699.40499226458
51747.04999223962
51827.29499219758
51845.73999218792
51886.309992166665
51938.479992139335
51966.84999212447
52050.0199920809
52084.23499206298
52117.36999204562
52230.194991986515
52351.26999192309
52793.04999169165
52859.09499165705
52893.774991638886
53063.45999154999
53143.97999150781
53193.334991481956
53370.0149913894
53800.39999116393
53966.7299910768
54079.95999101748
54292.98499090588
54373.77499086356
54531.649990780854
54566.349990762676
54671.4799907076
54695.57499069498
54722.799990680716
54845.81999061627
54872.364990602364
54951.57499056087
54975.3699905484
55007.00999053183
55028.53999052055
55107.75499047905
55302.75999037689
55335.99499035948
55361.23499034626
55401.4349903252
55428.66999031093
55450.03999029974
55535.83999025479
55576.4749902335
55609.26999021632
55692.00999017298
55739.52999014808
55824.469990103586
55912.8249900573
55936.6799900448
56013.34499000464
56102.15998995811
56130.349989943345
56356.6299898248
56462.244989769475
56686.784989651846
56784.56498960062
56816.189989584054
57119.44498942519
57225.9399893694
57333.88998931285
57485.439989233455
57642.98498915092
57711.7399891149
57731.934989104324
57753.11498909323
57781.05498907859
57871.7099890311
57909.83498901113
58035.00998894555
58266.88498882408
58446.45498873001
58588.12998865579
58774.72498855804
58897.62998849365
58929.924988476734
59011.22998843414
59222.32998832355
59275.07998829592
59446.10498820632
59472.03498819274
59529.79998816248
59562.69998814524
59657.47998809559
59931.90498795183
59980.26498792649
60008.89998791149
60078.34498787511
60157.65998783356
60184.36498781957
60222.194987799754
60384.809987714565
60565.524987619894
60592.75498760563
60641.33998758018
60709.96498754423
60740.00498752849
60796.554987498865
60912.37998743819
61078.074987351385
61234.084987269656
61274.11998724868
61350.51998720866
61566.16998709569
61621.55498706667
61780.81498698324
61806.36498696986
61833.204986955796
61883.219986929595
62066.834986833404
62150.174986789745
62311.42998670527
62332.23998669437
62355.74498668205
62395.60998666117
62509.079986601726
62570.05998656978
62714.42998649415
62800.984986448806
63020.95998633357
63198.78998624041
63263.164986206684
63350.66998616084
63525.25998606938
63625.20498601702
63695.78498598005
63726.904985963745
63821.14998591437
64026.519985806786
64066.17998578601
64100.06498576826
64150.88998574163
64602.734985504925
64739.09998543349
64901.95498534817
65045.6399852729
65141.04998522292
65198.114985193024
65222.25498518038
65308.959985134956
65324.784985126666
65504.22998503266
65707.61998517584
65915.5499853695
65946.3699853982
65984.3849854336
66026.66498547298
66064.63498550834
66084.96998552728
66161.05498559814
66204.73998563882
66404.09998582449
66438.3649858564
66455.73998587258
66552.13998596236
66674.06498607591
66753.99498615036
66776.10498617095
66891.96998627885
67041.09998641774
67072.9499864474
67116.7549864882
67267.14498662826
67384.99498673802
67427.93998677802
67604.21498694218
67842.18998716382
67878.87498719798
67988.48498730006
68137.0199874384
68182.16498748044
68209.19498750562
68442.41998772282
68518.5149877937
68614.87498788344
68640.7099879075
68701.28498796391
68741.88998800173
68773.0999880308
68816.0549880708
68842.52498809545
68918.87498816656
69176.81998840679
69207.82498843566
69303.80498852505
69378.99498859508
69427.53498864028
69483.23998869216
69554.30498875835
69693.27998888778
69952.41498912912
70040.80998921144
70058.97498922836
70080.33998924826
70267.83498942287
70305.74498945818
70354.1849895033
70387.86998953467
70480.0299896205
70541.48998967774
70571.49998970568
70596.39498972887
70783.53498990316
70893.57499000564
71066.60999016679
71105.35499020288
71129.73999022559
71189.71499028144
71391.27999046916
71565.76499063167
71641.279990702
71674.34499073279
71715.31999077095
71793.30499084358
71835.5299908829
71857.59999090346
72017.07999105199
72074.79499110574
72165.0649911898
72228.8349912492
72304.16999131936
72332.79999134602
72567.68499156478
72630.99499162374
72786.29499176837
72887.10999186226
72913.11499188648
73159.96499211638
73321.94999226724
73395.0349923353
73417.84999235655
73815.45999272686
74010.26999290829
74088.4449929811
74127.5349930175
74437.56499330624
74490.1399933552
74515.46999337879
74832.8699936744
75105.23499392805
75132.49999395345
75225.3299940399
75257.52999406989
75295.93499410566
75472.99499427056
75499.80999429553
75531.21499432478
75588.70499437832
75657.36499444227
75737.43999451684
75769.18999454641
75799.76499457489
75885.86499465507
76023.59499478334
76154.73499490548
76616.4749953355
76658.9949953751
76844.90999554825
76908.13999560714
77118.28499580285
77224.70499590196
77306.14999597782
77335.18999600486
77519.00499617605
77725.47999636835
77904.37499653496
77937.37499656569
77984.5299966096
78018.48499664123
78117.37999673333
78288.62999689282
78331.75999693299
78450.37499704346
78483.79999707459
78508.27499709738
78571.90999715665
78679.28999725665
78723.18499729753
78758.52999733045
78785.37999735546
78892.70999745541
79153.30999769812
79208.05999774911
79279.0249978152
79297.8099978327
79344.71999787638
79484.98999800702
79589.41499810427
79653.08499816357
79680.21499818884
79711.94499821839
79732.64999823767
79783.72999828524
79986.78499847435
80015.47499850107
80069.63499855151
80139.97999861703
80307.11999877269
80685.48999912507
81142.10999955033
81195.99999960052
81215.36999961856
81324.84499972052
81404.2799997945
81568.25499994721
81645.14000001882
81664.86500003719
81858.50000021752
82078.11500042205
82118.94500046008
82162.81000050093
82212.29000054701
82339.61000066559
82561.93000087264
82625.7700009321
82654.60500095895
82791.4450010864
82827.56500112003
82927.68000121327
83060.07500133658
83089.39000136388
83111.59500138456
83195.37000146258
83259.91500152269
83514.24500175955
83534.99000177888
83560.49000180262
83602.4450018417
84066.24500227364
84083.42000228964
84104.41000230919
84268.78000246227
84327.63000251708
84423.58000260644
84441.58500262321
84652.47500281961
84702.84500286652
84914.41000306356
85265.3500033904
85367.93000348593
85502.5350036113
85602.96000370482
85659.70500375767
85983.27000405901
86272.36500432825
86305.39000435901
86402.08500444907
86451.80500449537
86488.70500452974
86540.00500457751
86591.90500462585
86618.92500465101
86641.9900046725
86687.98000471533
86821.39000483957
86869.34000488423
86961.38000496995
87079.73500508018
87100.23500509927
87127.51500512467
87178.37000517204
87210.04500520154
87406.69000538468
87714.84000567166
87804.88000575552
88126.3300060549
88163.26500608929
88181.15000610595
88268.80000618758
88288.89000620629
88304.22500622057
88512.21000641427
88694.460006584
88718.54500660644
88938.65000681143
89069.11500693293
89113.28000697406
89142.93500700168
89321.66500716814
89506.80000734056
89527.65000735997
89670.12000749266
89764.10000758019
89799.60500761325
89823.98000763595
89919.64000772504
90046.24000784295
90165.93500795442
90259.19000804127
90457.95500822639
90623.55000838061
90910.67500864802
90956.70500869089
90972.42500870553
91175.69000889483
91222.99000893888
91360.50000906695
91380.69500908576
91453.91000915394
91475.81500917434
91737.9700094185
91776.62000945449
91809.98000948556
91856.11500952853
91900.50500956987
91935.81000960275
92010.11000967195
92211.31000985933
92270.22000991419
92394.0300100295
92485.68501011486
92554.41001017886
92796.74001040455
92818.64501042495
92849.70001045387
92892.94501049415
92949.98501054727
92973.81001056946
93075.48501066415
93248.66001082544
93292.20001086598
93344.09501091432
93377.70501094562
93644.11501119373
94367.98501186789
94443.00001193775
94513.78001200367
94533.15501202171
94556.37001204334
94582.29001206747
94613.4500120965
94638.30001211964
94856.64001232298
94994.92501245177
95302.24501273799
95405.8750128345
95462.17501288693
95536.05001295573
95588.16501300427
95702.35001311061
95774.79501317808
95862.27001325955
95995.56001338369
96200.00001357408
96506.23501385929
96540.13001389086
96610.64001395652
96696.25501403626
96862.71001419128
96888.96501421573
97042.43501435866
97064.93001437961
97148.80501445773
97340.3300146361
97509.38501479354
97715.2750149853
97934.83501518978
97970.47501522297
98398.62501562171
98433.42501565412
98472.71001569071
98505.96001572168
98533.3600157472
98577.25501578808
98686.13501588948
98951.09001613624
99001.81501618348
99117.90001629159
99145.52001631731
99267.24001643067
99320.4200164802
99405.1350165591
99710.95501684392
99733.33001686475
99765.45501689467
99966.8100170822
99988.3850171023
100046.33501715626
100315.38501740684
100360.69501744903
100490.53001756995
100668.0750177353
100996.58001804125
101308.47001833172
101394.93001841224
101428.83001844381
101609.79501861235
101674.08001867222
101696.55001869315
101806.92001879594
101828.2500188158
101934.50001891475
102335.04001928779
102499.72001944116
103137.62002003525
103252.245020142
103291.41002017847
103575.1150204427
103606.27002047171
103808.58502066013
103853.57502070203
103980.32502082008
104040.9050208765
104175.10002100148
104661.26002145425
104809.02002159186
105029.87502179755
105191.17502194777
105224.0700219784
105245.40502199827
105274.17502202507
105337.07502208365
105437.6350221773
105478.60002221545
105500.49502223585
105598.12502232677
105630.36002235679
105811.05002252507
105836.78502254904
105872.76002258254
105988.64002269047
106022.63002272212
106049.54502274719
106170.98002286028
106210.84502289741
106331.58502300986
106419.8900230921
106547.84502321127
106628.64002328651
106657.92502331379
106732.55002338329
106760.76002340956
106794.54502344102
106846.60502348951
106915.71002355387
107086.55502371298
107210.45002382837
107229.34502384596
107345.00502395368
107373.66002398037
107458.4100240593
107562.18502415594
107798.1500243757
107843.80002441822
107921.3050244904
108002.99502456648
108116.01502467174
108158.22502471105
108192.77002474322
108872.49502537627
108916.03502541682
108945.56502544432
109228.66002570797
109381.03002584988
109552.31002600939
109777.0600262187
109873.50002630852
109907.45502634015
109943.88002637407
109987.78002641496
110281.74502668873
110322.2950267265
110434.65002683114
110477.42502687097
110515.2500269062
110538.11002692749
110591.01502697676
110665.54502704617
110712.23002708965
110740.88502711634
110762.73002713668
110908.85002727277
110931.46002729383
111152.75502749992
111274.79002761358
111359.34502769232
111425.93002775434
111452.59002777917
111545.81502786599
111575.09502789326
112177.77002845454
112253.81502852537
112279.56002854934
112462.24002871948
112554.91002880578
112760.13502899691
112852.19502908265
112906.18502913293
113006.16002922604
113060.880029277
113233.23502943752
113297.19502949709
113458.88002964767
113656.99502983218
113680.3150298539
113728.49502989877
113793.56002995936
114066.7550302138
114354.70003048197
114815.40503091103
114870.52003096236
114926.35503101436
115080.86503115826
115127.28003120149
115200.6350312698
115226.49503129389
115326.11503138667
115348.30503140733
115470.75503152137
115576.16503161954
115713.49003174744
115735.18503176764
115775.6200318053
115822.540031849
115870.7550318939
115906.84003192751
115931.69003195065
115956.51003197377
116103.865032111
116206.12503220624
116288.27503228275
116444.43003242818
116478.05003245949
116711.79003267718
116867.30503282201
117053.16503299511
117152.44003308757
117301.14503322606
117332.75003325549
117439.67003335507
117739.94503363472
117944.26503382501
117985.7000338636
118042.81503391679
118207.77503407042
118338.325034192
118427.66503427521
118549.36503438855
118627.77503446158
118724.49503455166
118776.95003460051
118820.33503464091
118975.40003478533
119039.20503484475
119363.22003514651
119613.72003537981
119656.30003541947
119677.97003543965
119777.3450355322
119941.33003568492
120146.04503587558
120169.52003589744
120389.97003610275
120410.5400361219
120534.31003623718
120655.30003634986
120822.08003650518
121015.99503668578
121058.12503672502
121174.34503683326
121512.93003714859
121552.59503718553
121612.65503724146
121863.89503747545
121940.27003754658
122093.17503768898
122248.17003783333
122412.08503798599
122470.23003804014
122701.02503825509
122745.33503829635
122848.030038392
122948.28503848537
122979.81503851473
123173.97003869555
123215.02503873379
123531.35503902839
123564.17503905896
123647.970039137
123779.21003925923
123823.79003930074
124035.63003949804
124123.66003958002
124214.73503966484
124238.35503968684
124336.3450397781
124369.00003980851
124616.11004003865
124716.85504013248
124854.24004026043
124880.45504028484
124999.57504039578
125193.75504057662
125287.81504066422
125343.6300407162
125404.02504077245
125567.20004092442
125765.1700411088
125857.8450411951
126179.05004149425
126195.99004151003
126230.8650415425
126346.63004165032
126380.77004168212
126406.49504170608
126428.8600417269
126542.26004183252
126573.13504186127
126668.77504195034
126765.02004203998
126833.6500421039
127328.5500425648
127467.74504269444
127531.25004275359
127673.25504288584
127693.84504290501
127727.00004293589
127796.60504300072
127884.5300430826
128177.90504335583
128237.40004341124
128366.50004353147
128434.35504359467
128921.49504404835
129209.16004431626
129245.0700443497
129361.91504445852
129416.73504450958
129473.4500445624
129837.72004490165
129983.22004503716
130040.2800450903
130097.12504514324
130224.78504526214
130254.43004528974
130285.29504531849
130308.1700453398
130443.95004546625
130480.22504550003
130572.71004558617
130592.2900456044
130765.95004576613
130787.14004578587
130851.40504584572
130909.08504589944
131038.56004602002
131157.87504613114
131307.55004627054
131511.47504646046
131550.9200464972
131572.47504651727
131877.85004680167
131910.8300468324
131933.88504685386
132002.61004691786
132031.13504694443
132075.15504698543
132142.61004704825
132210.83004711178
132336.30004722864
132388.10504727688
132409.79504729708
132474.08004735695
132656.18004752655
132673.6200475428
132827.37004768598
132972.93004782154
132992.07004783937
133018.28504786378
133208.555048041
133247.6500480774
133439.61504825618
133506.16504831816
133605.9600484111
133624.04504842794
133726.69004852354
133757.31004855206
133871.57504865847
133902.59504868736
133939.71004872193
133975.89504875563
134271.29504903074
134421.21504917037
134811.08504953346
134829.3850495505
134892.1000496089
134927.69504964206
135085.3700497889
135299.150049988
135505.8400501805
135733.60005039262
135941.69005058642
136040.32505067828
136071.10005070694
136224.68505084998
136250.8100508743
136268.2100508905
136306.8400509265
136398.5500510119
136476.86005108483
136532.2400511364
136699.310051292
136809.23005139438
136841.2550514242
136964.43005153892
136993.74005156622
137132.72005169565
137216.33505177352
137258.8200518131
137285.05005183752
137360.76005190803
137512.8650520497
137551.05505208526
137695.2100522195
137763.36005228298
137793.0150523106
137824.12505233957
137856.12505236937
137980.77005248546
138011.65005251422
138091.04505258816
138238.85005272581
138281.92505276593
138302.91005278548
138332.95005281345
138445.68005291844
138498.70005296782
138897.265053339
138948.92505338712
139069.6000534995
139157.97505358182
139196.7300536179
139543.25005394063
139582.59005397727
139604.71505399788
139800.74005418044
139881.38505425554
140164.65005451936
140192.9400545457
140246.0900545952
140296.4550546421
140328.24505467172
140669.4600549895
141118.59005540778
141144.01505543146
141308.41005558457
141501.87505576474
141703.18005595222
142211.76005642588
142302.4050565103
142409.39005660993
142456.30505665363
142518.10505671118
142855.97505702585
142989.3800571501
143049.1050572057
143070.9850572261
143190.3800573373
143212.67005735805
143330.67005746794
143427.1700575578
143458.95505758742
143592.23005771154
143850.5200579521
143905.89505800366
144145.0600582264
144227.33505830303
144252.71005832666
144618.81505866762
144646.5950586935
144684.42005872872
144814.60505884996
144894.3200589242
145211.1900592193
145360.70505935856
145388.2350593842
145412.11505940644
145504.67005949264
145525.0350595116
145619.17005959927
145789.44505975785
146104.36506005115
146270.625060206
146294.270060228
146986.830060873
147123.21006100002
147155.03506102966
147243.7850611123
147343.4000612051
147479.4450613318
147884.55506170908
147904.28506172745
148518.02506229904
148658.94506243028
148737.26506250323
148760.73006252508
148925.22506267828
149213.28006294655
149258.1000629883
149289.27006301732
149422.32506314124
149445.9000631632
149522.94506323495
149568.37506327726
149658.76006336143
149701.94006340165
149787.76506348158
149856.1800635453
149929.5250636136
149979.61506366025
150041.5100637179
150293.27506395237
150507.97506415233
150542.92506418488
150576.1150642158
150700.39506433153
150905.1150645222
150983.46506459516
151065.1050646712
151103.0050647065
151182.08506478014
151289.4000648801
151482.51006505993
151526.33006510074
151567.76506513933
151708.36006527027
151734.83006529493
152130.94506566384
152159.31006569025
152445.48006595677
152572.23506607482
152595.58006609656
152833.58506631822
152997.43506647082
153114.67506658
153202.01006666134
153274.95506672928
153324.87506677577
153393.3150668395
153507.81006694614
153552.79506698804
153600.2150670322
153620.05506705068
153756.26506717753
153787.73006720684
153945.18506735348
154385.84006776387
154464.23506783688
154518.23006788717
154544.49506791163
154603.5150679666
154673.50506803178
154727.08006808168
154825.81506817363
154856.41506820213
154964.6100683029
154993.66006832995
155049.03506838152
155129.71506845666
155169.29506849352
155223.26506854378
155329.42506864265
155366.2050686769
155454.65006875928
155749.78506903414
155809.19506908947
156076.96506933885
156307.1250695532
156327.60006957228
156362.68506960495
156393.875069634
156437.1550696743
156463.16006969853
156509.25506974146
156532.8050697634
156615.20506984013
156652.57506987493
157391.68507056328
157430.11007059907
157473.58507063956
157514.06507067726
157608.22507076495
157681.21507083293
157720.5850708696
157762.94507090905
157859.34007099882
157898.53007103532
158306.92007141566
158982.72007204505
159099.720072154
159220.09507226612
159256.45507229998
159487.35007251502
159577.48007259896
159628.68507264665
159663.88007267943
159697.54007271078
159764.2300727729
159839.03007284255
159904.86007290386
159944.03007294034
160058.3450730468
160087.63007307408
160386.95507335284
160437.42007339984
160639.7650735883
160721.7050736646
160814.94507375144
161019.2250739417
161220.26007412892
161290.31007419416
161328.19007422944
161475.905074367
161493.54507438344
161588.4300744718
161644.20507452375
161675.9450745533
162037.6750748902
162064.55507491523
162112.70507496007
162150.54507499532
162420.05507524632
162712.9600755191
162751.3950755549
162862.40007565828
163152.16007592814
163179.1600759533
163215.41007598705
163280.6400760478
163342.02007610496
163367.01007612824
163388.30007614807
163404.63007616327
163429.96507618687
163459.36007621425
163492.8100762454
163518.32007626916
163834.1600765633
163873.3500765998
164053.28507676738
164229.22007693123
164310.19507700665
164336.1350770308
164364.41007705714
164395.3050770859
164425.8950771144
164474.13507715933
164509.20007719198
164540.0450772207
164644.79507731827
164908.8650775642
164986.73007763672
165178.78007781558
165393.49007801554
165469.54007808637
165508.92007812305
165566.7350781769
165590.92507819942
165662.88507826644
166065.3950786413
166092.1300786662
166142.7950787134
166487.71007903462
166507.31007905287
166777.19507930422
166830.7450793541
166890.54007940978
166958.3150794729
167031.3200795409
167060.25507956784
167097.10507960216
167258.78507975274
167281.7400797741
167332.5100798214
167595.2550800661
167743.72008020437
167883.61008033465
167911.01008036017
167937.7700803851
168076.0850805139
168210.71008063928
168231.80008065893
168397.21508081298
168470.5800808813
168703.6900810984
168819.4400812062
168944.92508132308
168971.81508134812
169007.42008138128
169047.67508141877
169547.3300818841
169597.5750819309
169644.25508197438
169683.98508201138
169735.4450820593
169772.51508209383
169797.1800821168
169821.48508213944
169881.56008219538
169941.24008225097
169983.53008229035
170176.51008247008
170230.08008251997
170499.05508277047
170542.4750828109
170639.47508290125
170810.43508306047
170831.8350830804
170873.1800831189
170893.4800831378
170944.0450831849
170966.63508320594
171050.59008328413
171078.2600833099
171723.66508391098
172109.9150842707
172178.11508433422
172228.4550843811
172276.2300844256
172426.5550845656
172537.97508466936
172569.22008469846
172787.2150849015
172950.37508505344
173132.6550852232
173244.17508532706
173277.11508535774
173438.1250855077
173600.32008565875
173639.09508569486
173715.66508576617
173773.30508581985
174124.94508614735
174228.06508624338
174275.78008628782
174313.46508632292
174527.5500865223
174826.93008680112
174899.01008686825
174925.0500868925
174958.1050869233
175127.63008708117
175181.19008713105
175248.20508719346
175580.8950875033
175692.230087607
175841.20508774574
175866.45008776925
175897.28508779797
175981.77008787665
176381.45008824888
176420.27008828503
176456.740088319
176476.11508833704
176519.8900883778
176580.38508843415
176721.12008856522
176892.0450887244
176922.15008875245
177051.10508887254
177309.10508911283
177466.060089259
177604.1300893876
177851.94008961838
177874.48508963938
177907.33508966997
177931.3100896923
178064.51008981635
178085.52508983592
178107.32508985623
178143.4700898899
178527.49509024754
178618.3950903322
178684.3400903936
178717.6050904246
178835.26009053417
178869.440090566
178908.6250906025
178943.66509063513
178971.49009066104
179119.01509079844
179161.02009083756
179188.05509086273
179247.88509091845
179341.48009100562
179411.64009107096
179453.05009110953
179470.92509112618
179569.45009121794
179840.9600914708
179869.57509149745
180197.78509180312
180256.03509185737
180340.8850919364
180667.71509224077
180823.61509238597
181035.84009258362
181066.9650926126
181102.10509264533
181180.15009271802
181283.66009281442
181490.91509300744
181584.66009309475
181628.3200931354
181699.56509320176
181979.5400934625
182020.5450935007
182092.51509356772
182184.5250936534
182227.21509369317
182334.28009379288
182360.44009381725
182381.26509383664
182710.07009414287
183216.87009461486
183360.5850947487
183468.78509484947
183544.50509492
183592.45009496465
183655.7550950236
183677.62009504397
183748.22009510972
183856.71009521076
184062.98009540286
184096.1900954338
184128.625095464
184154.57509548817
184180.3900955122
184240.32009556802
184278.4250956035
184362.64009568194
184573.6000958784
184654.59009595384
184703.14009599906
184849.7550961356
184971.24509624875
184992.15009626822
185017.4750962918
185044.59509631706
185151.81509641692
185246.2700965049
185309.39009656367
185358.57509660948
185424.0900966705
185451.82509669632
185705.91509693296
185734.95009696
185982.6650971907
186006.4000972128
186036.57509724092
186105.66009730526
186368.9850975505
186546.73509771604
186573.8600977413
186599.48509776517
186693.06509785232
186768.4350979225
186826.98509797704
186852.01509800035
187002.56509814056
187243.30509836477
187321.56009843765
187360.21009847365
187389.60509850102
187448.8400985562
187511.08009861415
187703.94009879377
187892.24509896914
188075.9250991402
188165.66509922378
188232.10009928566
188279.2700993296
188309.61009935784
188400.5050994425
188482.7500995191
188526.67509956
188633.03509965906
188739.43509975815
188789.34509980463
188903.95509991137
189116.89010010968
189156.06010014616
189222.20010020776
189286.29510026745
189356.22510033258
189499.40510046593
189633.21510059055
190048.170100977
190198.73510111723
190266.87010118068
190409.32010131335
190523.23010141944
190748.235101629
190789.39010166732
190940.79010180832
190970.6101018361
191075.4151019337
191478.23510230886
191503.04010233196
191611.78010243323
191701.2951025166
191721.35010253527
191801.58010261
192030.42510282312
192063.30510285374
192412.16010317864
192744.02510348771
192814.35510355321
192849.15010358562
193155.01510387048
193184.38010389783
193239.52510394918
193275.90010398306
193398.32510409708
193548.73510423716
193680.94010436028
193952.5101046132
194049.6751047037
194073.78510472615
194099.39510475
194140.15010478796
194226.34510486823
194276.16510491463
194317.12010495277
194399.54010502953
194568.44010518683
194648.77010526165
194701.9851053112
194729.23010533658
194771.91010537633
194822.1151054231
194883.23510548
194959.11010555067
195135.10010571458
195166.88510574418
195187.26510576316
195221.73010579526
195303.78010587167
195433.2101059922
195798.67510633258
196001.39010652137
196052.9451065694
196107.29510662
196138.49010664906
196262.96510676498
196638.70510711492
196664.28010713874
196752.1701072206
196805.27010727004
196948.28010740323
196990.81010744284
197010.6301074613
197131.640107574
197171.67510761129
197243.300107678
197278.87510771112
197302.4701077331
197394.1601078185
197798.14510819473
197828.64510822314
198027.2551084081
198250.51010861603
198267.05510863144
198298.93010866112
198489.73510883882
198721.7401090549
198785.13010911393
198814.5051091413
198843.0751091679
198938.24510925653
199002.27510931616
199059.82510936976
199081.91010939033
199282.25510957692
199350.2051096402
199388.37510967575
199430.45010971493
199501.90510978148
199546.6051098231
199644.89010991465
199719.94010998454
199782.51511004282
199995.66011024133
200034.69011027768
200053.7151102954
200128.49511036504
200159.20511039364
200239.94511046883
200258.51011048612
200302.20511052682
200400.88011061872
200446.67511066137
200572.8651107789
201010.39011118637
201073.31011124497
201112.78011128173
201165.53011133085
201245.20511140506
201263.1701114218
201627.21511176083
201920.24511203374
202054.740112159
202151.9201122495
202264.7751123546
202438.8201125167
202471.66011254728
202588.9301126565
202610.75011267682
202636.0751127004
202728.49511278648
202749.3351128059
202906.14511295193
202983.3201130238
203054.5001130901
203293.67011331284
203552.02511355345
203589.29011358815
203735.11511372396
203788.23511377344
203814.43011379783
203901.09011387854
203947.27011392155
204082.58011404757
204197.58511415467
204316.32011426525
204459.51511439861
204583.25511451386
204712.6901146344
204748.50511466776
204788.32011470484
204886.07011479588
204906.21011481463
205064.445114962
205089.91011498572
205125.78511501913
205178.72511506843
205292.21511517413
205317.11511519732
205422.94511529588
205457.25511532783
205715.22011556808
205741.79011559283
206041.4351158719
206287.27011610084
206369.13011617708
206650.45011643908
206734.73511651758
206951.24511671922
206975.23011674156
206999.6401167643
207191.49511694297
207216.72011696646
207245.72011699347
207314.01511705708
207674.54011739284
207726.63011744135
207791.23011750152
207855.4101175613
207895.66011759877
208025.05511771928
208047.06011773978
208369.58511804015
208448.84011811396
208513.4151181741
208550.0201182082
208582.05511823803
208611.26511826523
208775.23011841794
208812.71511845285
209070.4701186929
209116.6401187359
209154.78011877142
209274.75511888316
209313.29011891905
209358.64011896128
209658.15511924023
209750.9101193266
209778.26011935208
209804.62011937663
209958.20511951967
209989.83511954913
210044.60011960013
210086.4501196391
210137.75011968688
210202.33511974703
210254.21011979535
210291.39511982998
210361.200119895
210508.320120032
210572.750120092
210773.7601202792
210827.79512032954
210871.5701203703
210972.11512046395
211026.58012051467
211056.54012054257
211113.4751205956
211149.96512062958
211179.26512065687
211505.2901209605
212040.62512145907
212226.315121632
212388.7751217833
212437.3051218285
212500.8601218877
212534.8851219194
212610.73012199003
212668.94512204424
212785.13512215245
212834.75512219867
212871.9351222333
212890.66512225074
212960.28012231557
212984.50012233813
213027.6451223783
213113.03012245783
213214.0451225519
213552.98512286757
213570.88012288423
213597.28012290882
213618.02012292814
213693.39512299834
213734.03512303618
213804.12512310146
213910.48512320052
213965.08012325136
213984.8651232698
214044.71512332553
214065.77012334514
214365.92512362468
214483.72012373438
214584.8801238286
214697.25012393325
214718.61512395315
215096.81012430537
215130.54012433678
215299.27012449392
215322.5401245156
215371.4051245611
215395.5601245836
215491.6701246731
215601.00012477493
215655.70512482588
215706.37512487307
215750.25012491393
216134.36012527166
216223.2001253544
216259.85512538854
216278.68012540607
216397.91512551712
216468.0251255824
216500.0251256122
216657.99512575933
216688.5551257878
216761.48512585572
216827.99012591765
216868.25512595515
216922.83012600598
217114.04512618406
217313.19012636953
217410.6501264603
217441.480126489
217782.21012680634
217870.2001268883
217993.72012700333
218114.1701271155
218493.0751274684
218536.3651275087
218636.1101276016
218763.64012772037
218783.9801277393
218830.81512778293
218857.68012780795
218877.44512782636
218903.70512785082
218945.81512789003
219101.87012803537
219275.91512819746
219479.60012838716
219630.95512852812
219666.4601285612
219738.80012862856
220318.05012916803
220351.93512919958
220499.08512933663
220580.09512941208
220675.06512950052
220793.7901296111
220854.93512966804
220995.47512979893
221019.94512982172
221071.30012986955
221124.90512991947
221148.30012994126
221176.82512996782
221325.60013010638
221345.51013012492
221415.4901301901
221446.17513021867
221472.8201302435
221521.9151302892
221846.3701305914
222198.20013091905
222222.92013094208
222282.71013099776
222352.03013106232
222588.8651312829
222707.090131393
222728.17013141263
222844.34513152082
222940.17513161007
222963.4051316317
223130.53513178736
223211.62013186287
223275.07013192197
223308.37013195298
223344.74013198685
223477.68013211066
223500.31013213174
223643.9401322655
223708.32513232547
223740.1451323551
223831.8401324405
224017.62513261352
224050.6601326443
224094.31013268494
224300.23013287672
224328.80513290333
224475.7701330402
224491.56513305492
224557.07013311592
224719.1851332669
224983.70513351326
225069.57513359323
225110.65013363148
225146.3251336647
225343.9901338488
225386.75513388863
225452.91013395024
225592.39013408014
225659.91513414303
225802.95013427624
225984.56513444538
226373.37013480748
226553.50513497525
226624.89013504173
226657.30513507192
226717.90013512835
226793.68513519893
226818.20513522177
226900.23013529816
226922.99013531936
226972.40013536537
227137.51013551914
227248.72513562272
227283.22013565485
227584.48013593542
227633.9501359815
227686.71513603063
227747.20513608697
227782.90513612021
227805.51013614127
227831.6351361656
227992.065136315
228012.1301363337
228043.03513636248
228141.4051364541
228223.16513653024
228261.6601365661
228288.9301365915
228501.17013678915
228834.44513709954
228861.8851371251
228883.44513714517
229221.13013745967
229293.71013752726
229381.41513760894
229417.3401376424
229781.60513798165
230381.12013854
230501.77013865235
230582.19513872726
230668.63513880776
230722.23013885767
230741.76013887586
230892.07013901585
230920.81513904262
231087.04513919743
231167.9551392728
231548.5951396273
231702.34013977047
231741.31013980677
231773.06513983634
231873.2101399296
231963.11014001333
232098.01014013897
232201.40514023526
232245.63014027645
232352.00014037552
232390.15514041105
232434.40514045226
232557.7101405671
232595.44014060224
232635.6551406397
232653.3851406562
232844.12514083384
232864.71514085302
233094.1401410667
233240.78014120326
233441.64514139033
233532.7851414752
233565.7401415059
233589.85514152836
233650.97014158528
233864.05014178372
233889.97014180786
234011.8801419214
234183.52014208125
234276.8851421682
234653.38514251885
234702.1751425643
234734.64014259452
234783.77014264028
234806.2451426612
234840.64014269324
234963.2101428074
235229.58514305548
235278.62014310114
235304.31014312507
235337.0951431556
235362.20014317898
235402.95014321693
235440.34014325176
235460.42514327046
235603.56014340377
235636.42514343438
235821.51014360675
236016.9951437888
236102.00514386798
236126.57514389086
236184.08014394442
236207.97514396667
236239.82514399634
236290.2401440433
236336.89014408673
236373.27014412062
236412.4601441571
236435.38014417846
236543.72014427936
236580.1651443133
236636.60514436587
236692.6801444181
236926.14514463552
236966.78014467336
237006.40514471027
237392.48514506983
237912.20514555386
238227.45014584746
238283.1101458993
238349.23014596087
238418.5251460254
238533.4101461324
238618.2401462114
238792.0701463733
239007.70014657412
239134.76014669245
239338.09514688182
239387.05514692742
239426.20514696388
239532.8401470632
239578.19014710543
239618.40014714288
239763.33014727785
239882.62014738895
239989.57014748856
240258.6901477392
240299.79514777748
240344.88014781947
240598.1051480553
240663.6101481163
240723.7351481723
240905.11514834122
241170.49514858838
241228.04014864197
241408.74514881027
241434.7751488345
241487.32514888345
241533.2301489262
241793.42514916853
241822.15014919528
241936.91014930216
241962.85014932632
241981.60014934378
242193.09014954075
242234.8051495796
242278.87514962064
242301.65014964185
242493.19014982024
242723.6751500349
242746.8751500565
242773.44515008124
243041.97015033133
243195.45015047427
243240.09515051584
243257.39515053196
243335.02515060426
243364.63015063183
243448.2401507097
243484.17015074316
243533.32515078894
243765.66015100532
243826.6301510621
243889.14515112032
243917.62015114684
243944.92015117226
244000.10015122365
244126.9501513418
244201.63015141134
244325.19515152642
244444.0351516371
244962.47515211994
245085.32515223435
245400.36515252775
245421.92515254783
245446.55515257077
245561.09515267744
245799.34015289933
245988.67515307566
246088.2551531684
246207.58015327953
246228.57015329908
246434.93015349127
246530.5401535803
246656.51515369763
246732.2851537682
246770.66515380394
246801.31015383248
246879.47515390528
246989.28015400755
247007.23015402426
247040.9751540557
247192.2701541966
247289.42015428707
247341.61015433568
247398.0101543882
247421.43515441002
247510.13515449263
247633.24015460728
248169.41015510663
248244.8601551769
248287.45015521656
248334.01015525992
248358.785155283
248595.16015550314
248632.25015553768
248735.62515563396
248769.51515566552
248791.78515568626
248957.00015584013
249051.82515592844
249245.5801561089
249354.63015621045
249394.54515624762
249543.8701563867
249770.71015659795
249809.400156634
249891.6751567106
249925.85515674244
250007.16015681816
250038.85015684768
250064.79515687184
250519.22015729506
250764.3901575234
250799.2901575559
250965.6101577108
251029.00515776983
251247.13515797298
251570.8801582745
251605.97515830718
251652.3851583504
251861.2301585449
251883.1351585653
251995.6651586701
252050.80515872146
252163.99015882687
252311.8801589646
252363.81515901297
252402.41015904892
252450.45515909366
252506.7551591461
252781.98015940242
253145.77515974123
253165.30515975942
253406.09515998367
253442.06516001717
253478.68516005127
253638.85016020044
253870.67016041634
254336.32516085
254465.77516097057
254494.53016099735
254528.77516102925
254610.60516110546
254730.50516121712
254766.53516125068
254791.3651612738
255078.7951615415
255116.04516157618
255155.9951616134
255233.69516168576
255256.37516170688
255597.15516202425
255711.86016213108
255877.06016228494
255930.85016233503
256007.00016240595
256278.68516265898
256316.27016269398
256407.7601627792
256495.87516286125
256849.7151631908
256929.1751632648
256967.54016330052
257063.00016338943
257134.46016345598
257167.47016348672
257455.0901637546
257567.17516385898
257591.97016388207
257628.23016391584
257747.9051640273
257796.80516407284
257977.0351642407
257997.29016425955
258043.68016430276
258074.84516433178
258109.61016436416
258220.23016446718
258249.6801644946
258330.39016456978
258359.88016459724
258525.5251647515
258929.5751651278
259151.76516533474
259212.14016539097
259264.6751654399
259364.2001655326
259416.54016558133
259441.26516560436
259473.6351656345
259522.20016567974
259610.0951657616
259670.80016581813
259722.24016586604
260067.64016618772
260162.7451662763
260209.0251663194
260557.6651666441
260597.38016668108
260705.19016678148
260751.2601668244
260818.7051668872
260995.52016705187
261023.33516707778
261158.1201672033
261202.64016724477
261265.21516730305
261407.28016743535
261437.5951674636
261568.10516758513
261603.54516761814
261688.7501676975
261718.77516772546
261912.9401679063
261935.86516792764
261962.40516795235
262029.40516801475
262054.87016803847
262076.5001680586
262145.605168123
262308.3851682746
262375.435168337
262400.92016836075
262438.58516839583
262538.4051684888
262664.94516860665
262892.5301688186
262913.74516883836
262934.2001688574
263182.860169089
263213.1701691172
263263.88016916445
263551.9951694328
263570.2551694498
263659.3101695327
264242.5201700759
264323.205170151
264647.92017045344
264706.13017050765
264764.5801705621
264828.4701706216
264859.2951706503
264921.53017070825
265141.98517091357
265375.2601711308
265420.6601711731
265586.8851713279
265673.5101714086
265718.36017145036
265879.72517160064
265939.3551716562
266233.95017193054
266377.3451720641
266497.88017217634
266537.17017221294
266578.8751722518
266652.2601723201
266735.4251723976
266817.2451724738
267005.22017264884
267033.59517267527
267162.0651727949
267183.70017281506
267308.4801729313
267589.25517319277
267657.62517325644
267802.0001733909
267838.11017342453
267865.49517345004
267948.9001735277
267972.4851735497
267988.7351735648
268025.3401735989
268111.5651736792
268229.2451737888
268285.22017384093
268324.64517387765
268407.20517395454
268799.1051743195
268822.0301743409
268848.5951743656
269364.22017484583
269481.440174955
269659.8801751212
269855.4301753033
269881.6401753277
269930.54517537326
270103.135175534
270156.2001755834
270189.9001756148
270212.7501756361
270331.6151757468
270351.5701757654
270377.7001757897
270551.7601759518
270677.66017606907
270826.7051762079
270851.37017623085
270902.8851762788
270935.6101763093
271082.22517644585
271107.3851764693
271134.31517649436
271169.1601765268
271236.4501765895
271320.8951766681
271464.3301768017
271499.89017683483
271651.20017697575
271689.035177011
271729.3951770486
271814.93517712824
271885.07017719356
271914.26017722074
271969.11517727183
272012.3501773121
272157.2951774471
272448.6301777184
272647.62017790374
272804.95017805026
272841.7301780845
272942.61017817847
273087.99017831386
273485.1201786837
273581.57017877355
273659.6951788463
273833.57517900824
273943.53017911065
273975.5551791405
274354.4001794933
274486.6901796165
274573.18017969705
274614.29017973534
274765.27517987596
274817.57517992466
274852.7201799574
275015.76518010924
275084.72018017346
275187.80518026947
275374.74518044357
275409.6601804761
275434.285180499
275501.2951805614
275631.1601806824
275785.95518082654
275813.5851808523
276003.5501810292
276095.29018111463
276147.3101811631
276332.4301813355
276608.22518159234
276627.14018160995
276692.1651816705
276759.52018173324
276795.50018176675
277085.9951820373
277111.5701820611
277255.4601821951
277281.02518221893
277321.7051822568
277466.71018239186
277503.2351824259
277519.00518244057
277688.2451825982
277781.1601826847
277855.7501827542
277899.9851827954
278078.2251829614
278243.22518311505
278380.2801832427
278410.670183271
278757.8451835943
278799.5951836332
278864.06518369325
278881.5251837095
278902.73518372927
278934.7451837591
279006.9001838263
279063.14018387866
279087.8551839017
279109.53518392186
279149.27018395887
279201.23018400726
279325.2051841227
279388.0051841812
279439.2101842289
279476.2501842634
279793.29518455866
280049.5501847973
280090.2101848352
280258.62518499204
280386.9801851116
280530.8001852455
280732.4551854333
280980.18018566404
281036.36518571636
281059.65518573805
281128.35018580203
281159.3251858309
281310.835185972
281466.90518611734
281484.97518613416
281506.88518615457
281539.4651861849
281736.9951863689
281776.9501864061
281889.43518651085
281913.6501865334
281945.6651865632
282240.02518683736
282343.72518693394
282513.5201870921
282533.7551871109
282630.450187201
282715.4101872801
282746.7551873093
282784.62518734456
283041.35018758365
283240.6901877693
283362.1001878824
283499.9851880108
283560.5751880672
283629.5051881314
283690.63518818835
283727.80018822296
283760.02518825297
284005.67518848175
284045.700188519
284089.9901885603
284109.08518857806
284194.66518865776
284258.76518871746
284414.66018886265
284458.1051889031
284665.4151890962
284852.1801892701
285015.1651894219
285036.2151894415
285110.32518951053
285296.55018968397
285337.6801897223
285374.5551897566
285692.3651900526
285766.5801901217
285961.3601903031
285980.06519032054
286223.07519054686
286738.45019102684
286767.87019105424
286888.2951911664
286984.1551912557
287024.6801912934
287189.32019144675
287376.05019162066
287819.91519203404
287876.50519208674
287895.6501921046
287926.4201921332
287970.12519217393
288039.31519223837
288151.95019234327
288204.0551923918
288294.2801924758
288320.95519250067
288385.77519256104
288438.5351926102
288614.50519277406
288999.41519313253
289150.9701932737
289198.17519331764
289293.9851934069
289736.7401938192
289852.8201939273
290054.8801941155
290105.28519416245
290129.97519418545
290296.0351943401
290329.3301943711
290366.6851944059
290465.585194498
291001.4551949971
291168.30519515247
291223.2201952036
291322.67019529623
291352.3801953239
291599.05019555363
291905.5901958391
292197.9751961114
292230.3701961416
292357.7451962602
292413.19019631186
292533.55519642396
292617.74519650236
292789.74019666255
292812.83019668405
292844.4751967135
292927.665196791
293100.81519695226
293278.42019711767
293596.12519741355
293634.4101974492
293797.00019760063
293825.7401976274
294117.2651978989
294145.25519792497
294271.7551980428
294423.1701981838
294464.7401982225
294670.7551984144
294698.97019844066
294794.3401985295
294819.2851985527
294854.67019858566
294912.3401986394
295314.54519901396
295389.5251990838
295533.5451992179
295728.36519939936
295758.2851994272
295780.9401994483
296241.3351998771
296381.29020000744
296630.18520023924
296753.58020035416
296891.23020048236
296946.8852005342
297037.8552006189
297063.78020064306
297505.4702010544
297521.8802010697
297583.9402011275
297624.47520116525
297654.4702011932
297683.51520122023
297735.7502012689
297762.3252012936
297800.325201329
297838.0202013641
297864.4002013887
297906.575201428
297926.0502014461
297968.5352014857
298212.7602017131
298243.27520174155
298372.68520186207
298477.15020195936
298503.1902019836
298783.27520224446
298882.635202337
298902.4802023555
299065.6802025075
299119.5952025577
299206.2902026384
299269.44520269724
299479.27520289266
299533.305202943
299646.8502030487
299764.8452031586
299964.39020334446
300078.32020345057
300096.79020346777
300184.27020354924
300205.97520356945
300229.4102035913
300390.200203741
300437.68520378525
300492.4802038363
300634.6802039687
300753.91020407976
300940.61020425364
300998.2102043073
301098.5202044007
301196.1002044916
301273.7352045639
301503.3452047777
301525.3202047982
301598.51520486636
301653.0902049172
301771.5302050275
301886.2402051343
302184.0702054117
302273.1952054947
302307.69020552683
302327.0952055449
302535.67020573915
302580.1652057806
302611.89520581014
302651.3602058469
302761.3252059493
302783.6652059701
302917.3602060946
303028.5702061982
303054.4202062223
303127.7952062906
303215.5302063723
303268.850206422
303370.73520651687
303799.14520691585
303835.1402069494
303967.41520707257
304000.57020710345
304063.7352071623
304105.37020720105
304166.7102072582
304299.06020738144
304348.1752074272
304391.7152074677
304434.7152075078
304457.3902075289
304525.21020759206
304547.96520761325
304715.4202077692
304906.9502079476
304942.9652079811
304984.01520801935
305027.2252080596
305110.38520813704
305193.05520821403
305415.96020842163
305471.3202084732
305545.7352085425
305560.6752085564
305580.2002085746
305612.14020860434
305742.39520872565
305813.5402087919
305916.1952088875
305978.50020894554
306054.0602090159
306078.4502090386
306406.4802093441
306426.9902093632
306620.8752095438
306748.06020966225
306826.11520973494
306881.5602097866
306923.3702098255
306987.07020988484
307243.1252101233
307559.9452104184
307591.28521044756
307856.4652106945
307905.28521074
307961.4552107923
308011.1852108386
308326.9252111327
308393.4952111947
308440.1202112381
308490.455211285
308658.0702114411
308680.7502114622
308904.0952116702
308973.0302117344
309423.8602121543
309476.3602122032
309546.8352122688
309824.3752125273
309854.4752125553
309879.8052125789
310019.7252127092
310081.790212767
310140.3952128216
310158.61021283857
310230.7902129058
310291.0452129619
310318.89521298785
310524.2352131791
310845.220213478
310901.62521353055
311022.82521364343
311147.1252137592
311186.8852137962
311210.1452138179
311240.1052138458
311273.1852138766
311309.7902139107
311373.7102139702
311413.14021400694
311534.8702141203
311555.2852141393
311594.5402141759
311732.05021430395
312045.4252145958
312090.3852146377
312469.5652149908
312516.53521503456
313254.650215722
313301.5902157657
313403.4802158606
313438.85021589353
313545.7652159931
313734.0052161684
313778.8702162102
313850.5152162769
313993.77021641034
314073.4252164845
314241.420216641
314300.515216696
314354.9352167467
314431.2602168178
314736.49021710205
315068.68521741143
315110.8702174507
315247.89521757833
315330.3252176551
315358.7752176816
315399.3502177194
315595.46521790203
315720.7302180187
315934.6002182179
315956.46021823824
315991.04021827044
316062.7502183372
316118.9702183896
316140.9702184101
316158.45521842636
316331.1852185872
316544.33021878573
316616.50021885295
316639.3252188742
316718.4552189479
316781.44521900656
316848.96021906944
317063.93521926965
317135.190219336
317151.3752193511
317196.88021939347
317225.4652194201
317626.4302197935
317654.85021982
317953.09522009775
317982.20522012486
318101.92522023636
318125.96022025874
318175.5402203049
318351.0852204684
318373.8202204896
318565.8002206684
318655.0552207515
318684.62022077903
318819.4252209046
319186.18522124615
319473.3352215136
319517.55022155476
319899.46522191045
320039.36522204074
320277.5102222625
320357.74522233725
320441.93522241566
320478.0402224493
320661.06022261974
320677.6352226352
320707.9202226634
320776.6702227274
320803.56022275245
320964.75022290257
321051.7252229836
321131.3052230577
321164.32522308844
321218.12522313854
321307.755223222
321438.16022334347
321483.2752233855
321615.2552235084
321677.3452235662
321703.3202235904
321751.46522363526
321785.82522366726
321821.56022370054
321851.44022372836
322226.3002240775
322297.88022414414
322325.69522417005
322341.70522418496
322508.02022433985
322594.2152244201
322796.3552246084
322861.1102246687
322880.93022468715
322903.2102247079
323040.1202248354
323126.7452249161
323287.14522506547
323366.4202251393
323436.27522520436
323596.7152253538
323720.6252254692
323811.44522555376
323897.7152256341
323975.2502257063
324136.0952258561
324165.1552258832
324220.825225935
324351.765226057
324400.2452261021
324544.05522623606
324702.86022638396
324820.34022649337
324837.6452265095
324918.755226585
324935.73522660084
325063.65022671997
325125.81522677786
325151.44522680173
325222.610226868
325323.2152269617
325443.0452270733
325623.6252272415
325768.12022737606
325990.17522758286
326052.3952276408
326071.97022765904
326202.2752277804
326362.31022792944
326491.1302280494
326638.29022818647
326678.1702282236
326696.860228241
326835.38022837
326871.4052284036
326888.6052284196
326908.8802284385
326931.4852284595
327142.5402286561
327451.1452289435
327486.01022897597
327612.57022909384
327846.805229312
327909.37022937025
328067.4702295175
328314.05522974714
328586.77023000113
328612.6252300252
328814.32523021306
328861.9452302574
328995.2202303815
329346.3902307086
329569.4402309163
329601.0902309458
329708.29523104563
329737.7952310731
329759.9052310937
329790.9202311226
330025.06523134065
330058.9252313722
330101.83023141214
330137.79523144563
330184.63523148926
330232.61023153394
330321.9302316171
330691.3852319612
330759.5702320247
330791.71523205464
330899.40023215493
330919.51523217367
330996.16023224505
331012.93023226067
331043.7802322894
331067.2852323113
331108.80023234995
331163.6902324011
331295.43523252377
331351.2152325757
331392.6452326143
332037.2902332147
332153.0702333225
332279.7952334405
332379.9752335338
332408.1852335601
332575.09023371554
333010.83523412136
333093.3652341982
333140.6752342423
333333.1952344216
333383.52523446846
333687.4652347515
333805.1352348611
333983.9252350276
334010.4352350523
334190.09523521963
334237.3052352636
334273.5152352973
334345.07023536396
334365.98023538344
334468.73023547913
334756.60023574723
334856.90523584065
334871.8602358546
334993.04023596743
335260.18523621623
335300.16523625347
335350.73523630056
335559.86523649533
335650.0102365793
335676.2502366037
335699.3152366252
335795.6052367149
335861.7952367765
335948.57023685734
336264.17023715127
336336.4952372186
336563.48523743
336592.6452374572
336611.52023747476
336884.65023772913
337115.0702379437
337214.3752380362
337241.7152380617
337350.7452381632
337466.1302382707
337968.6402387387
338045.48523881024
338218.8252389717
338294.4652390421
338398.23023913876
338442.5902391801
338596.4702393234
338663.8902393862
338696.6652394167
338743.9202394607
338769.1502394842
338809.715239522
338851.4852395609
338908.22523961373
339036.4802397332
339064.7552397595
339099.2202397916
339125.16023981577
339269.9502399506
339286.5752399661
339306.26523998444
339415.70024008636
339447.3052401158
339482.35024014843
339833.68024047563
339875.57024051464
339915.30524055165
339948.7252405828
339968.0002406007
340044.78024067223
340425.32024102664
340447.8302410476
340500.82024109695
340531.7152411257
340546.7302411397
340774.19024135155
340798.6102413743
340916.13024148374
341021.9402415823
341529.78524205525
341577.0952420993
341621.0202421402
341712.66024222557
342667.60524311493
342721.385243165
342752.3152431938
342789.3452432283
342814.765243252
342912.64024334314
343043.53024346504
343112.1002435289
343236.2502436445
343268.37024367444
343380.2002437786
343434.62024382927
343528.97524391714
343574.60024395963
343607.56524399034
343659.46524403867
343752.9952441258
343926.03524428693
344135.0752444816
344191.36524453404
344413.32524474076
344559.9452448773
344729.1552450349
344795.7202450969
344939.9502452312
344968.2552452576
345025.9102453113
345172.9602454482
345206.04024547903
345355.7102456184
345381.7702456427
345408.7152456678
345643.83024588675
345676.25024591695
345722.08024595963
345762.46024599724
345817.13524604816
345974.5002461947
346063.22524627735
346095.87524630775
346429.1202466181
346453.01524664037
346689.1752468603
346790.9402469551
346867.4052470263
347173.095247311
347227.50024736166
347402.3352475245
347642.04524774774
347756.9752478548
347891.6502479802
347980.3702480628
348003.03524808394
348024.1702481036
348298.24024835887
348373.570248429
348497.3602485443
348527.4152485723
348555.18024859816
348600.27024864015
348692.2602487258
348804.8852488307
348996.0852490088
349056.91524906544
349092.58024909865
349258.13524925284
349408.2102493926
349490.6802494694
349557.4602495316
349636.0502496048
349812.5602497692
349831.11524978647
349873.9702498264
349896.04024984693
