92.92499999998797
147.884999999938
246.0699999998487
308.9749999997915
639.5349999994909
677.4049999994564
716.1099999994212
775.6149999993671
875.0249999992767
923.049999999233
980.1549999991811
1240.6100000038693
1379.0500000068912
1462.145000008705
1543.0850000104717
1788.795000015835
1806.0900000162126
1897.0150000181973
1926.6100000188433
2037.0900000212548
2389.4900000289467
2426.6250000297573
2468.5050000306715
2565.705000032793
2588.1200000332824
2619.4100000339654
2789.9700000376884
2840.8350000387986
3019.620000042701
3079.7050000440126
3208.415000046822
3261.1250000479727
3301.740000048859
3517.55000005357
3829.2450000603735
3998.365000064065
4186.635000068174
4343.485000071598
4395.155000072726
4424.65500007337
4505.835000075142
4717.590000079764
4773.285000080979
4873.20000008316
4895.590000083649
5072.260000087505
5199.920000090292
5342.205000093398
5361.685000093823
5446.845000095682
5471.49500009622
5545.230000097829
5623.015000099527
5648.070000100074
5685.420000100889
5737.795000102033
5827.385000103988
5865.8350001048275
5967.375000107044
5996.350000107676
6166.770000111396
6215.565000112461
6240.520000113006
6465.005000117906
6654.205000122036
6676.0850001225135
6701.505000123068
6800.09500012522
6900.4750001274115
6982.260000129197
7200.885000133969
7279.255000135679
7339.760000137
7418.640000138722
7592.455000142516
7689.955000144644
7765.34000014629
7787.0050001467625
7957.79000015049
8102.160000153642
8146.015000154599
8194.845000155146
8354.600000129574
8499.595000106365
8531.305000101289
8557.905000097031
8942.530000035464
8990.740000027747
9100.115000010239
9235.004999988647
9254.134999985585
9419.929999959046
9536.694999940355
9582.499999933023
9601.12999993004
9687.429999916227
9861.314999888393
9956.634999873135
10108.999999848746
10187.344999836205
10220.894999830834
10312.424999816183
10344.209999811095
10380.209999805333
10417.439999799373
10529.399999781452
10603.034999769665
10671.069999758774
10812.519999736132
10903.564999721559
10940.694999715615
10971.544999710677
11294.124999659041
11408.814999640683
11606.539999609033
11741.084999587496
11808.889999576642
11888.11499956396
12117.869999527184
12455.109999473201
12515.46499946354
12564.4449994557
12689.534999435677
12845.06999941078
12932.834999396731
12984.2549993885
13030.564999381088
13048.569999378205
13120.489999366693
13186.194999356176
13228.529999349399
13488.814999307735
13561.034999296175
13579.649999293195
13618.924999286908
13735.704999268215
13761.429999264097
13786.144999260141
13883.04499924463
14037.78499921986
14281.909999180783
14483.329999148542
14602.65999912944
14810.139999096229
14919.319999078753
14939.57999907551
14994.92999906665
15099.449999049919
15136.649999043964
15483.544998988436
15545.6249989785
15629.3299989651
15937.109998915834
15979.229998909092
16051.444998897532
16167.384998878973
16192.944998874882
16268.349998862812
16420.244998851682
16460.19999885982
16517.244998871443
16589.92999888625
16741.264998917082
17005.159998970845
17022.389998974355
17070.359998984128
17112.109998992633
17219.97499901461
17315.19999903401
17360.839999043306
17540.84999907998
17563.23499908454
17601.86999909241
17707.10499911385
17747.69499912212
17771.629999126995
18029.269999179483
18078.994999189614
18104.029999194714
18143.13499920268
18466.244999268507
18636.844999303263
18760.859999328528
18833.549999343337
18895.60499935598
19111.794999400023
19261.864999430596
19316.11499944165
19339.134999446338
19387.5499994562
19613.299999502193
19793.22499953885
19904.689999561557
20009.194999582847
20078.589999596985
20113.829999604164
20152.34499961201
20185.169999618698
20305.594999643232
20410.52999966461
20802.904999744547
20839.769999752058
21149.35499981513
21192.494999823917
21540.884999894894
21761.10499993976
21778.88999994338
21802.92999994828
21845.409999956933
21869.229999961786
21914.819999971074
22080.02500000473
22188.170000026763
22268.06500004304
22294.62000004845
22505.025000091315
22647.410000120322
23105.570000213662
23313.705000256065
23348.995000263254
23498.070000293625
23580.85000031049
23603.760000315157
23632.84000032108
23655.31500032566
23713.070000337426
23787.175000352523
23999.480000395775
24202.300000437095
24438.795000485276
24591.500000516386
24611.165000520392
24715.620000541672
24841.185000567253
25026.340000604974
25199.765000640306
25246.255000649777
25274.55000065554
25351.66000067125
25405.59500068224
25529.040000707388
25556.465000712975
25576.145000716984
25976.36000079852
26194.480000842956
26223.685000848905
26405.725000885992
26426.315000890187
26447.860000894576
26797.9500009659
26952.735000997433
26998.065001006667
27174.375001042587
27462.91500110137
27643.46000113815
27696.485001148954
27721.770001154106
27831.170001176393
28000.415001210873
28036.22500121817
28178.2350012471
28361.96000128453
28407.545001293816
28433.87000129918
28529.63500131869
28565.725001326042
28584.76000132992
28989.500001412376
29016.085001417792
29037.850001422226
29275.525001470647
29472.480001510772
29557.120001528016
29609.395001538665
29893.82500159661
29970.725001612278
30163.180001651486
30360.070001691598
30479.235001715875
30504.19000172096
30606.670001741837
30842.38500178986
30973.570001816584
31033.19500182873
31166.710001855932
31190.045001860686
31371.63500189768
31466.675001917043
31512.46500192637
31548.170001933646
31737.400001972197
31798.095001984562
31939.375002013345
32170.40500206041
32240.5450020747
32268.935002080485
32294.515002085696
32338.32500209462
32496.86500212692
32897.86500211412
32949.22000208722
33105.600002005296
33224.29000194312
33342.225001881336
33357.83000187316
33376.950001863144
33528.75500178362
33639.81000172544
33889.24000159477
33913.60000158201
33972.84500155097
34024.040001524154
34545.38000125104
34570.530001237865
34592.30500122646
34612.260001216004
34757.925001139694
34938.66500104501
35223.92500089557
35364.72000082181
35405.85000080027
35444.40500078007
35533.64500073332
35577.440000710376
35615.7650006903
35751.20000061935
35872.60500055575
35975.230000501986
36052.97000046126
36131.550000420095
36202.45000038295
36231.500000367734
36385.390000287116
36473.640000240885
36519.38500021692
36596.64000017645
36655.305000145716
36770.8200000852
36851.370000043
36887.940000023846
36942.17499999543
37375.56999976839
37407.37999975173
37552.1249996759
37590.84999965561
37627.58499963637
37829.6699995305
37855.29499951708
37878.41499950497
37908.3199994893
37945.09999947003
37979.474999452024
38083.409999397576
38260.56499930477
38283.65999929267
38431.87999921502
38509.83999917418
38548.28499915404
38648.764999101404
38816.074999013756
39226.42999879878
39694.91499855336
39751.979998523464
39812.279998491875
39996.49999839537
40114.77499833341
40349.23999821058
40369.65999819988
40441.87499816205
40619.54999806897
41091.54499782171
41172.16499777947
41238.71499774461
41275.20999772549
41309.28499770764
41360.97999768056
41424.78999764713
41643.674997532464
41676.294997515375
41852.78499742292
41881.05499740811
42333.0849971713
42354.24499716022
42458.07999710582
42602.85499702998
42640.05999701049
42734.669996960925
43173.96499673079
43213.71499670997
43328.579996649794
43395.14499661492
43651.13499648082
43725.529996441845
43960.31499631885
44022.72999628615
44142.42999622344
44180.414996203544
44241.289996171654
44302.65499613951
44452.91999606079
44477.379996047974
44578.57999599496
44706.394995928
44908.954995821885
45124.65499570889
45182.61499567852
45201.06499566886
45271.24499563209
45532.70999549512
45616.93999545099
45890.06499530791
46000.489995250064
46099.18999519836
46118.339995188326
46263.86499511209
46494.95499499103
46578.21999494741
46949.26499475303
47320.24999455868
47439.589994496164
47595.49499441449
47662.20499437954
47726.339994345944
47791.75999431167
47916.95499424609
48132.79999413301
48155.51999412111
48223.274994085616
48326.17499403171
48363.20499401231
48467.37499395774
48643.974993865224
48682.934993844814
48711.72499382973
48826.3149937697
48866.9799937484
48943.17499370848
48980.49499368893
49109.90499362114
49310.88999351585
49361.87499348914
49385.55499347673
49596.75999336609
49750.469993285566
49772.62499327396
49840.17999323857
49875.45999322009
49908.71999320266
49948.64499318175
50321.23499298656
50385.32999295298
50612.234992834114
50630.214992824694
50665.15999280639
50688.93999279393
50712.829992781415
50734.4249927701
50764.91499275413
50889.32999268895
50937.08999266393
50971.824992645736
50992.81999263474
51202.65499252481
51377.919992432995
51419.21499241136
51456.87999239163
51556.3899923395
51643.15499229405
51667.33499228138
51690.22499226939
51821.39499220067
51848.42999218651
52001.359992106394
52103.0949920531
52134.22499203679
52234.70999198415
52256.50499197273
52320.18499193937
52359.6449919187
52509.2999918403
52549.63499181917
52623.02999178072
52690.01499174563
52869.51999165159
52914.24499162816
52965.35499160139
53009.07999157848
53048.719991557715
53151.284991503984
53246.304991454206
53304.19499142388
53385.24499138142
53673.00999123067
53704.31499121427
53749.72999119048
53808.87499115949
53828.63999114914
53868.01499112851
53898.779991112395
53975.81499107204
54113.93499099968
54244.284990931395
54268.02499091896
54296.819990903874
54324.94499088914
54353.80499087402
54399.554990850054
54497.56499079871
54559.15999076644
54701.01499069213
54892.85999059163
54932.394990570916
54972.46999054992
55059.279990504445
55139.76999046228
55386.424990333064
55536.40999025449
55644.27999019798
55668.59999018524
55897.239990065464
55946.104990039865
56056.14498998222
56222.52498989506
56246.749989882366
56485.59498975724
56521.29498973854
56687.46998965149
56744.61998962155
56783.774989601035
56865.65498955814
57097.269989436805
57192.674989386825
57408.57498927372
57520.579989215046
57654.92498914467
57832.36998905171
57946.43998899195
58082.11998892087
58109.53498890651
58156.37998888197
58182.96498886804
58232.30998884219
58264.19998882549
58292.6149888106
58322.03498879519
58348.76998878118
58404.479988752
58516.9099886931
58539.91498868105
58594.35498865253
58671.364988612186
58743.62998857433
58797.944988545874
58824.59998853191
58946.4049884681
58982.874988448995
59074.749988400865
59142.85498836519
59216.10498832681
59327.8049882683
59377.2449882424
59432.489988213456
59664.019988092165
60378.279987717986
60404.13498770444
60527.554987639785
60596.084987603885
60808.004987492866
60880.11498745509
61043.62998736943
61289.12998724082
61309.89998722994
61367.249987199895
61419.209987172675
61494.95998713299
61549.78498710427
61589.97498708322
61652.189987050624
61694.21498702861
61725.79998701206
61933.32998690334
62089.07998682175
62357.059986681365
62382.03498666828
62496.78498660817
62757.424986471626
62851.14498642253
62981.15998635442
63091.439986296646
63106.904986288544
63164.664986258285
63293.934986190565
63399.819986135095
63543.29998605993
63596.05998603229
63630.50998601424
64119.009985758334
64264.00998568237
64469.52998557471
64549.87498553262
64574.66498551963
64715.32998544594
65116.30998523588
65181.27998520184
65540.01498501975
65578.20998505532
65604.87998508016
65630.29498510383
65667.35998513835
65759.07498522376
65795.79498525796
65878.64498533512
65941.01998539321
65966.93998541735
66148.48998558644
66186.0399856214
66296.56998572435
66321.28998574737
66432.90998585132
66486.05998590082
66653.35998605663
66776.52498617134
66939.63498632325
66972.77998635411
67081.33998645522
67114.97998648655
67141.229986511
67197.8149865637
67221.91498658614
67466.91498681431
67493.35498683894
67526.9149868702
67558.19998689933
67717.20998704742
67751.05498707894
67889.16998720757
67945.62498726015
68087.74998739251
68252.45998754591
68416.06998769828
68460.83998773998
68578.60998784966
68607.02498787612
68697.28498796019
68825.94498808001
68853.89498810604
68924.95498817222
68961.40998820617
69003.80998824566
69036.62998827623
69079.42498831608
69171.47998840181
69395.06998861005
69429.46998864209
69517.23498872382
69601.41498880222
69755.17998894543
69813.64498899988
69947.50498912454
70153.10498931602
70261.80498941726
70802.40998992074
70835.4349899515
71086.06999018491
71210.70499030099
71511.22999058088
71549.25499061629
71571.6049906371
71758.50499081117
71831.68999087933
71885.89499092981
71987.9899910249
72217.83999123896
72248.78999126778
72271.94499128935
72324.31999133812
72443.11999144877
72696.38999168464
72720.79999170738
72833.134991812
72856.1149918334
72901.78999187594
72988.14499195636
73337.8999922821
73594.99999252154
73653.43499257596
73709.44999262813
73747.60999266367
73869.79499277746
73917.24499282165
74025.1999929222
74152.45999304071
74261.07499314187
74290.45999316924
74345.73999322072
74428.70499329799
74617.83999347413
74758.76999360538
75090.64499391447
75111.65499393403
75191.08999400801
75255.51999406802
75303.05499411229
75343.32499414979
75367.72499417252
75463.74499426194
75567.54499435861
75608.34999439662
75707.95499448938
75896.26999466476
75935.33499470114
75978.76499474159
76029.75999478908
76240.79499498563
76281.38999502343
76476.82499520545
76782.76499549038
76896.95999559673
76977.25499567151
77024.79499571578
77050.95999574015
77088.57999577519
77180.99999586126
77205.69499588426
77345.07499601407
77505.26999616326
77567.70499622141
77585.56499623804
77612.62499626324
77698.05999634281
77796.79499643476
77953.63999658084
78025.93999664817
78047.17499666795
78114.95499673107
78315.18499691755
78714.25499728922
78881.53499744501
79100.40999764885
79171.73499771528
79215.97499775648
79338.25499787036
79361.25499789178
79387.85499791655
79444.09999796894
79479.0599980015
79765.72499826847
79801.2999983016
80124.58999860269
80218.80999869044
80283.70499875088
80325.34999878966
80386.914998847
80422.1249988798
80451.27499890694
80547.82999899687
80881.1549993073
80908.59499933285
80936.92499935924
80989.86999940855
81040.814999456
81153.62999956106
81206.44499961025
81228.78999963106
81299.22999969666
81459.6949998461
81530.37499991193
81744.39500011125
82104.6800004468
82189.13500052545
82347.28500067274
82765.07500106184
82784.76000108017
82882.66000117135
82906.61000119365
83052.01000132906
83094.95000136906
83663.57000189862
83695.57500192843
83770.99000199867
83974.01500218775
84302.06500249327
84374.55000256078
84698.12000286212
84742.24000290321
84785.8250029438
84813.74500296981
84893.20500304381
85278.98000340309
85529.55500363646
85901.42000398278
85972.15000404866
86115.7550041824
86245.47500430321
86603.78000463691
86676.45500470459
86698.70500472531
86748.69000477187
87079.90000508033
87281.28500526788
87393.57000537246
87510.67000548152
87563.02000553027
87580.4500055465
87705.98000566341
88286.20000620378
88478.4150063828
88760.35500664538
88858.79500673705
88946.16500681842
89040.6350069064
89416.60000725655
89440.02000727836
89767.7600075836
90025.75000782387
90141.52500793169
90165.95500795444
90280.35500806099
90396.47500816913
90433.55500820366
90484.7050082513
90584.9950083447
90621.19500837842
90660.77000841527
90696.6600084487
90743.52500849235
90795.40000854066
91078.57000880438
91182.73000890139
91484.41000918235
91744.1950094243
91903.37000957254
91990.01000965323
92027.21500968788
92150.55000980274
92232.50500987907
92281.04000992427
92323.67000996397
92345.98500998475
92570.81001019414
92655.34501027287
92730.29501034267
92843.62501044822
92863.09501046635
92895.05001049611
93005.33001059882
93052.3350106426
93086.76001067465
93172.08001075411
93219.48501079826
93516.56001107494
93758.89001130062
93780.46501132072
93832.98501136963
93918.78001144953
93949.53501147818
94297.19501180196
94374.3350118738
94492.60001198394
94623.95001210627
94647.57001212827
94763.05501223583
94967.40001242614
95036.46501249046
95180.68501262477
95213.06001265493
95254.65001269366
95334.480012768
95524.76001294522
95734.34501314041
95838.77501323767
96114.56001349451
96389.40001375048
96432.5950137907
96564.74001391378
96627.46001397219
96681.4800140225
96780.97001411516
96806.95001413935
96889.72001421644
96930.06501425401
97011.75001433009
97139.50501444907
97221.76501452568
97345.29501464072
97431.08001472062
97559.30501484004
97606.7200148842
97853.52501511405
97998.2150152488
98054.14001530089
98076.74001532194
98193.59501543076
98459.45001567836
98592.03501580184
98809.11501600401
98868.62001605943
98892.3150160815
99016.83001619746
99045.66001622431
99152.43501632375
99223.62501639005
99446.94501659804
99519.67501666577
99772.64001690137
99853.91501697706
100040.84001715115
100138.27501724189
100160.81501726288
100232.84001732996
100348.12501743733
100506.49501758482
100559.92001763458
100741.64501780382
100844.22501789936
100876.32501792925
101078.04001811711
101108.97001814592
101301.74001832545
101511.05501852039
101531.53501853946
101772.07001876348
101805.915018795
101863.39501884853
101888.00501887145
101917.6950188991
101979.49501895666
102115.3600190832
102442.99501938833
102538.94501947769
102661.55001959187
102730.58001965616
102842.55001976044
102860.51001977717
102971.22501988028
103334.75502021884
103806.34502065805
104003.0100208412
104256.04002107686
104664.24002145702
104750.24502153712
104790.4850215746
104943.43502171704
104976.01502174739
105312.3250220606
105490.48502222652
105726.12502244598
105901.7100226095
105990.57002269226
106177.60002286645
106205.30502289225
106231.86502291699
106843.02502348617
106874.71002351568
106908.73002354737
107017.34502364852
107258.75002387335
107298.3150239102
107346.55502395512
107379.05502398539
107597.75502418907
107832.17502440739
107877.53002444963
108010.7500245737
108533.4500250605
108563.36002508836
108584.73002510826
108615.65502513706
108898.4150254004
108956.40502545441
109065.95502555644
109150.21002563491
109333.72502580582
109372.75502584217
109400.09502586763
109441.78002590645
109580.42002603557
109609.4450260626
109657.6550261075
109793.98502623447
109876.2700263111
109908.12002634077
110208.25502662029
110233.96002664423
110438.5900268348
110465.1000268595
110531.00502692087
110575.86502696265
110673.38502705347
110815.99502718629
110990.44002734876
111106.21002745657
111189.74002753437
111323.19002765865
111375.02002770692
111426.08002775448
111587.4950279048
111631.59502794588
111901.91002819763
112011.5100282997
112287.21002855647
112323.56502859032
112385.62502864812
112405.83502866694
112559.1200288097
112593.51502884174
112740.51002897864
112819.65502905234
112885.62002911378
112967.42002918996
113060.92502927704
113177.83502938593
113290.52002949087
113343.44502954016
113401.26502959401
113446.73502963636
113609.43002978788
113828.08502999152
114029.86503017944
114171.61503031146
114199.67503033759
114356.01003048319
114519.61503063556
114565.7300306785
114604.10503071424
114888.7150309793
115009.9400310922
115046.59003112634
115148.32503122109
115251.13503131684
115271.81003133609
115308.33503137011
115479.87003152986
115536.73503158282
115661.485031699
115700.20503173507
115813.86003184092
115876.07503189886
115981.91503199743
116109.225032116
116246.41003224376
116277.9100322731
116409.32003239548
116626.18003259745
116846.29003280244
116870.46503282496
116897.50503285014
116921.12003287213
116993.32003293937
117037.50003298052
117099.64003303839
117143.0350330788
117237.29003316659
117459.21003337327
117695.63003359345
117932.67503381422
117977.34003385581
118143.50503401057
118171.5700340367
118258.09003411728
118347.83003420086
118379.69503423054
118417.48503426573
118570.23003440798
118735.05003456149
118770.00503459404
118852.04503467045
118888.03003470396
118923.35003473685
118945.10003475711
118972.4700347826
119004.64503481257
119035.97003484174
119067.70003487129
119135.87503493478
119261.27003505157
119295.90003508382
119572.76503534167
119616.88003538275
119648.57003541227
119668.09503543045
119688.40003544936
119833.13503558416
119870.08503561857
119942.36003568588
119975.18003571645
120257.64003597951
120305.21503602382
120335.34003605187
120462.30503617012
120547.3250362493
120634.6300363306
120760.31503644766
120788.3750364738
121321.40003697021
121456.20503709576
121518.8500371541
121571.47503720311
121595.9400372259
121997.26003759966
122133.61503772665
122181.78503777151
122412.89503798675
122789.11003833712
122853.6200383972
122889.45503843058
122929.29003846768
122994.97503852885
123232.38503874996
123475.67003897653
123508.4900390071
123559.11003905424
123607.66503909946
123755.83003923745
123787.20503926667
123820.79503929795
123919.9500393903
123975.7900394423
123993.06003945839
124013.3650394773
124174.7500396276
124198.13003964938
124235.04503968376
124375.79003981483
124436.28503987117
124503.23003993352
124532.4100399607
124593.75504001783
124614.31504003698
124652.5600400726
124739.42004015349
125116.11504050432
125202.31004058459
125232.87004061305
125264.47004064248
125334.815040708
125492.1300408545
125523.17004088341
125613.2350409673
125658.07004100905
125685.65004103474
125772.3700411155
125809.76504115033
125962.38004129246
126098.6800414194
126335.41004163987
126524.73004181619
126586.56004187377
126641.33504192479
126927.02504219086
127114.85504236579
127269.40504250972
127385.89504261821
127417.78004264791
127499.9100427244
127668.11004288105
128193.7650433706
128237.51504341135
128301.06004347053
128336.64504350367
128755.50504389376
128787.46504392353
129028.58004414808
129091.850044207
129264.84504436812
129450.5800445411
129497.40504458471
129518.67004460451
129540.30504462466
129925.66504498356
129966.68504502176
130068.39004511648
130228.35504526546
130273.77004530776
130378.19504540501
130565.50004557945
130690.40004569577
130836.30504583166
130876.80004586937
130930.90504591976
131046.02004602697
131221.12004619004
131322.52504628449
131546.22504649282
131572.66004651744
131604.0850465467
132064.87504697585
132115.63504702313
132183.2400470861
132219.28004711965
132809.81004766963
133022.97004786815
133127.88004796585
133329.20504815335
133358.4500481806
133482.72504829633
133731.28504852782
133907.82004869223
133948.83004873042
133975.63004875538
133999.1700487773
134046.6100488215
134085.825048858
134117.42504888744
134137.2550489059
134205.5250489695
134324.24004908005
134657.7900493907
134727.31504945544
134768.53004949383
134816.78504953877
134935.2500496491
135079.97504978388
135322.83005001006
135494.63005017006
135530.39005020336
135601.15005026927
135674.88005033793
135719.35505037935
135771.78005042818
135818.820050472
135846.23505049752
135909.51505055645
135963.4650506067
136194.28005082166
136255.29505087849
136297.35505091766
136322.87005094142
136415.74505102792
136470.65005107905
136646.5700512429
136764.67005135288
137021.16005159175
137043.8800516129
137114.80005167896
137201.35505175957
137529.25005206495
137671.64005219756
137961.8200524678
138106.8750526029
138153.40505264624
138224.4400527124
138323.9950528051
138399.22505287518
138482.0450529523
138559.1450530241
138666.2900531239
138743.21005319554
138856.38005330093
138950.34505338845
139032.530053465
139104.3650535319
139137.51505356276
139175.4550535981
139219.82505363942
139354.9850537653
139507.4650539073
139553.98505395063
139647.7000540379
139729.88005411444
139779.79505416093
139818.05005419656
139886.57505426038
140413.55505475117
140988.20005528635
141108.45005539834
141208.13005549117
141231.21505551267
141281.46505555947
141336.34005561058
141425.76005569386
141453.21505571943
141654.37005590677
141828.60505606903
141914.0250561486
141999.35005622805
142131.77005635138
142168.76505638583
142372.25005657534
142546.00505673717
142620.2300568063
142773.6900569492
142799.36005697312
142945.5900571093
142961.86005712446
143299.74505743914
143550.34005767253
143602.41505772102
143824.26505792764
143907.68005800532
143956.1750580505
144048.17505813617
144289.575058361
144717.75005875976
144773.2050588114
144795.6300588323
145037.0250590571
145187.80005919753
145210.2100592184
145235.68505924213
145258.89505926374
145316.7100593176
145353.3450593517
145401.995059397
145443.90505943605
145727.69005970034
145790.42505975877
145826.88005979272
145844.5750598092
145869.55005983246
145889.73505985126
146014.42505996738
146050.3100600008
146158.975060102
146360.3000602895
146566.48506048153
146695.91006060207
147180.38006105326
147276.5100611428
147336.6600611988
147577.1800614228
147645.6800614866
147695.57506153308
147722.84506155847
147859.76006168599
147889.11506171332
148054.15506186703
148247.400062047
148275.4250620731
148519.07006230002
148563.63506234152
148666.66506243747
148748.02506251325
148797.50006255932
148876.00506263244
148938.4650626906
149021.0200627675
149047.39006279205
149084.2650628264
149193.00506292767
149240.44006297184
149279.18506300793
149340.62506306515
149652.920063356
149843.15006353316
149894.15006358066
149972.50506365363
150037.90506371454
150117.70506378886
150139.49006380915
150241.26006390393
150279.94506393996
150314.26006397192
150366.36506402044
150625.730064262
150708.16006433876
150730.35506435944
150766.25506439287
150791.7350644166
151106.17506470944
151292.56006488303
151335.23506492277
151417.58006499946
151434.92506501562
151462.4900650413
151803.06506535847
151848.48506540078
152038.52506557776
152228.21506575443
152411.50006592512
152549.79506605392
152869.56506635173
152901.92006638186
152982.77006645716
153172.62006663397
153325.7700667766
153348.46506679774
153377.88006682514
153424.39506686846
153628.94506705896
153700.935067126
153728.3000671515
153798.635067217
153833.7500672497
153982.59006738832
154011.29006741504
154518.06506788702
154543.4850679107
154615.05506797734
154638.71006799937
154760.0550681124
154979.82006831706
155005.23506834073
155094.30506842368
155146.76006847253
155171.51006849558
155358.06006866932
155378.6600686885
155432.9900687391
155620.84506891406
155651.67506894277
155725.64506901166
155762.69506904617
155787.08006906888
155905.4300691791
155932.11006920395
155959.4250692294
156018.73506928462
156221.84506947378
156321.54006956663
156442.59506967937
156458.6350696943
156506.63506973902
156562.38006979093
156649.70006987225
156892.89007009874
156918.27507012238
156993.17007019214
157063.31507025746
157096.2050702881
157155.6950703435
157396.99507056823
157415.03007058502
157564.21507072396
157718.3300708675
157860.600071
157969.3750711013
158001.13007113087
158079.24007120362
158174.28007129213
158308.73007141735
158518.56007161277
158669.4650717533
158755.9950718339
159108.23507216194
159260.68507230392
159308.89507234882
159362.765072399
159483.4700725114
159520.0900725455
159551.58007257484
159571.00007259293
159596.17007261637
159818.4600728234
159963.60507295857
160259.64007323427
160321.69507329207
160375.7450733424
160398.7250733638
160536.54007349216
160854.6250737884
161088.24007400597
161126.7250740418
161148.64007406222
161196.76007410703
161296.6900742001
161322.11507422378
161345.1100742452
161842.4850747084
162181.5450750242
162233.14007507224
162263.3900751004
162313.8350751474
162474.19507529674
162536.72007535497
162566.55507538276
162591.57007540605
162609.16507542244
162651.08507546148
162684.45007549255
162825.75507562415
162925.72007571725
163015.0000758004
163182.05007595598
163380.78507614107
163451.97507620737
163477.37507623102
163522.5450762731
163544.1500762932
163911.59507663542
164450.13007713697
164607.53507728357
164627.67507730232
164765.01507743023
164867.90507752605
164904.29507755995
164943.6550775966
165021.94507766952
165046.3950776923
165097.8450777402
165137.05007777672
165481.2750780973
165587.07007819583
165713.945078314
165842.99007843417
165912.12007849856
166069.61007864523
166238.28507880232
166287.40507884807
166328.8800788867
166344.44007890119
166378.64007893304
166512.75507905794
166618.54007915646
166890.60007940984
167013.67507952446
167080.31007958652
167106.97507961135
167218.83507971553
167250.60507974512
167296.31007978768
167362.45007984928
167435.54507991736
167597.65508006833
167631.35508009972
167669.32008013508
167754.6100802145
167809.45008026558
167879.86008033116
167923.6000803719
167980.78508042515
168013.2550804554
168055.97508049518
168106.21008054196
168135.4450805692
168320.72008074174
168388.92008080526
168424.48508083838
168457.60508086922
168478.90008088906
168525.52508093248
168983.59008135909
169207.86508156796
169230.5550815891
169327.90008167975
169523.1600818616
169690.20508201717
169717.55508204264
169760.52008208266
169916.56008222798
170193.80008248618
170236.28008252574
170307.9600825925
170422.35008269903
170585.525082851
170616.05508287944
170683.8650829426
170709.16008296615
170733.4950829888
170867.75508311385
170933.3150831749
171044.1050832781
171085.00508331618
171421.67008362972
171660.68508385232
171688.74008387845
171802.25508398417
171985.06508415443
172125.255084285
172242.86508439452
172318.70508446515
172345.1750844898
172595.50508472294
172705.03508482495
172828.7900849402
172861.02508497023
172890.70008499786
172986.75008508732
173016.19508511474
173067.2650851623
173206.26508529176
173249.23508533178
173403.08008547506
173468.99008553644
173621.22508567822
173667.24008572107
173690.17008574243
173889.99008592853
173922.43508595874
174132.81508615467
174387.73008639208
174512.01508650783
174676.0550866606
174820.62508679525
175009.61508697126
175295.74508723774
175474.39508740412
175516.8950874437
175605.49508752621
175662.87508757965
175778.73008768755
175832.910087738
175872.28008777468
175916.02508781542
176044.83008793538
176151.34508803458
176202.88508808258
176241.72008811875
176288.76508816256
176454.23008831666
176667.210088515
176953.9850887821
177169.20008898253
177202.76008901378
177225.56008903502
177271.6100890779
177584.63508936943
177717.60508949327
177818.80508958752
177852.14508961857
178038.65508979227
178069.31508982083
178117.15508986538
178154.51008990017
178204.31508994655
178635.76009034837
178744.7850904499
178785.94009048824
178917.03009061032
178946.45009063772
179001.59009068907
179090.635090772
179143.93509082164
179170.60509084648
179235.64509090706
179359.73509102262
179405.69009106542
179595.31509124202
179657.75009130017
179805.80009143805
179962.66509158415
179987.45509160723
180160.86509176873
180221.19009182492
180260.73009186174
180331.60509192775
180499.2850920839
180755.23509232228
180817.6350923804
180840.27509240148
180941.95509249618
181217.62509275292
181264.35509279644
181373.23509289784
181518.06509303272
181611.54009311978
181717.7400932187
181792.7000932885
181970.0700934537
182077.52009355376
182140.070093612
182264.12509372755
182303.6900937644
182417.6200938705
182462.5050939123
182545.7150939898
182578.75009402056
182689.19009412342
182726.99009415862
182755.01509418472
182859.53509428207
183002.83509441552
183034.8200944453
183248.150094644
183285.98509467923
183340.46009472996
183524.36009490123
183560.00509493443
183649.14509501745
183741.04509510304
183923.92509527336
183967.37009531382
184037.93009537953
184106.9450954438
184287.40009561187
184337.43009565846
184370.03009568882
184418.39509573387
184519.73509582825
184542.25009584922
184680.24009597773
184711.655096007
184739.84509603324
184884.39509616786
184914.0750961955
184989.05509626534
185070.300096341
185274.310096531
185308.38009656273
185505.7950967466
185573.00009680918
185617.94509685104
185658.76509688905
185708.27509693516
185773.66009699606
185795.13009701605
185853.73009707063
186068.15509727033
186293.22509747994
186311.2300974967
186355.07009753754
186384.11009756458
186436.58509761345
186579.39509774646
186705.4050978638
186754.51509790955
187012.5800981499
187045.37009818043
187068.07009820157
187092.03009822388
187177.45009830344
187193.6350983185
187221.72509834467
187404.43009851483
187534.46009863593
187556.85009865678
187635.08009872964
187676.6000987683
187948.85509902186
187978.1100990491
188020.69509908877
188046.65509911295
188127.15509918792
188148.67009920796
188197.91009925382
188225.00009927904
188328.7900993757
188551.23009958287
188779.9800997959
188987.60509998928
189116.01010010886
189454.57010042417
189482.57010045025
189550.1501005132
189636.78510059387
189715.65010066732
189804.28010074986
189823.72510076797
190048.73510097753
190165.210101086
190280.4101011933
190306.98510121804
190340.0201012488
190522.47510141873
190725.1651016075
190800.46010167763
191032.49510189373
191074.2251019326
191104.0751019604
191214.65510206338
191287.33010213106
191555.4951023808
191781.76510259154
191971.82510276855
192056.45010284736
192221.23510300083
192262.92510303966
192729.69010347436
192948.61510367825
192974.0001037019
193013.5251037387
193222.01010393287
193296.59010400233
193549.17010423756
193658.14010433905
193726.18510440242
193745.2601044202
193773.3051044463
193995.93010465364
194069.74010472238
194121.80010477087
194189.89010483428
194254.40510489437
194569.84010518814
194666.0151052777
194917.1501055116
194975.6701055661
195159.05010573688
195220.55510579416
195267.68010583805
195353.39010591788
195396.54510595807
195467.61010602425
195581.33010613016
195630.61510617606
195821.1401063535
195874.91010640358
195891.9901064195
195982.93510650418
196231.71510673588
196326.8601068245
196460.2301069487
196603.4751070821
196623.8551071011
196666.6101071409
196979.29510743212
197001.63010745292
197205.32010764262
197350.34010777768
197409.88010783313
197428.49010785046
197508.7451079252
197552.8601079663
197661.16510806716
197708.69010811142
197741.9401081424
197772.26010817062
197907.98010829702
198059.8751084385
198184.93510855496
198219.32010858698
198389.4151087454
198419.73510877363
198456.93510880828
198601.3801089428
198735.23510906746
198755.38510908623
199225.02510952362
199249.54510954645
199367.11010965594
199395.59010968247
199612.88010988483
199667.75510993594
199854.92511011026
199898.16511015053
199929.0501101793
200003.06511024822
200236.0301104652
200259.25511048682
200469.7001106828
200489.05511070084
200510.00511072035
200627.75511083
200733.14511092816
200802.67511099292
200857.1901110437
201218.46511138015
201250.47011140996
201299.5901114557
201314.6051114697
201354.58511150692
201445.58511159167
201480.96011162462
201627.58511176117
201655.29511178698
201723.35511185037
201761.97511188634
201800.89511192258
201889.86011200544
202101.16011220223
202189.63011228462
202389.67511247093
202436.7801125148
202478.14011255332
202513.93011258665
202542.28011261305
202577.31511264568
202596.82011266385
202715.48011277436
202820.04011287173
202960.14511300222
202983.530113024
203126.80011315743
203150.11511317914
203387.87011340057
203487.47511349333
203517.13011352095
203563.42511356407
203788.4101137736
203814.42511379783
203980.57011395256
204018.59011398797
204047.57511401497
204110.34511407343
204210.03511416627
204274.83511422662
204313.50511426263
204342.62011428975
204516.57511445176
204593.25011452317
204696.50011461932
204780.58511469763
204884.35011479427
204986.23511488916
205154.9501150463
205463.52011533367
205532.97011539835
205939.1301157766
206015.48511584772
206043.22011587356
206304.26511611667
206449.33511625178
206466.04511626734
206502.58511630137
206674.70011646167
206741.645116524
206780.63511656033
206826.6801166032
206869.3051166429
206997.32511676213
207033.55011679587
207181.73511693388
207360.56011710042
207388.020117126
207444.925117179
207485.24511721655
207524.9301172535
207547.54511727457
207631.6401173529
207886.70011759043
207966.1201176644
207992.19011768867
208018.00511771272
208157.00011784217
208188.6151178716
208217.9301178989
208237.0451179167
208349.80011802173
208427.43011809402
208483.5501181463
208739.4451183846
208839.44511847774
208982.4201186109
209089.6901187108
209130.690118749
209310.60511891654
209476.08011907066
209496.99011909013
209544.5401191344
209752.99511932855
209804.34011937637
209827.85011939827
209859.07511942735
209882.320119449
210006.80011956493
210047.2451196026
210148.02011969645
210177.95011972432
210269.57511980966
210329.08511986508
210537.47512005916
210609.73012012645
210655.51012016908
210677.71012018976
210727.7751202364
210785.17512028984
210835.18512033642
210860.21512035973
210910.5551204066
211010.7251204999
211075.82512056053
211217.82012069278
211266.00012073765
211306.3251207752
211441.66012090124
211527.49012098118
211552.14512100414
211584.26512103406
211657.7651211025
211750.94012118928
211850.21012128174
211896.05012132443
211957.9651213821
212048.89012146677
212073.5101214897
212134.86012154684
212173.61512158293
212331.27012172976
212354.49012175138
212484.4251218724
212507.35512189375
212563.94012194645
212644.89012202184
212781.03012214863
212813.58012217894
212919.3051222774
213177.24012251763
213209.49512254767
213330.72012266057
213492.38012281113
213792.85512309097
213817.65512311406
213912.06012320198
213958.71012324543
214260.67512352666
214297.38012356084
214483.03012373374
214544.05512379057
214588.90512383234
214718.38012395293
214835.52012406202
214873.38012409728
214948.3501241671
215050.12012426188
215206.65012440766
215262.17012445937
215364.54512455472
215400.69512458838
215565.66512474202
215952.7151251025
216173.6001253082
216236.9401253672
216305.3351254309
216343.29512546625
216365.28012548672
216535.14512564492
216569.78512567718
216592.74512569857
217139.07512620738
217165.13512623165
217182.1601262475
217253.29512631375
217408.16512645799
217506.7651265498
217528.90012657043
217716.360126745
217829.98012685083
217863.28012688184
217992.92012700258
218282.99012727273
218307.03512729512
218512.45512748644
218593.76512756216
218812.28012776567
219007.54512794752
219032.07012797036
219056.96012799355
219097.8351280316
219128.03512805974
219208.5151281347
219317.69012823637
219376.58512829122
219514.31012841949
219565.02512846672
219674.12012856832
219831.65512871504
219949.66512882494
220046.22012891487
220325.3151291748
220380.2001292259
220401.20012924547
220418.8351292619
220694.77512951888
220779.8251295981
220925.4301297337
221027.5401298288
221083.31512988074
221253.06013003882
221297.0451300798
221375.49513015285
221469.06513024
221533.2901302998
221567.55513033172
221638.59513039788
221672.1151304291
221752.18513050367
221989.77513072494
222023.19013075606
222050.2951307813
222082.8201308116
222160.15513088362
222189.16013091063
222248.22513096564
222636.60013132734
222660.15513134928
222700.645131387
222723.05013140786
222855.10513153084
222914.0201315857
222939.27513160923
223048.03013171052
223099.51513175847
223164.7151318192
223229.41013187944
223426.87513206335
223509.74513214052
223549.68013217772
223602.8201322272
223849.26013245672
224023.7051326192
224057.3351326505
224111.51513270097
224162.3351327483
224193.8001327776
224213.70013279613
224235.55013281648
224312.7751328884
224366.85013293877
224415.16013298376
224741.02013328724
224926.3051334598
225315.82513382257
225384.1401338862
225419.07013391872
225456.5101339536
225571.1001340603
225630.9951341161
225854.80513432453
225878.09513434622
225981.1401344422
226020.0051344784
226113.62513456558
226541.26513496385
226641.88013505755
226793.74013519898
226971.0351353641
227017.93013540778
227302.65513567295
227326.30513569497
227359.66513572604
227392.40013575653
227426.74513578851
227473.80013583234
227907.07513623586
227951.5701362773
228027.480136348
228089.15013640543
228571.08513685426
228620.48013690027
228688.44513696356
228839.16513710393
228963.75513721997
229029.85013728152
229227.2851374654
229508.96013772773
229762.0251379634
229908.4801380998
230221.2501383911
230278.41513844434
230330.1351384925
230362.73513852287
230577.01513872243
230602.1001387458
230696.1751388334
230727.6401388627
230767.2351388996
230815.84013894486
230897.605139021
231003.34013911948
231103.37513921264
231160.52513926587
231198.44013930118
231316.75513941137
231349.4301394418
231418.30513950594
231470.46513955452
231630.36513970344
231689.1751397582
231710.33513977792
232145.0651401828
232204.5451402382
232253.65014028392
232278.68514030724
232306.4601403331
232445.53014046262
232713.79014071246
233057.61014103267
233159.970141128
233299.7851412582
233526.9701414698
233571.41014151118
233692.28014162375
233731.59514166036
233788.57014171343
233850.7201417713
233940.64514185506
234184.80514208245
234234.0301421283
234295.3501421854
234312.04014220095
234426.70514230774
234458.16514233703
234538.31014241168
234968.02014281187
234996.9251428388
235186.48014301533
235317.10014313698
235369.32514318562
235396.7901432112
235570.59014337306
235629.9051434283
235671.30514346686
235722.62514351466
236013.72514378576
236105.41514387116
236198.89514395822
236223.28014398093
236348.62514409766
236534.38014427066
236806.96514452453
236842.12014455727
236866.04514457955
236952.36514465994
236969.35514467576
236982.99514468847
237001.46014470566
237017.37014472048
237041.68514474313
237145.8001448401
237194.37514488533
237250.23014493735
237283.33014496817
237403.2851450799
237604.4201452672
237904.86514554702
237978.99514561606
238024.1401456581
238078.65014570887
238165.06514578935
238215.94514583674
238373.6351459836
238439.9851460454
238858.48514643515
238885.8201464606
238942.68014651356
239021.1051465866
239675.7551471963
239777.42014729098
239888.23514739418
239925.64014742902
239958.83514745993
240033.90014752984
240124.8051476145
240170.0151476566
240196.0901476809
240289.67514776805
240355.4451478293
240423.10514789232
240516.25014797907
240611.13514806743
240638.61014809302
240682.0801481335
240761.6251482076
240831.88514827302
240853.61014829326
240969.0851484008
241021.90514845
241066.75014849176
241195.865148612
241220.2451486347
241311.00014871923
241445.76014884474
241643.9251490293
241789.35014916473
241876.0701492455
242043.12514940108
242184.50514953275
242225.12014957058
242282.30514962383
242390.97014972504
242488.36514981574
242531.35014985577
242587.5251499081
242605.06014992442
242678.52014999284
242989.25015028223
243108.00515039283
243219.4201504966
243427.75515069062
243469.74515072972
243615.99515086593
243811.0701510476
243961.2751511875
243984.13015120878
244060.85015128023
244112.96515132877
244208.5751514178
244295.57515149884
244329.34015153028
244379.3801515769
244502.42515169148
244529.79015171697
244722.2501518962
245198.9701523402
245421.1351525471
245446.32515257056
245836.40515293385
245891.7701529854
245923.16515301465
245951.6801530412
246040.72515312413
246342.69015340536
246371.8451534325
246403.88015346235
246503.06015355472
246530.14015357994
246554.83515360294
246673.7651537137
246804.81015383574
246973.5501539929
247062.84515407606
247176.76515418215
247284.14015428215
247419.39015440812
247568.88515454734
247740.325154707
247923.88015487796
248010.17015495832
248181.89515511825
248215.99515515
248237.97515517048
248378.51015530137
248601.21515550878
248640.25015554513
248823.34515571565
248952.92515583633
248980.9001558624
249132.2101560033
249158.21515602752
249224.39015608915
249264.02015612606
249339.69515619654
249415.71015626733
249460.5501563091
249479.785156327
249675.24515650905
249903.72015672183
249944.43515675975
250145.31515694683
250271.3301570642
250659.79515742598
250838.32015759224
250921.21015766944
251101.29015783715
251141.7001578748
251176.20515790692
251260.1551579851
251388.31015810446
251485.3251581948
251589.55015829188
251953.4701586308
251984.4001586596
252038.32515870983
252297.45015895116
252338.05015898898
252514.74515915354
252563.95515919937
252859.10515947425
252918.0051595291
253001.0051596064
253097.34015969612
253443.7001600187
253802.07016035245
253823.9251603728
253998.1801605351
254341.1401608545
254356.36516086868
254424.2551609319
254470.4201609749
254489.88016099302
254612.4751611072
254913.3451613874
254991.09516145982
255032.12516149803
255189.88516164495
255221.64016167453
255288.25516173657
255414.2451618539
255477.0551619124
255592.35516201978
255883.1551622906
256034.6351624317
256076.33516247052
256145.560162535
256258.4101626401
256424.76016279502
256555.14516291645
256655.1501630096
256951.17516328528
257299.35516360955
257535.82016382978
257672.9501639575
257688.94016397238
257716.2201639978
257882.7701641529
258264.95516450884
258326.7601645664
258501.66016472928
258524.56516475062
258568.87516479188
258597.6701648187
258622.55516484188
258668.40516488458
258687.06516490196
258744.51016495546
258891.71016509255
258931.97516513005
258984.50016517896
259057.40516524686
259115.41016530088
259315.08016548684
259347.3651655169
259384.5001655515
259495.87016565521
259624.09516577463
259701.95516584715
260117.0201662337
260203.5601663143
260243.2801663513
260369.30516646866
260496.77516658738
260523.51016661228
260545.90516663314
260617.65016669995
260876.28016694082
260912.94516697497
260989.28516704607
261127.2001671745
261196.27016723884
261316.24016735057
261381.5451674114
261420.90516744804
261573.29016758996
261928.46016792074
261972.30516796157
262015.1601680015
262339.6751683037
262436.2851683937
262482.1651684364
262530.040168481
262551.9201685014
262578.42016852606
262674.4501686155
262846.770168776
263066.83016898093
263203.85016910854
263254.0501691553
263340.1551692355
263403.37516929436
263671.395169544
263745.1851696127
263770.79516963655
263876.9551697354
263941.93016979593
264120.51016996225
264144.45016998454
264442.2751702619
264636.2601704426
264713.02017051406
264882.89017067227
265015.2051707955
265113.7651708873
265351.9451711091
265491.415171239
265728.2801714596
265761.09017149016
265928.8651716464
265956.9851716726
265980.7401716947
266256.7651719518
266287.76017198066
266309.68017200107
266335.64017202525
266383.69517207
266405.02017208986
266469.19517214963
266567.0701722408
266596.6051722683
266675.61017234187
266781.25017244025
266805.2551724626
267153.85517278727
267303.5501729267
267650.22017324955
267729.05017332296
267897.52517347987
268000.760173576
268164.65017372865
268248.3501738066
268386.3401739351
268414.4451739613
268573.055174109
268829.50017434784
268859.38017437566
269046.3301745498
269269.2551747574
269356.2401748384
269413.19517489144
269473.87017494795
269493.1251749659
269530.0951750003
269719.9001751771
269759.90517521434
269847.7851752962
269920.96017536434
269983.25517542235
270001.27517543914
270036.1451754716
270237.08517565875
270306.6301757235
270332.2901757474
270436.4301758444
270458.0251758645
270483.7751758885
270507.22017591033
270526.3901759282
270655.50517604843
270678.1101760695
270807.7451761902
270962.37517633423
271051.260176417
271098.6251764611
271159.55017651786
271365.4201767096
271394.79517673695
271414.4951767553
271620.5751769472
271748.7451770666
271832.6951771448
271930.17017723556
271962.67517726583
271984.4251772861
272048.57517734583
272140.27017743123
272205.79017749225
272379.2451776538
272495.0901777617
272567.97517782956
272660.0051779153
272781.7051780286
272917.03017815464
273005.5501782371
273209.5851784271
273525.61517872143
273576.31017876865
273677.02017886244
273734.27517891576
273930.3801790984
273960.1051791261
274049.0551792089
274147.5801793007
274170.41017932195
274316.5901794581
274371.86517950956
274391.630179528
274556.2351796813
274601.7001797236
274688.025179804
274711.5051798259
274973.55518006993
275007.62018010166
275127.9551802137
275231.1951803099
275260.7451803374
275496.3101805568
275525.4001805839
275555.9201806123
275609.45518066216
275641.10518069164
275727.34018077195
275874.65018090914
276017.91518104257
276061.2051810829
276085.9201811059
276108.1201811266
276156.6951811718
276180.69518119417
276224.7801812352
276339.5651813421
276386.7551813861
276412.5201814101
276537.69518152665
276630.7251816133
276725.8801817019
276753.9951817281
276828.3051817973
276873.90018183977
276972.2101819313
277147.980182095
277625.40018253966
277654.6651825669
277729.0351826362
277759.6601826647
277780.2051826838
277949.64518284163
278095.2351829772
278130.06518300966
278216.50018309016
278270.70018314064
278580.38018342905
278725.1901835639
278758.9851835954
278991.6701838121
279041.02518385806
279138.7701839491
279171.81518397987
279226.43018403073
279262.19518406404
279312.2051841106
279375.60018416966
279552.53518433444
279724.910184495
279870.6701846307
279920.09518467676
279941.04018469626
280284.07018501573
280649.6201853562
280694.89018539834
280763.1251854619
280889.68518557976
281056.2601857349
281236.1101859024
281311.1701859723
281479.72018612927
281507.29518615495
281576.4701862194
281608.1801862489
281843.80018646835
281900.9501865216
281925.82518654474
282076.47518668504
282104.63518671127
282126.6851867318
282186.02518678707
282360.81018694985
282589.7751871631
282885.6901874387
283276.5501878027
283466.8451879799
283642.0601881431
283673.4051881723
283862.2601883482
284014.2051884897
284197.05518866
284296.53518875263
284456.4801889016
284540.67018898
284977.695189387
285019.59518942604
285043.8101894486
285197.0151895913
285255.1201896454
285280.31018966885
285314.99018970114
285511.5701898842
285768.3051901233
285870.55019021855
286109.7001904413
286238.7001905614
286607.58519090497
286684.5201909766
286837.4901911191
286869.2051911486
286983.1351912547
287042.0501913096
287278.1601915295
287349.50019159593
287628.47019185574
287736.81019195664
288044.9601922436
288098.8601922938
288249.6851924343
288314.07019249426
288385.88019256113
288421.3751925942
288522.3951926883
288553.1451927169
288710.5651928635
288926.20519306435
289162.33519328426
289187.3101933075
289218.14019333624
289597.74519368977
289683.74019376986
289992.3501940573
290038.0351940998
290052.79519411357
290074.755194134
290229.61519427825
290850.86519485683
290914.4951949161
291055.2851950472
291216.51519519737
291342.2751953145
291474.72019543784
291540.5201954991
291563.41519552044
291799.54519574036
291899.7851958337
292079.77519600134
292221.8051961336
292385.46019628603
292411.9601963107
292534.95019642526
292566.7801964549
292620.7101965051
292882.0501967485
293006.2701968642
293047.64019690274
293093.1251969451
293360.77519719437
293424.6051972538
293548.87519736955
293578.9151973975
293696.465197507
293954.75019774755
294114.72019789653
294313.25519808143
294349.4301981151
294443.10519820236
294472.4451982297
294514.0301982684
294542.9751982954
294583.96519833355
294636.4001983824
294681.1651984241
294755.9001984937
294813.43519854726
295033.3601987521
295068.8301987851
295123.8801988364
295294.77519899554
295480.65519916866
295572.0901992538
295605.2601992847
295844.1401995072
295913.68019957194
295953.6751996092
295972.805199627
296031.35019968153
296114.38019975886
296388.2252000139
296512.08520012925
296528.31520014437
296736.8502003386
296992.2352005764
297044.23020062485
297095.7052006728
297158.47020073124
297205.6502007752
297673.12020121055
297698.1152012338
297738.61520127155
297844.92020137055
298325.9002018185
298472.73020195524
298614.70520208747
298643.14520211396
298910.4652023629
298934.9102023857
298970.86020241916
299245.6652026751
299307.1102027323
299384.86520280474
299463.60520287807
299484.0602028971
299508.2152029196
299655.8652030571
299697.9002030963
299855.3352032429
299904.04020328826
299984.67520336335
300040.06520341494
300099.3702034702
300198.11020356213
300247.31520360796
300533.3252038743
300578.12020391604
300699.2952040289
300777.1452041014
300882.64020419965
300925.99020424
300954.70520426676
300979.30020428967
301132.9902044328
301243.7002045359
301449.1102047272
301610.85020487785
301749.59520500706
301893.3002051409
302082.6802053173
302290.4502055108
302441.1252056511
302492.05520569853
302535.22520573874
302655.2502058505
302861.11520604225
302976.1702061494
303085.3502062511
303247.64520640223
303354.9102065021
303402.37520654633
303424.74520656717
303707.8202068308
303730.76020685217
303880.95520699205
304047.0252071467
304138.2502072317
304199.34020728857
304295.6152073782
304363.50520744146
304414.3302074888
304988.40520802344
305033.85520806577
305074.935208104
305127.12520815263
305203.57520822383
305358.390208368
305600.6402085936
305682.2452086696
305718.03520870296
306043.89020900644
306076.8052090371
306166.63520912075
306194.33520914655
306318.270209262
306352.82520929415
306412.7102093499
306481.11020941363
306593.3952095182
306619.98020954296
306739.99020965473
306821.6502097308
306889.505209794
307010.04020990623
307111.6052100008
307193.32521007693
307219.63521010143
307375.97021024703
307415.9052102842
307438.4152103052
307525.9602103867
307565.3352104234
308126.20021094574
308196.12521101086
308227.5002110401
308361.1152111645
308460.89521125745
308576.01021136466
308627.6202114127
308773.91521154897
308812.0452115845
308837.99521160865
308892.65521165956
308934.63521169865
309030.8802117883
309061.00021181634
309083.5102118373
309113.240211865
309393.0552121256
309417.17521214805
309567.94521228847
309628.25021234463
309792.7202124978
309809.1702125131
310151.8852128323
310221.29021289694
310251.2052129248
310403.51521306665
310456.4002131159
310540.5452131943
310670.67521331547
310786.2552134231
310986.13521360926
311037.395213657
311192.41021380137
311223.95021383074
311257.67521386215
311274.9152138782
311413.89521400764
311448.9502140403
311499.2952140872
311523.6702141099
311573.0702141559
311725.2352142976
311748.70521431946
311804.3602143713
311997.80021455145
312195.67521473573
312223.62021476176
312267.4452148026
312302.22521483497
312560.01521507505
312808.7402153067
312829.1402153257
312985.44521547126
313006.45521549083
313314.87521577807
313330.4852157926
313432.4752158876
313517.99021596723
313750.0952161834
313868.56521629373
313888.6952163125
313996.44521641283
314046.3102164593
314114.89021652314
314279.9702166769
314313.6052167082
314493.9052168761
314518.84021689935
314671.2652170413
314795.0702171566
314828.4252171877
314864.37521722115
314908.1502172619
314944.6502172959
314994.4702173423
315100.9452174415
315183.2402175181
315349.8502176733
315393.7652177142
315506.36521781905
315607.30021791306
315647.6952179507
315682.9652179835
315715.7652180141
315943.2102182259
315976.5202182569
316029.0952183059
316066.64521834085
316145.7002184145
316215.9752184799
316262.4502185232
316300.7702185589
316665.1052188982
316684.66521891643
316703.8752189343
316762.8952189893
316842.2752190632
317009.1452192186
317223.47521941824
317276.19021946733
317572.13521974295
317605.63521977415
317686.26521984924
317779.1152199357
317805.56021996035
317998.6902201402
318123.40022025636
318148.50522027974
318221.9902203482
318302.07522042276
318554.0002206574
318664.3802207602
318692.3052207862
318882.4902209633
318901.460220981
318930.8952210084
318955.98522103176
319060.5802211292
319082.24522114935
319374.60522142163
319405.96522145084
319530.4702215668
319604.9152216361
319626.9152216566
319741.6802217635
319889.78522190143
319920.8052219303
319950.36022195785
320037.8252220393
320105.150222102
320133.1802221281
320213.0502222025
320290.5802222747
320525.7102224937
320575.6652225402
320721.10022267565
320893.31022283604
320973.22522291046
320997.7552229333
321031.63022296486
321109.90022303775
321181.1502231041
321249.47022316774
321272.8252231895
321401.83022330963
321557.890223455
321831.76522371004
321889.01522376336
321918.1502237905
321938.83022380975
322136.9852239943
322374.97022421594
322443.80022428004
322558.0102243864
322588.20522441453
322620.55522444466
322693.88022451295
323004.19522480195
323104.5402248954
323131.54022492055
323157.52522494475
323248.5002250295
323424.14022519306
323457.6902252243
323670.44022542244
323708.12522545754
323848.15022558795
323938.34522567195
324036.105225763
324095.86022581864
324263.765225975
324287.20022599684
324319.01022602647
324462.35522615997
324531.48522622435
324585.2502262744
324624.13022631063
324685.6302263679
324960.2052266236
324988.4402266499
325220.29522686586
325278.93022692046
325345.7802269827
325414.22522704647
325714.6802273263
325749.3702273586
325770.24022737803
325822.87522742705
325864.4852274658
325884.3552274843
325978.6452275721
326002.51022759435
326084.35022767057
326115.3002276994
326191.82522777066
326267.1402278408
326368.76522793545
326403.5852279679
326661.2002282078
326984.8352285092
327114.1302286296
327188.2952286987
327275.6852287801
327328.5102288293
327519.8502290075
327572.4802290565
327834.1652293002
327927.41522938706
328033.82522948616
328123.0102295692
328164.7452296081
328275.4502297112
328410.4102298369
328453.8902298774
328478.79022990057
328576.8652299919
328608.1952300211
328671.3302300799
328712.54523011827
328773.71023017523
328792.51523019274
328863.7502302591
329071.70523045276
329158.0452305332
329202.7652305748
329271.19023063855
329304.37523066945
329410.58523076837
329456.4652308111
329637.81023098
329743.5802310785
329909.7252312332
330027.96523134335
330118.9702314281
330152.10523145896
330212.99523151567
330244.7002315452
330290.38023158774
330538.1402318185
330568.81523184705
330635.47023190913
330655.0802319274
330732.0552319991
330917.01023217133
331159.2152323969
331301.7102325296
331384.85523260705
331542.06023275346
331564.2452327741
331632.5452328377
331651.88523285574
331733.4402329317
331925.5302331106
332010.80023319
332437.46523358737
332546.23523368867
332666.67523380084
332694.71023382695
332790.2252339159
333046.06023415417
333139.98023424164
333170.58523427014
333246.08023434045
333284.83023437654
333365.37523445155
333398.4102344823
333444.7852345255
333471.67023455055
333622.1652346907
333652.8402347193
333683.53523474786
333746.13023480616
333837.9752348917
333873.0802349244
334005.86523504806
334155.7202351876
334191.9802352214
334266.12523529044
334431.94023544487
334470.69023548096
334563.68523556757
334675.53523567173
334694.44023568934
334864.825235848
334886.63523586834
335028.27523600025
335094.8052360622
335187.49523614853
335259.68523621577
335292.0602362459
335635.06023656536
335717.5552366422
335768.3252366895
335795.9702367152
335852.36023676774
335926.6002368369
335993.90023689956
336232.3452371216
336514.5802373845
336589.4602374542
336716.8902375729
336772.12023762433
336879.61523772444
336946.4502377867
337026.6702378614
337298.68523811473
337533.2552383332
337566.27023836394
337674.9702384652
337773.4852385569
337808.3602385894
337869.30523864616
337910.41023868445
338035.94523880136
338115.3202388753
338513.0352392457
338613.8552393396
338693.0102394133
338731.05523944873
338814.8752395268
339093.7202397865
339431.70024010126
339563.5902402241
339629.5302402855
339983.0002406147
340154.7852407747
340235.4502408498
340337.9952409453
340427.59024102875
340577.70024116855
340603.2152411923
340623.5902412113
340663.61024124856
340694.3652412772
340734.2002413143
340754.6052413333
340838.41524141136
340951.1952415164
341141.20024169335
341259.20524180325
341295.9702418375
341364.165241901
341471.520242001
342153.19524263585
342239.0452427158
342256.06524273165
342305.6102427778
342468.90024292987
342588.27024304104
342794.7152432333
342824.95024326147
343061.1802434815
343115.445243532
343306.83524371026
343348.5202437491
343470.1102438623
343506.8352438965
343693.9852440708
343716.1102440914
343766.2152441381
343796.5302441663
343889.85024425323
343977.26024433464
344014.4602443693
344123.4452444708
344556.1852448738
344588.1602449036
344696.03524500405
344757.6302450614
344782.8652450849
344974.23024526314
345298.08524556475
345327.9852455926
345371.375245633
345401.92524566146
345454.9902457109
345623.4852458678
345658.0652459
345711.05024594936
345841.41024607077
345955.460246177
345979.26024619915
346026.325246243
346103.7852463151
346251.2102464524
346270.37024647027
346333.9552465295
346358.7502465526
346913.3452470691
347058.8352472046
347099.5752472425
347241.830247375
347317.57024744555
347624.7352477316
347677.0252477803
347772.4702478692
347802.7402478974
347865.71524795605
347891.38024797995
347926.07524801226
348309.105248369
348569.88524861186
348606.6302486461
348639.2202486764
348676.82024871145
348810.19524883566
348851.1352488738
348895.400248915
349038.0802490479
349151.5702491536
349307.10024929844
349372.27024935914
349451.18524943263
349510.8552494882
349649.40524961724
349683.3202496488
349740.48524970206
349766.8302497266
