258.8599999998371
358.21499999974674
392.4349999997156
598.1149999995285
658.7399999994734
1177.3650000024888
1229.7500000036323
1257.4250000042364
1354.620000006358
1375.235000006808
1787.690000015811
2287.605000026723
2316.4550000273525
2342.170000027914
2418.8350000295873
2482.1650000309696
2503.6050000314376
2933.90500004083
3161.5800000458
3219.0050000470533
3239.245000047495
3293.2250000486733
3761.470000058894
3871.315000061292
4041.3150000650026
4165.105000067704
4190.170000068251
4309.885000070864
4345.040000071632
4630.205000077856
4827.155000082155
4858.925000082849
4936.620000084545
5014.520000086245
5228.610000090918
5335.795000093258
5380.235000094228
5400.170000094663
5436.360000095453
5468.76000009616
5562.265000098201
5615.37000009936
5754.6250001024
5798.470000103357
5989.930000107536
6166.740000111396
6234.6300001128775
6257.220000113371
6296.285000114223
6503.355000118743
6656.3400001220825
6685.10500012271
6748.170000124087
6871.395000126777
6958.845000128686
7050.885000130695
7259.425000135247
7351.4150001372545
7815.700000147389
7950.965000150341
8068.035000152897
8121.650000154067
8167.165000155061
8194.170000155254
8236.920000148411
8476.82000011001
8512.285000104333
8608.495000088933
8655.125000081469
9039.785000019896
9101.645000009994
9144.190000003184
9563.054999936136
9725.909999910067
9778.724999901613
9828.364999893667
9960.089999872582
10061.694999856318
10087.16499985224
10120.824999846853
10214.684999831828
10251.249999825975
10585.219999772517
10631.089999765174
10712.38999975216
10754.179999745471
10831.58999973308
10960.989999712367
11239.734999667748
11432.249999636932
11829.814999573293
11863.964999567826
11898.60999956228
12028.299999541521
12069.484999534929
12128.939999525412
12280.434999501162
12348.064999490336
12416.874999479322
12440.784999475494
12659.829999440431
12828.82999941338
13202.364999353587
13320.41999933469
13716.604999271272
13756.654999264862
13830.989999252963
13899.419999242009
13930.164999237088
13947.234999234355
13972.214999230357
13997.664999226283
14067.439999215114
14119.274999206817
14257.459999184697
14288.099999179793
14362.434999167894
14972.594999070225
15040.929999059286
15083.82499905242
15148.819999042016
15171.749999038346
15389.819999003439
15410.654999000104
15449.22999899393
15507.924998984534
15587.344998971821
15855.17499892895
15872.359998926198
15964.404998911465
16069.159998894696
16266.094998863173
16291.874998859046
16314.159998855479
16340.069998851332
16421.46999885193
16449.994998857743
16570.844998882363
16709.954998910704
16729.689998914724
16912.46999895196
17273.904999025595
17330.589999037144
17375.68499904633
17431.514999057705
17546.124999081054
17688.40999911004
17798.524999132474
17956.874999164735
18014.03999917638
18049.52499918361
18171.659999208492
18292.634999233138
18334.229999241612
18568.8049992894
18609.93999929778
18680.454999312147
18788.664999334193
18841.729999345003
18977.43499937265
19050.584999387553
19164.58999941078
19365.834999451778
19411.954999461173
19440.079999466903
19465.72999947213
19807.16499954169
19962.644999573364
20029.934999587073
20070.90499959542
20096.67499960067
20172.139999616043
20197.00999962111
20268.584999635692
20466.119999675935
20561.71499969541
20616.964999706666
20799.204999743793
21297.35999984528
21335.49999985305
21377.589999861626
21498.419999886242
21520.974999890837
21545.76999989589
21567.144999900243
21670.9949999214
21729.759999933372
21792.28999994611
21909.30999996995
22015.36999999156
22355.085000060768
22426.9050000754
22492.13500008869
22808.420000153124
22856.875000162996
22933.02500017851
23037.860000199867
23074.69500020737
23239.035000240852
23385.20500027063
23624.815000319446
23661.380000326895
24009.305000397777
24147.265000425883
24321.810000461443
24386.74500047467
24974.14000059434
25240.760000648657
25550.560000711772
25595.045000720835
25706.860000743614
25771.645000756813
25898.385000782633
25917.790000786586
25969.960000797215
26039.850000811453
26067.885000817165
26148.445000833577
26240.460000852323
26349.155000874467
26440.77000089313
26466.660000898406
26498.125000904816
26558.02000091702
26606.595000926915
26765.145000959215
26975.69500100211
27069.05000102113
27107.135001028888
27129.62000103347
27242.22500105641
27386.38500108578
27508.405001110637
27579.070001125034
27700.275001149726
27733.925001156582
27814.880001173075
27872.58000118483
27935.91000119773
28077.21500122652
28115.530001234325
28147.990001240938
28260.615001263883
28482.685001309124
28566.910001326283
28934.470001401165
28983.655001411185
29005.240001415583
29121.880001439346
29174.595001450085
29235.14000146242
29254.295001466322
29317.375001479173
29347.49000148531
29402.450001496505
29428.69000150185
29464.480001509142
29602.380001537236
29736.525001564565
29899.36000159774
29970.455001612223
30025.725001623483
30153.015001649415
30172.04000165329
30309.495001681295
30332.69500168602
30355.350001690636
30382.51500169617
30419.205001703645
30480.615001716156
30502.905001720697
30954.040001812606
31043.01000183073
31089.175001840136
31201.315001862982
31392.610001901954
31854.445001996042
31980.43000202171
32011.285002027995
32139.57000205413
32169.825002060294
32223.790002071288
32283.845002083523
32348.515002096698
32387.810002104703
32484.125002124325
32557.320002139237
32658.090002159766
32844.95500214184
33027.06000204644
33052.840002032935
33246.23500193162
33342.69000188109
33462.61500181827
33685.175001701675
33717.395001684796
33781.49000165122
33842.69000161916
33861.1300016095
34017.4600015276
34108.02500148016
34355.800001350355
34458.2250012967
34476.05000128736
34510.43500126935
34552.050001247546
34584.5950012305
34700.41500116982
35086.515000967556
35125.475000947146
35153.595000932415
35357.90500082538
35417.60000079411
35500.83500075051
35606.56000069512
36080.525000446825
36117.785000427306
36150.02000041042
36173.94000039789
36222.43500037248
36661.99500014221
36726.585000108375
36843.32000004722
36893.68000002084
36918.32500000793
36944.96999999397
37126.244999899005
37414.70999974789
37662.13499961827
37677.61499961016
37703.74499959647
37775.604999558826
37904.77499949116
38038.17499942127
38166.84499935387
38236.14999931756
38300.24999928398
38494.06499918245
38837.64999900245
38946.63499894536
39035.29499889891
39154.004998836725
39197.35999881401
39231.59499879608
39306.734998756714
39474.37499866889
39562.3599986228
39599.134998603535
39650.194998576786
39759.79499851937
39985.42499840117
40175.214998301744
40194.704998291534
40275.45999824923
40336.19999821741
40403.61499818209
40554.849998102865
40650.524998052744
40804.47999797209
40902.419997920784
40982.14499787902
41050.30499784331
41157.17999778732
41362.60499767971
41423.484997647814
41511.29999760181
41585.069997563165
41738.314997482885
41771.794997465346
41829.64999743504
41879.04499740916
41896.749997399886
41927.39499738383
42689.34999698467
42721.87499696763
42742.85499695664
42818.78499691686
42864.204996893066
42936.359996855266
43089.10499677525
43318.88499665487
43349.654996638754
43550.49999653354
43644.25999648442
43704.739996452736
44103.89499624363
44148.609996220206
44177.00999620533
44339.459996120226
44362.89499610795
44441.91999606655
44789.31499588456
44829.57999586347
44860.36499584734
44893.70999582987
44944.0449958035
45093.39499572526
45128.189995707035
45172.48999568383
45226.33999565562
45277.21999562896
45302.509995615714
45513.494995505185
45622.57499544804
45688.11499541371
45725.30999539422
46042.83999522788
46063.57999521701
46182.61999515465
46282.87499510213
46478.22999499979
46613.254994929055
46861.39999479906
47044.90499470293
47118.97999466412
47226.12499460799
47345.48499454546
47364.18999453566
47403.834994514895
47422.22999450526
47475.19499447751
47638.63999439189
47709.87999435457
47896.73999425668
47921.23999424384
47983.37499421129
48009.27499419772
48160.57499411846
48300.07499404538
48336.40999402635
48449.80499396694
48465.109993958926
48518.59499393091
48552.774993913
48742.93999381338
48790.689993788365
48894.58499373394
48941.30499370946
48984.094993687046
49061.27999364661
49101.74499362541
49150.36999359994
49170.20499358955
49390.15499347432
49413.35999346217
49762.379993279326
49805.32499325683
49827.96499324497
50080.71999311256
50137.06999308304
50316.59999298899
50427.61499293083
50450.04499291908
50477.179992904865
50526.579992878986
50733.57499277055
50876.03499269592
51090.194992583725
51297.90499247491
51377.19999243337
51521.73999235765
51610.28999231126
51637.719992296894
51900.39499215929
51992.939992110805
52130.474992038755
52330.444991934
52398.3999918984
52796.939991689615
52854.72499165934
52996.454991585095
53354.789991397374
53399.29499137406
53469.759991337145
53496.044991323375
53946.194991087556
53998.63999106008
54086.31499101415
54228.479990939675
54299.77999090232
54354.009990873914
54394.494990852705
54531.82999078076
54561.7199907651
54609.16999074024
54829.89499062461
54967.52999055251
55092.14499048723
55167.474990447765
55231.28499041434
55488.18999027975
55574.70499023443
55672.26999018332
55714.51499016119
55747.964990143664
55985.064990019455
56151.88498993206
56250.78998988025
56307.84998985036
56348.73998982894
56421.00498979108
56480.30998976001
56510.769989744054
56554.349989721224
56584.81998970526
56644.58498967395
56682.70498965398
56813.54998958544
56848.39498956718
56950.07998951391
56973.60998950159
56992.02998949194
57091.08998944004
57148.45498940999
57182.404989392206
57333.0249893133
57374.91998929135
57582.75998918247
57910.70498901067
58008.61498895938
58039.63998894313
58062.224988931295
58104.69498890905
58250.669988832575
58314.08998879935
58335.43498878817
58361.859988774326
58399.61498875455
58718.514988587485
58790.22498854992
58890.38498849745
58924.214988479725
59058.50998840937
59092.329988391655
59146.28498836339
59244.25498831207
59265.30498830104
59323.12498827075
59522.73998816618
59573.36998813965
59652.219988098346
59695.80498807551
59850.974987994225
60114.23998785631
60156.794987834015
60258.50498778073
60418.904987696704
60495.28998765669
60579.53998761255
60615.68498759362
60803.924987495004
60832.994987479775
61128.924987324746
61388.134987188954
61576.214987090425
61721.35498701439
61819.364986963046
62047.1799868437
62065.80998683394
62089.91498682131
62139.239986795474
62358.664986680524
62415.06498665098
62525.87498659293
62897.60998639819
62973.224986358575
63012.089986338215
63085.30998629986
63198.93998624033
63393.94498613817
63424.479986122176
63452.34498610758
63485.68998609011
63532.11998606579
63760.54998594612
63918.01498586363
64315.03498565564
64386.649985618125
64419.044985601155
64511.95998555248
64533.41998554124
64571.76998552115
64602.789985504896
64712.04998544766
65000.33998529663
65102.45498524314
65146.14498522025
65231.71998517542
65326.789985125615
65363.6599851063
65395.93998508939
65574.07498505147
65686.23498515593
65702.88498517143
66247.84498567897
66317.7749857441
66393.03498581419
66453.90998587088
66538.70498594985
66576.43498598499
66694.92998609535
66820.32998621213
67103.07498647546
67143.13998651278
67167.91998653585
67201.9049865675
67283.02998664306
67345.85498670157
67417.5099867683
67515.34498685942
67575.01498691499
67592.08498693089
67609.12498694676
67633.48498696944
67677.72998701065
67784.47998711007
67811.96498713567
67840.72998716246
67876.43498719571
68034.25498734269
68073.47498737922
68497.75498777436
68523.0349877979
68595.56498786545
68615.27498788381
68687.01498795062
68789.13998804573
68838.79998809198
68869.91998812096
68895.69498814497
69156.05998838745
69228.23498845467
69343.95998856245
69421.28998863447
69610.07998881029
69671.44998886745
69863.97498904675
70034.38998920546
70228.04498938582
70278.85998943314
70331.67498948233
70462.36998960405
70519.48998965725
70836.20498995221
70921.46499003161
71032.32999013487
71192.14999028371
71286.4099903715
71506.12499057612
71710.4349907664
72381.12999139103
72775.00499175786
72831.92999181087
72882.4299918579
72988.55499195674
73032.05999199726
73058.13499202154
73137.29999209527
73162.17499211844
73381.82999232301
73519.10499245086
73576.12499250396
73730.10999264737
73847.10499275633
73947.93499285023
74004.18499290262
74119.39499300992
74144.78499303357
74161.27499304892
74239.97999312222
74350.2249932249
74374.32499324734
74400.73499327194
74419.12999328907
74451.00999331876
74661.10999351443
74863.01499370247
75050.34999387694
75265.89999407768
75433.92499423417
75476.96999427426
75646.69999443233
75687.4649944703
75758.53499453649
75848.32999462012
76081.23999483703
76272.56999501522
76294.9949950361
76317.70499505725
76351.12499508838
76428.39999516035
76555.27499527851
76717.98999543005
76766.98499547568
76796.8649955035
76817.72999552294
76868.7949955705
76894.36999559432
76939.16499563603
76980.00499567407
77021.40999571263
77185.26499586523
77251.97499592736
77299.57499597169
77429.03499609226
77725.69499636855
77869.35499650234
78023.21999664564
78068.72499668802
78154.75999676815
78215.44499682466
78271.81499687716
78330.44999693177
78479.8449970709
78513.85499710258
78535.76499712298
78573.01499715768
78790.88999736059
79084.82499763434
79131.23499767756
79218.1499977585
79359.18499788985
79514.12999803416
79608.8799981224
79649.02499815979
79720.20999822608
79822.83499832166
79873.58499836893
80161.78999863734
80365.1199988267
80504.68499895668
80614.34999905882
80773.57999920711
81035.06999945064
81180.45499958604
81273.05999967229
81288.62499968678
81559.76999993931
81601.15499997785
81680.01000005129
81781.31500014564
81859.30500021827
81963.48000031529
81991.37000034127
82010.5150003591
82113.00000045454
82255.04500058683
82316.86500064441
82337.3650006635
82551.45500086289
82865.63500115549
82907.34000119433
82931.15500121651
82965.14000124816
83023.28500130231
83151.74500142195
83182.64500145073
83374.76500162965
83448.16500169801
83500.48500174674
83603.45500184264
83716.39000194782
83939.5000021556
84002.90500221465
84515.55000269209
84688.98000285361
84756.55500291655
84794.81000295217
84862.1600030149
84933.66000308149
85023.325003165
85085.42500322283
85231.90000335925
85295.3050034183
85381.67000349873
85417.41500353202
85550.12000365561
85701.27000379638
85735.69000382844
85939.25000401802
86248.92000430642
86296.76000435097
86439.595004484
86639.9600046706
86703.50000472978
86835.52500485274
86960.53000496916
87020.00500502455
87631.63500559417
88263.23000618239
88740.44500662683
88794.32000667701
89057.01500692166
89113.01500697382
89157.27500701504
89372.18000721518
89394.67000723613
89425.16000726452
89468.74000730511
89769.57000758528
89878.6900076869
89988.82500778948
90212.720007998
90234.99500801874
90270.78500805207
90333.33500811033
90545.45000830787
90749.32500849775
90958.15500869224
91048.8550087767
91130.29500885255
91390.1950090946
91423.92000912601
91497.16500919423
91644.90000933182
91667.05000935245
91699.57000938273
91734.3250094151
91825.86000950035
91851.3600095241
91888.6150095588
91906.16000957513
91964.7450096297
92312.965009954
92452.19501008367
92553.75001017825
92592.91001021472
92619.56001023954
92696.16001031088
92721.38501033437
92995.82501058996
93219.19001079799
93283.4050108578
93339.68501091021
93362.58001093153
93452.36001101515
93532.57001108985
93700.11001124588
93722.42001126666
93899.98001143202
93981.54001150798
94014.65001153882
94077.83501159766
94111.96501162945
94261.51001176873
94306.27001181041
94335.87001183798
94425.27001192124
94603.01501208678
94668.19001214748
94818.46501228743
94847.57001231454
94888.99501235312
94916.15501237841
94989.4800124467
95032.39001248666
95357.9950127899
95382.40001281264
95460.34501288523
95527.745012948
95575.30001299229
95614.5000130288
95850.01501324814
95891.57001328684
95950.34501334158
96044.73501342948
96185.4150135605
96225.20001359755
96389.06001375016
96413.01001377247
96438.55001379625
96714.00001405278
96841.16501417122
96860.97501418967
97018.01501433592
97122.65501443337
97227.84001453134
97246.77501454897
97400.33001469198
97426.08001471596
97475.22001476173
97665.65501493908
97830.53001509263
98027.01501527563
98053.23001530004
98101.44001534494
98165.4950154046
98279.24001551053
98297.94001552794
98376.23501560086
98405.4850156281
98453.81001567311
98544.82001575787
98564.94501577661
98631.92501583899
98728.19501592865
98811.27501600602
98895.85001608479
98955.70501614054
98993.74001617596
99166.59501633694
99247.70001641248
99272.3150164354
99294.83501645637
99352.12501650973
99429.26001658157
99456.29001660674
99598.45501673914
99656.21001679293
99726.63001685851
99833.7700169583
100201.4300173007
100239.02501733572
100440.79501752363
100467.8200175488
100501.19501757988
100570.8900176448
101332.73501835432
101405.43001842202
101432.09001844685
101501.98501851194
101759.35001875163
101911.69501889352
101959.52001893806
102035.2700190086
102104.64501907321
102134.41501910094
102422.61001936934
102560.40501949767
102585.29001952085
102689.14001961757
102751.15001967532
102779.20001970144
102803.3200197239
102840.54001975857
103004.7450199115
103062.5200199653
103168.50502006401
103311.1900201969
103364.3400202464
103394.82502027479
103421.56502029969
103450.19002032635
103477.88502035214
103592.0900204585
103751.58002060704
103934.51002077741
103981.4250208211
104160.64502098801
104191.4500210167
104229.92502105254
104258.92002107954
104499.99502130406
104546.59502134746
104639.10502143361
104758.35502154467
104803.44502158667
104842.15002162271
105095.98002185911
105228.69002198271
105376.95002212079
105522.53002225637
105546.57002227876
105731.39502245089
105782.26502249826
105842.92502255476
106003.87502270465
106027.71002272685
106079.20502277481
106106.02502279979
106219.13002290513
106282.18002296385
106526.23502319114
106675.74002333038
106706.72002335923
106818.61002346344
106991.88502362481
107017.04002364824
107046.02002367523
107160.32502378168
107451.09502405248
107534.1100241298
107860.76502443402
107981.39002454636
108009.76502457279
108133.99502468848
108172.51002472435
108551.28002507711
108790.6100253
108810.95002531895
108837.73502534389
109139.11502562457
109415.71502588218
109498.36502595915
109597.71002605167
109718.4200261641
109766.33502620872
109796.15002623649
109813.62002625276
109870.43002630566
110021.34502644622
110230.66502664116
110319.42002672382
110386.88002678665
110428.6000268255
110523.0850269135
110553.66502694198
110616.22002700024
110636.03502701869
110661.58502704249
110756.10502713051
110786.53002715885
110845.12002721342
111112.91502746282
111189.32002753398
111240.21502758138
111285.38502762344
111457.15502778342
111519.04002784105
111753.10502805904
111885.74002818257
111901.25002819701
111958.06502824993
112026.53002831369
112064.09002834867
112146.93502842583
112470.98502872762
112536.1450287883
112612.30002885923
112682.40502892452
112747.38002898503
112777.10502901272
112989.2600292103
113128.01002933952
113183.85002939153
113221.0800294262
113288.28502948879
113410.37002960249
113440.50502963056
113467.16502965539
113683.19502985658
113724.95002989547
113869.65503003023
114609.65003071941
114782.7300308806
115055.30503113446
115083.55003116076
115206.22503127501
115627.19503166707
115680.36503171659
115843.51503186853
115958.19003197533
116058.35503206862
116115.23503212159
116172.22003217466
116214.40503221395
116284.0400322788
116304.36003229773
116404.52503239101
116423.13503240835
116710.99003267643
116782.40003274294
116809.28003276797
116939.235032889
117025.75003296958
117080.71503302077
117227.14003315713
117394.34003331285
117486.13503339834
117517.04003342713
117596.9050335015
117678.36003357737
117715.28503361176
117973.36503385211
117993.37503387075
118096.44003396673
118209.1400340717
118588.26503442478
118696.32003452542
118947.0250347589
119002.48503481055
119029.21003483544
119057.00003486132
119232.88003502513
119327.91503511363
119355.87503513967
119386.1900351679
119455.26503523224
119589.37503535714
119670.20003543241
119772.80503552797
119795.74003554933
119931.05503567535
119969.55503571121
120043.05503577966
120217.82503594243
120341.4950360576
120363.44503607805
120643.01003633841
120671.03003636451
120763.92503645102
121007.7550366781
121048.17503671575
121120.86003678344
121182.79503684113
121288.3200369394
121523.63503715856
121653.97503727995
121859.7600374716
121883.89503749408
121961.28003756615
122162.3400377534
122207.70003779564
122239.60503782536
122335.46003791463
122426.1650379991
122594.23503815563
122662.28503821901
123015.88503854832
123092.94503862009
123200.39503872016
123228.94003874675
123364.22503887274
123397.3550389036
123435.2650389389
123540.61503903702
123624.95003911556
123672.28003915964
123708.98503919382
123739.7700392225
123766.71503924759
123959.10003942676
124065.68503952603
124125.26503958151
124316.65003975976
124338.29503977991
124406.70003984362
124619.56004004186
124751.60004016483
124910.13004031248
124986.8200403839
125077.0150404679
125213.490040595
125261.2750406395
125312.62004068732
125375.0800407455
125474.86504083843
125502.87504086451
125521.41004088178
125547.9550409065
126022.94504134887
126389.18004168995
126571.54504185979
126649.47504193237
127151.25004239968
127209.41504245385
127263.50004250422
127285.79504252499
127371.0650426044
127443.40004267177
127493.54504271847
127654.26504286815
127694.62504290574
127726.71004293562
127852.45504305273
127906.66504310322
128057.25504324347
128093.44504327717
128197.72004337428
128432.53504359297
128528.125043682
128584.44504373445
128648.37004379398
128698.72504384088
128730.04504387005
128954.67504407925
129050.75504416873
129183.05004429194
129284.8950443868
129400.69004449464
129428.90504452091
129466.99004455638
129502.42504458938
129541.36504462565
129865.35504492739
130261.02504529589
130280.70004531421
130315.64504534676
130826.39004582242
130851.57504584588
130896.46004588768
130929.24504591821
130979.52504596504
131051.14504603174
131235.95004620386
131320.30504628242
131363.62004632276
131418.13504637353
131482.08004643308
131505.84504645522
131781.96504671237
132121.66004702874
132172.77004707634
132585.94004746113
132623.98004749656
132928.50004778017
132991.71504783904
133018.03004786355
133048.39004789182
133078.1150479195
133262.06004809082
133283.1900481105
133305.8650481316
133470.0400482845
133693.4750484926
133714.310048512
133787.71504858037
133877.90504866437
133901.47004868631
133979.13004875864
134160.15004892723
134272.26504903164
134290.92504904902
134322.87004907877
134366.55504911946
134573.46504931216
134609.10004934535
134703.07004943286
134838.23504955875
134892.4050496092
134939.89004965342
135061.9550497671
135214.26504990895
135513.3550501875
135686.06505034835
135765.2650504221
136032.80005067127
136054.36005069135
136163.37005079287
136210.68005083693
136245.77505086962
136287.97505090892
136384.54505099886
136597.66505119734
136729.63005132024
136853.00505143515
136897.44005147653
137057.36005162547
137175.32505173533
137276.50005182956
137305.78005185683
137337.17505188606
137365.00505191198
137575.73505210824
137599.15505213005
137632.94005216152
137683.88005220896
137714.76505223772
137867.34005237982
137923.42005243205
138014.05505251646
138060.09005255933
138258.03505274368
138292.70505277597
138440.10505291325
138467.26505293854
138746.925053199
138781.4900532312
138803.26505325147
138945.72005338414
139121.69005354802
139160.6500535843
139425.71005383116
139467.49505387008
139564.41505396034
139647.77005403797
139713.68005409936
139799.67005417944
140300.03005464544
140320.05005466408
140343.49505468592
140374.99505471525
140528.66005485837
140562.69505489006
140659.63005498034
140806.85005511745
141028.13005532353
141075.58505536773
141105.80005539587
141142.70505543024
141220.05505550228
141322.15005559736
141413.2500556822
141434.42005570192
141585.13005584228
141961.83505619311
142161.8500563794
142239.57005645178
142588.41505677666
142655.7750568394
142773.9000569494
142860.7450570303
142950.0950571135
143091.20505724492
143208.6450573543
143361.95005749707
143493.56005761964
143589.56505770906
143824.50505792786
143955.29505804967
144013.68005810404
144162.74505824287
144227.2100583029
144260.4950583339
144542.27505859634
144811.8650588474
144965.95005899091
145069.92005908774
145167.84505917894
145209.74005921796
145496.2600594848
145592.1300595741
145814.02505978075
146131.060060076
146201.77006014186
146357.56506028696
146490.94006041117
146524.71006044262
146604.48006051691
146875.150060769
147030.55506091373
147072.88006095315
147107.87506098574
147223.17506109312
147264.33006113145
147326.52506118937
147349.40006121068
147409.4350612666
147458.3100613121
147759.25006159238
147974.51506179286
148004.70006182097
148045.72506185918
148170.34006197524
148439.97006222635
148522.88006230356
148555.8750623343
148722.56006248953
148830.56506259012
148871.82006262854
148936.89506268915
149001.88506274967
149042.77506278775
149080.9550628233
149143.24006288132
149191.9600629267
149251.51006298215
149272.52506300173
149361.64006308472
149442.71006316022
149784.8750634789
149876.4650635642
150165.7450638336
150201.77006386715
150251.36006391334
150282.60006394243
150335.23506399145
150420.8750640712
150755.04006438243
150782.7100644082
150848.45006446942
150986.96006459842
151257.8450648507
151288.03506487882
151509.77006508532
151528.26506510255
151628.79006519617
151644.8300652111
151667.41006523214
151714.35006527585
151750.0650653091
151960.12006550474
152026.84006556688
152083.81006561994
152143.00006567506
152238.500065764
152321.47006584128
152457.24006596772
152498.83006600646
152568.15006607102
152621.52006612072
152652.13506614923
152796.78506628395
152860.76006634353
152988.68506646267
153017.58006648958
153057.1200665264
153175.69006663683
153224.9300666827
153269.88006672455
153317.2750667687
153343.51506679313
153364.4200668126
153401.74006684736
153450.58506689285
153485.81506692566
153643.97006707295
153673.24506710022
153752.32506717386
153811.48506722896
153872.38506728568
153895.03006730677
154024.54006742738
154084.93506748363
154197.82506758877
154358.03506773798
154599.09006796248
154793.62006814365
155137.77506846417
155272.9900685901
155329.60506864282
155498.65506880026
155601.62506889616
155652.19006894325
155672.38506896206
155692.23506898055
155717.8450690044
155859.29006913613
156035.58506930032
156261.25006951048
156498.65006973158
156535.90506976628
156564.76006979315
156683.74006990396
156721.4650699391
156830.0350700402
156979.94507017982
157057.17007025174
157192.4050703777
157294.23007047252
157342.8550705178
157441.57007060974
157480.69507064618
157539.6550707011
157653.67007080727
157832.95007097424
157871.47507101012
157945.69507107924
157985.72507111653
158115.46507123736
158177.31507129496
158288.22507139825
158430.38007153064
158599.38007168804
158720.22007180058
158763.98507184134
158791.27007186675
158871.08507194108
158966.1300720296
158987.09007204912
159015.67507207574
159074.1600721302
159410.3250724433
159570.8700725928
159590.04007261066
159613.41507263243
159713.875072726
159805.165072811
159903.23507290235
159924.94507292256
159978.40507297235
160036.13507302612
160091.39007307758
160159.89507314138
160215.24007319292
160240.95007321687
160599.45507355075
160681.0050736267
160812.2100737489
161104.0700740207
161269.32507417462
161337.85007423843
161554.54507444025
161625.60507450643
161873.3800747372
161928.23507478827
161987.37007484335
162133.43507497938
162156.71007500106
162314.500075148
162403.01007523044
162429.62007525522
162586.66007540148
162641.96007545298
162673.69007548253
162725.07007553038
162760.89507556375
163010.1800757959
163056.40507583896
163091.95007587207
163194.48007596756
163229.4150760001
163317.7800760824
163354.99507611705
163377.55007613805
163426.91507618403
163461.62007621635
163510.7350762621
163720.38507645734
163912.7450766365
163967.17007668718
164061.86507677537
164088.39507680008
164161.0050768677
164215.020076918
164254.13507695444
164485.09007716953
164712.23007738107
165036.6400776832
165143.23507778248
165176.56507781352
165244.730077877
165317.37507794466
165469.96507808677
165578.650078188
165644.150078249
165725.95007832517
165814.3650784075
165899.8250784871
166166.45007873542
166210.4400787764
166257.94507882063
166488.35507903522
166577.3600791181
166774.86507930205
166835.42007935845
166855.93507937755
166903.17007942154
166958.28507947287
167001.42507951305
167041.35007955023
167088.7750795944
167114.3150796182
167137.70507963997
167165.0100796654
167195.52507969382
167219.47507971613
167609.3350800792
167673.2100801387
167698.10008016188
167756.4400802162
167885.02008033596
167979.15008042363
168059.60508049856
168079.78508051735
168112.88508054818
168157.60008058982
168446.70008085907
168727.26008112036
168874.35508125735
168972.4400813487
169239.07008159702
169507.1650818467
169853.8750821696
169896.15008220897
169921.78508223285
170064.6350823659
170084.8250823847
170115.7450824135
170136.3750824327
170156.7750824517
170267.45008255477
170303.73508258857
170351.49008263304
170414.72008269193
170463.4300827373
170515.12508278544
170610.08008287387
170747.05008300144
171030.33508326526
171147.32008337422
171217.0000834391
171409.4050836183
171437.62508364458
171683.50008387357
172003.7250841718
172027.4550841939
172417.06008455675
172447.95508458553
172664.09508478682
172735.5750848534
172940.15008504392
172961.87008506415
173172.51008526032
173287.23508536717
173481.16508554778
173520.43508558435
173547.78008560982
173591.86508565088
173950.56508598494
174125.39008614776
174192.34508621012
174517.1300865126
174747.27008672693
174771.52008674952
174816.01508679095
175074.98008703213
175136.2550870892
175392.5600873279
175664.90508758154
175833.72508773877
176051.00508794113
176086.14008797385
176608.76008846058
176633.24508848338
176658.10508850653
176691.33508853748
176716.2750885607
176811.63008864952
177038.00008886034
177088.0000889069
177125.0300889414
177249.62008905743
177343.645089145
177387.43508918578
177522.05508931115
177708.65008948493
177772.91008954478
177928.48508968967
178120.03508986806
178289.4100900258
178366.69009009778
178785.72009048803
178817.76009051787
178988.2100906766
179117.95509079745
179250.87009092123
179324.18509098951
179459.63509111566
179576.25509122427
179644.19509128755
179677.1050913182
179724.10009136196
179857.85009148653
179935.62009155896
180045.54009166133
180131.21009174112
180240.45009184285
180314.55009191186
180344.89009194012
180383.93009197648
180463.70009205077
180562.56509214285
180611.42009218835
180809.83009237313
180959.7050925127
180980.28009253187
181048.34009259526
181129.54009267088
181651.43509315694
181673.16509317717
181723.72509322426
181794.48509329016
181898.42009338696
181937.04009342293
181969.89509345352
182098.96509357373
182190.89509365935
182375.72509383148
182448.24509389902
182476.7800939256
182507.25009395398
182534.3200939792
182643.05009408045
182674.11009410938
182699.44009413297
182972.27009438706
183029.72509444057
183178.88509457948
183201.37509460043
183246.5400946425
183292.15009468497
183478.9050948589
183725.4250950885
183827.40509518347
183976.155095322
184092.8600954307
184129.12009546446
184522.71009583102
184549.0100958555
184782.14009607263
184839.53009612608
185086.8400963564
185337.5400965899
185372.63509662257
185469.00009671232
185656.95509688737
185749.52509697358
186036.07509724045
186068.42009727057
186147.21509734396
186369.25509755075
186409.82509758853
186452.38009762816
186553.27009772212
186582.3550977492
186864.3150980118
186904.06009804882
186921.45009806502
187251.5000983724
187457.7500985645
187562.07009866164
187717.76509880665
187837.50509891816
187972.92509904428
188018.27509908652
188236.8550992901
188260.23009931186
188353.31509939855
188580.2600996099
188687.11509970942
188948.27009995264
188975.55509997805
188997.79009999876
189143.78010013473
189326.0701003045
189492.15510045917
189581.75010054262
189739.54510068957
189913.48510085157
189970.19510090438
190013.30510094453
190137.03010105976
190293.21510120522
190471.37010137114
190682.745101568
190705.6301015893
190730.61010161258
191081.08010193898
191172.88010202447
191294.01010213728
191395.33010223164
191437.10010227055
191480.23510231072
191529.97510235704
191582.0201024055
191894.98010269698
191917.4351027179
192003.81010279834
192037.88010283007
192215.5151029955
192264.21010304085
192405.20510317216
192425.88010319142
192589.77510334406
192677.40510342567
192765.34010350757
192928.39510365942
193019.83010374458
193049.13010377187
193259.05510396737
193300.69510400615
193329.6401040331
193350.6651040527
193372.5651040731
193425.49510412238
193449.96510414517
193686.1251043651
193739.690104415
193762.8701044366
193818.45510448836
193837.89510450646
193863.74010453053
193895.88010456046
194178.16010482336
194208.54510485166
194305.3301049418
194399.54010502953
194422.99510505138
194530.21010515123
194583.20010520058
194639.0601052526
194697.10010530666
194795.03010539786
194814.46010541596
195016.77510560438
195070.02010565397
195181.02510575735
195283.25010585255
195483.38010603894
195583.8351061325
195763.1601062995
195785.7001063205
195816.86510634952
195888.29510641604
195918.57010644424
195969.4201064916
196293.20010679314
196346.60510684288
196362.35010685754
196380.74510687467
196471.7051069594
196558.77010704047
196624.67510710185
196650.32010712574
196806.04510727077
196903.12510736118
196982.30510743492
197101.51510754594
197170.88010761054
197221.0851076573
197260.2601076938
197326.25010775524
197427.93010784994
197483.6051079018
197539.52510795387
197607.92510801757
197711.73510811426
197743.7901081441
197779.2101081771
197863.09010825522
197916.20010830468
197974.25510835875
198197.6551085668
198344.57010870363
198393.79510874947
198482.92510883248
198508.43510885624
198533.43510887952
198621.19010896125
198709.14510904317
198777.3551091067
198868.71010919177
199082.01510939043
199253.93510955054
199378.1201096662
199493.05510977324
199568.87010984385
199733.9701099976
199892.90011014562
200003.6701102488
200084.82011032436
200213.62011044432
200255.8151104836
200290.83011051622
200323.17011054634
200462.1801106758
200528.16011073726
200656.6301108569
200940.5151111213
201108.53511127777
201143.96511131077
201205.2951113679
201238.55011139886
201272.15511143015
201304.13511145994
201473.840111618
201562.46511170053
201597.58511173323
201617.2951117516
201742.41511186812
201776.78011190012
201891.94511200738
201935.26011204772
202095.04011219653
202137.12011223572
202298.99511238647
202449.1451125263
202528.1751125999
202603.9751126705
202668.5051127306
202772.42011282739
202871.87011292
203074.64011310885
203132.4751131627
203183.77011321048
203301.96511332056
203399.9201134118
203859.9301138402
203947.18511392147
204203.23511415994
204225.9651141811
204299.12511424924
204564.3051144962
204588.4501145187
204612.90511454147
204796.38511471235
204827.21011474106
204905.82011481427
205015.24511491618
205108.0401150026
205244.9351151301
205266.2001151499
205299.51011518092
205328.10011520755
205347.95511522604
205460.70511533105
205517.22011538368
205593.96011545515
205649.46511550684
205707.00511556043
205806.26011565287
205883.43511572474
205915.920115755
205962.26511579816
206356.10511616495
206394.1751162004
206422.9501162272
206444.68511624745
206710.8051164953
206748.27011653018
206788.36011656752
206841.19011661672
206871.79011664522
206912.365116683
206934.1401167033
207056.90011681762
207219.95011696947
207276.73511702236
207347.6351170884
207478.16011720995
207505.77011723566
207583.3351173079
207798.81011750858
207824.10511753213
207920.96511762234
207982.72511767986
208143.06011782918
208207.8151178895
208408.23511807615
208589.2101182447
208736.3351183817
208829.80011846876
208904.01011853787
208935.7101185674
209012.24511863868
209225.07011883688
209547.0001191367
209584.41511917155
209649.67011923232
209855.5801194241
210051.38511960645
210284.47511982353
210478.64512000437
210708.95012021885
210771.22512027685
210796.32012030022
210819.3851203217
210865.60012036475
210940.02512043406
211137.69512061815
211169.55012064782
211255.4351207278
211302.81512077193
211345.66512081184
211436.2401208962
211484.61512094125
211848.43012128008
211954.650121379
212132.18512154435
212184.36512159294
212266.7751216697
212343.4451217411
212578.56012196006
212869.51512223104
212899.18012225867
212950.38012230635
213084.8551224316
213251.91512258718
213342.2451226713
213507.45512282517
213527.71512284403
213784.76012308343
213871.97512316465
213905.91512319626
213972.200123258
214197.84012346814
214303.79512356682
214481.12512373197
214578.90512382303
214609.93012385193
214846.18012407195
214872.05512409605
214896.4701241188
214928.35012414848
215117.00512432418
215148.96012435394
215189.57012439176
215234.05012443318
215257.9151244554
215409.13512459624
215901.20512505452
216233.1901253637
216511.9401256233
216718.07012581528
216766.24012586015
216910.05012599408
217079.02512615145
217098.58012616966
217393.20512644405
217488.1651265325
217736.46512676374
217755.44512678141
217806.70012682915
217841.47512686154
217993.19512700284
218157.25512715563
218452.84512743092
218497.7051274727
218521.78512749512
218543.73012751556
218578.06512754754
218639.39512760466
218658.2251276222
218865.41512781515
218918.0751278642
219041.5451279792
219078.57512801368
219251.00012817426
219275.3251281969
219552.67512845522
219619.95512851787
219783.8301286705
219810.86512869567
219834.55512871774
219994.96512886713
220030.18012889993
220054.46012892254
220109.73512897402
220423.1451292659
220766.99512958614
220911.28012972052
220934.7751297424
221088.67012988572
221235.19013002218
221426.2301302001
221474.63513024518
221666.55513042392
221691.5451304472
221715.95013046992
221810.9651305584
222030.14513076254
222149.53513087373
222180.19013090228
222305.66013101913
222504.85013120464
222586.0951312803
222635.33013132616
222802.665131482
222843.8901315204
222911.77513158362
222948.73013161804
223198.93513185106
223236.445131886
223672.2851322919
223773.89013238653
224200.91013278422
224224.67013280635
224286.18013286364
224489.13013305265
224777.63513332134
224848.06513338693
224887.94013342407
224910.5351334451
225177.85513369407
225255.43013376632
225317.8901338245
225510.04013400344
225530.67013402266
225568.49013405788
225598.86013408616
225655.605134139
225701.6551341819
225740.13513421774
225969.82013443165
225986.37013444706
226060.31513451593
226096.66013454978
226117.57513456926
226189.15513463592
226493.68513491953
226538.99013496173
226645.53513506096
226696.85513510875
226745.7551351543
226830.6901352334
226851.67013525293
226882.85513528198
227002.35013539327
227107.27013549098
227131.90013551392
227160.31513554038
227191.4801355694
227309.65013567946
227335.54013570357
227520.51513587584
227553.27013590635
227639.26513598644
227731.83513607265
227767.04513610544
227813.0551361483
227937.9351362646
228004.0851363262
228111.6701364264
228377.48013667396
228426.5001367196
228581.27513686375
228678.21013695403
228748.33513701934
228768.1451370378
228793.6101370615
228820.0251370861
229033.46013728488
229127.83513737278
229158.9051374017
229200.7651374407
229254.32513749058
229290.59013752436
229315.50013754755
229381.85513760935
229644.0001378535
229673.08013788058
229722.8151379269
229882.63513807574
230215.25513838552
230324.79013848753
230371.33013853087
230399.51013855712
230439.08513859397
230523.87013867294
230686.84513882472
230759.22013889212
230856.78013898298
230917.54013903957
230990.1551391072
231075.49013918667
231217.7801393192
231417.43513950513
231510.12513959146
231610.43513968488
231737.84013980353
231928.23013998085
231968.39014001825
232044.34014008899
232134.91514017334
232380.1201404017
232976.39014095702
233241.40514120384
233264.04514122492
233399.8501413514
233500.81014144543
233535.50014147774
233911.32514182775
233969.60514188203
234337.2101422244
234489.1651423659
234551.81014242425
234577.91014244856
234725.55014258606
234818.67014267278
234846.14514269837
234950.58514279564
235048.2601428866
235301.20014312217
235613.3801434129
235686.67014348117
235719.69014351192
235905.530143685
235925.4951437036
235998.8401437719
236091.74514385842
236145.4051439084
236263.06514401798
236347.3751440965
236575.2101443087
236592.24514432455
236647.67514437618
236688.9451444146
236759.16014448
236893.43514460506
236973.11014467926
237012.11014471558
237039.77514474135
237120.52014481655
237153.220144847
237401.52014507825
237550.6201452171
237631.17514529213
237756.86014540918
237851.39014549722
237946.0701455854
238134.22014576063
238158.72014578345
238376.33514598612
238438.89514604438
238655.0551462457
238678.95514626795
238776.715146359
238818.66014639806
238893.6551464679
239262.9051468118
239290.57514683757
239362.07514690416
239426.70514696435
239490.3301470236
239526.45514705725
239578.94014710613
239660.79014718236
240026.07014752255
240295.61514777358
240323.25514779933
240345.95514782047
240375.82514784829
240413.3201478832
240443.25014791108
240471.91514793778
240567.85514802713
240603.30514806014
240704.67014815455
240785.1651482295
240841.23014828173
240864.6201483035
240881.4701483192
240928.02014836256
240961.5551483938
240984.8701484155
241027.09514845483
241071.81514849648
241362.47014876717
241447.67514884652
241561.92014895292
241623.21514901
241682.0451490648
241714.50514909503
241779.13014915521
241897.8701492658
242137.82514948928
242174.44514952338
242386.58514972095
242414.0201497465
242506.01514983218
242558.7551498813
242631.1201499487
242807.7651501132
242865.71015016717
242973.69015026774
243050.44015033921
243085.3151503717
243154.4801504361
243281.3851505543
243553.06015080732
243602.91515085375
243664.33015091094
243711.36015095474
243742.2351509835
243891.13515112217
243969.2151511949
244031.7051512531
244185.92515139672
244264.68015147006
244285.6601514896
244375.06515157287
244689.6001518658
244778.78015194886
244885.81015204854
244911.04015207203
244997.70015215274
245461.6151525848
245517.94515263726
245579.4051526945
245614.99515272764
245638.8901527499
245702.05015280872
245733.10515283764
245770.92515287286
245836.7801529342
245991.9501530787
246021.84015310655
246127.48015320493
246310.71015337558
246357.81015341944
246381.52015344152
246521.53015357192
246648.57015369023
246698.92015373713
246943.43015396484
247103.98015411437
247148.49015415582
247174.25515417982
247225.6701542277
247252.845154253
247295.42015429266
247319.10515431472
247343.035154337
247573.94515455206
247603.60015457968
248066.0751550104
248257.35515518853
248275.4701552054
248479.60515539552
248679.7401555819
248756.7051556536
248777.71015567315
248806.1001556996
248826.3901557185
248920.9851558066
249058.31015593448
249089.92515596392
249198.6851560652
249336.49515619356
249506.31515635172
249551.66015639395
249596.13015643536
249667.2401565016
249906.43515672436
249959.45015677373
250132.85515693523
250524.4201572999
250685.07515744952
250766.7751575256
250815.57015757106
250990.6251577341
251034.05015777453
251196.99015792628
251231.7001579586
251340.60015806003
251569.30515827303
251666.4451583635
251854.07015853823
251875.58515855827
251961.69515863847
252013.84515868704
252182.95515884453
252212.04515887162
252303.8301589571
252334.69015898585
252400.97015904757
252438.71515908273
252637.50515926786
252661.95015929063
252701.88015932782
252745.85515936877
252770.55015939177
252935.6251595455
252979.7351595866
253014.3251596188
253048.97515965108
253225.80015981576
253248.67515983706
253346.0051599277
253497.68016006897
253580.58516014618
253786.04516033753
253841.5351603892
253981.17016051925
254052.4051605856
254175.5801607003
254293.21016080986
254638.37016113132
254678.45016116864
254760.30516124488
254831.6351613113
254864.68016134208
254883.94516136002
254952.630161424
255075.28016153822
255118.3101615783
255240.15016169177
255300.14516174764
255321.2401617673
255383.14016182494
255455.60516189242
255577.9801620064
255606.04016203253
255646.9201620706
255721.20016213978
255749.22516216588
255823.9651622355
255875.9451622839
255914.51516231982
256067.20516246202
256154.34016254317
256184.25516257103
256258.57016264024
256401.05016277294
256452.72016282106
256485.8401628519
256594.37016295298
256685.46516303782
256746.9601630951
256784.9651631305
257036.29016336455
257101.39016342518
257160.87516348058
257291.92016360263
257374.28016367933
257393.70016369742
257505.30516380136
257709.2501639913
257769.14016404707
257844.57016411732
257875.0351641457
257911.79016417993
258044.1651643032
258155.8301644072
258214.70516446204
258258.33016450267
258362.88516460004
258609.4651648297
258678.58016489405
258793.49016500107
259223.38516540144
259280.0351654542
259342.44516551233
259366.6951655349
259488.68016564852
259537.6101656941
259632.69516578264
259673.25516582042
259779.39516591927
259998.5651661234
260041.36016616324
260218.56016632827
260261.73016636848
260288.45016639336
260578.78516666376
260645.37016672577
260864.31516692968
261111.86016716022
261170.29516721464
261255.99016729445
261570.59016758745
261656.5601676675
261746.2951677511
261810.81016781117
262042.95016802737
262109.96516808978
262128.6751681072
262150.95016812795
262625.96016857034
262643.59516858676
262663.64016860543
262684.0901686245
262894.18516882014
263025.1151689421
263056.0451689709
263424.0451693136
263446.3401693344
263463.8951693507
263479.7301693655
263607.48016948445
263637.9451695128
263674.1301695465
263882.8101697409
263988.150169839
264086.91516993096
264127.5501699688
264165.1001700038
264263.9351700958
264421.1151702422
264464.01017028216
264562.9401703743
264660.81517046544
264747.3901705461
264802.12017059705
265015.14017079544
265072.94017084927
265128.21517090074
265290.9701710523
265682.9851714174
265822.59517154744
265847.4751715706
265980.9401716949
266078.755171786
266190.1751718898
266269.7851719639
266347.8401720366
266445.61517212767
266515.28017219255
266747.43517240876
266792.820172451
266827.95017248375
266952.27517259953
267016.4701726593
267196.15517282666
267278.17517290305
267340.7101729613
267404.840173021
267556.1201731619
267825.14517341246
268016.855173591
268116.75517368404
268214.1051737747
268262.6401738199
268283.9751738398
268324.10517387715
268488.8901740306
268673.8001742028
268887.5401744019
269062.7901745651
269216.3301747081
269266.5001747548
269315.38517480035
269400.95517488004
269456.14517493144
269599.17017506465
269866.1901753133
269946.11517538776
269978.6851754181
270060.0551754939
270108.21517553873
270136.9451755655
270245.1901756663
270293.90017571166
270410.51517582027
270666.4051760586
270692.03017608245
270746.9351761336
270810.45017619274
271021.2651763891
271052.68017641833
271083.470176447
271194.65017655055
271213.0801765677
271261.6001766129
271381.8401767249
271451.49017678975
271618.36517694517
271639.19017696456
271806.8601771207
271866.9701771767
271999.63017730025
272101.5851773952
272140.40517743136
272169.91017745883
272263.04017754557
272295.45517757576
272359.5851776355
272399.3451776725
272759.2451780077
272807.3701780525
272845.2801780878
272884.83017812466
272969.7251782037
273025.0851782553
273131.1701783541
273155.64017837687
273226.61517844297
273247.6801784626
273276.8851784898
273398.5751786031
273563.0551787563
273595.85017878684
273704.5701788881
273731.4301789131
273987.33517915144
274013.09017917543
274216.4251793648
274283.1251794269
274389.25517952576
274527.98517965496
274776.030179886
275056.0001801467
275132.6401802181
275421.55018048716
275485.0651805463
275522.4251805811
275672.630180721
275775.1751808165
276101.96018112084
276309.94518131454
276486.81018147926
276553.3951815413
276572.36018155894
276594.95518158
276613.4551815972
276638.975181621
276708.2701816855
276799.9751817709
276865.10018183157
276913.0151818762
276941.32018190256
277004.050181961
277050.08018200385
277615.7901825307
277736.1451826428
277906.9701828019
277948.69518284075
278439.1151832975
278716.8251835561
278741.9451835795
278768.3151836041
278883.71518371155
278918.2351837437
278990.33018381085
279196.81518400315
279289.78518408973
279346.6501841427
279430.3951842207
279491.25018427736
279556.1151843378
279603.8051843822
279715.45518448617
279834.0101845966
279874.170184634
279992.9151847446
280118.3301848614
280383.53518510837
281012.8901856945
281043.23018572276
281107.31018578244
281183.34018585325
281261.7751859263
281817.0351864434
282118.0701867238
282151.1401867546
282183.2701867845
282260.7001868566
282290.9701868848
282387.840186975
282457.99018704036
282477.2601870583
282562.67018713785
282639.35518720926
282672.36018724
282694.885187261
282722.1801872864
282821.98018737935
282851.27518740663
283001.1451875462
283043.91018758604
283283.325187809
283416.2351879328
283550.83018805814
283581.53018808673
283622.58018812496
283652.83518815314
283676.5001881752
283727.3851882226
283805.31018829515
283964.1701884431
284047.22018852044
284186.2301886499
284282.97518874
284374.9651888257
284397.3201888465
284431.94518887874
284461.225188906
284483.5701889268
284511.43018895277
284619.31518905325
284738.9951891647
284771.70018919517
284792.42018921446
284940.2051893521
284962.1101893725
285052.13518945634
285077.58018948004
285139.2851895375
285169.2551895654
285405.4701897854
285439.7101898173
285576.7251899449
285734.5501900919
286127.48519045784
286198.500190524
286308.030190626
286351.8401906668
286469.2351907761
286548.84019085026
286572.200190872
286726.5651910158
287003.5101912737
287188.8251914463
287385.81019162975
287439.0301916793
287520.48019175517
287562.43019179424
287613.88019184215
287695.0001919177
287749.29519196827
287946.1551921516
287993.57019219577
288166.2801923566
288249.5751924342
288352.2551925298
288404.1001925781
288438.39519261004
288801.7301929484
288962.1201930978
288987.3401931213
289008.26019314077
289090.3551932172
289204.4451933235
289458.37019355997
289531.5001936281
289611.04019370215
289643.5351937324
289690.2301937759
289746.4051938282
289774.105193854
289793.7351938723
289897.1051939686
289927.55519399693
290122.3901941784
290248.3801942957
290408.640194445
290429.2901944642
290567.95519459335
290896.5951948994
291030.385195024
291057.6351950494
291110.2251950984
291137.9651951242
291185.12519516813
291206.0201951876
291253.97519523225
291373.91519534396
291665.52019561554
291693.99019564205
291712.5401956593
291853.00519579015
291936.21019586764
291983.92019591207
292374.08519627544
292399.63019629923
292465.0201963601
292547.85019643727
292565.53519645374
292829.0101966991
293308.9251971461
293410.3301972405
293436.98519726534
293709.7501975194
293744.5951975518
293838.8151976396
294188.50519796525
294257.00019802904
294351.435198117
294460.17019821826
294590.95519834006
294619.95519836707
294653.2751983981
294686.3701984289
294757.82019849546
294814.0251985478
295126.72519883903
295172.9951988821
295212.6751989191
295347.2651990444
295482.2251991701
295521.9551992071
295551.52519923466
295593.91519927414
295646.385199323
295683.4451993575
295717.7551993895
295739.61519940983
295934.64019959146
296103.9251997491
296132.29019977554
296187.4251998269
296422.53020004585
296822.84520041867
297032.1602006136
297284.10520084825
297326.84520088806
297486.2502010365
297643.0002011825
297797.55020132643
297835.2152013615
297874.7202013983
297905.8852014273
298399.84020188736
298417.55020190385
298464.8302019479
298499.33520198
298535.5752020138
298650.5002021208
298780.630202242
298872.2352023273
299083.90020252444
299161.98020259716
299234.99520266516
299329.56020275323
299528.35020293837
299638.8752030413
299683.8502030832
299724.3552031209
299763.16020315705
299802.820203194
299902.4002032867
299929.69020331214
300164.61020353093
300189.6952035543
300341.60520369577
300513.15520385554
300548.8702038888
300678.86020400986
300939.2752042524
301165.05020446266
301491.47520476667
301545.23020481673
301887.3702051354
301947.89020519174
301965.325205208
302173.69020540203
302222.0552054471
302439.55520564964
302462.44020567095
302758.2052059464
302846.1302060283
303178.7602063381
303259.78520641354
303475.9952066149
303502.1702066393
303530.1352066653
303566.9602066996
303651.49020677834
303863.47020697576
303980.50520708476
304071.86520716985
304095.8452071922
304119.6852072144
304142.4752072356
304185.6252072758
304429.09520750254
304588.89520765137
304635.0252076943
304704.1202077587
304760.55020781123
304927.23020796647
304956.9252079941
305092.5952081205
305127.46520815295
305211.4002082311
305238.115208256
305372.1102083808
305440.1752084442
305529.0002085269
305708.57020869415
305772.7052087539
306322.64520926605
306405.95020934363
306572.6902094989
306689.9452096081
306723.15520963905
306748.1152096623
306765.15520967817
307253.2852101328
307271.5752101498
307343.03021021636
307402.40521027165
307487.8952103513
307514.6752103762
307605.97521046124
307674.0302105246
307816.6202106574
307840.92021068005
307991.45521082025
308183.14021099877
308204.845211019
308229.2402110417
308415.79521121545
308453.06521125016
308551.9202113422
308568.58521135774
308609.41021139576
308629.015211414
308738.2102115157
308845.08021161525
309083.185211837
309198.76021194464
309469.0652121964
309497.71521222306
309760.87021246814
309817.4202125208
310022.12021271145
310096.63521278085
310294.0602129647
310350.8652130176
310433.6152130947
310598.0452132478
310667.7152133127
310998.56021362083
311091.8402137077
311469.1152140591
311683.5952142588
311720.2002142929
311768.2852143377
311867.1952144298
311914.38521447376
311985.9352145404
312130.0602146746
312202.9302147425
312289.1602148228
312306.6952148391
312333.8002148644
312503.2402150222
312681.14021518786
312705.31021521037
312729.98021523334
312762.0652152632
312912.83521540364
312946.22521543474
312988.7302154743
313200.7602156718
313372.800215832
313390.7202158487
313423.7752158795
313473.3752159257
313616.4102160589
313650.3702160905
313782.1852162133
314201.46521660377
314255.9402166545
314402.75021679123
314515.0352168958
314710.3502170777
314773.3552171364
314804.46521716536
314940.26521729183
315089.96021743125
315147.83021748514
315624.5552179291
315715.7802180141
315735.6502180326
315804.2702180965
315829.86021812033
315863.1202181513
315884.34021817107
315986.65021826635
316190.34521845606
316247.03021850885
316268.49521852884
316300.62521855877
316360.62521861464
316393.7302186455
316417.8202186679
316468.7052187153
316633.730218869
316677.1352189094
316893.83021911123
316923.0152191384
316970.61021918274
317119.96521932184
317206.51521940244
317518.54521969304
317550.89021972317
317615.28021978313
317747.57521990634
317882.8352200323
317928.40022007475
317983.81522012636
318007.85022014874
318149.7302202809
318199.9252203276
318259.43022038304
318482.02522059035
318553.98022065737
318701.50522079476
318723.94022081565
318741.1952208317
318769.9702208585
318796.0502208828
318821.55522090656
318974.480221049
318992.36022106564
319032.73022110324
319352.2202214008
319375.5102214225
319414.6002214589
319462.33022150333
319498.2602215368
319561.78022159595
319594.83522162674
319873.80022188654
320209.9152221996
320326.8452223085
320630.35522259114
320809.0652227576
320835.295222782
320890.7102228336
320937.4152228771
321015.41522294976
321090.79022301995
321117.9002230452
321304.87022321933
321559.5152234565
321662.00022355194
321864.7152237407
321891.49022376566
322055.9452239188
322083.1052239441
322168.1202240233
322216.9952240688
322477.010224311
322540.33022436994
322900.3952247053
323287.78522506607
323334.15522510925
323740.99522548815
323818.43022556027
324012.54522574105
324090.50022581365
324134.72022585484
324418.30522611894
324490.66522618633
324716.04522639624
324787.9402264632
324822.79022649565
324859.06522652943
324906.75522657385
325038.3202266964
325246.5302268903
325368.1952270036
325393.35522702703
325416.98022704903
325585.16522720567
325663.22022727836
325907.9502275063
326261.72022783576
326285.8452278582
326312.5702278831
326554.1652281081
326670.4302282164
326753.2952282936
327074.1352285924
327406.6702289021
327434.4202289279
327590.7302290735
327611.9052290932
327880.46522934333
328064.810229515
328172.13522961497
328216.0052296558
328315.3752297484
328514.685229934
328593.34523000725
328629.1502300406
328678.17023008625
328704.765230111
328741.1702301449
328871.03023026587
329021.35523040587
329075.99023045675
329221.71023059246
329336.3402306992
329376.53023073665
329502.1102308536
329677.6452310171
329760.40023109416
329796.23523112753
329828.78523115785
329869.8702311961
329899.00023122324
329969.4152312888
330009.8952313265
330219.39523152163
330296.050231593
330393.5252316838
330434.59023172205
330575.225231853
330617.2702318922
331212.6652324467
331274.7302325045
331353.4202325778
331627.6702328332
331721.2202329203
331927.63523311255
332015.67523319455
332155.79523332504
332248.3952334113
332337.2902334941
332551.5602336936
332953.6552340681
333024.78523413435
333054.0152341616
333083.2652341888
333203.690234301
333351.11023443827
333501.2602345781
333742.47523480275
333860.3102349125
334042.4352350821
334101.62023513723
334142.44023517525
334214.4052352423
334264.63523528905
334543.8852355491
334647.1452356453
334676.2652356724
334711.260235705
334935.4502359138
334983.95023595897
335098.70023606584
335124.57023608993
335197.4302361578
335227.03023618535
335466.47523640835
335528.6902364663
335548.39023648464
335614.64523654635
335780.45023670077
335872.5052367865
335914.3752368255
336088.16023698734
336130.2852370266
336221.5752371116
336244.4202371329
336351.12023723224
336405.77023728314
336498.0752373691
336520.47023738996
336630.96023749287
336690.94523754873
336896.28023773996
336980.3002378182
337085.14523791586
337224.31023804547
337497.14023829956
337521.72523832245
337550.0152383488
337569.535238367
337639.7752384324
337666.77023845754
337866.2502386433
337886.70523866237
337923.49523869663
338062.80023882637
338090.0102388517
338146.73023890454
338313.50023905985
338363.3552391063
338389.6602391308
338415.17023915454
338462.43523919856
338712.51023943146
338898.1152396043
339057.50523975276
339096.99023978953
339129.4602398198
339375.565240049
339408.85524008
339598.6202402567
339618.9202402756
339652.1652403066
339719.3952403692
339736.8802403855
339803.1452404472
339834.24024047615
339858.19524049846
339963.6602405967
340169.8152407887
340569.1652411606
340615.9602412042
340793.6702413697
340838.06024141103
340877.5402414478
340933.09524149954
341148.61024170025
341546.11024207046
341668.17024218413
341811.8302423179
341845.25524234906
341935.00024243264
342000.72024249384
342124.0502426087
342329.73024280026
342411.7902428767
342622.3552430728
342695.4052431408
342726.78024317004
342916.0552433463
342940.0002433686
343069.55024348927
343103.590243521
343126.5852435424
343174.45524358697
343195.8702436069
343218.8352436283
343274.31024367997
343427.875243823
343531.9552439199
343702.0002440783
343891.25524425454
344061.1652444128
344337.5902446702
344463.68524478766
344558.58524487604
344664.2002449744
345005.72024529247
345252.85524552263
345290.3202455575
345457.4752457132
345473.72524572833
345501.8152457545
345615.67524586053
345664.54524590605
345815.4452460466
345864.1302460919
346074.3602462877
346135.17024634435
346180.3002463864
346280.00524647924
346375.0052465677
346460.7952466476
346732.71024690085
346997.05524714704
347030.57524717826
347064.68024721
347097.4252472405
347207.0252473426
347283.2452474136
347303.91524743283
347477.1652475942
347717.52524781803
347980.2352480627
348041.18024811946
348102.81024817686
348194.19524826197
348269.99024833256
348439.9052484908
348482.38524853037
348597.3402486374
348825.51524884993
348852.81024887535
348953.9852489696
349138.19024914113
349241.9602492378
349296.0802492882
349443.2152494252
349569.4802495428
349999.15524994297
