180.93499999990794
217.23499999987493
356.77999999974804
425.009999999686
570.3799999995538
598.6399999995281
707.0899999994294
792.4299999993518
910.1749999992447
1044.3699999995858
1172.7550000023882
1356.9050000064078
1418.8200000077593
1465.5050000087783
1502.3500000095826
1573.4200000111339
1659.3500000130095
1781.7900000156822
1802.1050000161256
1840.3650000169607
1866.3350000175276
1896.4400000181847
1921.9150000187408
2172.8650000242183
2423.7100000296937
2448.225000030229
2596.170000033458
2634.6600000342983
2784.950000037579
2825.8000000384704
2895.1750000399848
3101.340000044485
3123.335000044965
3330.740000049492
3367.4100000502926
3433.760000051741
3690.6150000573475
3733.78500005829
3907.3000000620773
4062.910000065474
4153.370000067448
4236.355000069259
4264.840000069881
4349.4700000717285
4412.445000073103
4446.400000073844
4469.940000074358
4725.5500000799375
4747.380000080414
4993.275000085781
5123.825000088631
5232.935000091013
5298.080000092435
5388.735000094413
5411.310000094906
5505.495000096962
5533.585000097575
5558.140000098111
5585.340000098705
5660.590000100347
5832.275000104095
6170.350000111474
6319.835000114737
6500.2550001186755
6529.565000119315
6657.7600001221135
6698.1650001229955
6937.710000128224
6976.595000129073
7102.6500001318245
7146.350000132778
7173.235000133365
7204.875000134056
7251.35500013507
7301.440000136164
7466.325000139763
7501.435000140529
7644.820000143659
7682.460000144481
7892.73500014907
8197.045000154794
8444.355000115207
8634.400000084786
8678.710000077694
8810.645000056575
9015.165000023837
9037.340000020287
9213.294999992122
9277.409999981859
9422.729999958598
9452.57499995382
9495.279999946984
9660.189999920587
9683.34999991688
9716.509999911572
9833.124999892905
9908.214999880885
9957.684999872967
10138.809999843974
10170.594999838886
10295.484999818895
10393.039999803279
10508.384999784816
10584.019999772709
10618.449999767197
10671.554999758697
10762.799999744091
10813.489999735977
10889.05999972388
11134.294999684626
11249.184999666235
11313.50499965594
11340.829999651565
11422.624999638472
11556.979999616966
11585.19499961245
11665.869999599536
11992.374999547272
12210.874999512296
12297.284999498464
12400.309999481973
12426.87499947772
12471.73499947054
12512.254999464054
12669.039999438957
12707.299999432833
12732.074999428867
12870.879999406648
12932.77499939674
13067.024999375251
13105.07499936916
13136.80999936408
13161.854999360072
13186.924999356059
13216.059999351395
13395.464999322678
13469.084999310893
13692.369999275152
13779.554999261196
13795.969999258568
13847.0049992504
13886.924999244009
13959.174999232444
14049.304999218017
14233.01999918861
14540.949999139319
14582.524999132664
14620.694999126554
15170.699999038514
15223.299999030094
15315.399999015352
15423.584998998034
15442.22999899505
15471.45999899037
15496.104998986426
15513.26499898368
15644.07999896274
15682.529998956585
15873.279998926051
16090.974998891204
16117.004998887038
16243.264998866827
16275.964998861593
16490.96499886609
16586.104998885472
16610.23999889039
16632.77999889498
16775.884998924135
16906.849998950816
16939.21499895741
16993.919998968555
17226.054999015847
17485.08499906862
17647.934999101795
17784.404999129598
17815.48499913593
17907.634999154703
17932.239999159716
18004.539999174445
18052.234999184162
18098.524999193593
18146.46999920336
18344.149999243633
18503.049999276005
18531.77999928186
18553.319999286246
18590.429999293807
18634.899999302866
18828.199999342247
18855.584999347826
18966.804999370484
19071.604999391835
19135.419999404836
19290.8499994365
19408.854999460542
19451.609999469252
19480.924999475224
19520.104999483206
19577.279999494855
19646.259999508908
19683.5249995165
19865.994999553674
19986.13999957815
20013.219999583667
20040.154999589155
20209.18999962359
20279.749999637967
20372.399999656842
20499.984999682834
20697.014999722975
20739.25499973158
20810.069999746007
20857.09999975559
20951.614999774843
21024.13999978962
21062.594999797453
21084.099999801834
21217.00499982891
21396.1149998654
21476.589999881795
21530.924999892864
21659.049999918967
21801.879999948065
21908.21499996973
21943.994999977018
21990.409999986474
22152.22000001944
22182.350000025577
22284.475000046383
22365.59500006291
22594.83500010961
22745.82000014037
22877.65500016723
22927.77500017744
22953.20000018262
23077.020000207845
23112.595000215093
23218.12000023659
23252.345000243564
23277.055000248598
23437.345000281253
23506.920000295428
23598.985000314184
23666.595000327958
23726.6950003402
23754.56000034588
23822.720000359765
23859.650000367288
23911.2450003778
24215.28000043974
24322.595000461602
24598.960000517905
24928.370000585015
24989.480000597465
25103.92000062078
25224.050000645253
25413.880000683926
25451.950000691682
25476.91500069677
25558.21000071333
25587.920000719383
25608.800000723637
25933.145000789715
26104.155000824554
26146.74500083323
26165.265000837004
26220.95500084835
26256.115000855512
26283.080000861006
26360.440000876766
26396.9250008842
26583.330000922175
26626.01500093087
26704.430000946846
26770.355000960277
26866.505000979865
27006.580001008402
27093.515001026113
27308.480001069907
27481.850001105227
27524.165001113848
27645.690001138606
27679.165001145426
27758.930001161676
27791.34500116828
27846.56500117953
27963.15000120328
28013.56000121355
28031.390001217183
28057.900001222584
28111.025001233407
28145.770001240486
28196.265001250773
28271.80000126616
28342.32500128053
28363.915001284928
28384.44000128911
28433.980001299202
28534.620001319705
28701.4900013537
28831.51500138019
28918.63500139794
29223.675001460084
29585.90000153388
29622.100001541254
29640.115001544924
29661.88500154936
29691.83000155546
29900.765001598025
29936.875001605382
29973.960001612937
30060.010001630468
30238.165001666763
30280.450001675377
30497.455001719587
30625.365001745646
30644.610001749566
30670.325001754805
30706.260001762126
31010.31000182407
31257.16500187436
31309.795001885082
31362.54500189583
31398.990001903254
31422.865001908118
31474.925001918724
31528.26500192959
31578.23000193977
31604.700001945163
31671.1450019587
31776.520001980167
32058.515002037617
32124.11000205098
32168.63000206005
32332.900002093516
32382.3900021036
32476.265002122724
32559.240002139628
32679.920002164214
32787.15000217212
32933.71500209534
33060.5500020289
33257.260001925846
33282.78000191248
33317.76500189415
33860.48000160984
33939.06500156867
34005.78500153372
34038.06500151681
34061.870001504336
34087.94000149068
34130.76000146825
34201.40500143124
34368.54500134368
34412.39500132071
34599.02500122294
34783.520001126286
34985.860001020286
35040.8100009915
35064.43500097912
35456.84500077355
35710.56000064064
35735.49000062758
35783.38500060249
35831.44500057731
35862.93000056082
36142.02000041461
36393.770000282726
36455.44000025042
36505.55000022417
36540.985000205605
36640.48000015348
36657.8200001444
36849.04500004422
36872.85000003175
36951.049999990784
37046.74999994065
37200.84999985992
37253.029999832586
37588.27499965696
37625.30499963756
37704.654999595994
37821.439999534814
37901.99999949261
38054.42499941276
38093.164999392466
38269.97499929984
38407.94499922756
38452.75499920409
38493.094999182955
38679.53999908528
38721.44999906333
38812.90999901541
39006.334998914084
39024.334998904655
39081.369998874776
39201.88999881164
39237.50499879298
39262.334998779974
39742.98999852817
39780.36999850859
39820.55499848754
39976.289998405955
40004.32499839127
40139.35499832053
40446.3649981597
40488.29499813773
40661.98499804674
40748.09499800163
40907.08999791834
40958.43499789144
41114.75499780955
41348.75999768696
41397.18999766159
41441.09499763859
41490.91999761249
41551.28999758086
41582.19499756467
41725.02499748985
41805.74999744756
41843.8399974276
42036.41999732672
42070.33499730895
42204.234997238804
42289.90999719392
42416.574997127565
42448.60999711078
42545.50999706002
42635.56999701284
42839.88499690581
42915.34999686627
43000.10499682187
43266.519996682306
43333.924996646994
43352.90999663705
43555.23499653106
43587.784996514005
43608.859996502964
43750.89499642856
43833.74999638515
43963.74499631705
44020.02499628757
44043.61999627521
44251.39499616636
44463.25499605537
44495.72999603836
44644.39499596048
44661.144995951705
44748.35499590602
44803.469995877145
44965.97999579201
44983.31999578293
45149.20999569602
45191.064995674096
45336.54999559788
45354.31999558857
45429.6699955491
45480.80999552231
45511.034995506474
45660.68499542808
45688.39999541356
45828.324995340256
46140.504995176714
46163.77999516452
46363.05499506013
46421.02499502976
46560.44499495672
46586.76499494293
46638.40499491588
46660.96499490406
46707.54999487966
47109.2799946692
47354.99999454048
47634.389994394114
47666.13999437748
47722.444994347985
47823.55499429502
47870.589994270376
47959.92499422358
48026.969994188454
48175.44999411067
48466.879993958
48537.1249939212
48577.61499389999
48599.7349938884
48624.844993875246
48642.464993866015
48714.34999382836
48902.25499372992
49086.36999363347
49144.58499360297
49240.23999355286
49281.84999353106
49409.754993464056
49570.844993379666
49599.954993364416
49650.20999333809
49669.2749933281
49857.75499322936
49891.48499321169
49939.66499318645
50050.15999312857
50101.78999310152
50132.21499308558
50242.52999302779
50522.84499288094
50561.46999286071
50586.97499284735
50710.69499278253
50822.50999272396
50938.65999266311
50977.304992642865
51015.01999262311
51291.66499247818
51316.55999246514
51340.26999245272
51377.499992433215
51397.139992422926
51418.31499241183
51616.72499230789
51997.54999210839
52048.659992081615
52147.194992029996
52292.8399919537
52576.62999180503
52609.42499178785
52738.85999172004
52772.74499170229
52828.05999167331
52872.76999164989
52919.204991625564
53024.00999157066
53078.17999154228
53309.699991420996
53353.014991398304
53480.219991331665
53643.314991246225
53773.43499117806
54004.30999105711
54044.609991036
54121.55999099569
54279.32999091304
54305.634990899256
54339.689990881416
54397.3699908512
54437.20499083033
54479.384990808234
54524.719990784484
54575.12499075808
54833.89499062252
54850.98999061356
54896.7249905896
55144.36499045987
55188.37999043681
55259.35999039963
55300.16499037825
55336.829990359045
55365.60499034397
55428.42499031106
55510.87499026787
55681.2799901786
55711.864990162576
55730.724990152696
55788.51499012242
55822.1549901048
55853.94999008814
56065.78498997717
56411.45498979608
56537.76498972991
56580.17998970769
56611.21998969143
56746.379989620626
56812.89498958578
56958.649989509424
57009.919989482565
57068.76498945174
57120.059989424866
57219.75498937264
57446.35498925393
57481.09498923573
57544.39998920257
57575.099989186485
57639.599989152695
57759.36998908995
57888.32998902239
57981.114988973786
58075.91998892412
58115.099988903596
58131.01498889526
58213.14998885223
58241.76498883724
58381.444988764066
58532.1799886851
58574.529988662915
58632.824988632376
58683.57498860579
58708.27998859285
58753.15498856934
58773.529988558665
58826.519988530905
58859.484988513635
58912.66998848577
58953.67998846429
59196.06498833731
59239.544988314534
59260.6099883035
59405.89498822739
59423.35998821824
59442.78498820806
59474.11998819165
59530.25498816224
59597.25498812714
59632.92998810845
59712.809988066605
59806.764988017385
59865.09498798683
59928.58498795357
59973.22498793018
60104.30498786151
60182.46498782057
60207.86998780726
60236.63998779219
60275.429987771866
60345.26498773528
60370.98498772181
60476.189987666694
60524.0899876416
60571.53998761674
60729.1099875342
60955.164987415774
60976.904987404385
61143.28498731722
61303.36998723336
61389.029987188485
61414.55498717511
61543.89498710736
62271.24998672632
62297.654986712485
62396.41498666075
63024.31998633181
63160.37498626053
63326.09498617372
63530.939986066405
63662.35498599756
63715.869985969526
63798.524985926226
63821.99998591393
63851.574985898435
63996.09998582272
64031.29998580428
64065.47498578638
64102.554985766954
64218.5199857062
64381.799985620666
64452.24498558376
64660.46998547468
64688.26498546012
64732.5799854369
65084.54998525252
65303.654985137735
65568.3149850461
65725.7199851927
65782.77498524584
65819.84498528036
66017.71498546464
66039.23998548469
66236.85498566873
66430.68998584925
66547.94998595846
66577.78998598625
66623.8999860292
66749.87998614652
66780.9899861755
66841.13998623152
66891.44498627837
66938.7299863224
66983.19998636382
67002.73498638201
67027.75498640531
67123.6299864946
67328.35498668527
67428.2449867783
67817.26998714061
67857.45498717803
68075.76998738135
68180.90998747927
68275.34498756722
68428.41498770978
68618.52998788684
68643.57998791017
68735.49498799577
68810.80498806591
69047.51998828637
69078.12998831487
69102.16998833726
69389.9649886053
69429.30998864194
69501.99498870963
69626.37498882547
69645.61498884339
69687.67998888256
69745.20498893614
69768.86498895817
69816.39498900244
69868.15998905065
69896.53998907708
70141.83998930553
70308.69498946093
70478.419989619
70513.92998965207
70624.01498975459
70722.88998984668
70742.4549898649
70815.45998993289
70862.47498997668
70897.90999000968
70922.35999003245
70949.20999005745
71163.65499025717
71285.67499037081
71335.34999041707
71567.25499063305
71792.4699908428
71811.55999086058
71913.40499095543
72058.49499109056
72093.0149911227
72173.51499119768
72311.299991326
72578.82499157515
72648.37999163993
72684.5399916736
72776.77999175951
73097.33499205805
73119.73499207891
73304.04499225056
73340.98499228497
73411.05999235023
73609.2399925348
73769.09999268368
73909.86999281478
73929.52499283309
73992.17499289144
74092.2049929846
74111.11999300221
74301.31999317935
74329.91499320598
74463.22999333014
74802.09499364573
74864.09499370347
75108.97999393154
75138.36499395891
75292.45999410242
75332.40499413962
75407.91499420995
75445.15999424463
75477.07999427436
75508.56999430369
75528.09999432188
75558.59499435028
75623.50999441074
75698.05999448017
75756.37999453448
75778.8349945554
75828.13999460131
75861.91499463277
75888.0399946571
75925.21499469172
76183.68499493244
76280.78499502287
76309.18999504932
76365.03999510134
76624.3049953428
76830.52999553486
76960.25499565568
77080.56999576773
77192.88499587233
77326.16999599646
77488.79499614792
77810.66999644769
77855.64499648957
77932.0199965607
78024.16499664652
78083.21499670151
78107.1499967238
78273.23999687849
78292.88999689679
78320.26499692228
78374.66499697295
78461.37999705371
78610.54499719263
78915.65999747679
78957.34999751562
79051.00499760284
79071.91999762232
79173.57499771699
79195.93999773782
79252.5099977905
79314.87999784859
79340.77999787271
79371.74499790155
79444.98499796976
79466.99499799026
79617.07499813003
79650.09999816079
79746.29499825038
79792.34999829327
79952.20499844215
79983.49499847129
80089.36999856989
80364.2649988259
80535.17499898508
80645.42499908776
80840.72499926965
80939.9949993621
80995.8349994141
81343.71499973809
81389.15999978042
81532.76999991416
81586.21499996394
81711.83000008092
81802.07500016497
81871.45000022958
81967.58000031911
82000.4200003497
82310.3050006383
82471.92000078881
82560.18000087101
82583.26500089251
82601.88500090985
82860.97500115115
82997.56000127835
83121.74500139401
83158.44000142819
83218.5900014842
83547.24000179028
83575.75500181684
83627.71000186523
83735.90000196599
83890.98500211042
83935.90000215225
84116.2400023202
84272.77500246599
84326.19000251574
84431.62000261393
84520.63000269682
84591.83000276313
84690.98000285547
84774.1100029329
84918.03500306694
84976.71500312159
85047.7050031877
85567.95500367222
85646.55000374542
85717.12000381114
85767.6500038582
85788.3700038775
85817.60500390473
85917.30000399757
85935.24000401428
85991.07000406628
86065.45500413555
86126.4950041924
86280.54500433587
86309.96500436327
86388.67000443657
86423.02500446857
86479.40000452107
86524.34500456293
86683.82000471145
86880.17500489432
86910.70500492275
87443.0100054185
87817.25500576705
87883.22000582848
88039.60000597412
88065.38500599813
88088.20000601938
88392.6250063029
88534.55000643508
88618.08000651287
88639.51000653283
88849.34500672825
88974.08500684443
88992.47500686155
89147.00000700547
89196.49500705156
89224.26500707743
89340.75000718591
89485.805007321
89587.14000741538
89824.54000763647
89963.98000776634
89989.68000779027
90539.4600083023
90674.21000842779
90927.10000866331
90978.90500871156
91409.35000911244
91559.43000925222
91741.66500942194
91824.43000949902
91920.79500958876
91950.27000961622
91970.67500963522
92070.14500972786
92399.935010035
92512.60501013993
92767.75001037755
92785.11001039372
92803.83001041115
92833.95501043921
92984.44001057936
93080.23501066858
93154.74501073797
93172.14501075418
93306.74001087953
93454.93001101754
93528.09001108567
93752.81001129496
93924.18001145456
94092.29001161113
94436.21501193143
94460.2350119538
94739.89001221425
94757.30501223047
94955.77501241531
95706.13501311414
95793.59501319559
95838.36001323728
96123.31501350267
96194.28501356876
96229.92001360195
96273.30001364235
96336.13001370087
96422.13501378096
96500.32001385378
96533.07501388428
96672.350014014
96724.34001406241
96891.59001421818
96924.85501424916
97011.92501433025
97086.45001439966
97377.82001467102
97395.62001468759
97656.60501493065
97752.84501502028
97896.54501515412
97927.43001518288
98060.67501530697
98273.61501550529
98323.37001555163
98356.63501558261
98486.58001570363
98513.76501572895
99003.71001618524
99150.69001632213
99172.40001634235
99390.57001654553
99551.54501669545
99750.9850168812
99847.0950169707
100079.0150171867
100213.25501731172
100299.62001739215
100324.7950174156
100340.75001743046
100533.19501760969
100558.28001763305
100578.25501765165
100674.42501774122
100732.37001779518
100890.91501794284
100996.34001804102
101032.1700180744
101253.93001828092
101598.40001860174
101889.11501887249
101928.03001890873
102046.1100190187
102283.28501923959
102326.13001927949
102621.46001955454
102680.72501960973
102739.82001966477
102952.36001986271
103114.31002001354
103320.89002020593
103397.65502027742
103424.16502030211
103472.93002034753
103535.1800204055
103615.99502048077
103707.00502056553
103782.0250206354
104026.56002086314
104143.30502097186
104170.02502099675
104424.53002123378
104505.43502130912
104865.63502164459
104892.78502166987
105161.60502192023
105487.93502222415
105537.97002227075
105660.17002238455
105882.0600225912
105938.93002264417
106192.76002288057
106329.67002300808
106435.72502310685
106478.27002314647
106506.51502317277
106555.74502321862
106604.91002326441
106923.77002356137
107099.12502372469
107128.81002375233
107172.98002379347
107236.09002385224
107303.77002391528
107369.89502397686
107442.59002404456
107478.42002407793
107746.01502432715
108130.11002468487
108198.08502474817
108510.50502503914
108618.66502513987
108888.87502539152
109025.18002551846
109130.1250256162
109157.6050256418
109204.82502568577
109250.63002572843
109448.31002591253
109645.04502609576
109836.430026274
109862.56502629834
109919.60002635146
109942.23002637253
110102.47502652177
110128.88002654637
110315.35002672003
110364.70002676599
110405.9500268044
110489.46002688218
110506.43502689799
110546.11002693494
110657.21502703842
110767.66002714128
111063.5000274168
111282.6600276209
111421.18502774992
111461.6400277876
111482.49002780701
111655.73002796835
111950.3100282427
112116.9550283979
112148.69002842746
112194.25002846989
112445.8300287042
112471.76002872834
112551.3900288025
112641.7950288867
112770.24002900632
112799.6350290337
112993.06002921384
113028.16502924653
113130.80502934213
113164.11002937314
113203.34502940968
113321.42502951965
113548.28002973093
113675.42502984934
113750.0000299188
113875.3050300355
113993.35003014543
114042.55003019125
114099.09003024391
114236.03503037145
114295.11503042647
114571.06503068347
115054.48503113369
115145.49503121845
115312.26003137376
115785.48503181449
115804.6100318323
115829.58503185556
115964.04503198079
116192.07503219316
116253.06503224996
116272.6500322682
116306.5800322998
116448.62503243209
116531.89503250964
116628.34503259946
116654.14503262349
116782.37503274292
116832.5050327896
116910.01503286179
117026.34503297013
117051.20003299328
117084.77003302454
117125.18003306218
117334.89503325749
117383.79503330303
117479.0000333917
117511.04503342154
117691.73003358982
117755.66003364936
117790.13503368146
117848.53003373585
117967.57503384672
117993.27503387065
118059.51503393234
118213.4450340757
118238.68503409921
118661.33503449283
118735.1750345616
118842.28003466135
119243.03003503458
119263.68003505381
119315.51503510209
119486.84503526165
119675.07003543695
119865.64003561443
119888.53503563575
119986.54503572703
120099.3550358321
120627.6500363241
120817.77503650117
120840.70003652252
121017.91003668756
121042.7550367107
121074.4200367402
121211.61503686797
121355.66003700212
121387.4300370317
121436.21503707714
121597.22003722709
121664.73503728997
121778.12503739557
121795.72003741196
121843.99003745691
121970.76003757498
121998.03503760038
122145.21003773744
122167.16003775789
122409.29003798339
122506.2650380737
122530.67503809644
122567.77003813098
122604.74503816542
122659.68503821659
123133.80003865814
123210.99503873003
123228.91503874672
123291.26003880479
123332.47503884317
123412.78003891796
123538.85003903537
123706.03503919108
123888.47503936099
124373.22503981245
124404.00503984111
124500.29003993078
124563.1250399893
124640.03004006093
124811.27504022041
125100.25004048954
125250.67504062963
125665.40004101588
125851.60004118929
125874.46004121058
125984.20004131278
126040.7000413654
126062.26504138549
126170.81004148658
126288.25004159595
126560.54004184954
126745.23504202155
126787.35004206077
126881.42004214838
126975.56004223606
127013.02504227095
127280.06504251965
127341.84004257718
127396.56504262815
127424.98004265461
127475.49004270165
127621.08504283725
127707.5750429178
127734.50004294288
127750.04004295735
127767.51504297362
127807.84504301118
127834.43504303595
127916.06504311197
127976.6500431684
128165.98504334473
128350.0000435161
128400.29504356295
128499.84004365565
129061.08504417836
129174.21004428371
129247.93504435237
129316.53004441626
129341.74004443974
129414.89504450787
129533.50004461833
129737.50004480832
129838.4200449023
129917.16004497564
129962.12504501751
130175.60504521633
130246.84504528268
130277.08004531084
130366.77504539437
130440.65004546318
130533.33004554949
130654.90004566271
130685.22504569095
130712.14504571602
130839.23004583438
130916.17004590604
131018.26504600112
131192.35504616325
131231.42004619964
131281.11504624592
131450.7550464039
131556.25504650216
131687.32504662423
131881.06004680466
132033.64004694676
132065.020046976
132271.96504716872
132477.6750473603
132517.4950473974
132560.21504743717
132842.66504770023
132884.33004773903
132963.91004781314
133017.6450478632
133070.19004791213
133128.49004796642
133337.07004816068
133378.8550481996
133402.915048222
133441.71504825813
133461.18504827627
133477.82004829176
133532.87504834303
133574.63004838192
133708.42504850653
133956.1050487372
134003.4600487813
134137.75504890637
134154.70504892216
134172.01504893828
134308.080049065
134399.5650491502
134624.26504935947
134708.595049438
134834.47004955524
134899.9200496162
134964.2550496761
135116.74504981813
135278.1050499684
135344.1300500299
135390.28505007288
135455.2650501334
135558.84005022986
135812.80505046638
135941.22505058598
136150.66005078104
136243.5100508675
136448.5950510585
136510.59005111625
136623.10005122103
136718.37005130976
136825.29005140933
136949.96005152544
137182.0700517416
137218.64505177567
137292.015051844
137308.3450518592
137381.60505192744
137402.1850519466
137429.48005197203
137450.00505199115
137513.02505204984
137597.2750521283
137622.3000521516
137822.30505233788
137857.7550523709
137964.42505247024
137999.64005250303
138016.72505251894
138153.75505264656
138281.27005276532
138560.17005302507
138627.5150530878
138739.2900531919
138986.8150534224
139015.64505344926
139061.4250534919
139125.72505355178
139198.7650536198
139324.52005373692
139344.7850537558
139376.7750537856
139416.5200538226
139485.38005388674
139538.21505393594
139580.50005397532
139659.37505404878
139859.47005423513
139983.04005435022
140247.21005459625
140538.7750548678
140625.46505494852
140780.67505509307
140825.97505513526
140878.1900551839
141020.4850553164
141123.16505541204
141217.32005549973
141232.50005551387
141261.15005554055
141282.31005556026
141313.04505558888
141454.99505572108
141489.94005575363
141542.26005580236
141653.36005590582
141818.02505605918
142079.76005630294
142137.07005635632
142250.16505646164
142506.2200567001
142666.2950568492
142697.7550568785
142723.87005690282
142858.16005702788
142966.4000571287
143048.58005720522
143072.76505722775
143102.8800572558
143155.5900573049
143272.5450574138
143298.28005743778
143380.9700575148
143481.56505760847
143538.01505766105
143587.360057707
143655.81005777075
143679.68005779298
143721.16505783162
143909.41005800694
143931.7100580277
144106.02505819005
144182.76505826152
144244.9150583194
144321.62005839084
144351.3250584185
144372.51005843823
144396.2000584603
144488.08505854587
144506.1500585627
144555.6500586088
144741.07505878148
144894.99005892483
145060.8500590793
145122.53505913675
145252.14505925745
145286.38505928934
145313.52505931462
145366.41505936388
145576.21005955926
145624.21005960397
145683.7200596594
145699.97005967452
145725.23005969805
145760.90005973127
145839.77505980473
145930.99505988968
146051.1550600016
146082.43506003072
146213.2050601525
146272.72506020794
146361.88006029098
146519.83506043808
146564.85006048
146698.06506060407
146756.58006065857
146878.08006077172
146917.40506080835
146977.12506086397
146999.64006088494
147059.80006094096
147423.54006127972
147499.59506135056
147655.4400614957
147699.5600615368
147856.0050616825
148268.4350620666
148351.15006214363
148410.48006219888
148738.15506250405
148801.27506256284
148910.0950626642
148972.63506272243
149106.98006284755
149184.58506291982
149248.8700629797
149324.95506305055
149368.00506309065
149492.76006320684
149673.60506337526
149699.03506339894
149801.15006349405
149830.77506352164
149855.26506354444
149884.6300635718
149996.3200636758
150051.7200637274
150190.4500638566
150241.2350639039
150318.25506397564
150426.07006407605
150705.67506433645
150734.4100643632
150786.8900644121
150951.85506456572
151081.88006468682
151169.75006476865
151191.9300647893
151280.6100648719
151309.3950648987
151501.41006507754
151530.16506510432
151644.12506521045
151689.72506525292
151727.6000652882
151856.72506540845
151899.27506544808
152248.6850657735
152319.37006583932
152406.69006592064
152445.69006595697
152487.84506599623
152542.9150660475
152627.57506612636
152726.33006621833
152784.6950662727
152816.53006630234
152940.2000664175
153136.84006660065
153163.9650666259
153207.37006666634
153297.50506675028
153317.4900667689
153373.68006682122
153508.46006694675
153541.64006697765
153581.37506701465
153623.5150670539
153691.33006711706
153784.7900672041
153811.80506722926
153896.84506730846
153954.07006736175
153982.88006738859
154175.78506756824
154290.82006767538
154449.0000678227
154487.85006785888
154540.73506790813
154695.90006805264
154745.83006809914
155197.72006852
155359.9750686711
155410.93506871857
155535.0050688341
155578.2700688744
155609.3950689034
155637.0950689292
155846.85506912455
155884.42006915953
155926.93506919913
156092.64006935345
156137.54506939527
156155.44506941194
156335.18006957934
156391.91506963217
156430.9350696685
156452.11506968824
156798.0200700104
156851.84507006052
157051.68007024663
157226.73007040966
157310.79507048795
157543.35007070453
157656.46007080987
157717.35007086658
157790.30507093453
157819.39507096162
157844.01507098455
157869.8550710086
157908.76507104485
157977.38007110875
158098.51007122156
158167.01007128536
158188.3250713052
158634.05507172033
158699.55007178133
158870.49007194053
159118.13507217116
159334.40507237258
159362.93007239915
159556.54507257947
159762.71507277148
159811.00007281645
159842.54507284582
159908.90507290763
159978.040072972
160047.7000730369
160160.6600731421
160182.27007316222
160265.72007323994
160298.41007327038
160348.02007331658
160493.5200734521
160640.67507358914
160704.04507364816
160861.54507379484
160881.61507381353
160905.54507383582
160936.42007386457
161012.41007393535
161088.9100740066
161181.76007409306
161220.4550741291
161350.00507424976
161402.85007429897
161437.97507433168
161463.84507435578
161544.7300744311
161587.95507447136
161614.420074496
161680.91007455793
161862.85507472738
161944.66007480357
162086.0000749352
162142.60507498792
162181.36007502401
162271.15007510764
162642.44007545343
162690.38507549808
162858.42007565458
162898.26007569168
163088.25007586862
163123.39007590135
163288.77007605537
163304.93507607043
163327.60007609153
163387.6850761475
163460.32007621514
163476.33507623005
163517.16007626808
163553.89007630228
163600.825076346
163933.97507665626
163966.08507668617
164100.90507681173
164132.35007684102
164165.14507687156
164185.21507689025
164210.70007691398
164237.72007693915
164396.01007708657
164803.5300774661
164836.51507749682
164896.98007755313
165156.07507779443
165208.19507784297
165260.36507789156
165284.3650779139
165803.23007839714
165916.91507850302
165939.51507852407
166424.40007897565
166443.61507899355
166742.585079272
166836.05507935904
166915.93007943343
167057.16507956496
167082.0200795881
167113.035079617
167239.54507973482
167277.2200797699
167303.91007979476
167543.13508001756
167572.44008004485
167598.18008006882
167915.40508036426
168205.76508063468
168457.60008086922
168542.10008094792
168567.34508097143
168619.8200810203
168639.93008103903
168679.45008107583
168772.15508116217
168857.71508124185
168915.3300812955
168951.31008132902
169184.90508154657
169358.62008170836
169404.16508175078
169426.8550817719
169499.06508183916
169538.21508187562
169585.71008191985
169776.17508209724
170259.25508254714
170285.1950825713
170371.4300826516
170451.88008272654
170685.95508294454
170710.96508296783
170745.54008300003
170924.1950831664
170995.97508323326
171180.56008340517
171210.7700834333
171261.78508348082
171363.80508357583
171394.34008360427
171440.81508364755
171505.00508370734
171537.43008373753
171558.58008375723
171583.49008378043
171631.52008382516
171677.57508386805
171711.58508389973
171814.1900839953
171869.30508404662
171991.5800841605
172022.0950841889
172338.38508448348
172443.26508458116
172491.61008462618
172535.83008466737
172586.8750847149
172621.17008474685
172661.66008478455
172709.84008482943
172731.6100848497
172828.95008494036
172853.57008496328
172883.4400849911
173178.69008526608
173205.63508529117
173297.62508537684
173530.43508559366
173561.41508562252
173586.23508564563
173696.7950857486
173772.21508581884
173795.51008584053
173879.3250859186
173994.28008602565
174118.84008614166
174173.90008619294
174443.96508644446
174524.9800865199
174597.71008658764
174634.2650866217
174868.3700868397
174956.4100869217
174982.6100869461
175319.45508725982
175473.57008740335
175514.40008744138
175594.57508751604
175695.08008760965
175741.24508765264
175848.39508775243
176246.87508812355
176298.27508817142
176343.6850882137
176550.23508840607
176583.08008843666
176676.855088524
176736.5600885796
176759.3150886008
176990.35008881596
177132.48508894834
177176.66508898948
177276.6500890826
177297.61508910212
177417.6250892139
177485.21508927684
177574.89008936036
177596.06008938007
177755.6550895287
177778.04008954955
177814.30508958333
178095.88008984557
178392.94009012223
178601.8600903168
178812.26509051275
178846.95509054506
178918.25009061146
178952.68009064352
178981.79509067064
179255.63009092567
179438.99509109644
179600.39509124676
179915.18009153992
180023.6050916409
180150.93009175948
180186.43009179254
180208.98009181354
180494.05509207904
180706.48009227688
180752.08009231935
180809.75009237305
180843.55009240453
180875.98509243474
181290.69509282097
181313.46009284217
181800.760093296
181819.30009331327
181885.8900933753
182103.91009357834
182168.64009363862
182282.73509374488
182452.88509390334
182484.26009393256
182525.1100939706
182900.9150943206
182928.12009434594
183028.82509443973
183156.7800945589
183219.42509461724
183235.67009463237
183399.70009478513
183483.06509486277
183708.70509507292
183731.04509509372
183776.40009513596
183804.0300951617
183876.44009522913
183912.0400952623
183942.90509529103
183962.5100953093
184021.9050953646
184064.16009540396
184097.77509543527
184244.73509557213
184332.4300956538
184365.3800956845
184606.7650959093
184775.68009606662
184915.7850961971
184960.790096239
185014.00509628857
185052.12009632407
185084.56009635428
185111.8650963797
185170.19509643404
185196.91009645892
185221.3850964817
185276.7850965333
185357.06009660807
185376.99009662663
185418.56009666534
185459.18509670318
185481.08509672357
185587.2950968225
185785.58509700716
185814.0850970337
185998.83509720577
186165.00509736052
186222.415097414
186301.15009748732
186425.20009760285
186447.900097624
186462.955097638
186699.53509785834
186792.29509794473
187355.72009846946
187484.080098589
187767.34009885282
187932.73509900685
188132.12009919254
188401.83509944374
188421.50509946205
188535.83009956853
188770.68009978725
188815.43009982893
189030.3601000291
189097.92510009202
189204.9501001917
189282.85510026425
189377.24510035216
189431.7151004029
189486.595100454
189594.79010055476
189838.70510078192
189881.05510082137
189914.43510085245
190161.09510108217
190207.5151011254
190279.94010119286
190332.3751012417
190371.06010127772
190429.43510133208
190464.64510136488
190787.0151016651
190892.37510176323
191035.21010189626
191058.72010191815
191179.9851020311
191213.46510206227
191239.87510208687
191627.645102448
191733.43010254652
191962.65010276
192071.7351028616
192107.23510289466
192187.23010296916
192424.95510319056
192520.42510327947
192560.26010331657
192596.29510335013
192620.9701033731
192646.2951033967
192694.0701034412
192717.485103463
192751.40010349458
192821.16510355956
193200.2401039126
193378.50510407862
193505.8351041972
193534.5001042239
193553.31010424142
193667.4151043477
193792.55010446423
193932.56010459462
194004.3651046615
194039.93510469462
194139.38010478724
194198.47510484228
194372.52010500437
194406.01010503556
194439.6501050669
194470.11510509526
194531.42510515236
194561.93010518077
194579.1351051968
194750.2001053561
195001.48510559014
195169.19010574633
195297.4751058658
195496.05510605074
195757.64510629437
196100.91510661406
196129.10510664032
196153.10010666266
196185.9951066933
196301.93010680127
196449.85510693904
196496.97010698292
196528.98010701273
196740.77010720997
196869.78510733013
197272.6251077053
197297.48510772845
197337.96510776615
197603.62010801357
197691.65510809555
197836.42010823038
197967.19510835217
198055.34510843427
198220.22010858782
198344.99510870402
198389.55510874552
198469.2001088197
198878.11010920053
198909.5501092298
198944.07510926196
199005.88010931952
199086.53510939464
199129.29510943446
199190.46010949143
199292.50010958646
199432.0251097164
199453.74010973662
199529.61010980728
199613.31010988523
199675.0151099427
199908.1351101598
200162.9251103971
200195.39011042734
200388.88511060755
200581.3451107868
200618.9251108218
200806.4301109964
200914.2251110968
201070.43011124228
201111.08511128015
201170.5101113355
201188.90511135262
201412.5501115609
201445.96511159203
201517.71511165885
201571.3601117088
201612.82511174743
201721.07011184824
202043.53511214856
202154.58511225198
202183.97011227935
202309.46511239622
202375.30511245754
202396.36011247715
202447.57011252485
202481.28511255624
202555.5401126254
202967.435113009
203095.24011312803
203533.9451135366
203686.5001136787
203874.01011385332
203947.2251139215
204010.73511398066
204152.6301141128
204191.0651141486
204259.82011421263
204299.48011424957
204351.03011429758
204404.01011434692
204435.09011437587
204468.21511440672
204488.6001144257
204537.41011447116
204575.95011450705
204757.97511467658
204818.0151147325
204881.6951147918
205043.4051149424
205268.0201151516
205294.84511517658
205333.23011521233
205450.73511532176
205514.95511538157
205533.0251153984
205552.52011541656
205724.41511557664
205747.2451155979
205837.83011568227
205870.53011571273
205908.43511574803
205966.64011580223
206111.30011593696
206151.62511597452
206181.87011600268
206235.6951160528
206270.83511608554
206303.62011611607
206437.4401162407
206486.21511628613
206509.1801163075
206530.70511632756
206709.93511649448
206735.78511651856
206834.54511661053
206997.13511676196
207016.0701167796
207053.8701168148
207109.13511686627
207362.72011710244
207394.29011713184
207445.81511717982
207606.7351173297
207631.03511735232
207656.64011737617
207675.41011739365
207696.53011741332
207775.38511748676
207807.46011751663
207885.4801175893
207905.1351176076
208093.18011778273
208313.46011798788
208339.74011801236
208681.85511833098
208749.29511839378
208819.2151184589
208955.81011858612
209089.3551187105
209212.40011882508
209258.86511886836
209279.77511888783
209306.6951189129
209340.47511894436
209411.19511901023
209649.37011923204
209709.37011928792
209923.93011948775
209975.11511953542
210020.5001195777
210122.48511967267
210242.49511978443
210365.35011989885
210710.98012022075
210965.6351204579
211214.38012068957
211245.67512071872
211698.90012114082
211846.4001212782
211961.78012138564
211982.38012140483
212123.8751215366
212147.41512155853
212283.70512168546
212486.84512187465
212562.21512194484
212591.0501219717
212748.30012211815
213046.23512239562
213184.69512252457
213284.88512261788
213743.68012304517
213818.48512311484
213852.45512314647
214177.57512344926
214418.72512367385
214449.9251237029
214470.5351237221
214567.02012381196
214596.6851238396
214686.62012392335
214724.43012395856
214752.42012398463
214801.13012403
214979.93512419652
215049.90012426168
215077.90012428776
215109.96012431761
215150.6301243555
215190.01012439217
215295.54512449045
215393.99512458214
215442.2601246271
215832.74012499076
216020.99012516608
216047.26012519054
216266.6751253949
216572.97512568015
216617.43012572156
216649.94512575184
216678.93012577883
216803.00012589438
216979.20012605848
217352.4551264061
217378.51512643037
217403.49512645364
217693.7001267239
217720.80012674915
217801.30012682412
217945.32512695825
217965.69012697722
218058.58012706373
218087.6301270908
218168.98012716655
218242.10512723465
218270.66512726125
218308.8401272968
218501.6901274764
218532.400127505
218558.9051275297
218672.58012763556
218713.78512767394
218745.45012770343
218781.66512773716
218801.27012775542
218925.1501278708
218968.5301279112
219149.41512807965
219201.1251281278
219239.3351281634
219278.17012819956
219413.1851283253
219451.60012836108
219659.1651285544
219685.71512857912
219830.62012871407
220088.95012895466
220165.48012902593
220252.9451291074
220382.26012922783
220402.3051292465
220691.690129516
220732.1701295537
220773.14512959187
220943.95012975094
221019.08512982092
221112.86012990825
221182.4951299731
221283.8601300675
221370.9401301486
221390.45013016678
221745.7801304977
221807.53513055522
222085.64013081422
222120.00513084623
222143.6051308682
222185.3551309071
222457.63013116067
222546.01513124298
222567.23513126274
222639.8851313304
222854.35513153014
222893.57513156667
222968.57513163652
223017.33013168193
223068.4101317295
223184.32013183745
223265.10013191268
223426.68013206316
223602.68513222708
223668.090132288
223771.4851323843
223838.1701324464
223958.28013255825
224080.92513267248
224158.53013274475
224249.2001328292
224591.47513314796
224628.3501331823
224656.0501332081
224736.8001332833
224895.73013343132
224915.5801334498
224941.0301334735
225147.58513366588
225265.75513377594
225293.78013380204
225367.4151338706
225482.4951339778
225520.70013401337
225547.75013403856
225624.2451341098
225914.95513438055
225972.63013443426
226006.13513446547
226048.20513450465
226291.58513473131
226815.18013521895
226838.06013524026
226998.98013539013
227220.11013559607
227342.80013571033
227541.06513589498
227564.01013591635
227812.82013614808
227836.87513617048
227859.72013619175
227887.12513621728
227978.82013630267
228142.04013645469
228171.13513648178
228414.65513670858
228504.10513679188
228571.31513685448
228667.05513694364
228699.8651369742
228829.10513709456
228867.8101371306
228891.79013715294
229347.120137577
229492.8151377127
229515.43513773376
229660.25513786863
229679.31013788638
229778.16513797845
229854.0351380491
229967.93513815518
230031.34013821423
230082.07513826148
230263.41513843037
230329.65013849206
230397.61013855535
230581.64513872674
230676.59013881517
230998.71513911517
231093.9851392039
231168.26013927307
231213.11513931485
231244.11513934372
231278.83013937605
231469.99513955408
231527.9851396081
231727.89513979427
231805.47013986652
231960.83514001122
232003.51014005096
232027.35514007317
232124.83014016395
232346.14514037006
232482.36014049692
232558.21014056756
232584.40514059196
232839.21014082927
232941.09014092415
233028.25014100532
233055.43514103064
233334.71514129074
233366.95514132077
233408.08014135907
233431.07514138048
233449.5551413977
233478.1101414243
233528.43014147115
233654.52014158858
233673.57014160632
233697.57014162868
233783.7251417089
233871.52014179068
233902.5601418196
234000.25014191057
234019.99014192895
234041.0951419486
234127.54514202912
234208.07014210412
234264.23514215642
234432.82014231343
234452.745142332
234521.20014239574
234540.5801424138
234704.3351425663
234770.23014262767
234860.07014271134
235076.9301429133
235150.685142982
235219.26514304586
235311.23514313152
235409.62514322315
235552.4901433562
235576.955143379
235875.54514365707
235982.56514375674
236137.3451439009
236167.6451439291
236312.1601440637
236359.81014410808
236390.46514413663
236448.23014419043
236532.5001442689
236591.09514432348
236633.97514436342
236685.62514441152
236709.90014443413
236873.76514458674
237055.22014475573
237074.7351447739
237100.77014479815
237189.96014488122
237316.25514499884
237363.00014504237
237390.4051450679
237493.64014516404
237554.62514522084
237570.66014523577
237637.35014529788
237662.0701453209
237816.00514546427
237844.85514549114
237876.45014552056
237901.00514554343
238070.205145701
238195.5101458177
238258.51014587638
238464.265146068
238486.1601460884
238606.29014620028
238634.980146227
238696.6201462844
238723.21014630917
238909.61514648277
238998.0051465651
239086.86014664784
239141.9101466991
239316.6951468619
239395.22014693503
239420.79014695884
239544.74014707428
239638.8151471619
239711.66014722973
239777.80514729134
239865.99014737346
240003.18014750123
240028.32014752465
240121.8051476117
240169.17014765582
240405.570147876
240456.3751479233
240490.00014795462
240575.86014803458
241319.70514872734
241497.22514889267
241645.19014903047
241752.42514913034
241857.09514922783
241938.39014930354
241990.45514935203
242011.07514937123
242047.9701494056
242092.5251494471
242269.5001496119
242305.73514964565
242525.02014984988
242730.91015004163
242760.97515006963
242805.52015011112
242936.33515023295
243088.81515037495
243119.77015040378
243145.28015042754
243191.0751504702
243260.32015053468
243387.75515065336
243548.69015080325
243778.6351510174
243924.84015115356
243983.69515120838
244363.73515156232
244575.83515175985
244607.5651517894
244626.59015180712
244723.5301518974
244789.51015195885
244820.23515198746
244841.3101520071
244884.45015204727
245143.97015228897
245229.32515236846
245326.80515245924
245535.1851526533
245727.77015283267
246003.41015308938
246030.33015311445
246156.19015323167
246231.3951533017
246594.13515363954
246832.2351538613
247333.88515432848
247740.68515470735
247923.25015487737
248062.450155007
248342.4651552678
248465.33515538223
248593.59015550168
248635.01015554025
248871.80515576078
249025.1401559036
249205.51015607157
249235.9201560999
249313.94015617255
249343.86015620042
249507.53515635285
249600.65015643957
249874.77015669487
249903.83515672194
250169.06015696895
250208.57015700574
250342.27015713026
250361.9701571486
250511.1201572875
250559.65515733272
250665.74515743152
250778.42515753646
250814.59015757014
250860.3901576128
250956.21515770204
251063.04515780153
251087.76515782456
251112.69515784777
251136.64015787008
251200.58015792962
251228.31015795545
251344.06015806325
251401.71015811694
251479.80515818967
251543.69515824917
251587.9701582904
251791.4451584799
251900.17015858117
251960.57015863742
251993.31515866792
252188.98015885014
252251.62015890848
252278.45515893347
252318.8601589711
252345.96515899635
252710.83515933616
252737.0651593606
252768.88015939022
252788.14015940815
252836.48015945317
252908.3301595201
252986.0951595925
253020.26015962433
253195.4651597875
253306.13015989057
253432.17516000796
253553.7751601212
253571.4751601377
253601.0151601652
253757.3551603108
253779.53516033146
253855.52016040223
253960.09016049962
254163.39016068896
254269.11016078742
254487.04516099038
254618.8001611131
254691.20016118052
254968.59516143886
255137.02516159572
255258.7601617091
255377.1801618194
255548.73516197916
255587.52516201528
255627.88016205287
255650.3601620738
255992.97016239288
256026.1601624238
256135.01516252517
256229.07016261277
256280.9551626611
256395.16016276745
256429.10516279907
256624.70016298123
256652.4701630071
257189.74016350746
257220.36016353598
257363.4151636692
257408.8351637115
257521.31516381627
257732.37016401283
257781.44016405853
257962.5501642272
258010.0251642714
258037.25516429677
258205.93516445387
258225.14016447176
258250.3201644952
258306.0301645471
258505.2051647326
258595.65516481682
258641.17516485922
258847.15516505105
258963.6151651595
259188.29016536876
259568.56516572292
259678.86516582564
259746.12016588828
259767.10516590782
259800.10516593856
259833.69016596983
260164.13016627758
260212.1351663223
260234.72516634333
260302.7851664067
260333.00516643486
260457.26516655058
260475.4301665675
261039.9051670932
261325.46516735916
261426.81016745354
261514.1801675349
261559.98016757757
261696.08516770432
261734.25016773987
261769.75516777294
261812.6801678129
261901.890167896
261954.3001679448
262120.31016809942
262310.72516827675
262419.3351683779
262481.5301684358
262505.7451684584
262704.3301686433
262789.4501687226
262896.200168822
263275.4001691752
263420.5751693104
263462.2501693492
263981.0601698324
264142.4751699827
264222.5601700573
264249.99517008284
264345.23017017153
264373.57517019793
264461.95017028024
264617.4801704251
264633.01017043955
264657.120170462
264710.42017051164
264816.8801706108
264846.2851706382
264938.9801707245
264980.14017076284
265069.91517084645
265195.075170963
265291.1501710525
265413.5951711665
265451.7851712021
265505.2851712519
265539.47017128376
265720.5351714524
265827.9201715524
265989.0151717024
266146.7201718493
266222.8201719202
266243.32017193927
266457.17017213843
266492.20517217106
266755.78017241653
266928.1901725771
267195.72017282626
267361.9901729811
267392.3951730094
267420.88017303596
267454.38517306716
267494.94517310493
267598.79517320165
267738.25517333153
267819.9401734076
267863.310173448
268277.760173834
268342.6201738944
268366.75017391687
268475.325174018
268534.6951740733
268572.0901741081
268594.3401741288
268913.78517442633
268940.9951744517
269005.9901745122
269048.5351745518
269133.4351746309
269151.53517464775
269213.28517470526
269256.2601747453
269308.19517479365
269355.0551748373
269472.5501749467
269678.00017513806
269725.0601751819
269756.0151752107
269841.5451752904
269886.74017533247
269972.115175412
270026.63517546275
270147.3501755752
270232.70017565467
270317.8001757339
270339.50517575414
270401.4451758118
270515.6751759182
270568.2851759672
270664.54517605685
270781.48517616576
270923.22017629776
270947.7351763206
270989.3051763593
271070.00517643447
271646.9651769718
271690.155177012
271884.43517719297
271928.22517723375
272027.44517732615
272176.82017746527
272204.7551774913
272228.3151775132
272628.6901778861
272666.52017792134
273097.0351783223
273142.6551783648
273300.8451785121
273354.25517856184
273432.810178635
273450.4301786514
273501.71017869917
273565.7551787588
273595.5001787865
273744.7151789255
273903.9951790738
273960.1301791261
274031.57017919264
274047.8201792078
274198.6801793483
274263.2451794084
274306.7251794489
274342.4051794821
274681.550179798
274699.1651798144
274726.70517984004
274788.8451798979
274819.38017992635
274894.75017999654
275314.0851803871
275390.93018045864
275408.12018047465
275482.8901805443
275613.53018066596
275629.2501806806
275641.88518069236
275665.80018071464
275692.97018073994
275942.07518097194
276000.9051810267
276122.9901811404
276193.21518120583
276330.4851813337
276419.2101814163
276540.80518152955
276597.05018158193
276680.7451816599
276738.3201817135
276917.12018188
276940.35518190166
277051.6201820053
277094.1651820449
277120.5501820695
277283.9201822216
277355.0501822879
277449.21018237557
277475.3101823999
277706.290182615
278095.28018297727
278146.49518302496
278280.07518314937
278317.42018318415
278412.9251832731
278466.87018332334
278619.36518346536
278644.82018348906
279088.8401839026
279118.63018393033
279156.915183966
279281.8801840824
279640.80518441665
279665.3551844395
279816.5001845803
279934.6201846903
280062.91518480977
280321.3701850505
280381.05018510605
280408.31518513145
280468.66018518765
280560.9201852736
280597.8051853079
280642.1501853492
280694.48018539796
280769.32518546766
280799.04018549534
280915.24518560356
280945.4651856317
280998.02018568065
281091.77518576797
281221.68518588896
281253.5351859186
281423.4101860768
281463.8701861145
281508.6251861562
281545.3601861904
281613.05518625345
281632.2201862713
281974.67518659023
282235.360186833
282322.49018691416
282399.78518698615
282529.9801871074
282729.63518729334
282788.1001873478
282964.67018751224
282986.0101875321
283092.6001876314
283119.82518765674
283144.30518767954
283208.76018773956
283261.1001877883
283330.2301878527
283400.84018791845
283421.44018793764
283542.8101880507
283695.57518819295
283753.12018824654
283794.69018828525
283819.5251883084
283925.24518840684
284014.6501884901
284066.6001885385
284120.9401885891
284141.8951886086
284593.55518902926
284841.5301892602
284913.4901893272
284945.20518935675
285080.0151894823
285582.5351899503
285660.64019002306
285880.34019022767
285991.9301903316
286377.6551906908
286571.05019087094
286603.0901909008
286828.2651911105
286880.21019115887
287034.0901913022
287066.90519133274
287119.51519138174
287148.62019140885
287338.99519158615
287534.0251917678
287695.2351919179
287752.16019197094
287841.9901920546
287871.435192082
288139.15019233135
288171.2301923612
288198.29519238643
288238.68519242405
288292.81519247446
288431.3601926035
288496.9851926646
288592.38019275345
288624.130192783
288727.98519287974
288776.83519292524
289027.855193159
289046.9751931768
289241.8501933583
289300.9151934133
289328.75519343925
289354.7651934635
289465.22519356635
289493.2901935925
289607.18019369856
289745.6001938275
289899.03519397037
290056.475194117
290167.76019422064
290237.15519428527
290279.9151943251
290666.4601946851
290704.66519472067
290728.1151947425
291012.0051950069
291047.1201950396
291126.1401951132
291160.9101951456
291393.23019536195
291419.9401953868
291531.7001954909
291575.7401955319
291649.3651956005
291668.3601956182
291708.07519565517
291959.7151958895
292010.74019593705
292247.1401961572
292309.1101962149
292328.1151962326
292369.0201962707
292417.8551963162
292497.5301963904
292661.1551965428
292813.06519668427
292835.47019670514
292860.4501967284
292894.7201967603
293008.68019686645
293043.80019689916
293233.0351970754
293316.82519715343
293468.845197295
293729.745197538
293808.74519761157
293906.5951977027
294038.2501978253
294177.98019795545
294198.8651979749
294231.4901980053
294391.98519815475
294426.9151981873
294458.24019821646
294774.485198511
295124.28519883676
295198.59519890597
295290.5501989916
295345.3951990427
295640.5851993176
295697.7251993708
295960.83019961586
296075.7601997229
296133.2151997764
296376.4302000029
296437.67520005995
296629.23020023835
296672.1202002783
296726.7802003292
296760.1752003603
296882.285200474
296928.71520051727
297004.94020058826
297096.52520067355
297293.01520085655
297332.6102008934
297482.98020103347
297546.43020109256
297564.5302011094
297607.3402011493
297640.90020118054
297826.9552013538
297872.5852013963
298000.16020151513
298038.75020155107
298254.8352017523
298287.52020178275
298340.7252018323
298382.5902018713
298459.98020194337
298603.7552020773
298931.21020238224
298958.07020240725
299040.95020248444
299071.77520251315
299161.2502025965
299192.4352026255
299218.5102026498
299456.3652028713
299475.49520288914
299596.94020300225
299639.1652030416
299738.88520313444
300208.64520357194
300331.0202036859
300428.4102037766
300527.1852038686
300842.14020416193
300983.89520429395
301009.4852043178
301119.25020442
301276.5752045665
301324.57520461123
301349.05520463403
301479.21520475525
301534.50520480674
301933.3652051782
301950.8702051945
301976.1802052181
302004.8652052448
302044.3752052816
302062.5202052985
302201.0402054275
302260.2102054826
302416.0802056278
302613.41020581155
302740.56520593
302764.3302059521
302787.48020597367
302814.20020599855
303073.20020623977
303361.04020650784
303386.3602065314
303545.1252066793
303571.94020670425
303659.14020678547
303688.33020681265
303788.570206906
303893.52520700375
304124.92520721926
304175.16520726605
304572.7152076363
304610.98020767194
304807.79520785523
304835.8802078814
304872.0952079151
305089.22520811734
305109.9402081366
305203.93520822417
305339.3452083503
305451.86520845507
305592.2602085858
305682.1952086696
305931.0302089013
306191.4952091439
306206.3252091577
306438.8902093743
306533.09020946204
306597.1252095217
306732.2002096475
306854.070209761
306932.8902098344
306976.2652098748
307273.67021015176
307403.2852102725
307454.9702103206
307477.0902103412
307689.73521053925
307728.3502105752
307805.91521064745
307835.85521067533
307878.0202107146
308057.4152108817
308084.9052109073
308210.6502110244
308269.7002110794
308473.79521126946
308556.9152113469
308612.3402113985
308644.2502114282
308799.24521157256
308878.81521164667
308923.48021168826
308997.5052117572
309175.02521192253
309242.4002119853
309290.25521202985
309375.71021210944
309429.19521215925
309451.31521217985
309489.66521221556
309514.47021223867
309568.4302122889
309722.8202124327
310056.1302127431
310178.1552128568
310200.0752128772
310254.02521292743
310270.90021294315
310537.2602131912
310558.7252132112
310586.14021323674
310720.9502133623
310803.1302134388
310832.70521346637
310868.86021350004
311022.8852136435
311084.0202137004
311173.39021378366
311296.3852138982
311568.1402141513
311606.96521418745
311646.7352142245
311770.1152143394
311827.19521439256
311931.77021448995
311949.57021450653
312273.09521480784
312358.38521488727
312404.86521493056
312437.59021496103
312585.68521509896
312611.495215123
312681.04521518777
312738.03021524084
312770.9202152715
312839.39021533524
312986.5402154723
313045.9652155276
313076.58021555614
313496.95021594764
313539.9802159877
313572.2902160178
313605.3352160486
313696.79021613376
313902.6802163255
313929.58021635056
314312.89021670754
314351.1752167432
314443.4952168292
314515.260216896
314720.1252170868
314770.0502171333
314867.68021722423
314903.86521725793
315081.0002174229
315130.3102174688
315343.5402176674
315488.3702178023
315510.01521782245
315537.7552178483
315564.4252178731
315691.2052179912
315885.61521817226
315972.17021825287
316319.100218576
316542.52021878405
316610.095218847
316653.86021888774
316732.91521896137
317343.1352195297
317789.67521994555
318217.12022034364
318373.9652204897
318411.840220525
318446.03522055683
318481.80522059015
318505.290220612
318615.850220715
318913.1902209919
319013.7652210856
319039.3502211094
319055.8852211248
319131.0152211948
319177.37522123795
319273.05522132706
319293.5952213462
319712.4902217363
320023.58522202604
320181.95022217353
320237.18022222497
320310.27022229304
320488.21522245876
320522.3202224905
320589.6252225532
320648.3552226079
320676.2952226339
320806.88522275555
320885.8402228291
321160.60022308497
321312.62022322655
321570.0252234663
321615.9802235091
321771.32522365375
321890.4852237647
321909.025223782
321926.6402237984
321987.23522385483
322009.25522387534
322046.2602239098
322087.7052239484
322236.69522408716
322439.430224276
322478.5202243124
322545.5402243748
322569.13022439677
322652.9352244748
322675.0552244954
322711.7702245296
322735.63022455183
322759.7452245743
322792.34022460465
322862.0552246696
323040.0902248354
323073.1502248662
323307.4602250844
323345.5702251199
323575.66022533417
323720.430225469
323784.4352255286
324155.78522587445
324243.73522595636
324289.44022599893
324624.3002263108
324666.3102263499
324756.45022643387
324785.3552264608
324827.2552264998
324856.08522652666
325045.0302267026
325068.45522672444
325194.82522684213
325218.5402268642
325410.0502270426
325463.4102270923
325506.5852271325
325591.47022721154
325654.6952272704
325711.10522732296
325742.8402273525
325975.57022756926
326111.72022769606
326150.79022773245
326206.5552277844
326507.0952280643
326540.050228095
326559.7102281133
326582.6002281346
326668.8102282149
326814.0002283501
326830.6252283656
326997.97522852145
327020.035228542
327038.7052285594
327109.8952286257
327206.05522871524
327262.01022876735
327414.16022890905
327705.4152291803
327729.4452292027
327749.26522922114
327820.5402292875
327915.3552293758
327996.87522945175
328125.3502295714
328211.53522965166
328243.62022968155
328357.67522978777
328373.00522980205
328400.6452298278
328466.360229889
328557.28522997367
328594.8702300087
328652.4452300623
328709.09523011505
328734.8902301391
328763.2902301655
328949.6602303391
328985.6052303726
329022.9102304073
329186.3202305595
329239.0602306086
329590.84523093625
329703.2252310409
329729.120231065
329794.2902311257
329831.59523116046
329915.74023123883
329941.2552312626
329965.38023128506
330127.0252314356
330284.7602315825
330335.4652316297
330361.37523165386
330532.09023181285
331226.7552324598
331438.0302326566
331559.01523276925
331666.3152328692
331799.98523299367
331837.55023302865
331956.6752331396
331979.71023316105
332154.680233324
332306.88023346575
332377.7952335318
332459.88523360825
332645.1452337808
332669.78523380373
332906.7102340244
332959.91023407393
333014.4352341247
333058.3202341656
333151.3402342522
333204.95523430215
333249.885234344
333297.0302343879
333470.58023454953
333565.94023463834
333610.72023468005
333671.5452347367
333980.050235024
334001.23523504374
334048.4252350877
334098.76023513457
334177.4902352079
334276.5002353001
334316.2102353371
334364.5402353821
334381.24023539765
334405.70023542043
334524.9702355315
334563.97523556784
334590.9152355929
335090.275236058
335136.51523610106
335264.95023622067
335310.99523626355
335344.3252362946
335412.35023635795
335518.22023645655
335558.28023649385
335751.6002366739
335795.55023671483
335830.2902367472
335906.04023681773
336032.8252369358
336166.0452370599
336209.8852371007
336423.08023729926
336442.08023731696
336468.48023734154
336521.21523739066
336578.43523744395
336809.72023765935
336862.3752377084
336885.0602377295
336955.7202377953
337103.39523793285
337232.0802380527
337368.80523818004
337750.09523853514
338080.4452388428
338098.54523885966
338127.72523888684
338228.68023898086
338286.31523903453
338588.71523931617
338844.3952395543
339019.4202397173
339043.0602397393
339075.43023976946
339326.8102400036
339409.5952400807
339456.79524012463
339958.0802405915
339979.055240611
340002.08524063247
340055.6752406824
340199.63524081645
340248.27524086175
340363.59024096915
340844.95024141745
340990.515241553
341159.1852417101
341222.14524176874
341247.9552417928
341407.60524194146
341423.28024195606
341491.5002420196
341530.96024205635
341830.0302423349
341866.19024236855
341915.5452424145
342177.1002426581
342203.2952426825
342463.16524292453
342577.515243031
342615.4102430663
342692.13024313777
342840.540243276
342916.86024334707
343287.7752436925
343466.7902438592
343494.5902438851
343529.2502439174
343553.7202439402
343591.4252439753
343701.85524407815
343767.5102441393
343833.69024420093
343876.24524424056
344038.5102443917
344076.93024442747
344106.10524445464
344157.3702445024
344192.2852445349
344230.14524457016
344254.675244593
344351.26524468296
344437.185244763
344491.38024481345
344634.84024494706
344659.2452449698
344852.4502451497
344877.7552451733
344957.05524524715
345052.10524533567
345099.4902453798
345193.40524546726
345340.80524560454
345357.39024562
345510.7552457628
345580.37524582766
345893.9502461197
345922.22524614603
345955.0802461766
346042.82024625834
346339.72524653486
346479.31024666486
346499.3452466835
346661.0652468341
346692.96524686384
346734.01524690207
346913.4602470692
347010.49524715956
347046.7152471933
347076.94024722144
347299.34024742857
347333.87524746073
347629.7752477363
347780.34524787654
347813.2552479072
347904.91524799255
347929.4502480154
347965.1702480487
348357.8952484144
348454.6252485045
348496.63524854364
348549.2902485927
348640.6752486778
348671.01524870604
348702.48524873535
348770.67524879886
348791.5302488183
348867.10524888866
348887.4652489076
349046.73524905596
349141.5052491442
349217.22024921473
349519.3502494961
349548.8602495236
349573.2602495463
349614.800249585
349639.4052496079
349662.95524962986
349693.165249658
349949.5702498968
