47.70000000000595
177.77499999991082
296.0099999998033
321.2949999997803
372.48499999973376
537.7299999995835
551.1949999995712
573.1699999995512
765.0449999993767
794.2799999993501
821.5699999993253
1044.1249999995805
1310.920000005404
1345.2450000061533
1579.0900000112576
1688.000000013635
1727.7800000145032
1755.5550000151095
1777.4500000155874
1799.10000001606
1827.6350000166829
1856.4450000173117
2067.860000021926
2254.9800000260107
2330.180000027652
2351.60500002812
2475.7100000308287
2528.1900000319743
2680.790000035305
2702.9800000357895
2722.71000003622
2745.470000036717
2778.1200000374297
2807.46000003807
2982.7150000418956
3009.160000042473
3028.500000042895
3073.760000043883
3117.930000044847
3219.7500000470695
3248.5750000476987
3273.180000048236
3306.550000048964
3493.8400000530523
3520.76500005364
3589.5950000551425
3731.6650000582435
3781.155000059324
3820.615000060185
3966.790000063376
3996.895000064033
4053.7850000652747
4271.630000070029
4292.315000070481
4483.650000074657
4560.605000076337
4748.255000080433
4774.590000081008
4968.715000085245
4988.4700000856765
5048.135000086979
5197.840000090247
5214.310000090606
5260.000000091603
5428.0000000952705
5453.690000095831
5472.275000096237
5497.2250000967815
5519.8100000972745
5722.200000101692
5746.700000102227
5793.515000103249
5816.810000103757
5965.230000106997
5990.205000107542
6014.695000108077
6061.5600001091
6204.265000112215
6222.325000112609
6240.225000113
6267.305000113591
6356.915000115547
6435.650000117265
6460.085000117799
6501.155000118695
6526.380000119246
6552.825000119823
6702.460000123089
6730.0500001236915
6924.305000127932
6965.340000128827
6980.245000129153
6999.330000129569
7228.345000134568
7409.305000138518
7435.785000139096
7462.350000139676
7698.175000144824
7750.8100001459725
7927.470000149829
7960.095000150541
8003.855000151496
8152.975000154751
8177.930000155296
8216.740000151642
8358.405000128965
8396.875000122807
8420.105000119089
8445.90000011496
8489.410000107995
8635.785000084565
8706.820000073194
8744.150000067219
8865.330000047821
8885.150000044649
8945.810000034939
8998.805000026456
9201.99499999393
9421.444999958803
9470.279999950986
9683.584999916842
9722.359999910635
9872.024999886678
9895.56999988291
9928.809999877589
10139.184999843914
10169.879999839
10189.399999835876
10364.679999807819
10387.769999804123
10408.184999800855
10468.534999791194
10664.85499975977
10873.524999726367
10970.189999710894
11093.814999691105
11122.569999686502
11142.119999683373
11357.659999648871
11388.034999644009
11422.164999638546
11484.139999628625
11603.614999609501
11646.839999602582
11670.484999598797
11694.26499959499
11758.064999584778
11887.764999564017
11917.549999559249
11954.96499955326
12116.124999527463
12140.864999523503
12156.924999520932
12362.53499948802
12381.299999485016
12400.51499948194
12450.639999473917
12606.134999449027
12642.46999944321
12693.499999435042
12861.049999408222
13129.394999365268
13160.149999360345
13183.5449993566
13358.89999932853
13389.729999323596
13406.50999932091
13609.16499928847
13637.509999283933
13664.89499927955
13690.839999275397
13838.484999251763
13856.704999248846
13875.894999245775
14069.104999214847
14125.034999205895
14345.794999170557
14380.524999164998
14437.084999155944
14607.774999128622
14625.474999125789
14648.999999122023
14824.579999093918
14896.639999082383
15080.984999052875
15103.244999049311
15297.654999018192
15318.709999014822
15340.044999011407
15357.089999008678
15591.154998971211
15612.664998967768
15846.254998930377
16085.669998892054
16126.089998885584
16318.854998854727
16555.004998879136
16579.634998884154
16816.39499893239
17054.11499898082
17089.254998987977
17111.35999899248
17276.8749990262
17318.93999903477
17341.689999039405
17548.929999081625
17577.449999087436
17763.55999912535
17798.55999913248
17816.50999913614
18012.089999175983
18036.624999180982
18058.65499918547
18075.88499918898
18105.52999919502
18234.859999221368
18286.819999231953
18311.87999923706
18352.68499924537
18480.514999271414
18522.094999279885
18549.829999285535
18569.664999289576
18626.604999301177
18826.379999341876
18876.259999352038
19025.53999938245
19049.504999387333
19117.91999940127
19197.864999417558
19233.424999424802
19253.209999428833
19273.049999432875
19296.68999943769
19509.589999481064
19541.099999487484
19603.334999500163
19743.814999528782
19764.629999533023
19784.68999953711
19933.799999567487
19977.534999576397
20023.63999958579
20073.819999596013
20231.554999628148
20282.339999638494
20324.669999647118
20463.944999675492
20558.489999694753
20744.2699997326
20762.009999736216
20796.794999743302
21017.41499978825
21055.149999795936
21225.509999830643
21243.689999834347
21263.469999838377
21296.554999845117
21464.8349998794
21561.914999899178
21686.2049999245
21715.729999930514
21734.769999934393
21772.414999942062
21799.669999947615
21981.74999998471
22006.58499998977
22023.56999999323
22056.920000000024
22185.85000002629
22210.035000031217
22238.56000003703
22257.035000040793
22465.87500008334
22488.55000008796
22544.110000099277
22737.940000138766
22781.25500014759
22960.830000184174
23032.065000198687
23228.9700002388
23455.605000284973
23480.120000289968
23523.360000298777
23945.285000384734
23991.195000394087
24214.850000439652
24246.585000446117
24395.53000047646
24420.935000481637
24520.05000050183
24667.765000531923
24735.10000054564
24953.985000590234
25166.080000633443
25227.500000645956
25404.445000682004
25434.8600006882
25496.830000700826
25716.445000745567
25887.205000780355
25930.585000789193
25967.935000796802
26159.820000835894
26207.595000845628
26411.785000887226
26433.29500089161
26484.755000902092
26605.265000926644
26625.51500093077
26652.440000936254
26667.83000093939
26697.125000945358
26726.18500095128
26774.83500096119
26961.570000999232
27125.99500103273
27143.23000103624
27169.92000104168
27199.600001047726
27259.960001060022
27409.645001090517
27436.200001095927
27640.680001137585
27723.140001154385
27795.90500116921
27820.84500117429
27843.640001178934
28102.49500123167
28132.29500123774
28151.745001241703
28172.64000124596
28189.82500124946
28247.190001261148
28346.805001281442
28380.4650012883
28461.490001304806
28594.23000133185
28634.57500134007
28697.285001352844
28861.785001386357
28880.49500139017
29018.165001418216
29069.985001428773
29125.230001440028
29175.240001450216
29364.125001488697
29388.64000149369
29415.810001499227
29581.78500153304
29639.31000154476
29875.330001592843
29938.950001605805
30161.650001651175
30308.915001681176
30339.62000168743
30372.725001694176
30598.810001740236
30857.230001792883
31031.680001828423
31079.195001838103
31158.925001854346
31223.29000186746
31317.83000188672
31343.325001891913
31404.23000190432
31593.725001942927
31834.630001992005
31930.3150020115
32029.32500203167
32050.53500203599
32085.710002043157
32128.830002051942
32296.19500208604
32319.51500209079
32345.34500209605
32534.46000213458
32563.050002140404
32626.70000215337
32647.330002157574
32766.665002181886
32867.03500213027
32895.570002115324
33035.585002041975
33063.435002027385
33095.16500201076
33366.14000186881
33551.60500177165
33571.48500176123
33597.6950017475
33771.75500165632
34058.21500150625
34088.155001490566
34288.27000138573
34329.5650013641
34354.36000135111
34547.52000124992
34588.10000122866
34782.165001126996
34815.61500110947
35027.13500099866
35070.2050009761
35094.12500096357
35245.75000088414
35275.440000868584
35469.355000767
35526.71000073695
35543.92500072793
35634.115000680686
35756.09000061679
35779.43000060456
35802.955000592236
35831.625000577216
35983.16000049783
36007.37000048515
36038.340000468925
36197.55000038552
36314.20000032441
36494.425000229996
36566.735000192115
36723.98000010974
36765.620000087925
36812.15500006355
37005.70499996215
37026.07999995148
37052.77999993749
37216.08499985194
37245.224999836675
37265.54999982603
37288.21999981415
37452.36999972816
37471.484999718145
37487.84999970957
37512.18499969682
37548.21499967795
37746.36999957414
37793.969999549205
37829.819999530424
37941.60499947186
37963.63499946032
38221.61999932517
38239.48999931581
38462.00499919924
38483.17499918815
38717.694999065294
38748.68499904906
38766.66999903964
39024.22499890471
39190.1299988178
39217.454998803485
39242.03499879061
39301.749998759326
39331.3899987438
39455.32999867887
39515.334998647435
39634.509998585
39903.559998444056
39931.794998429265
39967.07999841078
40024.24499838083
40171.164998303866
40209.14499828397
40250.94499826207
40665.53999804488
40684.52999803493
40755.85999799756
40770.399997989945
40889.9799979273
40944.28499789885
40965.734997887615
41184.55499777298
41206.39999776154
41398.019997661155
41429.879997644464
41450.10999763387
41486.15999761498
41505.84499760467
41658.44999752472
41700.194997502855
41743.219997480315
41903.18999739651
41949.089997372466
42133.48499727587
42172.90499725522
42236.684997221804
42323.46999717634
42401.859997135274
42452.49499710875
42471.6799970987
42633.50999701392
42907.309996870485
42950.47999684787
43155.499996740466
43173.15499673122
43203.11499671552
43389.909996617665
43414.629996604715
43441.28999659075
43490.97499656472
43669.55499647117
43839.78499638199
43900.81499635002
44148.73499622014
44169.65999620918
44244.27999617009
44409.82999608336
44445.0749960649
44612.0949959774
44635.05499596537
44653.45499595573
44672.05499594599
44686.25999593855
44720.34499592069
44781.669995888566
44895.21999582908
44918.52999581687
44952.69499579897
45115.88999571348
45132.674995704685
45207.749995665356
45375.749995577346
45396.36999556654
45434.36499554664
45627.894995445255
45664.0749954263
45860.469995323416
45879.234995313585
45898.92999530327
46093.1849952015
46195.85499514772
46357.59499506299
46380.80499505083
46407.289995036954
46601.31499493531
46652.89499490829
46835.57499481259
46855.89999480194
46874.27999479231
46906.40999477548
47131.134994657754
47315.339994561255
47343.86999454631
47364.509994535496
47380.60999452706
47427.139994502686
47574.62999442542
47613.27999440517
47635.49999439353
47663.21999437901
47815.00999429949
47843.259994284694
47860.15999427584
47878.589994266185
48068.21499416685
48086.86499415708
48142.929994127706
48357.55999401527
48531.919993923926
48565.69499390623
48588.024993894534
48633.45999387073
48800.614993783165
48830.52999376749
48863.05999375045
49249.18999354817
49275.369993534456
49326.55999350764
49535.054993398415
49561.64999338448
49577.90499337597
49600.834993363955
49647.21499333966
49801.15999325901
49825.0399932465
49863.52999322634
50049.23499312905
50103.10499310083
50281.48999300738
50319.07499298769
50338.94999297728
50363.59499296437
50482.18999290224
50517.35499288382
50535.06999287454
50614.944992832694
50740.889992766715
51020.83499262006
51046.3449926067
51083.02999258748
51111.0549925728
51131.4749925621
51158.48999254795
51247.68999250122
51272.1549924884
51303.759992471845
51372.05499243607
51526.95499235492
51601.96999231562
51734.879992245995
51762.289992231636
51844.219992188715
51886.82999216639
51989.8949921124
52007.16499210335
52034.799992088876
52074.70499206797
52278.199991961366
52301.77999194901
52533.26999182774
52560.61499181342
52780.07499169845
52999.219991583646
53021.669991571885
53224.849991465446
53253.3749914505
53270.46999144155
53292.099991430216
53439.484991353005
53509.66999131624
53538.86999130094
53768.81499118048
53788.87999116997
53994.34499106233
54012.564991052786
54028.68999104434
54226.134990940904
54289.604990907654
54546.8299907729
54753.35499066471
54785.75999064773
54805.799990637235
55029.0099905203
55209.91499042553
55232.70499041359
55256.769990400986
55271.834990393094
55293.23999038188
55480.8499902836
55515.18999026561
55613.03999021435
55713.01999016197
55762.53999013603
55946.17499003983
55985.96999001898
56005.74999000862
56030.36498999572
56221.14498989578
56236.04998988797
56477.2799897616
56535.03998973134
56692.37498964892
56740.20998962386
56903.64998953824
56951.774989513026
56976.69998949997
57135.95998941654
57169.2499893991
57197.91498938408
57227.014989368836
57249.47498935707
57303.20998932892
57408.45998927378
57428.32998926337
57453.41998925023
57521.574989214525
57559.16498919483
57912.57498900969
58132.60998889442
58178.77498887024
58216.059988850706
58232.77998884195
58379.744988764956
58407.904988750204
58435.48998873575
58453.36498872639
58642.979988627056
58674.93998861031
58726.874988583106
58756.654988567505
58928.62998847741
58948.21998846715
58985.76998844748
59195.56498833757
59214.67998832756
59231.7899883186
59387.78998823687
59413.1199882236
59434.859988212214
59457.74998820022
59622.62498811385
59653.729988097555
59680.644988083455
59724.17498806065
59742.72998805093
59883.214987977335
59908.34498796417
59950.35998794216
60158.13998783331
60215.319987803356
60240.40998779021
60381.58998771625
60416.88498769776
60438.97498768619
60461.1049876746
60495.82498765641
60673.334987563416
60880.21498745504
61406.25998717946
61422.86498717076
61646.81498705344
61868.86998693711
61900.359986920615
61984.1899868767
62043.7499868455
62078.30998682739
62101.0149868155
62146.90498679146
62174.04998677724
62199.45498676393
62228.114986748915
62350.339986684885
62366.3449866765
62387.9199866652
62406.11998665566
62530.249986590636
62601.00498655357
62630.49498653812
62849.46498642341
62877.3449864088
62929.57498638144
63097.13498629366
63119.45998628197
63145.709986268215
63367.06998615225
63401.77498613407
63578.984986041236
63603.27498602851
63618.96998602029
63643.22998600758
63693.94998598101
63843.35498590274
63863.904985891975
63924.04498586047
64085.009985776145
64104.16498576611
64123.29498575609
64160.52998573658
64378.00998562265
64404.37998560884
64474.8899855719
64547.72998553374
64589.26998551198
64617.05998549742
64790.45998540658
64847.76498537656
64869.67498536508
64892.9349853529
64986.189985304045
65069.454985260425
65124.259985231714
65328.65498512464
65560.85498503916
65595.9049850718
65653.17498512514
65795.02998525725
65872.3899853293
66049.27998549404
66088.7599855308
66264.67498569464
66288.82998571714
66320.5749857467
66353.109985777
66419.50498583884
66506.80998592015
66547.9899859585
66599.75498600671
66654.97498605814
66769.86498616514
66792.12498618587
66833.23998622416
66861.15998625016
66990.81998637092
67041.89998641849
67076.44998645067
67321.78998667916
67544.19498688629
67595.70998693426
67754.74498708238
67773.49998709984
67795.65998712048
67822.25998714525
67859.27998717973
67881.54998720047
68072.03498737788
68121.21998742368
68307.2149875969
68530.85498780519
68576.51998784771
68604.08498787339
68774.81498803239
68819.1749880737
68845.51498809824
69035.92498827557
69073.1149883102
69268.04998849175
69286.81998850923
69302.96998852427
69441.16498865298
69501.73998870939
69527.12498873303
69549.9549887543
69760.32998895022
69778.74498896737
69798.32998898561
70019.23998919135
70041.16498921177
70062.73498923186
70182.63998934353
70201.22998936084
70221.45998937968
70290.26998944377
70310.82998946292
70458.47998960043
70507.90498964646
70535.07498967176
70712.72998983721
70761.86498988298
70821.43498993845
70963.87499007111
70980.0699900862
71001.09999010578
71049.82999015116
71069.60999016959
71216.10999030602
71239.57499032788
71263.14499034983
71489.16499056033
71522.19999059109
71579.9799906449
71681.29999073927
71705.4899907618
71729.78999078443
71759.78499081236
71779.2599908305
71801.83999085153
71952.95499099226
71971.40499100945
71998.75999103492
72038.05499107152
72076.08999110694
72178.57499120239
72214.86499123619
72237.48999125726
72260.42999127862
72281.49499129824
72478.804991482
72521.57499152183
72672.08999166201
72692.99499168148
72723.4049917098
72745.10499173001
72815.45999179553
72948.43499191938
72973.53499194275
72995.34999196307
73117.55999207689
73172.72999212827
73196.6049921505
73254.05499220401
73442.51499237953
73469.72499240487
73499.44499243255
73684.2949926047
73708.05999262683
73736.49499265332
73926.34499283013
73947.59499284992
74141.08499303012
74253.97999313526
74291.41499317012
74398.64499326999
74423.05999329273
74459.50499332667
74480.60499334632
74508.24499337206
74573.0249934324
74653.35999350721
74670.5299935232
74688.35999353981
74915.32999375119
74950.96499378438
74991.94999382255
75191.96999400883
75214.51999402983
75418.41499421973
75447.32499424665
75467.17999426514
75653.61999443878
75681.62499446486
75700.38999448234
75733.71999451338
75940.16499470564
76119.6499948728
76142.82999489439
76343.57499508135
76381.61499511678
76437.63999516895
76618.02999533695
76714.96499542723
76755.68499546516
76901.89499560132
76922.41999562044
76942.22499563888
76991.13499568444
77100.05999578588
77119.98999580444
77141.61999582459
77160.90499584255
77396.31499606179
77445.68499610777
77478.44999613828
77629.39499627886
77658.80499630625
77705.86999635008
77870.92999650381
77900.58499653143
78156.46999676974
78391.42499698856
78433.69999702793
78622.18999720347
78639.58499721967
78666.93499724515
78686.104997263
78815.04999738309
78855.20499742049
78876.45499744028
78892.34499745507
78920.2849974811
79060.14499761135
79113.36499766092
79143.69499768916
79357.05999788787
79377.86999790726
79416.74999794347
79441.07999796612
79592.32499810698
79634.63999814639
79660.79499817075
79737.31999824202
79841.459998339
79875.96999837115
80110.97499859001
80151.29499862756
80371.4549988326
80400.09499885928
80431.74999888876
80543.679998993
80592.45999903843
80634.90999907797
80665.72999910667
80852.18999928032
80871.76999929856
80893.3949993187
81064.96499947848
81087.71499949967
81131.79999954073
81233.88999963581
81322.57999971841
81346.45999974065
81614.15999998996
81644.38500001811
81688.70500005939
81798.7700001619
81851.10500021063
81866.73500022519
81908.8300002644
82057.74000040308
82333.1800006596
82567.67000087799
82594.40000090288
82789.81000108487
82817.56500111072
82885.58000117406
82927.37000121298
83050.96500132809
83286.07500154705
83329.59500158759
83537.19500178093
83557.93500180024
83583.22000182379
83618.4500018566
83685.84500191937
83760.4950019889
83776.63000200392
83799.66000202537
83826.58500205044
84004.68500221631
84022.3900022328
84088.49500229437
84292.81500248465
84489.05000266741
84536.40000271151
84559.20000273274
84576.30500274868
84865.72500301822
85002.25000314537
85019.02500316099
85054.88000319438
85088.830003226
85277.77000340197
85312.40500343422
85532.18500363891
85559.4550036643
85608.9550037104
85755.92500384728
85795.32000388397
85849.27000393422
85961.70500403893
85985.02000406064
86010.39500408428
86039.44000411133
86419.85500446561
86521.64500456041
86553.42000459
86591.04000462504
86717.96500474325
86767.31500478921
87010.0750050153
87044.99000504782
87073.84000507469
87243.45500523265
87261.5450052495
87289.84000527585
87488.87000546121
87735.97500569135
87971.44000591064
88020.40500595624
88042.21500597656
88082.55500601412
88240.13000616088
88269.92000618862
88449.30000635568
88474.6600063793
88539.6200064398
88713.53000660177
88729.81500661693
88796.72000667924
88968.0500068388
89011.48000687925
89035.39500690153
89165.89500702306
89201.23000705597
89516.57000734966
89689.1750075104
89734.86000755295
89970.33500777226
90195.73000798217
90230.27500801435
90251.90500803449
90487.26500825369
90536.19500829926
90647.96000840334
90666.90000842098
90693.48500844574
90723.70000847388
90738.67500848783
90905.02000864275
90929.81000866584
90966.0600086996
91161.85000888194
91183.87500890245
91208.8400089257
91421.46000912372
91449.27000914962
91473.73500917241
91501.69500919845
91686.0050093701
91723.62000940513
91904.58000957366
91924.58000959229
91996.13500965893
92171.71000982245
92197.03500984603
92246.54500989214
92467.28001009772
92667.32501028402
92685.53501030098
92701.99001031631
92727.9650103405
92932.24501053075
93157.12501074019
93194.76501077524
93367.23001093586
93392.98501095985
93417.47501098266
93440.76501100435
93627.61001117836
93646.67001119611
93667.24001121527
93690.80501123721
93707.15501125244
93734.7100112781
93901.6650114336
93915.37001144636
93958.24501148629
94172.02001168538
94386.00501188467
94403.67501190113
94436.38501193159
94620.0000121026
94647.67001212836
94674.00501215289
94849.6850123165
94879.82001234457
94922.6900123845
94967.32501242607
95082.31501253316
95115.84501256439
95150.79001259693
95178.59001262282
95373.03001280391
95391.33501282096
95432.80501285958
95619.82501303375
95648.58501306054
95702.16501311044
95826.1450132259
95882.1950132781
95919.64501331298
95943.04001333477
96052.11001343635
96120.20501349977
96145.56001352338
96190.31001356506
96375.84001373785
96393.37001375417
96423.43501378217
96456.46001381293
96582.85001393064
96610.14501395606
96645.505013989
96669.51501401135
96826.7550141578
96847.71501417732
96867.84501419606
97099.18001441151
97127.1850144376
97332.0650146284
97355.8950146506
97395.96001468791
97420.19001471048
97602.71001488046
97623.31001489965
97638.59001491388
97895.98001515359
98065.3150153113
98082.37501532718
98130.15001537168
98331.35501555906
98592.04001580185
98624.5200158321
98824.22501601808
98842.93501603551
98863.0000160542
99047.88001622638
99076.48001625302
99095.10501627036
99158.04501632898
99339.60501649807
99476.49501662556
99499.35001664684
99527.58501667314
99558.91001670231
99591.52501673269
99797.53501692455
100014.79501712689
100077.32501718513
100334.10501742427
100596.43001766858
100780.65501784015
100804.81501786265
100835.70501789142
100897.08501794859
101037.92001807975
101070.97501811053
101096.02001813386
101266.75001829286
101352.75501837296
101539.58501854696
101580.58001858514
101749.3300187423
101850.44501883647
102041.05501901399
102265.55501922307
102531.0100194703
102563.3250195004
102734.55501965986
102800.60001972137
102989.30001989711
103024.03501992946
103057.18501996034
103289.9350201771
103473.71002034826
103497.33002037025
103554.26502042328
103707.06002056558
103730.40002058732
103762.53502061724
103791.5900206443
103808.03502065962
103953.60502079519
103986.48002082581
104015.33502085268
104220.88502104412
104242.86002106458
104269.66502108955
104300.16002111795
104326.08502114209
104453.9800212612
104478.82002128434
104500.1450213042
104697.77502148825
104730.50002151873
104763.20002154919
105019.4050217878
105199.77002195577
105223.98002197832
105243.83002199681
105266.0500220175
105361.48502210638
105456.92502219527
105486.36002222268
105555.12002228672
105701.93002242345
105730.71002245025
105752.82502247085
105787.83502250345
105872.170022582
105966.71502267005
106008.55002270901
106044.14502274216
106181.98002287053
106208.92502289562
106228.83002291416
106269.76502295228
106426.53002309828
106443.35002311395
106474.34002314281
106496.64502316358
106723.85002337518
106765.07002341357
106793.86002344039
106909.12002354773
106985.5450236189
107211.41002382926
107233.98502385028
107257.64502387232
107415.3550240192
107439.22502404143
107499.34002409742
107682.1850242677
107724.57002430718
107744.64502432587
107901.02502447151
107930.10002449859
107966.13502453215
108016.47002457903
108249.8650247964
108434.05002496793
108477.94502500881
108636.1000251561
108669.82502518751
108716.28002523078
108906.66502540809
108929.05502542894
108964.04002546152
109143.15002562833
109203.42502568447
109399.0900258667
109430.93002589635
109468.9950259318
109503.4600259639
109684.8250261328
109705.83002615237
109914.99002634716
109936.92002636759
109959.23002638837
110166.99002658186
110223.60002663458
110333.10002673656
110375.86502677639
110429.79502682661
110466.92002686119
110498.13002689026
110591.41502697713
110632.44002701534
110662.44502704329
110869.68002723629
110904.64002726885
110922.05002728506
110955.01002731576
111129.55502747832
111150.7900274981
111366.44002769893
111391.76002772251
111413.90502774314
111439.83002776728
111624.62002793938
111641.48002795508
111661.4750279737
111861.05002815957
111901.7800281975
111925.26002821937
112204.62502847955
112362.09502862621
112384.38502864697
112450.20502870827
112613.32502886018
112641.78502888669
112664.92502890824
112838.9400290703
112868.62002909795
112932.27502915723
113081.27002929599
113104.35002931749
113124.05502933584
113143.76002935419
113323.17502952128
113365.54002956074
113389.26502958284
113625.2300298026
113795.320029961
113844.80003000709
113886.49503004592
114088.43503023399
114148.3600302898
114338.25003046665
114558.08503067138
114611.59503072122
114631.0150307393
114652.29003075912
114791.36003088864
114816.3300309119
114836.42503093061
114865.16503095737
114901.9150309916
115076.26503115398
115101.13503117714
115139.68503121304
115293.53003135632
115804.3900318321
115833.4950318592
115898.72503191995
116067.8950320775
116109.4400321162
116136.99003214185
116277.72003227292
116304.29503229767
116334.10503232543
116351.64003234176
116562.92003253853
116585.63003255968
116774.82503273588
116797.94503275742
117040.86503298365
117063.62003300485
117273.74003320053
117523.6650334333
117584.37003348983
117612.28503351583
117678.34503357735
117787.7050336792
117842.86503373057
117881.96503376699
117955.30503383529
118023.69503389898
118076.33503394801
118226.15503408754
118304.85503416084
118353.6700342063
118501.41003434389
118531.95503437234
118560.27503439871
118578.98503441614
118753.86503457901
118781.74003460497
119023.00003482966
119045.2750348504
119068.70503487223
119216.3100350097
119248.04003503924
119281.02003506996
119307.42003509455
119337.49503512256
119457.03003523388
119529.095035301
119556.09503532614
119585.93503535393
120005.98003574513
120202.23503592791
120239.10003596224
120264.13503598556
120289.33003600902
120335.56503605208
120482.51503618894
120497.60003620299
120527.01503623038
120727.31503641693
120760.17503644753
120792.74003647786
120866.980036547
120987.76003665949
121009.26003667951
121055.98503672302
121167.8450368272
121456.34003709588
121489.62503712688
121571.05003720272
121689.76503731328
121726.52503734751
121759.70503737841
121815.77503743063
121950.96003755654
121968.71503757307
121983.28003758664
121997.0900375995
122012.8750376142
122206.00003779406
122248.5650378337
122273.14003785659
122472.41003804217
122502.87503807055
122656.3750382135
122692.73003824736
122709.26503826276
122727.3450382796
122743.63003829477
122770.77003832004
122942.23503847973
122964.81503850076
122990.49003852467
123039.93003857072
123207.730038727
123223.56003874174
123243.03003875987
123259.78503877547
123474.50503897545
123499.30003899854
123527.37503902469
123679.91503916675
123697.43003918306
123723.9900392078
123766.96003924782
123926.46003939636
123977.44503944385
124028.02003949095
124053.34003951453
124137.32003959274
124165.99503961945
124279.5500397252
124369.94503980939
124443.8250398782
124468.43503990112
124676.38504009478
124701.84004011849
124915.07504031708
124964.04504036269
124991.63004038838
125146.97004053305
125188.43004057166
125231.12004061142
125249.96504062897
125423.66504079074
125451.88504081703
125487.78004085046
125646.13004099793
125909.61004124332
125944.69004127599
125974.71504130395
126138.55004145653
126157.00504147372
126188.25504150282
126418.29504171707
126444.71504174167
126476.71504177147
126650.30504193314
126671.55504195293
126855.20504212397
126888.36004215485
126914.45504217915
126940.29504220322
126964.51504222577
127010.51504226861
127143.8550423928
127166.39004241378
127193.80504243932
127213.91504245804
127377.97004261083
127401.11004263238
127417.6600426478
127437.80504266656
127611.4750428283
127646.54004286096
127679.24504289142
127747.12004295463
127871.71504307067
127897.9450430951
127928.02504312311
127949.97504314355
128355.64504352136
128396.93504355982
128423.14504358423
128594.9150437442
128618.23504376592
128645.3750437912
128660.39004380518
128854.35004398582
128876.59004400653
128920.33504404727
129123.37004423636
129147.60504425893
129385.69004448067
129411.6100445048
129587.28004466841
129609.48004468909
129653.28504472988
129682.8300447574
129847.77004491101
129917.8750449763
130050.73004510003
130078.26004512567
130111.15504515631
130130.60504517442
130160.12504520192
130201.47004524042
130360.60004538862
130448.96504547092
130594.92504560685
130623.98004563391
130664.85504567198
130835.47504583088
130869.88504586293
130911.49004590168
131080.86504605942
131112.2900460887
131154.1750461277
131294.075046258
131329.7250462912
131352.00004631194
131577.560046522
131595.54504653875
131620.4050465619
131659.65004659846
132094.63004700356
132137.3950470434
132333.51004722604
132356.21004724718
132406.57504729409
132435.23504732078
132519.74504739948
132648.67504751956
132685.4300475538
132790.75504765188
132856.31504771294
133071.9900479138
133101.4050479412
133300.73504812684
133348.76004817156
133547.09004835627
134058.41004883248
134081.9500488544
134112.39504888275
134265.06004902493
134289.76004904794
134345.70504910004
134490.7250492351
134513.02504925587
134561.76004930126
134581.3550493195
134596.87004933396
134761.06504948688
134821.88504954352
134845.95504956594
135010.90004971955
135029.88004973723
135045.79504975205
135076.6700497808
135100.84504980332
135240.64504993352
135266.67504995776
135288.02004997764
135530.66005020362
135554.1600502255
135770.26505042677
135840.14005049184
136061.84005069832
136096.36505073047
136288.060050909
136311.63005093095
136547.29005115043
136742.66505133238
136876.01005145657
136988.08005156094
137022.7200515932
137067.00505163445
137239.30505179492
137337.7650518866
137402.32505194674
137455.220051996
137513.5200520503
137565.55005209876
137833.34505234816
137858.14505237126
137971.22005247656
138004.08505250717
138266.06005275116
138284.7900527686
138432.88505290652
138458.91005293076
138478.98505294946
138496.71005296597
138518.88505298662
138723.23005317693
138783.89005323342
138945.64505338407
138970.75505340745
138994.03005342913
139023.8350534569
139042.02505347383
139177.25005359977
139210.95005363115
139247.27505366498
139470.9450538733
139489.65505389072
139527.34005392581
139698.02505408478
139740.5550541244
139766.7600541488
139929.52505430038
140000.2100543662
140229.36005457962
140257.54005460587
140278.46005462535
140647.2450549688
140683.16005500226
140742.75005505775
140886.0450551912
140911.12505521456
140966.43505526608
140998.1450552956
141184.99505546963
141219.15005550144
141445.82505571254
141492.03505575558
141608.3550558639
141696.485055946
141715.42005596362
141927.44005616108
141948.90505618107
141987.28505621682
142156.68005637458
142180.27005639655
142203.9400564186
142221.73505643517
142245.76005645754
142407.4150566081
142424.5950566241
142674.95005685725
142692.36505687347
142722.82005690184
142755.0000569318
142903.21005706984
142935.42505709984
142961.5800571242
142994.7450571551
143133.08005728392
143165.61505731422
143196.6200573431
143370.70005750522
143634.1700577506
143681.60505779478
143744.6600578535
143904.9600580028
143928.9150580251
143975.03005806805
144107.30005819123
144131.14505821344
144242.75005831738
144321.790058391
144368.67505843466
144412.67505847564
144456.68005851662
144636.85505868442
144655.5150587018
144684.68005872896
144881.20005891199
144908.72505893762
144938.5600589654
145124.18505913828
145149.4500591618
145168.49005917954
145188.29005919799
145390.76505938655
145630.44005960977
145657.71005963517
145687.79005966318
145816.82505978335
145867.91005983093
145886.91005984863
146086.84006003483
146126.0200600713
146359.8550602891
146401.3100603277
146424.14006034896
146579.36006049352
146635.6100605459
146660.88006056944
146840.780060737
146864.8550607594
146887.44006078044
147365.60506122577
147570.85006141692
147606.94506145053
147637.38006147888
147840.39506166795
147857.7200616841
148057.08006186975
148090.9550619013
148196.67506199976
148265.58506206394
148292.3850620889
148313.14006210823
148347.23506213998
148370.94006216206
148403.77006219263
148583.63506236015
148780.52506254351
148811.9800625728
148879.65006263583
149131.71006287058
149204.2100629381
149253.5900629841
149310.00506303663
149338.25006306294
149356.49506307993
149388.62006310985
149536.47006324754
149558.59006326814
149577.35506328562
149593.38006330054
149791.27006348484
149815.21006350714
149835.71506352624
149854.31006354355
150079.50006375328
150276.19006393646
150305.51506396377
150385.4200640382
150424.10506407422
150596.18506423448
150622.15506425867
150831.7750644539
150871.4100644908
151031.76506464015
151068.15006467403
151098.00506470184
151290.21506488085
151319.10506490775
151338.18506492552
151386.34006497037
151516.33006509143
151571.40506514272
151611.62506518018
151736.02006529603
151760.40006531874
151791.37006534758
151811.63506536646
151853.28506540525
151882.35506543232
151945.0550654907
152019.26006555982
152090.1000656258
152248.4900657733
152275.71506579866
152307.30006582808
152515.46006602194
152547.50006605178
152706.77006620012
152729.22506622103
152774.6000662633
152802.8450662896
153031.71006650274
153050.76006652048
153270.95006672555
153505.64006694412
153536.94006697327
153554.9950669901
153734.62506715738
153755.9100671772
153802.48506722058
154005.9700674101
154505.30006787513
154538.08506790566
154621.96506798378
154640.62006800115
154726.7750680814
154951.14006829035
155005.6350683411
155044.34506837715
155199.7700685219
155251.26006856986
155293.1750686089
155446.46506875166
155477.91506878095
155511.65506881237
155685.80006897455
155703.65506899118
155901.9850691759
155989.6000692575
156122.60506938136
156188.63506944285
156214.7800694672
156233.59506948473
156257.79006950726
156316.4450695619
156361.52506960387
156473.6650697083
156722.83006994036
156908.45007011323
156943.72007014608
156966.87007016764
157001.64507020003
157027.13507022377
157201.2200703859
157221.27507040458
157445.060070613
157465.31507063186
157693.5200708444
157723.63507087243
157745.725070893
157933.22007106763
157954.48007108743
158174.80007129262
158204.1100713199
158424.83507152548
158484.61007158115
158503.4650715987
158665.97507175006
158698.12507178
158858.09007192898
158958.16007202218
159139.5450721911
159164.61507221445
159186.690072235
159454.7950724847
159651.42507266783
159667.03507268237
159698.81507271196
159750.03507275967
159894.21007289394
159924.20007292187
159944.0850729404
159976.70007297077
160129.80007311335
160159.36507314089
160189.3350731688
160205.1300731835
160389.76507335546
160413.06007337716
160429.9650733929
160636.14007358492
160666.1850736129
160853.25007378712
160890.25507382158
161123.04007403838
161143.53007405746
161166.53507407889
161193.55507410405
161368.90507426736
161395.23007429187
161420.40507431532
161628.60007450922
161654.4450745333
161705.0400745804
161904.8400747665
161921.0750747816
161947.51007480623
162098.05007494643
162144.04507498926
162170.25007501367
162358.6250751891
162381.76007521065
162407.7950752349
162440.69507526554
162617.29507543
162635.77507544722
162662.65507547226
162804.47007560433
162865.8650756615
162967.1050757558
163082.29507586308
163101.24507588072
163123.17007590114
163326.5000760905
163346.4550761091
163362.62007612415
163388.63507614838
163563.65007631137
163612.45507635683
163869.09507659584
164160.75007686747
164348.67507704248
164543.98007722438
164587.47007726488
164606.920077283
164633.64507730788
164661.7800773341
164710.2250773792
164776.65007744107
164823.9250774851
164854.1950775133
164870.61007752857
164986.6050776366
165063.34007770807
165099.1250777414
165162.39507780032
165313.48007794103
165354.66007797938
165396.0250780179
165565.09007817536
165588.93007819756
165618.86507822544
165781.73007837712
165804.9150783987
165829.02507842117
165847.87507843872
165889.0800784771
166075.02007865027
166102.30507867568
166320.1900788786
166354.09507891018
166551.11507909367
166573.55007911456
166593.75507913338
166624.32507916185
166789.86007931601
166828.03007935156
166876.3800793966
167054.07007956208
167277.07007976976
167297.86507978913
167325.51507981488
167502.10507997934
167546.00008002023
167603.93508007418
167741.04508020187
167770.95508022973
167821.90008027718
167860.24008031288
168024.14008046553
168044.3050804843
168069.92508050817
168093.1400805298
168114.12508054933
168244.0250806703
168265.6900806905
168289.73008071288
168318.92008074006
168341.7250807613
168498.0600809069
168576.21008097968
168733.56008112623
168830.86508121685
168866.70508125023
168963.77008134063
168987.06008136232
169004.7600813788
169023.61008139636
169043.5300814149
169073.71508144302
169099.52008146705
169286.11008164083
169324.8550816769
169769.40008209093
169797.79508211737
169828.8400821463
170021.57508232578
170049.37508235167
170229.21008251916
170245.61008253443
170262.18508254987
170282.27008256858
170318.96008260275
170489.26508276135
170505.50008277647
170519.09508278914
170543.69008281204
170584.50008285005
170730.33008298586
170766.04008301912
170952.58508319285
170998.50508323562
171031.10508326598
171072.40508330445
171332.49008354667
171441.09508364782
171475.71508368006
171545.5650837451
171776.99508396065
171924.86508409836
171970.35008414072
171994.9100841636
172213.34008436702
172234.23008438648
172277.81008442707
172301.33508444898
172440.01008457813
172481.23008461652
172515.4650846484
172696.13508481666
172715.815084835
172738.39008485602
172970.6250850723
172991.58508509182
173008.1900851073
173066.0650851612
173191.75508527824
173220.39508530492
173247.38508533005
173268.18008534942
173432.80508550274
173459.20008552732
173494.4050855601
173514.5950855789
173697.41008574917
173900.8200859386
173965.9750859993
174174.00508619304
174191.40008620924
174213.9200862302
174268.69508628122
174388.8350863931
174410.68508641346
174432.89008643414
174473.06508647156
174506.2950865025
174669.1750866542
174691.88008667534
174722.14008670353
174748.36508672795
174878.26508684893
174898.1100868674
174922.51008689014
174939.7650869062
174963.72008692852
174986.64008694986
175158.22008710966
175177.97008712805
175211.24008715904
175444.9600873767
175496.5000874247
175646.68008756457
175677.80508759356
175919.08008781826
175952.67508784955
175991.53508788574
176130.38508801506
176157.03008803987
176178.82008806017
176421.6350882863
176652.63008850144
176666.60508851445
176682.3450885291
176699.92508854548
176905.575088737
176933.52508876304
176966.3300887936
177172.97508898604
177204.74008901563
177355.5750891561
177386.80008918518
177422.6650892186
177448.83508924296
177640.83508942177
177660.81508944038
177685.2200894631
177730.9500895057
177854.39008962066
177884.5100896487
177917.70008967962
177957.7100897169
178085.57008983596
178113.4200898619
178130.78508987807
178159.19008990453
178422.30009014957
178603.43009031826
178633.38009034615
178657.3800903685
178855.31509055285
178873.60009056987
178891.1300905862
178918.80509061198
179107.08509078732
179126.54009080544
179168.40009084443
179581.04009122873
179620.25509126525
179660.54009130277
179845.60009147512
179864.0450914923
179888.435091515
179928.60509155242
179995.805091615
180031.51009164826
180080.4150916938
180109.10009172052
180310.7100919083
180394.0450919859
180413.62509200413
180831.56509239337
180880.26509243873
181048.9250925958
181071.23009261658
181086.80509263108
181104.24509264732
181145.52509268577
181188.78509272606
181317.20509284566
181350.15009287634
181385.14509290893
181406.23009292857
181843.88509333617
182047.9450935262
182101.36009357596
182150.0350936213
182297.7900937589
182322.55509378196
182338.44509379676
182354.95009381213
182376.85009383253
182476.125093925
182563.46009400632
182584.98009402637
182627.1100940656
182844.6500942682
182865.53509428765
183045.29509445507
183065.5150944739
183093.3350944998
183290.9000946838
183335.06509472494
183356.3950947448
183379.73509476654
183507.7950948858
183537.06509491306
183553.110094928
183571.65009494527
183597.68509496952
183806.88509516435
183874.31009522715
183971.27009531745
184032.9450953749
184063.50009540335
184101.42509543867
184297.07509562088
184313.46009563614
184374.88509569335
184488.74009579938
184516.19009582495
184543.37509585026
184561.41009586706
184732.5050960264
184777.12509606796
184799.46509608877
184827.70009611506
184975.53509625274
185006.28009628138
185053.95009632577
185083.4050963532
185250.17009650852
185283.0000965391
185300.53009655542
185543.97009678214
185560.7800967978
185736.9850969619
185799.5700970202
185947.04009715753
185997.1450972042
186077.82509727933
186098.24509729835
186193.66509738722
186220.11509741185
186257.44509744662
186320.3500975052
186518.15509768942
186553.71009772253
186707.1000978654
186729.79009788652
186755.71509791067
186786.20509793906
186972.72009811277
186994.82509813335
187019.01509815588
187069.600098203
187241.74509836332
187270.9450983905
187304.49009842175
187327.60009844328
187511.3300986144
187762.6950988485
187990.4450990606
188008.4900990774
188060.42009912577
188208.4300992636
188242.6550992955
188293.4700993428
188456.7850994949
188523.2300995568
188694.41509971622
188717.52009973774
188772.69009978912
188952.4250999565
188982.30509998434
189010.6151000107
189037.82010003604
189140.29010013147
189211.80010019807
189239.23510022362
189438.285100409
189501.69510046806
189680.27510063438
189722.26510067348
189750.2951006996
189857.93510079983
189947.16510088294
190063.8301009916
190203.61510112177
190236.10010115203
190266.52010118036
190427.7401013305
190462.7301013631
190490.27510138875
190541.20510143618
190655.71010154282
190677.41510156303
190709.63010159304
190740.0701016214
190934.24010180222
190954.23010182084
190986.85010185122
191190.2001020406
191207.1601020564
191241.3151020882
191257.87010210362
191450.5901022831
191614.27010243555
191656.35010247474
191728.16510254162
191748.1001025602
191920.82010272105
191976.14510277257
192157.4151029414
192180.9501029633
192248.1601030259
192411.30010317784
192432.5201031976
192454.99510321853
192648.41510339867
192886.55010362045
192931.6851036625
193201.3301039136
193434.6301041309
193629.15510431206
193735.45010441105
193904.67510456865
193919.99010458292
193944.2401046055
194102.625104753
194127.9701047766
194149.81010479695
194173.32510481885
194216.7601048593
194359.73510499246
194386.35510501725
194407.09010503656
194423.79510505212
194661.9151052739
194731.9251053391
194861.12510545942
194897.42010549322
194939.45010553236
195116.08010569686
195137.88510571717
195309.6051058771
195351.30510591593
195381.26510594384
195410.98510597151
195442.69510600105
195468.67010602524
195600.33510614786
195649.61510619376
195859.9001063896
195884.2651064123
196041.81510655902
196102.21510661527
196119.6401066315
196323.5351068214
196345.89510684222
196583.4951070635
196626.07010710315
196651.1301071265
196864.9351073256
196950.33510740515
197055.87010750343
197084.12010752974
197100.65010754514
197139.20010758104
197162.09010760236
197333.14510776167
197602.94510801294
197657.28510806354
198338.0901086976
198398.84010875417
198467.75510881835
198549.6201088946
198568.57010891224
198621.73010896175
198824.31510915043
198987.05010930198
199093.11510940077
199297.42010959104
199315.620109608
199335.8051096268
199353.6451096434
199377.93510966602
199394.17010968114
199569.3701098443
199591.09510986455
199743.26011000626
199818.54511007637
199849.21511010494
200064.3451103053
200281.18011050724
200307.3401105316
200334.85011055722
200541.67511074984
200579.62011078518
200768.49511096108
200785.3751109768
200809.0051109988
200840.6801110283
201027.65011120244
201082.3701112534
201274.22011143208
201291.9651114486
201321.29511147592
201358.14011151023
201527.8651116683
201548.41011168744
201791.51011191384
201815.96511193662
202009.1001121165
202036.79511214228
202072.97011217597
202268.16511235776
202291.8301123798
202332.14011241734
202500.2451125739
202545.3401126159
202564.74011263397
202779.43511283392
202836.67511288723
202907.68011295336
202996.77011303633
203053.4451130891
203260.41511328187
203285.1501133049
203327.15011334402
203510.24511351454
203598.4651135967
203742.84511373116
203757.56511374487
204012.47011398227
204042.05511400983
204189.72511414735
204226.1751141813
204248.02011420164
204526.14011446066
204713.36511463503
204735.83011465595
204933.3301148399
204953.77511485893
204991.8601148944
205122.2001150158
205204.21511509217
205246.69511513173
205266.1001151498
205282.77511516534
205504.49011537182
205687.51511554228
205707.38011556078
205759.3601156092
205778.52511562704
205853.15511569654
205973.09511580825
206001.32011583453
206265.91511608096
206284.36011609813
206435.3001162387
206478.96511627937
206516.3701163142
206540.32511633652
206695.21511648077
206902.8051166741
206926.55011669622
206946.9401167152
206986.2201167518
207012.93511677667
207178.90011693124
207198.53011694952
207222.53511697188
207253.32511700055
207484.7601172161
207512.64011724206
207677.44511739555
207701.46511741792
207723.7951174387
207747.42011746072
207913.44511761534
207949.62011764903
207968.41511766653
208006.9201177024
208156.46011784166
208190.2151178731
208402.98511807126
208420.06511808716
208433.38511809957
208485.94511814852
208621.68011827493
208652.71011830383
208669.7501183197
208689.63511833822
208717.78511836444
208899.6351185338
208921.61511855427
208968.6701185981
209133.90511875198
209170.94011878647
209190.5101188047
209352.18511895527
209384.34511898522
209401.85511900153
209624.9551192093
209679.15011925978
209752.0651193277
209917.9601194822
209951.30011951324
210053.9151196088
210115.9851196666
210168.87011971587
210221.47511976486
210401.8001199328
210438.68011996715
210629.3301201447
210680.36012019223
210703.16512021347
210852.5701203526
210930.24512042495
211148.85512062855
211179.11012065673
211353.22012081888
211411.07512087276
211465.6501209236
211637.39012108353
211709.33512115054
211855.91012128704
211894.8501213233
211909.81512133725
212151.05512156192
212179.2801215882
212359.90512175643
212664.2951220399
212684.8851220591
212839.24512220285
212864.4351222263
212940.4401222971
213070.33512241807
213110.35012245533
213158.22012249992
213202.5601225412
213356.67512268474
213385.64512271172
213558.54512287275
213581.85012289445
213602.67512291385
213634.14512294316
213824.37512312032
213845.2951231398
213995.48012327967
214288.59012355265
214310.18012357276
214336.56012359733
214366.61012362532
214413.42512366892
214534.81512378197
214564.54012380965
214830.31512405718
214852.64512407797
215037.84012425045
215074.34012428444
215101.77512431
215313.72012450738
215554.17012473132
215574.15512474993
215633.97512480564
215834.14012499206
215872.6101250279
216065.8001252078
216084.3751252251
216317.1501254419
216342.77012546576
216367.03512548836
216525.18012563564
216574.01512568112
216642.0801257445
216758.9051258533
216830.89012592036
216858.3051259459
217054.00012612814
217090.37012616202
217121.3901261909
217262.7901263226
217284.9251263432
217531.670126573
217554.56012659433
217583.14012662094
217800.70512682357
217839.20512685942
218025.2651270327
218057.43512706266
218232.00012722524
218287.4551272769
218312.41012730013
218371.325127355
218949.13512789313
219003.14012794342
219030.78012796916
219048.25512798544
219066.6801280026
219268.8801281909
219284.49012820545
219312.16512823122
219506.63012841233
219531.36012843536
219550.70512845338
219744.45512863382
219994.96512886713
220028.56512889842
220057.73012892558
220116.11012897996
220227.26012908347
220242.3301290975
220271.62012912479
220294.4951291461
220324.1451291737
220372.2501292185
220474.54512931377
220496.53012933425
220681.4701295065
220712.97012953582
220734.65512955602
220759.4251295791
220984.04012978828
221006.96512980963
221027.52512982878
221201.78012999106
221226.8351300144
221253.93013003963
221274.03013005835
221292.0251300751
221308.73013009067
221425.56513019948
221464.97013023618
221490.39513025986
221508.84013027704
221732.4601304853
221768.45013051882
221928.60513066797
221978.5701307145
222001.67513073602
222021.56013075454
222039.235130771
222062.46513079264
222197.44013091834
222217.64013093716
222241.15013095905
222258.25513097498
222308.81513102207
222452.32013115572
222539.2851312367
222680.0401313678
222758.69513144105
222792.61513147264
222976.56013164396
223146.08513180184
223194.83513184724
223246.47013189533
223440.18513207574
223456.00013209047
223486.2101321186
223681.24013230024
223708.77013232588
223734.53013234987
223999.5651325967
224164.63013275043
224199.62013278302
224218.5001328006
224242.30513282277
224278.2101328562
224406.06013297528
224423.3551329914
224473.42013303802
224682.63013323286
224714.48013326252
224752.55513329798
224930.64513346384
224956.97513348836
224983.2301335128
225165.1151336822
225198.25513371307
225222.48013373563
225398.04513389914
225414.000133914
225681.74513416336
225855.67013432534
225946.83013441024
225964.7351344269
226005.79513446515
226162.14013461076
226177.6501346252
226198.85013464495
226223.25513466768
226396.73013482924
226426.84513485729
226457.52013488585
226631.86513504823
226675.650135089
226704.18513511558
226790.6301351961
226888.6801352874
227110.66013549414
227144.06513552525
227177.75513555662
227235.2701356102
227253.44513562712
227339.17013570695
227400.68513576424
227451.37013581145
227644.25013599108
227668.855136014
227872.94013620407
227920.38513624825
228101.32513641677
228123.51513643743
228160.91013647226
228186.60013649618
228439.4801367317
228852.2301371161
228873.3901371358
228910.01513716992
229373.67013760173
229394.30013762094
229419.52013764443
229570.7851377853
229597.22013780993
229665.0451378731
229857.38013805222
229894.37513808667
229946.19013813493
230031.36013821425
230165.39013833908
230336.54013849847
230353.15513851395
230373.24513853266
230404.6601385619
230425.19513858104
230597.30013874132
230646.335138787
230818.08013894694
230847.84513897466
230873.17013899825
230909.425139032
231045.64513915888
231068.5301391802
231110.93513921968
231136.4151392434
231371.81013946264
231393.18513948255
231535.14513961476
231580.11013965664
231618.32513969223
231769.77013983327
231824.08013988385
231839.0501398978
231869.8851399265
231907.51013996155
232086.94014012866
232117.10014015675
232256.16514028626
232276.270140305
232359.15514038218
232521.12014053302
232594.02514060092
232617.79514062306
232778.1601407724
232802.59014079516
232826.60514081753
232876.4101408639
233046.55014102237
233091.72514106444
233306.3151412643
233536.12514147832
233550.88514149206
233573.7951415134
233593.59014153184
233624.17014156032
233658.68014159246
233785.7451417108
234002.1151419123
234025.7251419343
234052.05514195882
234083.1851419878
234247.9851421413
234302.19014219177
234319.620142208
234572.50014244352
234722.99514258368
234781.330142638
234806.20014266117
234831.27514268452
235012.68514285347
235037.35514287645
235316.62514313654
235489.8801432979
235523.9301433296
235646.6501434439
235753.76514354366
235769.35514355818
235785.0651435728
235815.28514360095
235962.16014373774
235978.47514375293
236006.5651437791
236050.5951438201
236083.70514385094
236309.92014406162
236373.41014412075
236498.59514423733
236523.7901442608
236539.6751442756
236568.5751443025
236776.91014449653
237048.45514474943
237131.3051448266
237215.23014490475
237233.5301449218
237269.180144955
237488.19014515897
237511.82514518098
237539.42014520668
237758.97014541115
237804.7551454538
237953.82014559262
237980.61014561757
238199.7001458216
238296.08514591138
238453.54014605802
238472.90014607605
238496.56014609808
238716.65514630306
238738.75514632365
238764.10014634725
238980.10514654842
238995.94014656317
239113.09514667228
239173.3551467284
239197.06014675047
239218.1401467701
239234.91014678573
239445.72514698206
239473.50014700793
239525.83014705667
239611.46014713641
239702.3751472211
239742.16014725814
239763.18514727772
239816.02514732693
239947.98014744982
239990.9001474898
240197.280147682
240216.1851476996
240232.77014771505
240249.4551477306
240312.0701477889
240426.45514789544
240474.8451479405
240493.82514795818
240637.27014809177
240670.45014812268
240688.36014813936
240722.09514817077
240868.21514830686
240911.87014834752
240932.29014836653
240950.48014838347
241153.29514857236
241190.22014860675
241218.1801486328
241398.30014880054
241417.3701488183
241452.46014885098
241680.115149063
241713.74514909432
241734.870149114
241770.58014914725
241809.78014918376
241912.45014927938
241961.8551493254
241985.53514934744
242002.91014936363
242186.44014953455
242205.64514955244
242377.5101497125
242426.4801497581
242461.65014979086
242485.90514981345
242617.08514993562
242645.3001499619
242681.44014999556
242743.19015005307
242900.03515019914
242922.99515022052
242949.56515024527
243123.51015040727
243154.16515043582
243185.7101504652
243409.53515067365
243863.6701510966
243883.73015111528
243905.50015113555
243948.3801511755
244091.59015130886
244158.81515137147
244178.53515138983
244356.3051515554
244402.94515159883
244425.0301516194
244442.23515163542
244671.92015184934
244845.7101520112
244895.37515205744
244918.66515207913
244944.11515210284
244969.0801521261
245099.42015224748
245119.14015226584
245147.94515229267
245200.21515234135
245325.20515245775
245349.35015248024
245385.03515251348
245416.9451525432
245607.34515272052
245633.3201527447
245658.09515276778
245675.86515278433
245849.54515294608
245884.09015297826
246095.32015317498
246129.97515320726
246147.57515322365
246348.98015341122
246383.88515344373
246413.47015347128
246579.01515362546
246595.58015364088
246625.06515366834
246671.02015371114
246818.64015384862
246839.71515386825
246859.9401538871
246884.38015390985
246904.54015392862
247076.13015408843
247097.80515410862
247149.1251541564
247319.8351543154
247355.2801543484
247375.70015436743
247444.12015443115
247578.7101545565
247629.89015460416
247666.08015463786
247807.08015476918
247834.95015479514
247852.07015481108
247883.8851548407
247904.2601548597
248018.6251549662
248078.89015502232
248128.55515506858
248150.11515508866
248325.9451552524
248344.58515526977
248365.60015528934
248556.30515546695
248582.86015549168
248601.0101555086
248822.91015571525
248851.22515574162
249156.4651560259
249294.3301561543
249339.62515619647
249363.9201562191
249512.34515635733
249543.15015638602
249560.59515640227
249614.25515645224
249633.8651564705
249736.75015656633
249786.34515661251
249802.2101566273
249829.33015665255
249877.95515669783
250308.3701570987
250331.24015712
250536.35515731102
250595.98515736655
250625.0251573936
250752.08515751193
250816.1501575716
250864.87015761697
250896.2701576462
251260.8051579857
251281.32515800482
251309.18515803077
251337.53515805717
251525.12515823188
251739.54515843157
251777.39515846682
251802.8101584905
251822.92015850922
251966.07015864254
252018.36515869125
252044.6101587157
252068.80015873822
252088.2301587563
252259.61515891593
252294.23015894816
252317.21015896957
252495.0601591352
252519.30515915778
252548.3301591848
252571.02015920595
252694.3351593208
252781.9551594024
252811.8051594302
252829.23515944643
253004.37515960954
253246.74015983526
253269.36015985633
253343.60015992547
253514.6951600848
253546.23016011418
253620.78516018362
253755.22016030882
253788.1701603395
253890.84016043512
254059.4851605922
254258.85516077786
254396.8701609064
254466.38516097114
254522.23516102316
254690.5301611799
254714.6001612023
254744.26016122993
254767.92016125197
254992.77016146138
255024.66516149108
255241.31516169285
255256.74516170722
255287.12516173552
255362.45516180567
255455.64516189246
255493.1651619274
255514.91016194766
255810.2201622227
255923.5251623282
255945.38016234856
256018.850162417
256159.82016254828
256193.74516257987
256212.8751625977
256239.47016262246
256260.42016264197
256489.85516285565
256699.92016305128
256719.9051630699
256974.83516330732
257168.99016348814
257190.5251635082
257225.60516354087
257262.96516357566
257438.71016373934
257469.43516376795
257508.150163804
257700.0201639827
257720.59016400186
257814.72016408952
257953.72016421898
257977.7851642414
258145.33016439743
258168.25516441878
258191.71516444063
258220.59516446752
258415.5751646491
258442.26016467396
258467.26016469725
258685.4001649004
258706.47016492003
258925.46016512398
258960.0601651562
259161.01516534336
259181.27016536222
259374.26016554196
259437.25516560063
259467.54516562884
259660.86516580888
259682.23516582878
259893.995166026
259912.1401660429
259930.36016605987
259943.62516607222
259964.5351660917
260138.98016625416
260242.84016635088
260332.3001664342
260647.3351667276
260669.1401667479
260707.82016678393
260864.57016692992
260883.08016694715
260916.70516697847
260947.5651670072
261166.66516721126
261190.36016723333
261377.7051674078
261401.9651674304
261424.85016745172
261456.9351674816
261623.61016763683
261644.66516765644
261848.87516784662
261877.47516787326
261900.63516789483
262102.55516808288
262161.9301681382
262357.4801683203
262387.39516834816
262419.3451683779
262436.5101683939
262587.32016853435
262606.295168552
262624.8701685693
262650.8201685935
262699.8001686391
262823.85516875464
262888.06016881444
262921.3851688455
263084.2901689972
263108.19516901945
263122.35016903264
263365.8101692594
263416.5101693066
263617.0601694934
263648.08516952227
263772.5751696382
263807.1251696704
263838.97516970005
263857.97516971774
263876.9351697354
263905.0751697616
264081.1801699256
264369.82517019444
264584.5401703944
264617.2551704249
264845.40017063735
264866.9201706574
265040.1251708187
265055.8151708333
265081.07517085684
265338.25517109636
265360.405171117
265809.4451715352
265835.9001715598
266091.80517179816
266345.4601720344
266546.0551722212
266646.0951723144
266789.8651724483
266811.84517246875
266841.07017249597
267011.68517265486
267041.82517268293
267092.29017272993
267307.08517293
267367.4751729862
267563.9601731692
267579.46017318364
267809.14017339755
268060.82017363195
268084.14517365367
268238.4751737974
268264.4651738216
268312.08017386595
268345.58017389715
268364.4151739147
268509.9001740502
268538.09517407644
268799.5151743199
269008.52517451457
269042.42017454613
269077.78517457907
269223.47517471475
269244.75017473457
269262.54517475114
269311.53017479676
269471.0401749453
269725.9451751827
269766.89517522085
269835.9051752851
270030.28517546615
270080.00517551246
270252.85017567343
270275.6951756947
270294.40517571213
270321.7501757376
270459.36017586576
270482.8201758876
270517.8251759202
270563.2401759625
270694.1351760844
270735.84017612325
270811.5701761938
270977.8001763486
271007.80017637654
271072.8601764371
271208.9601765639
271258.55017661006
271481.68017681787
271534.3151768669
271673.19517699623
271703.8701770248
271739.4301770579
271792.70517710753
271949.57517725363
272027.5751773263
272053.5801773505
272218.03017750365
272243.17517752707
272277.0551775586
272463.15517773194
272701.51517795393
272716.625177968
272749.8101779989
272769.4501780172
272812.5051780573
272956.5251781914
272981.0601782143
273164.74017838534
273191.3451784101
273244.19517845934
273273.0051784862
273447.87517864903
273490.71517868893
273535.2151787304
273663.80517885013
273695.6651788798
273725.36517890746
273748.9251789294
273917.99517908687
273980.5301791451
274183.4401793341
274198.400179348
274220.1051793682
274455.51017958747
274527.4601796545
274666.14517978363
274712.42517982674
274757.41517986864
274922.59018002247
274997.96018009266
275149.47018023377
275185.4851802673
275203.9151802845
275380.6901804491
275408.12518047466
275439.2101805036
275463.8851805266
275481.7001805432
275622.3851806742
275644.3751806947
275670.44018071896
275690.3301807375
275896.67018092965
275947.3251809768
275970.54018099845
276118.1551811359
276147.27518116304
276177.5151811912
276217.08018122806
276410.99018140865
276704.88018168235
276876.8051818425
276918.67518188147
276934.305181896
276954.4701819148
277160.79018210695
277190.2751821344
277230.8401821722
277401.4351823311
277428.4351823562
277684.1801825944
277867.1651827648
277925.62018281926
278148.95018302725
278350.79518321523
278374.195183237
278390.5801832523
278410.39518327074
278446.93018330476
278606.59018345346
278695.49518353626
278846.1901836766
278864.92518369405
278911.2551837372
278950.92518377415
278983.3151838043
279020.28018383874
279049.4651838659
279110.0801839224
279126.6701839378
279141.61018395174
279166.8901839753
279343.15518413944
279373.3001841675
279408.6951842005
279622.6151843997
279644.68518442026
279682.7251844557
279825.0301845882
279862.8251846234
280169.9251849094
280193.47018493136
280339.79518506763
280376.8951851022
280395.52018511953
280607.72018531716
280632.8801853406
280665.80018537125
280692.0501853957
280841.605185535
280897.94518558745
281115.2451857898
281137.19018581026
281282.75518594583
281305.64518596715
281323.99518598424
281360.7851860185
281380.1951860366
281397.24018605246
281430.32018608326
281558.71518620284
281596.82518623833
281659.2951862965
281804.4251864317
281831.1651864566
281879.5351865016
281916.6401865362
282064.1101866735
282130.94018673577
282288.99018688296
282350.26018694
282586.0151871596
282615.60518718715
282823.28018738056
282864.1551874186
283031.5251875745
283063.6251876044
283163.3501876973
283275.0301878013
283296.37518782116
283361.2751878816
283568.3951880745
283605.40518810897
283620.0551881226
283641.44018814253
283822.39518831106
283844.3151883315
284008.8601884847
284047.5801885208
284094.28018856427
284118.7951885871
284243.6651887034
284274.09518873174
284307.95518876327
284357.44018880936
284518.49018895935
284571.33018900856
284592.8651890286
284745.4601891707
284764.17018918815
284786.9051892093
284808.71518922964
284861.46018927876
284886.9551893025
284983.75018939265
285005.3801894128
285036.725189442
285070.73018947366
285091.10018949263
285365.58518974826
285501.93018987525
285561.72018993093
285752.53019010863
286006.79019034543
286087.6901904208
286237.02019055985
286281.14519060095
286300.78519061924
286486.3851907921
286522.63019082585
286581.91019088106
286715.9301910059
286734.7501910234
286781.50019106694
286809.43019109295
286961.90519123495
286996.90019126754
287030.9701912993
287055.0701913217
287217.87019147334
287237.930191492
287287.6251915383
287318.1201915667
287346.71019159333
287504.4151917402
287528.74019176286
287551.3601917839
287718.44019193953
287770.9001919884
287974.9301921784
288003.43019220495
288222.4351924089
288242.5151924276
288266.60519245005
288287.9201924699
288458.89019262913
288495.265192663
288773.2351929219
288802.74519294937
288870.78019301273
288943.29519308027
288971.74019310676
289009.62019314204
289036.71519316727
289171.8001932931
289202.7201933219
289225.9701933435
289246.2401933624
289450.7951935529
289469.93019357073
289491.1701935905
289514.6651936124
289670.41519375745
289737.9301938203
289860.8251939348
289909.11519397976
289956.4851940239
290134.61019418977
290159.91519421333
290179.06019423116
290200.375194251
290220.07019426936
290243.6551942913
290420.8901944564
290443.1551944771
290459.4751944923
290482.17519451346
290699.0301947154
290787.3651947977
290946.630194946
290970.5551949683
291123.6851951109
291163.7251951482
291186.3701951693
291207.1201951886
291416.11019538325
291450.200195415
291519.3251954794
291696.6351956445
291717.17519566364
291754.4001956983
291917.1601958499
291955.4101958855
291993.8401959213
292188.8251961029
292212.7751961252
292416.17019631463
292443.8501963404
292468.26019636315
292672.94019655377
292694.93019657425
292732.49519660923
292870.6201967379
292933.6701967966
292964.00019682484
293148.46519699664
293352.07519718626
293398.7201972297
293449.22019727674
293662.3201974752
293702.1551975123
293737.75019754545
293865.8851976648
293905.6051977018
293969.3251977611
294145.02519792476
294165.53019794385
294195.59519797185
294227.04019800114
294360.53019812546
294391.00519815384
294650.64019839565
294687.49519842997
294889.88019861846
294924.6301986508
294962.35019868595
295096.7351988111
295129.6901988418
295164.3751988741
295442.6651991333
295589.72019927023
295642.46519931935
295656.1301993321
295680.4051993547
295809.64519947505
296097.71019974333
296153.180199795
296363.71019999107
296404.2252000288
296579.71520019224
296597.8052002091
296632.3202002412
296686.57520029176
296825.360200421
296847.875200442
296881.3102004731
296903.15020049346
296949.7752005369
297103.9952006805
297120.0752006955
297151.07520072436
297330.9902008919
297361.0352009199
297383.51020094083
297505.31520105427
297580.5002011243
297603.41520114563
297635.5802011756
297681.2202012181
297814.3602013421
297841.82020136766
297864.3302013886
297949.585201468
297985.48520150146
298082.730201592
298105.7602016135
298131.3252016373
298174.5102016775
298279.180201775
298311.2902018049
298328.96520182135
298360.1352018504
298378.6402018676
298400.9602018884
298572.7852020484
298594.1252020683
298639.2452021103
298861.3552023172
298898.8802023521
299047.41020249046
299077.46520251845
299094.0602025339
299145.42020258174
299326.98520275083
299542.05520295113
299587.030202993
299625.9902030293
299767.7102031613
299817.0852032073
299857.21520324465
299878.89020326483
