251.10999999984412
389.88499999971793
632.1549999994976
665.1599999994676
688.6649999994462
893.6699999992597
1047.359999999651
1462.6650000087163
1632.435000012422
1648.560000012774
1704.2800000139903
1719.7400000143277
2196.0500000247243
2482.3850000309744
2491.8800000311817
2529.8000000320094
2599.560000033532
2617.5350000339245
2733.4850000364554
2797.930000037862
2820.330000038351
3119.850000044889
3139.460000045317
3152.88500004561
3411.8400000512625
3513.6450000534846
3600.530000055381
3613.265000055659
3625.5150000559265
3640.5850000562555
3649.310000056446
3659.430000056667
3785.1350000594107
3959.7650000632225
3973.115000063514
4083.9300000659327
4107.915000066456
4389.335000072599
4408.510000073017
4525.505000075571
4667.775000078676
4771.900000080949
4907.025000083899
5017.785000086316
5241.6800000912035
5340.665000093364
5653.6750001001965
5696.875000101139
5711.725000101464
5744.940000102189
5782.700000103013
5818.135000103786
5919.980000106009
6281.620000113903
6647.815000121896
6712.300000123304
6724.895000123579
6742.295000123959
6754.855000124233
6765.050000124455
6782.010000124826
6814.0250001255245
6839.375000126078
6916.670000127765
6926.755000127985
6950.435000128502
6963.440000128786
7079.745000131325
7112.335000132036
7122.180000132251
7135.88500013255
7242.140000134869
7267.160000135415
7431.060000138993
7452.255000139456
7492.050000140324
7506.465000140639
7680.13500014443
7722.385000145352
7801.495000147079
7820.160000147486
7835.44500014782
7860.690000148371
7877.890000148746
7894.405000149107
7908.055000149405
7927.53000014983
7949.7300001503145
8110.285000153819
8141.445000154499
8166.990000155057
8184.130000155431
8292.315000139544
8304.495000137595
8317.71000013548
8359.695000128759
8434.935000116715
8601.745000090013
8871.33500004686
8891.89000004357
8912.365000040292
8929.130000037609
8985.235000028628
9179.494999997532
9377.199999965886
9392.78499996339
9409.414999960729
9561.874999936324
9601.039999930055
9644.539999923092
9714.814999911843
9731.959999909099
9858.70499988881
9895.214999882966
10066.11499985561
10269.934999822985
10285.024999820569
10298.539999818406
10417.8949997993
10593.63499977117
10750.634999746038
10773.439999742388
10787.04499974021
11039.674999699771
11456.104999633113
11492.35499962731
11566.489999615444
11776.149999581883
12255.969999505078
12322.634999494407
12335.04499949242
12458.254999472698
12735.879999428258
12979.00499938934
13004.964999385185
13022.11999938244
13049.529999378052
13072.149999374431
13084.849999372398
13100.659999369867
13130.719999365056
13254.714999345208
13288.764999339757
13541.079999299369
13665.564999279442
13676.26499927773
13862.74499924788
13882.884999244656
13920.824999238583
13940.044999235506
13955.804999232983
13997.044999226382
14164.394999199594
14176.894999197593
14187.274999195932
14390.764999163359
14402.954999161408
14507.70999914464
14520.81999914254
14530.449999141
14548.364999138132
14742.90999910699
14757.549999104647
14909.34499908035
14923.444999078092
15019.739999062678
15091.294999051224
15113.644999047647
15124.48999904591
15135.969999044073
15154.35999904113
15175.959999037672
15234.724999028265
15317.744999014976
15360.754999008092
15465.914998991258
15514.494998983482
15676.519998957547
15767.904998942919
15824.094998933924
15836.379998931958
15864.864998927398
16031.0349989008
16041.439998899134
16117.99499888688
16226.864998869452
16239.644998867407
16250.859998865611
16297.079998858213
16428.87999885344
16439.609998855627
16459.98999885978
16490.644998866024
16569.24999888204
16774.704998923895
16787.87999892658
16811.474998931386
16824.01999893394
17029.354998975774
17044.45999897885
17097.84999898973
17107.97499899179
17118.989998994035
17150.28499900041
17165.54999900352
17202.95499901114
17216.419999013884
17228.659999016378
17378.064999046816
17393.83499905003
17503.559999072382
17825.759999138023
17841.034999141135
17895.234999152177
17993.789999172255
18040.39499918175
18102.38499919438
18124.0949991988
18301.699999234985
18313.429999237374
18866.049999349958
18985.599999374313
19054.409999388332
19828.734999546083
19851.484999550717
19880.11499955655
19918.369999564344
19955.629999571935
20387.739999659967
20401.84499966284
20413.9249996653
20437.77499967016
20727.264999729137
21278.584999841456
21288.944999843567
21331.46999985223
21349.854999855976
21360.549999858154
21481.844999882866
21517.8549998902
21531.34999989295
21548.464999896438
21649.994999917122
21675.774999922374
21689.78499992523
21702.724999927865
21717.404999930855
21740.854999935633
21765.08499994057
21836.974999955215
21847.00999995726
21855.819999959054
21923.859999972916
21948.809999978
22051.49999999892
22093.37000000745
22103.800000009574
22215.655000032362
22224.43000003415
22257.450000040877
22270.410000043517
22286.540000046803
22335.625000056803
22450.065000080118
22542.30500009891
22555.985000101697
22757.79500014281
22785.92500014854
22809.000000153243
22818.975000155275
22844.945000160566
22932.69000017844
22950.955000182163
23057.535000203876
23157.820000224307
23274.36000024805
23625.410000319567
23662.765000327177
23786.37500035236
23797.455000354617
23857.265000366802
23872.725000369952
24098.2600004159
24111.240000418544
24135.67000042352
24288.27000045461
24442.06000048594
24921.895000583696
24938.885000587157
24954.330000590304
24966.03500059269
24981.445000595828
24998.695000599342
25143.795000628903
25159.130000632027
25171.280000634502
25184.285000637152
25273.32000065529
25355.48000067203
25367.635000674505
25383.41000067772
25447.91000069086
25460.745000693474
25476.38500069666
25575.695000716893
25920.94000078723
25982.630000799796
25993.99500080211
26125.260000828854
26150.640000834024
26301.470000864752
26312.640000867028
26349.450000874527
26394.23500088365
26406.665000886183
26436.060000892172
26522.19000090972
26569.590000919376
26604.66000092652
26650.89500093594
26670.315000939896
26686.620000943218
26782.275000962705
26806.585000967658
26816.230000969623
26871.360000980854
26959.35500099878
27085.64000102451
27154.185001038473
27271.18000106231
27814.035001172902
27832.055001176574
27845.025001179216
27864.895001183264
27885.870001187537
27897.26500118986
27911.51500119276
27921.92000119488
27943.65500119931
28236.070001258882
28254.795001262697
28464.49500130542
28532.950001319365
28559.710001324816
28590.30500133105
28818.35500137751
28834.385001380775
29087.360001432313
29100.15000143492
29307.030001477066
29316.66500147903
29341.975001484185
29371.340001490167
29513.15500151906
29655.16000154799
29848.430001587363
29909.320001599768
29938.465001605706
30021.82500162269
30058.685001630198
30072.440001633
30093.080001637205
30105.62500163976
30137.550001646265
30156.71500165017
30174.645001653822
30219.980001663058
30312.435001681893
30369.620001693544
30416.555001703106
30455.050001710948
30468.40500171367
30597.040001739875
30755.845001772228
30767.865001774677
31019.98500182604
31172.78000185717
31184.395001859535
31288.450001880734
31301.990001883492
31313.650001885868
31338.320001890894
31362.375001895794
31480.80000191992
31496.870001923195
31512.45500192637
31527.060001929345
31623.19000194893
31821.755001989382
31852.67500199568
31920.525002009505
31936.725002012805
31948.160002015135
32285.59500208388
32331.465002093224
32356.32500209829
32466.555002120745
32484.070002124314
32626.25500215328
32728.4400021741
32745.155002177504
32815.84500215709
32831.84500214871
32843.44000214263
32880.82000212305
32939.720002092196
32953.19500208514
32980.03000207108
32991.585002065025
33036.83000204132
33056.050002031254
33130.48000199226
33152.51000198072
33183.100001964696
33199.62500195604
33300.1000019034
33332.96000188619
33989.22500154239
34108.44500147994
34130.990001468126
34362.92500134662
34420.29500131657
34612.00500121614
34888.46500107131
34900.385001065064
34950.06500103904
34964.24500103161
34980.670001023005
34999.56500101311
35113.37000095349
35124.36500094773
35131.83000094382
35140.02000093953
35150.09500093425
35168.295000924714
35266.885000873066
35301.54500085491
35395.72000080557
35455.865000774065
35502.61000074958
35517.4500007418
35544.41000072768
35880.210000551764
36060.40000045737
36073.66000045042
36089.285000442236
36349.56500030588
36395.02000028207
36411.59500027339
36454.56000025088
36486.38000023421
36557.990000196696
36577.90500018626
36588.27000018083
36597.91000017578
36623.33000016247
36645.48500015086
36698.4800001231
36729.37500010691
36746.50500009794
36778.450000081204
36812.57500006333
36923.810000005054
37342.61999978565
37365.07499977389
37472.12499971781
37481.904999712686
37780.13499955645
38232.839999319294
38253.529999308455
38284.379999292294
38332.49499926709
38344.80499926064
38421.36999922053
38606.10999912375
38647.099999102276
38703.43999907276
38887.389998976396
38975.16999893041
39193.07499881626
39340.19999873918
39355.254998731296
39382.894998716816
39438.2849986878
39630.3149985872
40154.63999831252
40299.424998236675
40366.39999820159
40605.23499807647
40616.38499807063
40627.77499806466
40742.90499800435
41229.064997749665
41239.874997744
41490.084997612925
41678.75499751409
41714.684997495264
41747.88999747787
41863.17999741747
41897.1049973997
42073.61999730723
42264.21499720738
42301.604997187795
42527.34499706954
42640.714997010145
42893.93499687749
42903.474996872494
42955.17499684541
43141.124996747996
43154.474996741
43169.3699967332
43182.27499672644
43197.82499671829
43408.654996607846
43461.91999657994
43500.894996559524
43514.32499655249
43576.18999652008
43587.16999651433
43599.39499650792
43658.0399964772
43672.42999646966
43695.064996457804
43723.884996442706
43738.07499643527
43772.72999641712
43854.16499637446
43867.18999636763
43915.974996342076
43930.77499633432
44009.2749962932
44033.5149962805
44656.68999595404
45368.61999558108
45552.44499548478
45580.724995469966
45592.35499546387
45611.14499545403
45629.209995444566
45818.08499534562
45993.34499525381
46355.62999506402
46592.219994940075
46616.04999492759
46626.51499492211
46637.019994916605
47533.46999444698
47637.77999439234
47733.784994342044
47755.429994330705
47975.334994215504
48000.969994202074
48022.20999419095
48144.53999412686
48204.089994095666
48213.55499409071
48224.03499408522
48251.429994070866
48427.01999397888
48470.379993956165
48482.02999395006
48564.47499390687
48579.184993899165
48591.38999389277
48682.50999384504
48723.56999382353
48734.09499381801
48834.08499376563
48860.39499375185
48871.38499374609
48890.649993736
48939.95499371017
48954.849993702366
49268.39499353811
49295.42499352395
49308.53499351708
49323.7749935091
49441.43999344746
49505.82499341373
49517.034993407855
49530.14499340099
49635.62999334573
49644.78499334093
49661.62499333211
49672.07999332663
49732.6449932949
49742.44499328977
49754.2199932836
49776.01499327218
49798.96499326016
49909.38999320231
49923.969993194674
49946.799993182714
27.244999999998864
91.55499999998922
105.55999999997648
188.72999999990085
198.3649999998921
281.7049999998163
375.88999999973066
508.82499999960976
530.2999999995902
540.2499999995812
548.9599999995733
581.8399999995434
753.2199999993875
793.6199999993507
807.0499999993385
834.1199999993139
919.4599999992363
981.2099999991801
1066.2050000000625
1281.41500000476
1448.5250000084077
1518.1050000099265
1537.0750000103405
1660.5950000130367
1674.305000013336
2048.3300000215
2160.9700000239586
2368.0000000284776
2387.900000028912
2410.4650000294046
2490.835000031159
2503.6500000314386
2623.74000003406
2645.1250000345267
2658.385000034816
2692.640000035564
2703.2150000357947
2713.180000036012
2825.1700000384567
2843.370000038854
2933.3800000408187
2944.8150000410683
3031.610000042963
3049.3300000433496
3089.520000044227
3202.8050000466997
3212.535000046912
3223.475000047151
3235.3250000474095
3249.6650000477225
3277.9200000483393
3324.125000049348
3336.865000049626
3372.980000050414
3386.1750000507022
3404.170000051095
3423.410000051515
3439.390000051864
3455.795000052222
3594.710000055254
3668.005000056854
4150.0000000673745
4249.120000069538
4281.605000070247
4303.030000070715
4314.325000070961
4443.085000073772
4456.060000074055
4475.675000074483
4505.975000075145
4532.32500007572
4570.605000076555
4581.410000076791
4604.585000077297
4618.690000077605
4955.080000084948
5076.550000087599
5151.755000089241
5214.610000090613
5270.180000091826
5354.6550000936695
5373.680000094085
5391.3050000944695
5447.395000095694
5460.120000095972
5472.660000096245
5927.205000106167
5973.555000107179
6024.695000108295
6305.335000114421
6338.705000115149
6352.7350001154555
6548.355000119725
6843.335000126164
6856.810000126458
6866.670000126674
6879.095000126945
7029.59500013023
7042.730000130517
7054.4550001307725
7065.31500013101
7081.3450001313595
7170.080000133296
7325.935000136698
7343.87500013709
7359.625000137434
7396.030000138228
7431.8150001390095
7450.465000139417
7604.845000142786
7618.780000143091
7801.745000147084
7900.885000149248
7926.340000149804
7946.475000150243
8141.855000154508
8179.590000155332
8249.475000146402
8546.04500009893
8637.110000084353
8651.705000082016
8666.045000079721
8692.835000075433
8857.830000049022
9185.789999996525
9273.90499998242
9315.51499997576
9330.979999973284
9401.804999961947
9411.069999960464
9769.049999903162
9805.704999897294
9876.264999886
10107.309999849016
10119.104999847128
10224.529999830253
10264.95999982378
10297.679999818543
10374.7949998062
10449.889999794179
10458.029999792876
10677.324999757773
10717.779999751298
10736.154999748356
10810.03999973653
10885.06999972452
10973.044999710437
10985.299999708475
11009.469999704606
11026.044999701953
11596.534999610634
11622.659999606452
11638.389999603934
11732.299999588902
12248.529999506269
12299.229999498153
12406.249999481022
12437.629999476
12602.009999449687
12708.7499994326
12905.749999401067
13065.774999375451
13243.984999346925
13258.529999344597
13336.10499933218
13353.124999329455
13434.084999316496
13470.54499931066
13492.024999307221
13512.444999303952
13528.384999301401
13608.144999288634
13653.624999281354
13773.579999262152
13785.574999260232
13796.70999925845
13808.8899992565
13821.754999254441
13843.969999250885
14084.844999212328
14099.504999209981
14165.514999199415
14183.944999196465
14217.989999191015
14230.19999918906
14250.489999185813
14292.694999179057
14692.274999115096
14718.42499911091
14735.274999108213
14751.209999105662
14788.589999099679
14911.679999079975
14921.639999078381
15010.899999064093
15031.769999060753
15044.704999058682
15180.024999037021
15311.649999015952
15364.984999007414
15378.964999005177
15489.684998987454
15536.929998979891
15548.219998978084
15607.314998968624
15628.869998965174
15750.869998945645
15767.569998942972
15855.509998928896
15865.779998927252
15877.119998925436
16017.019998903043
16031.369998900745
16124.104998885901
16168.444998878804
16281.939998860636
16376.529998845495
16422.464998852134
16516.33999887126
16665.579998901663
16687.864998906203
16807.409998930558
16878.00499894494
16922.394998953983
16970.12999896371
17092.574998988654
17300.709999031056
17418.714999055097
17452.64999906201
17761.904999125014
17853.6249991437
17949.53999916324
17975.65999916856
18060.684999185883
18075.33999918887
18135.939999201215
18253.12999922509
18307.95499923626
18391.514999253282
18471.969999269673
18571.519999289954
18786.414999333734
18834.10499934345
18924.56499936188
18951.794999367426
18963.34999936978
19027.189999382786
19068.54499939121
19100.93499939781
19563.769999492102
19639.579999507547
20015.09499958405
20059.934999593184
20108.31499960304
20266.50999963527
20397.85999966203
20409.024999664303
20435.974999669794
20532.084999689374
20561.059999695277
20572.9499996977
20584.989999700152
20605.24499970428
20617.114999706697
20718.88999972743
20739.05499973154
21031.74999979117
21104.59999980601
21165.139999818344
21187.244999822848
21299.444999845706
21345.98999985519
21422.139999870702
21433.989999873116
21453.419999877075
21464.14499987926
21530.779999892835
21575.95999990204
21726.4599999327
21743.994999936273
22115.725000012004
22291.37500004779
22306.680000050907
22322.865000054204
22398.39500006959
22470.98000008438
22488.005000087847
22501.700000090637
22512.585000092855
22566.565000103852
22583.58000010732
22645.460000119925
22727.26500013659
22765.01000014428
23071.140000206648
23117.265000216044
23131.440000218932
23153.42500022341
23172.395000227276
23184.625000229767
23240.385000241127
23259.065000244933
23439.965000281787
24409.440000479295
24429.35000048335
24910.72500058142
24981.385000595816
24997.035000599004
25015.690000602805
25159.78000063216
25173.245000634903
25186.300000637562
25262.110000653007
25387.380000678528
25425.28500068625
25440.820000689415
25453.090000691915
25463.635000694063
25527.68000070711
25540.765000709776
25852.065000773197
26048.055000813125
26471.40000089937
26483.105000901756
26685.965000943084
26702.670000946488
26772.950000960805
26783.005000962854
26793.49500096499
27077.085001022766
27088.260001025043
27113.515001030188
27379.31500108434
27400.075001088568
27410.945001090782
27422.165001093068
27565.690001122308
27640.025001137452
27737.910001157394
27755.680001161014
27798.41500116972
27822.895001174707
27833.540001176876
27844.760001179162
27856.740001181603
27870.145001184334
27888.650001188103
27999.335001210653
28107.135001232615
28400.510001292383
28815.095001376845
28896.80000139349
28929.69000140019
28966.16000140762
29063.260001427403
29112.42500143742
29427.4550015016
29518.41000152013
29528.945001522276
30046.005001627615
30064.795001631443
30088.88000163635
30098.030001638213
30117.775001642236
30128.855001644493
30137.025001646158
30152.075001649224
30188.43500165663
30251.390001669457
30481.980001716434
30644.465001749537
30838.60500178909
30915.700001804795
30947.075001811187
30957.340001813278
30970.475001815954
30984.35500181878
31114.67000184533
31167.120001856016
31361.835001895684
31386.54500190072
31481.840001920133
31569.565001938005
31592.6200019427
31682.080001960927
31698.125001964196
31845.80000199428
31869.475001999104
31904.45000200623
31921.810002009766
32054.875002036875
32121.235002050395
32186.73500206374
32201.650002066777
32366.93500210045
32385.54500210424
32519.520002131536
32528.835002133434
32636.890002155447
32860.445002133725
32871.79500212778
32887.2200021197
33045.41000203683
33077.830002019844
33246.77000193134
33341.235001881854
33357.39500187339
33502.875001797176
33576.100001758816
33591.09500175096
33613.670001739134
33635.16500172787
33870.52000160458
33885.05000159697
33901.17500158852
33999.38500153707
34220.5700014212
34329.83500136396
34370.86500134246
34380.97000133717
34395.790001329406
34613.34000121544
34714.70000116234
34725.280001156796
34744.70000114662
34758.84500113921
34858.510001087
34870.42500108076
34887.04500107205
34919.665001054964
35114.480000952906
35127.60500094603
35147.315000935705
35219.55500089786
35274.695000868975
35326.23000084198
35697.41000064753
35708.21000064187
35719.24000063609
35951.925000514195
36203.85000038222
36217.71000037496
36233.140000366875
36363.12000029878
36390.69500028434
36423.63000026708
36673.095000136396
36857.570000039756
36868.76000003389
36952.77499998988
37047.0299999405
37062.84499993222
37201.759999859445
37366.11999977334
37436.17499973664
37516.2349996947
37529.95999968751
37550.36499967682
37594.43999965373
37714.10999959104
37725.96999958483
37755.429999569395
38560.94499914741
38611.079999121146
38626.16999911324
38644.77999910349
38778.73499903332
38895.314998972244
38910.57499896425
38930.664998953725
39013.374998910396
39088.739998870915
39104.44499886269
39156.864998835226
39310.01999875499
39320.32999874959
39331.07999874396
39344.63999873686
39444.82499868437
39594.89999860575
39643.51999858028
39843.89999847531
39878.59999845713
39970.70499840888
39984.29499840176
40127.51499832673
40143.36999831843
40158.01999831075
40194.15999829182
40235.169998270336
40304.919998233796
40318.224998226826
40408.06999817976
40424.04999817139
40438.01999816407
40526.5299981177
40554.89499810284
40871.264997937105
41146.55499779289
41167.24499778205
41193.82999776812
41207.26999776108
41245.43499774109
41258.26499773437
41267.834997729355
41279.059997723474
41357.0899976826
41386.05499766742
41452.7249976325
41465.16999762598
41559.70999757645
41782.62499745967
41798.08499745157
41813.789997443346
41879.93999740869
42021.934997334305
42131.65999727682
42140.49999727219
42161.94499726096
42194.384997243964
42303.71999718669
42315.559997180484
42498.999997084386
42518.46499707419
42785.81499693413
42836.58999690753
42851.63499689965
42891.829996878594
42963.83499684087
43104.83499676701
43116.1099967611
43198.48499671795
43246.14499669298
43259.054996686216
43318.48499665508
43433.80499659467
43593.42499651105
43618.21499649806
43634.514996489524
43651.83999648045
43683.56499646383
43699.644996455405
43728.12999644048
44188.81999619914
44201.36999619257
44287.21999614759
44377.199996100455
44494.27999603912
44505.14499603343
44529.26999602079
44552.889996008416
44673.57499594519
44686.894995938215
44709.96499592613
44740.704995910026
44984.27499578243
44995.2099957767
45117.079995712855
45359.59499558581
45372.67499557896
45391.91499556888
45485.21499552
45630.93999544366
45648.624995434395
45984.80999525828
46000.084995250276
46014.72499524261
46033.779995232624
46048.18499522508
46068.269995214556
46080.93499520792
46095.01999520054
46131.95499518119
46153.599995169854
46470.069995004065
46531.21999497203
46541.78999496649
46666.57499490112
46679.70999489424
46691.45499488809
46718.93499487369
46735.34999486509
46752.95999485587
46781.999994840655
46795.93999483335
46861.36499479908
46872.919994793025
47385.40999452455
47482.6599944736
47936.23499423599
47948.97499422931
48333.129994028066
48366.82999401041
48391.12999399768
48459.87499396167
48487.654993947115
48504.44999393832
48525.184993927454
48570.43999390375
48584.79499389623
48625.439993874934
48643.93999386524
48855.02499375466
49023.33999366649
49046.04499365459
49056.119993649314
49068.7499936427
49132.24999360943
49350.77499349495
49389.0599934749
49403.304993467435
49512.87999341003
49545.27999339306
49555.519993387694
49569.739993380244
49595.30499336685
49621.544993353105
49835.24999324115
25.074999999999296
178.2499999999104
319.9899999997815
336.4799999997665
353.2799999997512
375.69499999973084
390.63999999971725
500.5049999996173
518.0799999996013
534.4899999995864
546.9449999995751
575.3199999995493
611.6699999995162
662.51999999947
677.3199999994565
715.5099999994218
755.5599999993854
824.5799999993226
915.5199999992399
1013.234999999151
1027.3949999992153
1206.3800000031222
1232.8700000037004
1433.5650000080811
1500.7800000095483
1563.205000010911
1573.70500001114
1593.9200000115814
1606.4850000118556
1620.8100000121683
1718.6850000143047
1736.8250000147007
1752.1350000150348
1768.5300000153927
1793.3500000159345
1835.6500000168578
1917.020000018634
1973.5300000198674
2142.395000023553
2357.8750000282566
2376.860000028671
2396.875000029108
2417.7400000295634
2724.1100000362508
2753.4700000368916
2786.1750000376055
3037.2200000430853
3047.0450000432998
3062.310000043633
3117.740000044843
3298.515000048789
3309.1800000490216
3476.5750000526755
3506.8200000533357
3687.0950000572707
3869.2950000612477
4015.7450000644444
4052.7600000652524
4460.0200000741415
4486.180000074713
4498.200000074975
4549.070000076085
4562.0450000763685
4607.805000077367
4633.030000077918
4674.185000078816
4685.120000079055
4707.640000079547
4738.315000080216
5158.360000089385
5441.5600000955665
5483.020000096471
5570.365000098378
5675.270000100668
5703.76000010129
5759.8250001025135
5787.490000103117
5810.07000010361
5827.02000010398
5841.425000104295
5854.665000104584
5911.260000105819
6229.790000112772
6242.495000113049
6383.975000116137
6406.030000116619
6564.835000120085
6673.820000122464
6718.790000123446
6785.575000124903
6798.3600001251825
7155.780000132984
7186.3500001336515
7201.41000013398
7411.835000138573
7425.020000138861
7437.915000139143
7484.405000140157
8072.575000152996
8102.870000153657
8115.81500015394
8129.595000154241
8281.485000141278
8409.315000120816
8574.600000094359
8588.15000009219
8660.49500008061
8794.62000005914
8997.675000026637
9016.100000023687
9031.170000021275
9081.235000013261
9090.825000011726
9102.075000009925
9306.549999977195
9474.62499995029
9581.089999933249
9600.124999930202
9610.119999928602
9621.774999926736
9837.96499989213
9977.504999869794
10112.379999848205
10128.014999845702
10145.969999842828
10182.44499983699
10244.209999827102
10566.049999775585
10595.659999770845
10790.254999739696
10862.76499972809
10872.529999726527
11031.714999701046
11058.709999696724
11073.04499969443
11304.964999657306
11355.594999649202
11519.449999622973
11588.009999611999
11598.894999610256
11829.569999573332
11845.63999957076
11955.27999955321
12235.234999508397
12428.324999477489
12459.214999472544
12615.519999447524
12753.084999425504
12768.469999423041
12783.339999420661
12794.819999418823
12837.684999411962
13133.644999364587
13148.259999362248
13333.579999332584
13398.394999322209
13411.239999320152
13578.05499929345
13600.244999289898
13659.554999280404
13692.409999275145
13709.054999272481
13795.784999258598
13821.57499925447
13838.709999251727
13894.759999242755
14021.404999222483
14043.829999218893
14129.319999205209
14233.794999188485
14574.564999133938
14586.759999131986
14635.21499912423
14790.734999099335
15241.06499902725
15263.12499902372
15459.494998992286
15471.859998990307
15553.734998977201
15604.989998968997
15620.21499896656
15990.91999890722
16008.719998904371
16133.379998884417
16215.039998871345
16343.754998850742
16376.289998845534
16582.61499888476
16680.849998904774
16693.364998907324
16874.944998944316
16888.31499894704
16999.549998969702
17133.279998996946
17153.299999001025
17208.809999012334
17266.50999902409
17278.279999026487
17494.36499907051
17633.144999098782
17685.99999910955
17701.739999112757
17717.919999116053
17778.81999912846
17911.5549991555
17971.894999167795
18012.07499917598
18136.94999920142
18166.84499920751
18390.754999253128
18425.80999926027
18444.85999926415
18468.159999268897
18483.63499927205
18506.874999276784
18661.95499930838
18672.599999310547
18997.884999376816
19017.904999380895
19037.16999938482
19054.619999388375
19069.21999939135
19314.094999441237
19383.16999945531
19430.14999946488
19444.17999946774
19456.469999470242
19467.724999472535
19485.494999476155
19564.369999492224
19576.754999494748
19680.81999951595
19788.95999953798
19802.534999540745
19830.714999546486
19876.209999555755
19892.97499955917
19948.649999570513
20126.064999606657
20144.549999610423
20329.999999648204
20346.07499965148
20366.3099996556
20566.42999969637
20577.789999698685
20592.599999701702
20658.66499971516
20676.214999718737
20701.20999972383
20715.7949997268
20765.634999736954
20784.234999740744
20940.049999772487
20959.98499977655
21004.21999978556
21030.194999790852
21054.52499979581
21065.86999979812
21077.10499980041
21091.72999980339
21187.714999822943
21216.4699998288
21294.594999844718
21319.899999849873
21458.869999878185
21562.054999899206
21687.08499992468
21950.48999997834
22024.84999999349
22067.41000000216
22305.050000050574
22442.210000078518
22465.63000008329
22518.340000094027
22680.220000127007
22990.430000190205
23016.790000195575
23029.600000198185
23247.890000242656
23297.690000252802
23324.92500025835
23470.400000287987
23482.14500029038
23645.59000032368
23816.22000035844
23953.675000386444
23971.09000038999
24247.165000446235
24288.825000454723
24299.450000456887
24671.470000532678
24684.515000535335
24704.490000539405
24740.970000546837
24874.730000574087
24890.490000577298
24968.00000059309
24986.2250005968
25020.77500060384
25030.465000605815
25145.630000629277
25168.07500063385
25230.035000646472
25241.085000648724
25260.17000065261
25309.330000662627
25331.42500066713
25629.320000727817
25640.57500073011
25734.805000749308
25782.19000075896
25952.825000793724
26009.54000080528
26271.540000858655
26306.335000865743
26527.59500091082
26543.710000914103
26935.415000993904
26974.355001001837
27350.95000107856
27365.47500108152
27385.055001085508
27396.99500108794
27407.380001090056
27490.69500110703
27726.36000115504
27803.975001170853
27951.07500120082
28026.990001216287
28043.93000121974
28054.88500122197
28115.725001234365
28927.295001399703
29188.900001453
29202.440001455758
29320.35000147978
29367.505001489386
29397.21500149544
29492.365001514823
29602.89500153734
30257.285001670658
30342.36000168799
30684.08500175761
30710.805001763052
31121.675001846757
31144.21500185135
31411.155001905732
31433.91500191037
31451.175001913885
31500.545001923943
31519.62500192783
31575.9200019393
31589.285001942022
31880.54000200136
31895.045002004314
31915.16000200841
31935.33500201252
31994.52500202458
32020.660002029905
32037.600002033356
32126.135002051393
32138.870002053987
32303.135002087452
32330.95500209312
32590.655002146028
32605.220002148995
32732.385002174902
32973.185002074664
32984.49000206874
32999.74500206075
33056.83500203084
33099.04000200873
33110.43500200276
33128.76000199316
33145.96500198415
33199.28000195622
33448.970001825415
33473.13000181276
33556.860001768895
33935.92000157032
33957.19500155917
33989.69000154215
34233.58000141438
34249.44500140607
34412.7900013205
34521.795001263396
34959.750001033965
35010.89500100717
35077.32000097237
35088.87000096632
35283.12000086456
35309.82500085057
35380.43500081358
35414.45500079576
35591.60000070296
35607.38500069469
35619.71000068823
35642.170000676466
35930.13500052561
35944.00000051835
35971.56000050391
35987.0350004958
36139.67500041584
36154.745000407944
36181.43500039396
36262.08500035171
36272.730000346135
36294.76500033459
36445.59500025558
36456.96000024962
36467.94000024387
36641.81500015278
36744.13500009918
36756.48000009271
37001.18499996452
37064.80499993119
37083.70499992129
37135.789999894005
37201.32499985967
37220.62499984956
37334.504999789904
37514.54499969559
37536.04499968432
37590.59499965575
37613.05999964398
37623.53999963849
37637.499999631174
37652.70499962321
37784.4299995542
37796.929999547654
37856.91999951623
37895.49499949602
38290.964999288844
38303.579999282236
38403.25999923002
38762.3449990419
38785.88499902957
38948.8499989442
39139.65999884424
39153.259998837115
39169.159998828785
39180.14999882303
39256.71499878292
39293.07499876387
39402.254998706674
39528.374998640604
39546.55499863108
39578.899998614135
39616.42499859448
39635.81999858432
39693.95499855386
39738.66499853044
39750.78499852409
39867.83499846277
39886.75999845286
39901.70499844503
40344.2399982132
40399.64499818417
40411.12499817816
40429.96499816829
40556.80499810184
40659.41499804809
40802.86499797294
40937.47499790242
40961.40999788988
40981.09499787957
41002.4149978684
41020.50499785892
41093.974997820435
41217.304997755826
41265.71999773046
41332.544997695455
41361.484997680294
41377.54999767188
41388.09999766635
41417.71499765084
41464.62999762626
41493.919997610916
41503.65999760581
41514.25999760026
41526.0149975941
41578.23999756674
41588.70999756126
41665.48499752104
41800.85499745012
41945.18999737451
42479.00499709486
42494.16499708692
42529.09999706862
42736.904996959754
42748.929996953455
42760.2949969475
42866.02999689211
42902.28499687312
43112.644996762916
43288.104996671
43535.90999654118
43604.88499650505
43707.2849964514
43811.58499639676
44040.69999627674
44058.3249962675
44096.93499624728
44685.09499593916
44797.684995880176
44810.859995873274
44845.5449958551
44872.474995840996
45013.64499576704
45031.79999575753
45131.55499570527
45144.224995698634
45384.684995572665
45404.629995562216
45420.319995554
45532.3699954953
45580.38999547014
45594.71499546264
45618.09499545039
45633.93499544209
45661.299995427755
45938.219995282685
46042.35999522813
46061.63499521803
46074.99499521103
46090.53999520289
46233.04999512823
46385.07499504859
46398.94999504132
46426.35999502696
46455.90999501148
46481.53999499806
46495.5799949907
46511.24999498249
46523.52999497606
46663.80999490257
46673.44499489752
46949.21999475305
47055.62499469731
47071.83499468882
47147.12499464938
47156.18999464463
47259.03999459075
47571.244994427194
47659.319994381054
47672.52499437414
47693.56999436311
47712.879994352996
47754.6699943311
47773.0049943215
47793.399994310814
47807.04999430366
47823.44999429507
48002.93999420104
48030.10999418681
48546.87999391609
48580.78499389833
48590.63499389317
48599.589993888476
48607.799993884175
48618.17499387874
48743.61999381302
48777.099993795484
48799.30499378385
48827.22999376922
48879.144993742026
48893.75499373437
48970.199993694325
48999.37499367904
49055.814993649474
49159.53499359514
49173.36499358789
49224.154993561286
49233.224993556534
49250.71499354737
49311.239993515665
49436.959993449804
49578.12499337585
49587.29499337105
49736.554993292855
49761.59499327974
49864.5549932258
49983.679993163394
737.9249999994014
778.6749999993643
792.8199999993515
821.9949999993249
1217.9400000033745
1235.7650000037636
1538.1150000103632
1557.9250000107957
1594.7400000115992
1606.640000011859
1620.1650000121542
1639.2750000125714
1778.1850000156035
1806.3000000162172
1824.1200000166061
1844.3500000170477
1857.150000017327
1885.8050000179526
2003.565000020523
2016.6000000208076
2028.8250000210744
2180.7900000243912
2422.040000029657
2450.665000030282
2492.225000031189
2502.5050000314136
2745.8650000367256
2935.9250000408742
2947.235000041121
3181.095000046226
3391.1350000508105
3605.9900000555003
3747.395000058587
3792.5600000595728
3813.325000060026
3849.6850000608197
3868.1850000612235
4057.68500006536
4074.275000065722
4087.230000066005
4480.595000074591
4492.205000074844
4606.205000077332
4711.01000007962
4757.635000080638
4852.675000082712
4983.220000085562
5093.175000087962
5374.7650000941085
5451.560000095785
5471.350000096217
5838.275000104226
5971.085000107125
6185.205000111799
6245.640000113118
6261.125000113456
6291.220000114113
6446.265000117497
6458.9300001177735
6470.880000118034
6483.690000118314
6503.4600001187455
6839.93500012609
6914.215000127711
7112.320000132036
7148.0950001328165
7205.435000134068
7397.770000138266
7410.490000138544
7422.725000138811
7434.60000013907
7532.570000141209
7629.870000143333
7640.475000143564
7710.710000145097
7729.665000145511
7806.5650001471895
8108.175000153773
8119.265000154015
8133.415000154324
8149.165000154668
8190.8450001555775
8257.29000014515
8283.240000140997
8397.515000122705
8591.720000091618
8702.195000073934
8717.375000071504
8780.760000061358
8814.790000055911
8855.260000049433
8968.310000031337
9051.165000018074
9061.360000016442
9247.694999986616
9279.269999981561
9328.309999973711
9341.799999971552
9358.9949999688
9520.199999942995
9738.799999908004
9835.554999892516
10061.189999856399
10632.704999764916
10962.449999712133
10973.384999710383
11185.484999676431
11377.059999645766
11553.789999617476
11576.594999613826
11593.824999611068
11716.249999591471
11727.429999589682
11911.454999560225
11990.919999547505
12213.809999511826
12291.429999499402
12442.634999475198
12462.714999471984
12642.09499944327
12798.674999418206
12809.369999416494
13368.079999327061
13530.859999301005
13673.049999278244
14042.174999219158
14071.319999214493
14092.679999211074
14119.884999206719
14135.454999204227
14289.839999179514
14313.60999917571
14332.389999172703
14344.124999170825
14636.854999123967
14711.86499911196
14723.304999110129
14743.279999106931
14922.924999078175
14961.199999072049
15105.744999048911
15119.964999046635
15135.709999044115
15156.444999040796
15177.564999037415
15248.529999026056
15454.729998993049
15465.229998991368
15690.719998955274
15806.239998936782
15866.59999892712
15888.894998923552
15921.534998918327
16039.58999889943
16133.72999888436
16148.124998882056
16224.37999886985
16273.179998862039
16291.624998859086
16312.53499885574
16326.669998853476
16436.694998855033
16457.409998859253
16471.889998862203
16596.074998887503
16657.12999889994
16994.319998968636
17193.27499900917
17305.24999903198
17323.634999035727
17337.769999038606
17433.249999058058
17450.83999906164
17581.949999088352
17595.319999091076
17610.369999094142
17626.789999097487
17656.19999910348
17875.37499914813
18099.98499919389
18109.719999195873
18124.069999198797
18135.929999201213
18151.939999204475
18166.49999920744
18246.444999223728
18262.079999226913
18273.244999229188
18293.404999233295
18355.534999245952
18380.334999251005
18394.224999253835
18620.504999299934
18775.669999331545
18803.399999337194
18907.54499935841
18949.06499936687
19094.524999396504
19599.514999499384
19683.364999516467
19697.21999951929
19840.269999548433
19855.91499955162
19899.9849995606
19912.35499956312
19940.079999568767
20034.809999588066
20133.109999608092
20143.41499961019
20156.95999961295
20300.369999642167
20331.229999648454
20408.599999664217
20445.244999671682
20460.284999674746
20597.924999702787
20661.11499971566
20694.87999972254
20810.42499974608
20837.244999751543
20852.214999754593
20924.584999769337
20933.92499977124
20959.069999776362
21099.79499980503
21128.569999810894
21315.039999848883
21438.499999874035
21527.924999892253
21624.739999911977
21654.93999991813
21668.14999992082
21685.95499992445
21733.86499993421
22104.895000009798
22194.43000002804
22245.670000038477
22263.625000042135
22278.895000045246
22361.055000061984
22478.430000085897
22501.975000090693
22844.265000160427
22982.050000188498
22997.360000191617
23015.73500019536
23205.430000234006
23225.33000023806
23250.245000243136
23449.660000283762
23466.015000287094
23534.530000301052
23554.99000030522
23713.410000337495
23818.880000358982
23833.125000361884
23950.595000385816
23960.77000038789
24063.80000040888
24133.85000042315
24290.92500045515
24330.4400004632
24433.055000484106
24515.14500050083
24546.720000507263
24575.530000513132
24601.97000051852
24659.420000530223
24675.480000533495
24726.71000054393
24976.095000594738
25153.575000630895
25220.735000644578
25237.450000647983
25411.2900006834
25695.90000074138
25776.430000757788
25795.025000761576
25807.535000764125
25868.400000776524
26159.90500083591
26189.215000841883
26257.795000855855
26275.460000859453
26292.315000862887
26314.66500086744
26339.675000872536
26351.440000874933
26624.87500093064
26660.75500093795
26820.905000970575
26883.300000983287
26895.25000098572
26928.96500099259
26949.200000996712
26962.080000999336
27051.57500101757
27063.20500101994
27082.95000102396
27266.52500106136
27286.770001065484
27390.640001086645
27422.62500109316
27469.665001102745
27494.885001107883
27665.225001142586
27703.505001150384
27715.880001152906
27736.505001157107
27834.700001177112
27903.71000119117
27952.480001201107
28111.560001233516
28404.835001293264
28499.98500131265
28512.69500131524
28525.51000131785
28620.44000133719
28659.480001345142
28823.11500137848
28853.030001384574
28896.000001393328
29002.77500141508
29019.525001418493
29038.45500142235
29096.950001434267
29220.700001459478
29235.64000146252
29280.430001471646
29418.455001499766
29453.440001506893
29472.305001510736
29523.105001521086
29775.195001572443
29788.840001575223
29802.66500157804
30012.145001620716
30023.94000162312
30139.715001646706
30194.155001657797
30205.385001660085
30385.66000169681
30571.19000173461
30766.545001774408
31118.15500184604
31407.32000190495
31423.490001908245
31493.155001922438
31927.81500201099
31952.055002015928
32230.160002072585
32244.340002075474
32263.785002079436
32280.35500208281
32294.115002085615
32474.785002122422
32490.33000212559
32508.780002129348
32560.295002139843
32612.920002150564
32628.06000215365
32674.150002163038
32692.1250021667
32749.965002178484
32760.970002180726
32844.680002141984
32855.41000213636
33067.10500202546
33173.100001969935
33390.55500185602
33521.815001787254
33690.05500169912
33699.78500169402
33732.52000167687
33757.41000166383
33882.26000159843
33905.50000158625
33921.77000157773
34025.38500152345
34040.50500151553
34122.345001472655
34168.845001448295
34178.430001443274
34193.93500143515
34221.7050014206
34326.01500136596
34400.08000132716
34415.93500131885
34498.94000127537
34640.165001201385
34699.8850011701
34753.12500114221
34827.50500110324
34839.280001097075
34853.68500108953
35139.82000093963
35272.40000087018
35285.20500086347
35373.49000081722
35407.225000799546
35435.63500078466
35449.510000777394
35462.76500077045
35483.70500075948
35498.73500075161
35566.15000071629
35719.91500063574
35743.2800006235
36117.0350004277
36142.59500041431
36200.93000038375
36333.870000314106
36460.30000024787
36651.48500014772
36665.13000014057
37007.25499996134
37021.79499995372
37103.874999910724
37423.88499974308
37505.879999700126
37704.75499959594
37781.26999955586
37820.96499953506
37837.02999952665
37850.79999951943
37887.18499950037
38139.649999368114
38160.61999935713
38239.01499931606
38339.239999263555
38487.519999185875
38511.80499917315
38525.084999166196
38534.69499916116
38544.25999915615
38650.60999910044
38663.60999909363
38732.10999905774
38872.999998983934
38882.56499897892
39123.21999885285
39163.434998831784
39176.624998824875
39493.494998658876
39516.554998646796
39616.33999859452
39626.07499858942
39640.22499858201
39914.29999843843
39943.29999842324
39954.40999841742
40036.17499837458
40058.55499836286
40092.119998345275
40106.98499833749
40264.759998254834
40333.9299982186
40351.03499820964
40391.069998188665
40404.5599981816
40425.774998170484
40440.78999816262
40456.274998154506
40667.91999804363
40679.974998037316
40706.509998023415
40754.689997998175
40867.95499793884
40879.41999793283
40952.87499789435
40972.4499978841
40989.14499787535
41067.04999783454
41084.3099978255
41095.24499781977
41197.16499776638
41327.85499769791
41342.3799976903
41402.01499765906
41615.134997547415
41643.05499753279
41670.96499751817
41690.58999750789
42015.05999733791
42028.71499733075
42057.40499731572
42106.994997289745
42146.124997269246
42160.08499726193
42591.10999703613
42603.814997029476
42617.104997022514
42631.934997014745
42674.66999699236
42747.14999695439
42892.41499687829
43017.84499681258
43202.784996715694
43211.744996711
43249.87999669102
43433.78499659468
43452.0749965851
43580.50499651782
43662.824996474694
43679.17499646613
43828.1199963881
43865.64999636844
43886.35999635759
43969.369996314104
44121.734996234285
44293.6999961442
44334.40999612287
44583.86999599219
44595.919995985874
44672.329995945845
44686.7299959383
44697.30499593276
44707.09999592763
44842.89999585649
44860.55499584724
44945.80499580258
44956.454995797
45025.41999576087
45443.93999554162
45459.2549955336
45503.24999551055
45525.309995498996
45545.64499548834
45565.66999547785
45596.76999546156
45610.219995454514
45690.39999541251
45760.199995375944
45907.17499529895
45921.154995291625
46138.269995177885
46220.66999513472
46232.38999512858
46258.72999511478
46409.384995035856
46511.44499498239
46550.98499496168
46561.97499495592
46717.91499487423
46728.6599948686
46738.10999486365
46947.424994753994
47393.43999452034
47547.98499443938
47650.66499438559
48015.304994194565
48196.454994099666
48302.54499404409
48331.55999402889
48356.284994015936
48394.004993996175
48407.85499398892
48421.21499398192
48581.439993897984
48602.16499388713
48610.679993882666
48630.93999387205
48647.66999386329
48798.534993784255
48809.72999377839
49033.34999366124
49083.78999363482
49139.954993605395
49455.284993440204
49467.214993433954
49535.494993398184
49703.33499331026
49777.41499327145
49830.014993243894
49891.73499321156
49907.15499320348
49969.17499317099
49981.824993164366
29.994999999998317
125.91499999995797
188.1449999999014
200.1249999998905
229.85999999986345
250.63499999984455
268.5399999998283
282.66999999981545
409.5999999997
544.7799999995771
707.9599999994286
801.7849999993433
819.4299999993273
1439.8150000082176
1457.4150000086017
1469.0100000088548
1684.2400000135528
1704.5250000139956
1719.2750000143176
1732.4800000146058
2091.0500000224324
2100.55000002264
2248.170000025862
2288.5550000267435
2307.8750000271652
2324.5700000275297
2385.1150000288512
2470.2900000307104
2586.0550000332373
2623.5800000340564
2834.350000038657
3054.9100000434714
3156.175000045682
3182.9100000462654
3195.985000046551
3511.095000053429
3749.550000058634
3860.1250000610476
3872.370000061315
3889.460000061688
3953.69000006309
4021.8500000645777
4037.2450000649137
4053.2700000652635
4231.935000069163
4334.2600000713965
4396.595000072757
4507.2500000751725
4519.3000000754355
4532.31500007572
4681.930000078985
4763.785000080772
4794.160000081435
4937.900000084573
4958.485000085022
5121.50500008858
5302.155000092524
5566.34000009829
5641.570000099932
5670.930000100573
5681.3100001008
5692.450000101043
5972.970000107166
6074.265000109377
6089.605000109712
6398.830000116462
6744.570000124008
6760.145000124348
6776.910000124714
6835.2850001259885
6914.240000127712
6966.305000128848
7119.8400001322
7175.9500001334245
7361.980000137485
7394.7150001382
7405.810000138442
7420.6350001387655
7432.355000139021
7445.860000139316
7464.315000139719
7502.120000140544
7522.120000140981
8159.33000015489
8219.980000151123
8359.980000128713
8374.780000126344
8761.890000064379
8790.955000059726
8838.325000052144
8868.805000047265
9187.31499999628
9223.769999990445
9235.929999988499
9247.889999986584
9258.544999984879
9294.114999979185
9382.454999965044
9405.069999961424
9533.084999940933
9544.629999939085
9562.514999936222
9614.154999927956
9718.26999991129
10011.819999864301
10026.954999861879
10415.004999799763
10428.38999979762
10447.484999794564
10462.274999792196
10551.919999777847
10564.884999775772
10726.359999749924
10761.039999744373
10791.619999739478
10909.759999720567
10924.069999718276
11015.219999703686
11072.41499969453
11097.664999690489
11113.144999688011
11159.31999968062
11183.784999676704
11227.924999669638
11241.129999667524
11328.48999965354
11360.10499964848
11374.554999646167
11386.114999644316
11400.109999642076
11413.354999639956
11632.759999604836
11817.954999575191
11827.45999957367
11842.82499957121
11952.999999553575
11964.96499955166
11974.304999550164
11989.594999547717
12358.65999948864
12370.52999948674
12391.104999483447
12725.844999429864
12888.134999403886
12904.799999401219
12920.359999398728
12932.524999396781
12946.299999394576
13157.55499936076
13507.504999304743
13546.594999298486
13974.459999229997
13999.529999225984
14105.054999209093
14324.404999173981
14491.284999147269
14504.2049991452
14515.339999143418
14582.824999132616
14738.874999107637
14847.289999090282
14895.34499908259
14959.724999072285
14977.964999069365
14991.064999067268
15137.479999043831
15170.96999903847
15337.354999011837
15353.094999009318
15364.339999007518
15414.649998999465
15427.369998997428
15443.019998994923
15738.139998947683
15942.809998914921
15954.829998912997
15984.42999890826
15999.939998905777
16031.054998900796
16131.074998884786
16146.394998882333
16538.269998875727
17120.09999899426
17148.65999900008
17307.68999903248
17326.214999036252
17361.719999043486
17421.13999905559
17437.494999058923
17756.399999123892
17799.399999132653
17830.539999138997
17882.77999914964
17961.36499916565
17982.414999169938
18057.294999185193
18084.679999190772
18106.524999195222
18120.464999198062
18130.689999200145
18144.489999202957
18154.629999205023
18172.58499920868
18207.744999215844
18293.264999233266
18311.04999923689
18326.21999923998
18343.184999243436
18505.419999276488
18570.359999289718
18638.904999303682
18664.41999930888
18702.594999316658
18733.124999322878
18794.34499933535
18914.02499935973
18960.16499936913
18990.68499937535
19380.559999454777
19420.37999946289
19431.199999465094
19516.774999482528
19551.899999489684
19561.624999491665
19572.624999493906
19803.359999540913
19818.329999543963
19866.21999955372
19889.169999558395
19912.594999563167
20009.319999582873
20035.039999588113
20210.874999623935
20224.10999962663
20267.234999635417
20288.15499963968
20314.874999645122
20327.744999647744
20338.61499964996
20348.404999651953
20403.939999663267
20416.639999665855
20449.639999672578
20488.18499968043
20636.65999971068
20876.414999759523
21005.359999785793
21017.404999788247
21030.404999790895
21260.959999837865
21336.509999853257
21356.024999857233
21418.15999986989
21435.63499987345
21447.729999875915
21456.609999877724
21521.46999989094
21538.01499989431
21828.099999953407
22013.969999991274
22034.56999999547
22180.265000025152
22193.475000027844
22444.960000079078
22460.33000008221
22768.20000014493
22917.96500017544
22937.815000179486
22975.270000187116
23002.840000192733
23041.080000200524
23086.725000209823
23104.400000213423
23121.820000216972
23131.905000219027
23143.180000221324
23155.665000223868
23170.15500022682
23270.375000247237
23368.770000267283
23625.980000319683
23682.425000331183
23962.35000038821
24359.075000469034
24375.705000472422
24391.980000475738
24426.285000482727
24564.76500051094
24574.210000512863
24597.56500051762
24918.57000058302
24987.06000059697
25008.21000060128
25028.390000605392
25159.720000632147
25171.750000634598
25511.82500070388
25620.20000072596
25632.645000728495
25675.120000737148
25700.65500074235
25917.405000786508
25942.98000079172
25954.855000794138
25966.925000796597
26154.610000834833
26173.965000838776
26355.070000875672
26444.970000893987
26474.58500090002
26603.14500092621
26643.14500093436
26686.515000943196
26769.025000960006
26875.56000098171
26900.45000098678
26921.325000991033
27235.520001055043
27313.480001070926
27331.12000107452
27386.34000108577
27418.965001092416
27435.995001095886
27448.355001098404
27469.69000110275
27979.30000120657
28159.98500124338
28174.295001246297
28240.660001259817
28437.100001299837
28449.1850013023
28461.36500130478
28470.15500130657
28481.470001308877
28699.08500135321
28737.150001360966
28751.515001363892
28793.790001372505
28806.28500137505
28971.710001408752
29100.64000143502
29146.630001444388
29165.065001448143
29178.50000145088
29336.89500148315
29359.010001487655
29572.390001531126
29654.2400015478
29714.285001560034
29841.680001585988
29872.345001592235
29900.525001597976
29963.925001610893
30020.295001622377
30067.09500163191
30078.170001634167
30224.545001663988
30352.990001690156
30540.835001728425
30968.770001815607
30980.165001817928
30994.445001820837
31022.855001826625
31225.170001867842
31382.67000189993
31478.10000191937
31575.78000193927
31594.590001943103
31604.855001945194
31613.52500194696
31624.150001949125
31669.215001958306
31678.475001960192
31878.990002001043
31926.915002010806
31961.83500201792
32265.005002079684
32305.020002087836
32523.500002132347
32618.810002151764
32630.935002154234
32860.95000213346
32893.335002116495
32911.6550021069
32920.57000210223
32929.355002097625
32953.30000208508
33284.425001911615
33298.055001904475
33311.73500189731
33328.940001888295
33386.9600018579
33400.75500185067
33472.72000181297
33516.430001790075
33534.93500178038
33624.63500173339
33641.49000172456
33653.505001718266
33662.440001713585
33686.91500170076
33737.18500167443
33830.84500162536
33847.240001616774
33859.56500161032
33869.570001605076
33889.24500159477
33907.72000158509
33936.480001570024
34107.28000148055
34121.45500147312
34147.99500145922
34227.13000141776
34247.300001407195
34402.19500132605
34461.16000129516
34600.520001222154
34916.27000105674
35022.705001000984
35141.33500093884
35255.84500087885
35343.92000083271
35435.64000078466
35721.97500063466
35741.7450006243
35761.61500061389
35808.720000589215
35834.48000057572
36050.58000046251
36081.635000446244
36132.42000041964
36142.86500041417
36219.090000374235
36311.900000325615
36332.09000031504
36411.61500027338
36612.035000168384
36658.130000144236
36698.99000012283
36710.950000116565
36735.555000103675
36812.520000063356
36827.35000005559
36990.05999997035
37098.89499991333
37165.49999987844
37177.6099998721
37219.51999985014
37509.43999969826
37591.46499965529
37601.33499965012
37641.49999962908
37662.74499961795
37769.96499956178
37991.31499944582
38086.349999396036
38131.71499937227
38199.354999336836
38248.71499931098
38322.12499927252
38429.80499921611
38666.3399990922
38745.239999050864
38780.439999032424
39030.5499989014
39122.259998853355
39146.47499884067
39159.899998833636
39190.83499881743
39305.17499875753
39488.59499866144
39774.4299985117
39791.93999850253
39863.114998465244
39925.0449984328
40212.26999828233
40376.84499819612
40395.85499818616
40563.819998098166
40701.09499802625
40729.949998011136
40767.52499799145
40798.60499797517
40817.109997965475
40957.624997891864
40984.669997877696
41100.78499781687
41115.18499780932
41143.76999779435
41229.01499774969
41241.57499774311
41274.77999772572
41290.779997717334
41468.58499762419
41656.669997525656
41758.22999747245
41803.464997448755
41860.12999741907
41949.589997372204
41967.57999736278
42017.469997336644
42115.53999728527
42167.89999725784
42183.27999724978
42278.74999719977
42291.314997193185
42322.49499717685
42528.32499706902
43051.86499679476
43294.10999666785
43322.30999665308
43345.07999664115
43361.79999663239
43380.62999662253
43401.12499661179
43485.32499656768
43679.38499646602
43691.204996459826
43702.1349964541
43713.2049964483
43808.85499639819
43823.78999639037
43844.3499963796
43864.304996369145
43991.224996302655
44041.40499627637
44288.1599961471
44313.669996133736
44340.4649961197
44401.44999608775
44504.71999603365
44519.61499602585
44529.889996020465
44546.57999601172
44563.19499600302
44853.39499585099
44892.499995830505
44905.94999582346
44915.729995818336
44981.874995783684
45001.3149957735
45178.99499568042
45209.849995664255
45232.164995652565
45360.70499558523
45444.12999554152
45473.15499552632
45715.474995399374
46011.329995244385
46039.72499522951
46058.96499521943
46332.759995076
46364.339995059454
46648.79499491044
46752.334994856195
46786.37999483836
46806.31499482792
46846.864994806674
46867.57999479582
46877.96999479038
46889.42499478438
46935.74499476011
46955.84499474958
47077.99499468559
47096.20999467605
47111.794994667885
47135.91499465525
47168.70499463807
47253.359994593724
47372.854994531124
47452.59499448935
47481.219994474355
48039.58999418184
48053.499994174555
48068.82499416653
48090.22499415532
48145.94499412613
48188.154994104014
48238.78999407749
48288.87999405125
48383.69499400158
48399.884993993095
48412.07999398671
48492.11499394478
48503.31499393891
48566.10499390602
48679.249993846744
48695.21999383838
48716.78999382708
48733.669993818236
48765.149993801744
48781.73999379305
48820.31999377284
48855.49999375441
48982.01999368813
49052.529993651195
49066.4549936439
49166.334993591576
49390.65999347406
49430.76499345305
49441.044993447664
49483.36499342549
49574.56499337772
49597.3099933658
49673.83499332571
49712.6149933054
49753.064993284206
49767.13999327683
49800.53499325934
19.910000000000323
150.14499999993595
175.1449999999132
249.53999999984555
264.38999999983207
331.49499999977104
394.6249999997136
409.5149999997001
446.50499999966644
551.2049999995712
563.7499999995598
816.6799999993298
878.7199999992733
906.0549999992485
1283.1200000047972
1391.4750000071624
1411.4900000075993
1435.895000008132
1454.6450000085413
1469.3150000088615
1500.7050000095467
1630.8850000123882
1640.0650000125886
1652.2100000128537
1711.7150000141526
1790.9550000158822
2026.060000021014
2059.32500002174
2076.4950000221147
2138.9700000234784
2147.005000023654
2156.645000023864
2183.900000024459
2273.2050000264085
2281.650000026593
2300.125000026996
2389.860000028955
2455.61500003039
2475.810000030831
2491.490000031173
2538.0850000321902
2615.130000033872
2626.6650000341238
2655.075000034744
2842.410000038833
2968.065000041576
2983.240000041907
3104.3800000445513
3164.160000045856
3272.0600000482114
3285.190000048498
3377.685000050517
3404.2900000510976
3482.380000052802
3498.3000000531497
3872.7150000613224
3887.455000061644
3963.500000063304
3974.715000063549
4013.7800000644015
4462.015000074185
4603.765000077279
4614.435000077512
4625.34500007775
4640.515000078081
4798.195000081523
4812.065000081826
5337.195000093288
5386.400000094362
5420.140000095099
5509.900000097058
5526.9100000974295
5549.270000097918
6314.960000114631
6328.025000114916
6370.875000115851
6490.890000118471
6626.570000121433
6811.295000125465
6967.040000128864
7131.920000132463
7144.675000132742
7173.670000133375
7333.8650001368715
7343.235000137076
7386.01000013801
7429.120000138951
7468.860000139818
7497.920000140452
7512.295000140766
7629.140000143317
8082.7250001532175
8096.3800001535155
8110.025000153813
8179.990000155341
8366.005000127749
8377.61500012589
8857.22000004912
8875.83000004614
8996.480000026828
9342.989999971362
9569.364999935126
9616.509999927579
9645.939999922868
9707.51999991301
9720.319999910962
9735.504999908531
10019.099999863136
10222.334999830604
10327.509999813768
10341.069999811598
10372.949999806495
10403.614999801586
10581.459999773118
10598.449999770399
10661.149999760362
10825.974999733979
10869.869999726952
10881.514999725088
10890.779999723605
10907.734999720891
11073.989999694279
11263.389999663961
11396.049999642726
11668.28499959915
11677.939999597604
11696.669999594606
12145.324999522789
12297.289999498464
12312.99499949595
12374.824999486053
12428.139999477518
12439.034999475774
12451.814999473729
12651.829999441712
12716.419999431373
12726.80999942971
12778.889999421373
12790.634999419493
12815.599999415497
12907.529999400782
12931.83999939689
12944.224999394908
13071.934999374465
13084.879999372393
13201.09499935379
13217.879999351104
13329.424999333249
13378.839999325339
13390.914999323406
13400.169999321924
13452.654999313523
13533.794999300535
13560.31499929629
13639.454999283622
13723.999999270089
13831.294999252914
13855.419999249052
13894.54499924279
14081.614999212845
14098.369999210163
14108.87999920848
14123.989999206062
14143.524999202935
14220.059999190684
14266.324999183278
14314.78999917552
14525.88999914173
14577.464999133474
14586.92499913196
14597.299999130299
14616.239999127267
14657.294999120695
14668.104999118965
14777.094999101519
14808.624999096472
14952.674999073413
15283.459999020464
15355.109999008995
15371.659999006346
15552.43499897741
15565.834998975264
15906.189998920783
16004.304998905078
16268.699998862756
16402.71499884811
16415.734998850763
16425.83999885282
16440.769998855863
16612.914998890934
16625.964998893593
16695.094998907676
16807.579998930592
16840.869998937374
16905.329998950507
16960.90499896183
16985.334998966806
17028.089998975516
17066.554998983353
17112.614998992736
17123.47999899495
17142.704998998866
17452.609999062002
17472.444999066043
17966.744999166745
17977.974999169033
18177.709999209725
18258.28499922614
18291.189999232844
18310.40999923676
18333.42999924145
18466.909999268642
18484.56999927224
18742.35999932476
18754.569999327246
18767.274999329835
18776.979999331812
18797.38999933597
18822.754999341138
18955.98999936828
18991.484999375512
19003.319999377924
19013.084999379913
19025.654999382474
19084.98499939456
19509.459999481038
19542.779999487826
19572.804999493943
19592.03999949786
19681.484999516084
19699.049999519662
19787.234999537628
19798.97499954002
19813.974999543076
19849.449999550303
19899.909999560583
19921.92999956507
20325.934999647376
20551.434999693316
20677.284999718955
20864.109999757016
20890.804999762455
20902.40999976482
20912.344999766843
20931.004999770645
21179.74999982132
21196.86999982481
21550.38999989683
21604.18499990779
21683.754999924
21783.029999944225
21956.874999979642
22079.73500000467
22091.22000000701
22112.535000011354
22172.870000023646
22425.00000007501
22710.015000133077
22818.290000155135
22875.925000166877
22898.195000171414
22916.505000175144
22929.845000177862
23001.2100001924
23133.110000219272
23154.3600002236
23261.680000245466
23446.230000283063
23458.98000028566
23506.655000295374
23610.60500031655
23736.79500034226
23843.31000036396
23927.64500038114
23996.720000395213
24046.195000405292
24071.930000410535
24141.960000424802
24200.390000436706
24626.060000523426
24780.685000554928
25029.50500060562
25109.450000621906
25123.985000624867
25243.385000649192
25563.75500071446
25580.560000717884
25898.27000078261
25915.680000786157
26069.705000817536
26084.93500082064
26238.690000851962
26254.18500085512
26346.310000873887
26355.65000087579
26412.500000887372
26425.370000889994
26442.92500089357
26459.46500089694
26811.36000096863
26843.185000975114
26867.645000980097
26890.470000984747
26907.505000988218
27213.450001050547
27256.450001059307
27270.84000106224
27317.940001071835
27389.57500108643
27589.785001127217
27672.575001144083
27790.770001168163
28272.705001266346
28430.63500129852
28441.345001300702
28451.675001302807
28617.60500133661
28785.02500137072
29302.23500147609
29335.1800014828
29398.45000149569
29533.92000152329
29551.855001526943
29632.53500154338
29666.240001550246
29694.83000155607
29821.21500158182
29841.140001585878
29870.40500159184
29905.425001598975
29915.90500160111
29935.4950016051
29946.14000160727
29961.030001610303
29983.165001614812
30002.905001618834
30039.74000162634
30080.035001634547
30293.62500167806
30307.37000168086
30429.14000170567
30446.800001709267
30575.600001735507
30589.345001738307
30867.1250017949
30885.615001798666
30923.300001806343
30969.345001815724
31102.380001842826
31454.6800019146
31471.435001918013
31534.05000193077
31674.05000195929
31690.2900019626
31703.465001965284
31770.510001978942
31951.795002015875
32007.080002027138
32040.150002033875
32103.705002046823
32247.925002076205
32294.690002085732
32307.93000208843
32394.830002106133
32413.635002109964
32560.37500213986
32574.310002142698
32586.225002145125
32615.125002151013
32632.570002154567
32903.03500211141
32954.990002084196
32988.90000206643
33006.73500205709
33024.10000204799
33188.73000196175
33203.640001953936
33220.55000194508
33234.240001937906
33274.05500191705
33437.840001831246
33457.26500182107
33471.25000181374
33493.62500180202
33715.6750016857
33761.54000166167
33813.27500163457
34019.115001526734
34124.235001471665
34179.97000144247
34451.035001300465
34662.15000118987
34689.88500117534
34700.82000116961
34916.055001056855
35014.745001005154
35025.26500099964
35037.61500099317
35240.63500088682
35251.005000881385
35269.12500087189
35340.94000083427
35352.17000082839
35463.13500077026
35479.4750007617
35694.095000649264
35885.37500054906
35900.34000054122
35919.02500053143
35955.935000512094
36106.42500043326
36452.185000252124
36616.0150001663
36633.715000157026
36925.08500000439
36984.82499997309
36998.24499996606
37278.29999981935
37357.45999977788
37495.344999705645
37555.88499967393
37697.5799995997
37748.22499957317
37769.14999956221
37921.119999482595
37951.489999466685
38086.14999939614
38243.96999931346
38260.73499930468
38412.33999922526
38672.34999908905
38699.574999074786
38903.95499896772
38981.229998927236
39082.58999887414
39118.25499885545
39139.17499884449
39154.10999883667
39255.10999878376
39293.19499876381
39315.819998751955
39404.02499870575
39435.39999868931
39492.57499865936
39525.889998641906
39593.369998606555
39639.6699985823
39652.24499857571
39664.704998569185
39675.069998563755
39685.6799985582
39765.92499851616
40010.66499838795
40029.35999837815
40134.58999832303
40148.299998315844
40236.564998269605
40263.649998255416
40301.26999823571
40313.40999822935
40496.46499813345
40580.984998089174
40727.66999801233
40744.249998003645
40825.0799979613
40870.91499793729
40893.27999792557
40971.28499788471
41023.67999785726
41036.45499785057
41134.824997799034
41150.50999779082
41163.494997784015
41188.60499777086
41209.27499776003
41237.634997745175
41252.50999773738
41267.34499772961
41283.964997720905
41334.88499769423
41397.27999766154
41476.10499762025
41500.07999760769
41690.64499750786
41743.82499748
41761.15499747092
41828.3899974357
41889.81499740352
41909.709997393096
41977.744997357455
41987.404997352394
41998.81499734642
42018.09499733632
42058.09999731536
42070.114997309065
42167.18999725821
42182.76999725005
42301.38999718791
42317.52999717945
42504.90499708129
42519.67999707355
42884.52499688242
43180.72999672725
43267.8649966816
43293.59499666812
43572.439996522044
43665.87999647309
43688.189996461406
43699.61499645542
43914.7799963427
43931.554996333914
43963.0849963174
43974.979996311165
44004.1249962959
44027.46999628367
44044.019996275
44288.244996147056
44297.58499614216
44518.454996026456
44769.07999589516
44818.27999586939
44906.494995823174
44920.39999581589
45055.38999574517
45328.504995602096
45345.51999559318
45359.889995585654
45371.65499557949
45530.35499549635
45682.754995416515
45863.89499532162
46066.859995215294
46214.244995138084
46299.589995093374
46319.78999508279
46337.46999507353
46350.79999506655
46363.93999505966
46427.48999502637
46481.49999499808
46511.38499498242
47063.14999469337
47106.734994670536
47321.95499455779
47516.53999445585
47528.084994449804
47558.04499443411
47575.53499442495
47631.64499439555
47764.99999432569
47868.88999427127
47991.42999420707
48032.43499418559
48179.15499410873
48211.744994091656
48395.969993995146
48601.68499388738
48637.5249938686
48730.444993819925
48828.0299937688
48862.36999375081
49004.05499367659
49045.30999365498
49069.21999364245
49112.60499361972
49148.239993601055
49162.81499359342
49180.864993583964
49260.709993542136
49521.92999340529
49855.594993230494
49869.35999322328
49891.77499321154
49980.94499316483
