262.00999999983424
408.5949999997009
610.784999999517
633.3749999994965
655.9899999994759
730.2999999994083
748.8849999993914
868.6849999992825
959.6899999991997
987.914999999174
1011.3249999991527
1045.1299999996024
1095.3500000006986
1123.3250000013093
1257.175000004231
1275.0650000046214
1302.9350000052298
1333.6800000059009
1636.4800000125103
1673.7450000133238
1700.2950000139033
1952.6050000194107
2008.510000020631
2661.260000034879
2878.610000039623
2980.4200000418455
3096.2700000443742
3146.525000045471
3339.020000049673
3502.245000053236
3860.2550000610504
4155.320000067491
4198.530000068434
4539.3200000758725
4560.910000076344
4736.405000080174
4936.965000084552
4965.555000085176
5116.850000088479
5218.0850000906885
5252.945000091449
5365.490000093906
5451.065000095774
5612.365000099295
5636.935000099831
5737.590000102028
5857.350000104642
6005.355000107873
6118.945000110352
6244.420000113091
6310.830000114541
6337.855000115131
6357.53000011556
6387.985000116225
6450.600000117592
6499.865000118667
6627.675000121457
6891.005000127205
6958.820000128685
7116.675000132131
7322.535000136624
7513.955000140802
7552.3050001416395
7731.715000145556
7754.4750001460525
7870.940000148595
7916.660000149593
7936.0800001500165
8034.1650001521575
8164.665000155006
8268.005000143436
8298.570000138543
8385.810000124578
8493.780000107296
8555.175000097468
8608.545000088925
8660.68000008058
8809.020000056835
8929.155000037605
9185.82499999652
9297.619999978624
9335.044999972633
9385.329999964584
9434.694999956682
9475.834999950097
9524.434999942318
9548.78499993842
9638.404999924074
9985.45999986852
10007.374999865013
10034.364999860692
10127.159999845839
10236.399999828353
10406.39999980114
10458.119999792862
10486.454999788326
10522.72499978252
10681.83999975705
10855.239999729294
10938.344999715991
10989.83499970775
11077.809999693667
11131.904999685008
11156.029999681146
11205.264999673265
11244.959999666911
11433.57499963672
11458.074999632798
11548.629999618302
11730.924999589122
11974.20499955018
11997.13499954651
12052.929999537579
12360.34499948837
12426.594999477766
12705.299999433153
12890.869999403449
12979.734999389224
13183.439999356617
13622.649999286312
13674.309999278043
13740.954999267375
13805.129999257102
13831.669999252854
13924.139999238052
14112.404999207916
14356.684999168814
14712.29999911189
15188.894999035601
15413.184998999699
15691.914998955082
15784.274998940298
15856.209998928784
15895.419998922507
15953.859998913153
16002.2899989054
16199.694998873802
16251.959998865435
16513.724998870726
16556.20499887938
16598.739998888046
16654.249998899355
16778.46499892466
16976.644998965035
17113.70999899296
17177.77499900601
17387.839999048807
17473.494999066257
17553.194999082494
17577.32999908741
17622.159999096544
17647.239999101654
17700.684999112542
17741.254999120807
17916.434999156496
17941.23499916155
18308.514999236373
18370.39999924898
18431.144999261356
18451.944999265594
18475.264999270345
18943.12499936566
18977.904999372746
19157.059999409244
19256.499999429503
19275.834999433442
19450.644999469056
19614.824999502503
19898.634999560323
20074.674999596187
20399.664999662396
20443.834999671395
20627.564999708826
20676.044999718702
20750.59999973389
20787.70499974145
20891.099999762515
21198.129999825065
21368.609999859797
21435.264999873376
21491.449999884822
21576.959999902243
21637.80999991464
21659.189999918995
21780.35999994368
21888.404999965693
22055.549999999745
22082.600000005255
22107.740000010377
22297.500000049036
22399.685000069854
22499.66000009022
22568.91000010433
22758.810000143018
22798.805000151166
22838.600000159273
22864.040000164456
22942.825000180506
23081.720000208803
23115.47500021568
23190.125000230888
23373.61000026827
23663.300000327286
23782.240000351518
24016.265000399195
24115.170000419344
24404.74500047834
24576.335000513296
24841.95000056741
24866.60000057243
25183.750000637043
25327.095000666246
25353.32000067159
25577.98500071736
25608.190000723513
25741.44000075066
25762.380000754925
25792.700000761102
25899.90000078294
25925.07000078807
25955.865000794343
26020.15000080744
26063.30500081623
26201.46500084438
26302.39500086494
26402.985000885434
26435.60500089208
26621.960000930045
26790.135000964307
26810.7150009685
26883.580000983344
26920.13500099079
27150.365001037695
27196.215001047036
27497.72000110846
27581.01000112543
27923.78000119526
28041.645001219273
28296.660001271226
28430.560001298505
28454.815001303446
28497.93500131223
28579.06500132876
28831.12000138011
28923.78500139899
28975.24000140947
29272.585001470048
29309.190001477506
29785.620001574567
29871.805001592125
29940.21000160606
30139.305001646622
30390.61500169782
30598.010001740073
30617.260001743995
30678.83500175654
30721.035001765136
30738.685001768732
30831.39500178762
30868.74500179523
31081.165001838504
31185.29500185972
31269.48500187687
31315.650001886275
31527.8150019295
31755.945001975975
31935.690002012594
31999.32500202556
32040.90500203403
32275.945002081913
32414.075002110054
32500.530002127667
32571.110002142046
32613.850002150753
32676.195002163455
32731.49500217472
32890.320002118075
33069.21500202436
33089.990002013474
33131.51500199172
33366.90000186841
33392.410001855045
33438.510001830895
33474.0000018123
33675.190001706906
33727.05000167974
33831.08500162524
33867.64000160609
34073.285001498356
34106.32000148105
34465.32000129298
34535.025001256465
34589.14500122811
34655.69500119325
35078.44000097179
35499.01000075146
35574.025000712165
35641.65000067674
35667.825000663026
36133.89000041887
36168.085000400955
36694.14500012537
36904.4500000152
36957.33999998749
37005.37999996232
37143.22999989011
37446.95999973099
37511.799999697025
37533.19499968582
37620.57999964004
37654.67499962218
37751.56999957142
37840.20499952498
37921.02999948264
37969.204999457404
37994.50999944415
38364.49999925032
38394.789999234454
38506.91999917571
38567.32499914407
38589.64999913237
38627.21499911269
38662.20999909436
38721.1199990635
38890.254998974895
39174.084998826205
39293.30499876375
39415.78999869958
39713.52999854361
39742.21999852858
39905.889998442835
39948.24499842065
39969.264998409635
40001.159998392926
40076.13499835365
40147.12999831646
40370.909998199226
40418.04499817453
40589.9099980845
40715.93499801848
40849.85499794832
40928.00499790738
40966.77999788707
41102.809997815806
41135.57499779864
41173.74999777864
41195.969997767
41228.434997749995
41802.01999744951
42272.01999720329
42308.43499718422
42332.869997171416
42550.024997057655
42634.644997013325
42650.849997004836
42693.78999698234
42845.54999690284
42866.88999689166
42888.30499688044
43117.29999676048
43156.24999674007
43686.12499646249
43759.71999642393
43828.014996388156
44070.72499626101
44206.44499618991
44235.96999617444
44351.20499611407
44605.31499598095
44626.939995969624
44891.66499583094
45002.55999577285
45068.65999573822
45151.554995694794
45194.54499567227
45251.92499564221
45542.889995489786
45568.58999547632
45607.049995456175
45636.9749954405
45701.749995406564
45868.80499531905
45893.88499530591
45943.02499528017
46193.7949951488
46437.07499502135
46504.81999498586
46656.57999490636
46751.474994856646
46839.90999481032
46967.084994743695
46998.044994727476
47047.49499470157
47159.519994642884
47199.08499462216
47247.30999459689
47291.26499457387
47315.85999456098
47347.21999454455
47393.74999452018
47506.08499446133
47566.96999442943
47662.124994379585
47791.104994312016
47825.45499429402
47861.89999427493
48097.614994151445
48163.47999411694
48193.46499410123
48391.53499399747
48419.56999398278
48439.03999397258
48459.0499939621
48485.079993948464
49057.319993648685
49074.43499363972
49151.57499359931
49398.64999346987
49434.88499345089
49497.75999341795
49695.50999331436
49738.9449932916
49810.979993253866
49881.609993216865
49915.95499319887
49969.914993170605
49997.729993156034
24.279999999999454
42.22000000000315
120.69999999996271
280.2699999998176
295.7949999998035
389.41499999971836
598.0149999995286
697.9649999994377
724.2049999994139
971.3299999991891
1045.6949999996148
1072.8200000002068
1095.3400000006984
1155.2750000020067
1395.8600000072581
1412.0950000076125
1441.7450000082597
1493.3250000093856
1973.9600000198768
2046.9650000214704
2076.870000022123
2176.280000024293
2219.070000025227
2248.53000002587
2913.370000040382
3065.9000000437113
3128.4550000450768
3245.8200000476386
3298.4150000487866
3378.4950000505346
3452.3050000521457
3476.4050000526718
3681.525000057149
3711.6950000578076
3799.5950000597263
3857.9150000609993
3892.625000061757
3931.5550000626067
4070.1300000656315
4098.455000066249
4124.645000066821
4338.1550000714815
4399.02000007281
4417.040000073203
4503.340000075087
4533.735000075751
4567.020000076477
4793.875000081429
4813.9700000818675
4852.070000082699
5137.825000088937
5164.655000089522
5282.485000092094
5346.9100000935005
5756.185000102434
5779.700000102947
5930.120000106231
5969.125000107082
6037.250000108569
6284.300000113962
6504.205000118762
6537.5900001194905
6598.7500001208255
6621.760000121328
6666.980000122315
6689.320000122802
6776.305000124701
6808.3450001254005
7010.950000129823
7030.7700001302555
7108.6950001319565
7268.650000135448
7356.425000137364
7391.145000138122
7421.890000138793
7603.685000142761
7664.000000144078
8228.200000149807
8299.070000138463
8329.685000133562
8365.660000127804
8457.665000113077
8517.375000103519
8572.335000094721
8657.770000081046
8682.555000077078
8720.570000070993
8741.405000067658
9121.385000006834
9229.559999989518
9257.259999985085
9359.11499996878
9677.444999917825
9928.654999877614
10034.044999860744
10090.049999851779
10131.454999845151
10244.619999827037
10280.799999821245
10393.789999803159
10415.319999799713
10527.28999978179
10603.654999769566
10664.454999759833
11090.494999691637
11114.33499968782
11191.484999675471
11284.469999660587
11327.829999653646
11354.499999649377
11481.224999629092
11849.209999570188
11991.51499954741
12159.699999520488
12207.209999512883
12301.859999497732
12325.519999493945
12360.569999488334
12821.734999414515
12847.929999410322
12876.109999405811
12930.189999397155
13149.969999361974
13265.43999934349
13393.354999323015
13457.724999312712
13505.519999305061
13607.53999928873
13632.829999284682
13665.474999279457
13786.624999260064
13808.44999925657
13844.31499925083
13894.334999242823
13937.599999235897
14138.55999920373
14201.354999193678
14233.589999188518
14285.064999180278
14306.7999991768
14454.554999153148
14592.804999131018
14745.064999106646
14844.729999090692
14940.194999075411
14980.49499906896
15064.949999055441
15116.339999047215
15180.759999036904
15256.644999024757
15405.379999000948
15422.42499899822
15469.804998990636
15509.544998984275
15552.729998977362
15570.449998974525
15642.044998963065
15658.414998960445
15680.144998956966
15726.739998949508
15842.644998930955
15908.324998920441
15972.894998910106
16007.424998904578
16027.439998901375
16185.984998875996
16215.299998871304
16549.47999887801
16574.769998883163
16594.859998887256
16732.934998915385
17081.594998986417
17115.734998993372
17315.99999903417
17472.314999066017
17492.179999070064
17609.454999093956
17842.03999914134
17933.034999159878
17958.189999165003
18002.419999174013
18041.439999181963
18131.289999200268
18148.33999920374
18175.96499920937
18225.09999921938
18352.43499924532
18600.529999295864
18643.984999304717
19015.52499938041
19438.78999946664
19465.899999472163
19529.94499948521
19887.77499955811
19976.744999576236
20129.334999607323
20148.81499961129
20255.61499963305
20428.504999668272
20445.934999671823
20479.63499967869
20628.66999970905
20694.174999722396
20724.699999728615
20770.894999738026
20808.36499974566
20930.88999977062
21108.02999980671
21212.78499982805
21276.559999841043
21410.43999986832
21439.39999987422
21697.914999926885
21760.18499993957
21863.06499996053
21956.22499997951
22079.275000004578
22104.580000009733
22417.395000073462
22461.940000082537
22493.72000008901
22539.285000098294
22567.48000010404
22729.390000137024
22795.74000015054
22848.970000161386
22906.52000017311
22942.40000018042
23166.33500022604
23295.045000252263
23483.845000290727
23663.530000327333
23789.65500035303
23874.445000370302
23904.445000376414
24078.955000411966
24116.415000419598
24137.210000423835
24170.71000043066
24228.565000442446
24249.06000044662
24277.360000452387
24325.410000462176
24417.07500048085
25114.055000622844
25140.325000628196
25290.88500065887
25318.96000066459
25344.59500066981
25399.625000681022
25496.11500070068
25550.00500071166
25640.365000730068
25721.66000074663
25758.13000075406
25805.925000763797
25831.67000076904
25851.34500077305
25876.395000778153
26127.865000829384
26148.60000083361
26200.69000084422
26277.515000859872
26303.165000865098
26552.170000915827
26678.14000094149
27177.075001043137
27204.245001048672
27351.10500107859
27493.88000110768
27516.61000111231
27936.30000119781
27971.97500120508
28004.210001211646
28118.74500123498
28177.190001246887
28332.60500127855
28392.715001290795
28688.215001350996
28905.300001395222
28926.360001399513
28975.050001409432
28992.155001412917
29163.700001447865
29412.855001498625
29832.135001584043
29906.105001599113
30000.415001618327
30198.375001658656
30252.265001669635
30459.400001711834
30484.2700017169
30625.305001745633
30729.44500176685
30803.135001781862
30831.3000017876
30950.805001811947
31396.57000190276
31617.480001947766
31917.65000200892
31954.250002016375
31989.260002023508
32163.975002059102
32255.780002077805
32289.650002084705
32307.855002088414
32351.090002097222
32480.870002123662
32584.300002144733
32801.28000216472
32961.675002080694
33187.24000196253
33339.87000188257
33361.030001871484
33474.70500181193
33570.470001761765
33617.010001737384
33640.810001724916
33664.865001712315
33682.98500170282
33721.71500168253
33746.43500166958
33779.94000165203
33804.37000163923
34308.64500137506
34331.54500136306
34379.69500133784
34483.25000128359
34571.005001237616
34771.975001132334
34794.65500112045
34850.70000109109
34894.28000106826
35221.3850008969
35378.39500081465
35399.095000803805
35437.00000078395
35594.180000701606
35987.17000049573
36054.34500046054
36141.92500041466
36237.700000364486
36629.03000015948
36680.44000013255
36804.6150000675
36913.50500001045
36942.97999999501
36980.90999997514
37010.04499995988
37033.05999994782
37124.489999899924
37401.11499975501
37561.74999967086
37642.749999628424
37909.29499948879
38270.884999299364
38296.50999928594
38442.4299992095
38527.589999164884
38612.224999120546
38714.07999906719
38816.04499901377
38922.91999895778
39254.19499878424
39316.36999875167
39337.81499874043
39365.03499872617
39479.34999866629
39697.309998552104
39867.394998463
39911.47499843991
39937.899998426066
40013.11499838666
40101.189998340524
40135.679998322456
40310.6349982308
40335.66499821769
40455.07999815513
40609.59999807418
40687.10499803358
40777.579997986184
40944.02499789899
41048.16999784443
41170.82999778017
41242.39999774268
41292.019997716685
41355.1699976836
41601.93499755433
41623.81499754287
41725.754997489465
41764.03499746941
42016.189997337315
42049.0449973201
42070.28999730897
42174.19999725454
42364.73499715472
42488.62499708982
42504.04499708174
42525.02999707075
42881.464996884024
42920.93499686335
43002.83499682044
43031.099996805635
43081.91999677901
43341.42999664306
43361.64499663247
43379.38999662318
43630.9299964914
43648.41999648224
43727.10499644102
43746.85999643067
43765.62999642084
43811.06999639703
43854.00499637454
44009.18499629325
44237.61499617358
44301.12499614031
44397.47999608983
44428.48499607359
44493.42499603957
44649.66499595772
44869.7949958424
45080.179995732185
45262.494995636676
45368.724995581026
45399.99999556464
45591.9149954641
45915.45499529461
45949.689995276676
45965.534995268375
46005.509995247434
46057.37499522026
46216.534995136884
46324.58999508028
46352.47999506567
46690.429994888626
46816.15499482276
46879.48999478958
47014.97499471861
47034.34499470846
47195.54999462401
47231.75999460504
47279.42499458007
47535.36999444599
47735.384994341206
47753.93499433149
47791.134994312
47874.679994268234
47955.269994226015
48015.53999419444
48171.9499941125
48618.929993878344
49007.86499367459
49148.16999360109
49243.52499355114
49263.15999354085
49337.95999350167
49383.93999347758
49455.149993440275
49490.26499342188
49797.5499932609
49820.19499324904
49912.21499320083
33.754999999998816
102.1299999999796
185.00499999990424
206.12499999988503
407.1899999997022
694.1499999994412
725.129999999413
745.2299999993947
771.9599999993704
1056.4649999998499
1076.405000000285
1297.9400000051207
1577.2050000112165
1804.7200000161827
1847.5900000171184
1866.945000017541
1920.7850000187161
2184.210000024466
2251.555000025936
2287.0350000267103
2463.86000003057
2518.655000031766
2751.7150000368533
2866.09500003935
2967.6900000415676
3002.9150000423365
3026.390000042849
3100.475000044466
3119.1800000448743
3260.445000047958
3397.2650000509443
3507.5900000533525
3750.5500000586558
3981.690000063701
4004.7150000642037
4375.935000072306
4845.065000082546
4876.895000083241
5140.420000088993
5288.795000092232
5323.560000092991
5550.575000097946
5573.880000098455
5712.550000101482
5824.015000103915
5853.540000104559
5953.160000106734
5996.675000107683
6020.975000108214
6121.665000110412
6160.395000111257
6365.520000115735
6432.0850001171875
6830.180000125877
6888.780000127156
7002.660000129642
7046.220000130593
7134.000000132509
7186.110000133646
7214.785000134272
7354.960000137332
7574.405000142122
7654.245000143865
7808.8550001472395
7926.345000149804
8010.040000151631
8080.630000153172
8263.48000014416
8520.23500010306
8881.935000045163
8941.090000035694
9023.375000022523
9330.714999973326
9363.834999968025
9521.774999942743
9840.509999891723
10198.92999983435
10277.919999821706
10298.814999818362
10445.769999794838
10549.159999778289
10639.854999763771
10720.544999750855
11025.404999702056
11046.05499969875
11333.624999652719
11356.024999649133
11487.679999628059
11522.189999622535
11747.769999586426
11870.714999566746
12103.27499952952
12192.244999515278
12239.194999507763
12409.719999480467
12491.819999467325
12570.054999454802
12591.984999451292
12639.879999443625
12692.684999435172
12727.364999429621
12901.124999401807
13218.184999351055
13420.039999318744
13505.33499930509
13747.489999266329
14364.779999167518
14487.074999147942
14520.039999142666
14600.084999129853
14647.70499912223
14999.324999065946
15198.259999034102
15226.744999029543
15251.3799990256
15457.999998992525
15486.559998987954
15928.649998917188
15970.93499891042
16091.164998891174
16275.074998861735
16295.609998858448
16322.994998854065
16389.84499884549
16602.324998888776
16658.124998900144
16813.874998931875
16853.629998939974
16977.119998965132
17152.98499900096
17194.07499900933
17221.879999014996
17246.794999020072
17321.039999035198
17392.004999049655
17481.589999067906
17599.344999091896
17839.989999140922
17945.794999162477
17987.78499917103
18014.209999176415
18067.98999918737
18266.82999922788
18287.064999232003
18398.02499925461
18428.50999926082
18792.52999933498
18816.849999339935
18922.2199993614
19133.699999404485
19147.07499940721
19294.12499943717
19362.534999451105
19518.579999482896
19592.659999497988
19680.059999515794
19718.594999523644
19836.829999547732
19869.249999554337
19913.234999563298
19966.624999574175
20215.80999962494
20266.46499963526
20296.1199996413
20327.799999647756
20384.254999659257
20496.709999682167
20537.474999690472
20579.87999969911
20685.11999972055
20808.099999745606
20910.189999766404
20994.83999978365
21259.879999837645
21514.349999889488
21663.96499991997
21712.214999929798
21803.804999948457
22048.26999999826
22093.02500000738
22507.8950000919
22783.325000148012
22840.325000159624
23165.380000225847
23183.620000229563
23201.91000023329
23254.820000244068
23290.725000251383
23323.670000258095
23379.530000269475
23432.235000280212
23490.210000292023
23674.90000032965
23748.14000034457
23993.010000394457
24165.76000042965
24285.685000454083
24571.180000512246
24588.52000051578
24703.08500053912
24728.27500054425
25032.615000606253
25050.205000609836
25202.020000640765
25226.260000645703
25260.46000065267
25447.995000690877
25561.185000713936
25593.420000720504
25653.315000732706
25809.350000764494
25841.57500077106
25944.675000792064
26060.335000815627
26127.430000829296
26282.085000860803
26413.940000887666
26530.070000911324
26636.460000933
26747.235000955567
26922.44000099126
27008.87500100887
27138.91000103536
27233.870001054707
27284.09500106494
27308.50000106991
27368.400001082115
27394.650001087462
27416.835001091982
27495.770001108063
27514.85500111195
27610.56000113145
27712.290001152174
27807.665001171605
27840.905001178377
27957.180001202065
28017.815001214418
28036.250001218174
28079.615001227008
28107.70000123273
28169.225001245264
28190.21000124954
28217.190001255036
28379.020001288005
28580.49000132905
29127.59500144051
29225.995001460557
29252.985001466055
29275.74000147069
29302.375001476117
29384.640001492877
29486.225001513572
29508.05500151802
29527.470001521975
29543.960001525335
29641.580001545222
29667.63000155053
30052.580001628954
30159.285001650693
30316.98000168282
30339.300001687367
30382.75000169622
30562.94500173293
30642.575001749152
30671.935001755133
30725.405001766027
30765.92500177428
30792.800001779757
30837.620001788888
30923.890001806463
30945.585001810883
31036.840001829474
31068.595001835944
31185.820001859825
31279.075001878824
31300.21000188313
31436.43000191088
31541.005001932186
31560.85500193623
31730.515001970794
31768.00000197843
31786.185001982136
31884.240002002112
32248.670002076356
32457.995002119
32581.850002144234
32603.17500214858
32684.005002165046
32743.140002177093
32823.73000215296
32854.82000213667
33185.22500196358
33250.8550019292
33402.775001849615
33476.475001811006
33514.8550017909
33643.36500172358
33745.28000167019
33768.12000165822
33989.810001542086
34290.210001384716
34540.67000125351
34589.9300012277
34724.26000115733
34792.06000112181
34890.780001070096
34978.34500102422
35033.84500099515
35067.70000097741
35104.72000095802
35123.54500094816
35147.43500093564
35240.450000886914
35435.60000078468
35620.20500068797
35852.89500056607
35906.52500053798
35962.235000508794
36011.14500048317
36064.02500045547
36086.94500044346
36172.45000039867
36194.275000387235
36216.760000375456
36257.76000035398
36303.255000330144
36384.88000028738
36420.31500026882
36452.430000251996
36480.12000023749
36541.01500020559
36566.7600001921
36590.85500017948
36731.645000105724
36771.310000084944
36844.79500004645
36904.90000001496
36937.81499999772
36988.10999997137
37142.26499989061
37321.93499979649
37350.38999978158
37529.5949996877
37566.87999966817
38222.069999324936
38272.3399992986
38296.74499928582
38325.229999270894
38440.98999921025
38494.944999181986
38585.749999134416
38605.184999124234
38688.809999080426
38857.49499899206
39104.28999886277
39304.024998758134
39327.81999874567
39366.06999872563
39413.304998700885
39473.12499866955
39559.6849986242
39679.58499856139
39789.944998503575
39911.6899984398
39953.02499841814
40017.309998384466
40038.9999983731
40226.884998274676
40272.67499825069
40612.229998072806
40720.92999801586
40966.10999788742
41000.94999786917
41059.959997838254
41340.029997691534
41477.85999761933
41702.64999750157
41733.40499748546
41812.894997443815
41836.86499743126
41859.279997419515
41886.46999740527
41966.689997363246
42177.36499725288
42385.81499714368
42417.664997126994
42467.53999710087
42522.47499707209
42823.75499691426
43154.45499674101
43189.784996722505
43237.084996697726
43373.63999662619
43493.869996563204
43517.404996550875
43562.414996527295
43584.66499651564
43731.98499643846
43833.209996385434
43908.8699963458
44008.519996293595
44056.0399962687
44181.749996202845
44205.934996190175
44239.644996172516
44662.59999595094
44692.964995935035
44816.40499587037
44914.2649958191
44937.91999580671
45152.95499569406
45245.80999564542
45408.029995560435
45422.689995552755
45547.284995487484
45652.364995432436
45677.21499541942
45874.159995316244
45957.93499527236
46196.94499514715
46664.62999490214
46721.64499487227
46818.67999482144
46961.61999474656
47009.324994721566
47061.67999469414
47105.19499467134
47173.664994635474
47209.874994616504
47337.56499454961
47408.929994512226
47438.77999449659
47483.18999447332
47517.90499445514
47759.73999432845
47826.499994293474
47861.1899942753
47910.164994249644
48031.054994186314
48138.274994130144
48164.98499411615
48366.20499401074
48512.889993933895
48542.324993918475
48750.66999380933
49038.5799936585
49188.70499357986
49341.224993499956
49450.969993442464
49594.27999336739
49633.71999334673
49804.59499325721
49832.05999324282
49874.8599932204
66.21500000001227
140.38999999994482
234.01999999985966
556.7299999995662
646.9949999994841
784.7049999993588
815.9699999993304
902.4249999992518
979.2749999991819
1016.8999999991477
1343.6500000061185
1467.9100000088308
1486.8750000092448
1508.095000009708
1676.5300000133846
1818.7750000164895
1838.7650000169258
1886.2950000179633
2046.9700000214705
2126.1450000231985
2167.9300000241105
2318.5200000273976
2336.855000027798
2380.350000028747
2413.6350000294738
2427.2400000297707
2445.7300000301743
2551.9400000324927
2795.3950000378068
2888.1100000398305
3152.4500000456005
3192.550000046476
3268.150000048126
3351.7250000499503
3996.430000064023
4026.0650000646697
4091.770000066104
4173.7350000678925
4434.475000073584
4686.660000079089
4844.815000082541
4908.7550000839365
4942.400000084671
5048.685000086991
5214.49500009061
5240.530000091178
5258.105000091562
5378.240000094184
5407.175000094816
5527.770000097448
5593.720000098888
5642.425000099951
5682.650000100829
5859.045000104679
6197.610000112069
6214.170000112431
6288.225000114047
6348.82000011537
6369.42500011582
6592.185000120682
6703.485000123112
6749.470000124115
6837.045000126027
6869.280000126731
6943.230000128345
7038.835000130432
7294.710000136017
7364.255000137535
7381.150000137904
7516.625000140861
7765.940000146303
7901.4000001492595
7941.75500015014
7955.6400001504435
7989.460000151182
8033.665000152147
8191.840000155599
8392.80000012346
8754.815000065511
8809.185000056808
8976.765000029984
9098.850000010441
9190.419999995784
9207.019999993126
9239.35499998795
9303.369999977704
9462.999999952151
9500.584999946135
9558.879999936804
9631.409999925194
9700.579999914122
9793.23499989929
10124.70999984623
10149.069999842332
10190.769999835657
10215.54499983169
10282.384999820992
10526.209999781962
10541.77499977947
10561.059999776384
10578.799999773544
10658.72499976075
10801.72999973786
10953.119999713626
10994.259999707041
11049.629999698178
11102.08999968978
11131.76499968503
11202.059999673778
11232.639999668883
11254.794999665337
11331.839999653004
11759.1749995846
11849.174999570194
11900.644999561955
11982.359999548875
12010.869999544311
12233.14999950873
12313.374999495889
12371.989999486506
12433.709999476627
12689.544999435675
12716.329999431387
12763.449999423845
12919.934999398796
13008.089999384685
13045.41999937871
13073.204999374262
13181.654999356902
13227.83999934951
13251.544999345715
13319.124999334897
13342.904999331091
13411.229999320154
13430.779999317025
13563.009999295859
13720.774999270605
13768.40499926298
13791.579999259271
13925.284999237869
14038.1699992198
14058.494999216546
14336.209999172092
14542.409999139085
14574.869999133889
14597.619999130247
14611.53499912802
14709.934999112269
14795.129999098632
14815.859999095313
14948.00499907416
15172.71999903819
15209.38999903232
15238.00999902774
15288.084999019724
15460.109998992188
15734.129998948325
15863.5999989276
15900.569998921683
15982.154998908623
16004.009998905125
16225.114998869733
16247.084998866216
16349.714998849788
16371.914998846234
16562.109998880584
16912.50999895197
16945.474998958685
16980.119998965743
17044.06999897877
17106.34499899146
17131.214998996526
17273.73499902556
17359.064999042945
17522.064999076152
17555.944999083054
17621.124999096333
17653.734999102977
17907.07499915459
17932.914999159853
17993.36499917217
18186.549999211526
18342.139999243223
18429.869999261096
18614.609999298733
18719.854999320174
18936.05999936422
18964.214999369957
18997.149999376667
19102.64999939816
19263.69999943097
19300.644999438497
19362.80499945116
19497.529999478607
19692.79999951839
19881.114999556754
19937.73999956829
19964.97999957384
19989.454999578826
20028.384999586757
20167.474999615093
20220.404999625876
20485.399999679863
20546.069999692223
20635.764999710496
20652.389999713883
20670.949999717664
20703.154999724225
20738.484999731423
20798.574999743665
21121.864999809528
21155.34999981635
21284.819999842726
21308.659999847583
21334.239999852794
21684.324999924116
21717.03999993078
21865.824999961093
22248.255000039004
22329.62500005558
22358.00000006136
22376.01000006503
22416.960000073374
22458.56000008185
22714.470000133984
22785.32000014842
22844.635000160502
22864.370000164523
22942.915000180525
22972.505000186553
23300.795000253434
23383.940000270373
23628.445000320185
23655.720000325742
23999.680000395816
24070.595000410263
24309.500000458935
24332.235000463566
24488.89000049548
24519.52000050172
24744.7250005476
24848.67500056878
24881.430000575452
24976.175000594754
25036.7700006071
25055.005000610814
25306.49500066205
25389.930000679047
25459.530000693227
25603.76500072261
25620.73500072607
25682.605000738673
25712.670000744798
25777.27500075796
25802.200000763038
25826.880000768066
25846.38500077204
25868.510000776547
25895.885000782124
25921.750000787393
26007.155000804793
26143.69500083261
26274.275000859212
26308.160000866115
26380.205000880793
26393.775000883557
26417.79500088845
26466.705000898415
26494.6050009041
26511.45000090753
26697.410000945416
26724.345000950903
26773.100000960836
26864.545000979466
26907.475000988212
27032.155001013612
27106.340001028726
27206.855001049204
27241.135001056187
27318.07000107186
27619.330001133236
27726.79500115513
27752.300001160325
27884.01500118716
27975.90000120588
28201.570001251854
28226.700001256973
28248.055001261324
28462.33500130498
28525.18000131778
28559.92500132486
28581.345001329224
28679.20500134916
28806.355001375065
28939.01500140209
29043.005001423277
29067.055001428176
29239.80500146337
29279.735001471505
29348.37500148549
29561.745001528958
29640.29000154496
29880.42500159388
29924.78500160292
29984.320001615048
30122.61000164322
30152.960001649404
30228.640001664822
30384.71500169662
30590.365001738515
30744.32500176988
30807.075001782665
30944.035001810567
31331.91500188959
31411.275001905757
31439.875001911583
31568.185001937723
32267.255002080143
32482.695002124034
32507.835002129155
32525.270002132707
32544.880002136702
32595.905002147098
32740.290002176513
32977.495002072406
33073.970002021866
33252.375001928405
33329.93000188778
33349.77000187738
33380.365001861355
33423.19500183892
33510.14500179337
33576.97000175836
33645.585001722415
33726.025001680275
33905.82500158608
33935.065001570765
33983.6800015453
34423.05500131512
34538.25500125477
34586.775001229355
34690.04000117526
34848.845001092064
34871.980001079944
34894.200001068304
34932.300001048345
35044.27000098969
35214.910000900294
35436.7100007841
35639.14500067805
35664.17000066494
35772.280000608305
35819.600000583516
35897.750000542575
35918.82000053154
36028.38500047414
36073.8950004503
36109.810000431484
36177.70000039592
36403.95500027739
36613.95000016738
36963.60499998421
37198.09999986136
37274.69499982124
37328.03499979329
37437.91999973573
37505.80999970016
37627.00499963667
37717.96999958902
37857.02999951617
37924.229999480965
38000.97499944076
38020.494999430535
38044.62999941789
38470.529999194776
38508.519999174874
38669.36999909061
38689.079999080284
38785.09999902998
38818.07499901271
38941.029998948296
38973.45499893131
39068.09999888173
39085.07999887283
39143.90999884201
39167.309998829754
39210.00499880739
39269.149998776404
39368.349998724436
39395.66499871013
39416.34999869929
39528.26999864066
39615.39499859502
39644.95499857953
40049.72999836748
40481.04499814153
40571.859998093954
40607.92999807506
40911.50999791602
41017.769997860356
41078.06499782877
41111.51999781124
41229.864997749246
41413.08999765326
41483.59999761632
41529.74499759215
41716.7199974942
41874.99499741128
41923.76999738573
42033.63999732817
42056.97499731595
42241.88499721908
42391.78999714055
42462.22999710365
42483.47499709252
42523.42499707159
42537.96999706397
42557.72999705362
42676.754996991265
42756.65499694941
42797.739996927885
42927.504996859905
43120.8899967586
43297.99499666582
43656.009996478264
43720.76499644434
43940.869996329035
43970.76499631337
44039.84999627718
44084.98499625354
44190.36499619833
44277.78999615253
44429.95499607282
44450.959996061814
44488.26499604227
44545.23499601243
44590.23499598885
44934.75999580837
45179.0349956804
45260.88499563752
45284.14999562533
45305.66499561406
45332.09999560021
45452.294995537246
45813.46999534804
46044.53999522699
46074.38999521135
46344.254995069976
46490.419994993405
46738.744994863315
46769.38999484726
46803.84499482921
47012.1299947201
47037.96499470656
47192.87499462541
47670.06999437542
47701.26499435908
47751.554994332735
48042.36499418039
48140.48499412899
48263.29999406465
48381.68499400263
48429.204993977735
48485.71499394813
48510.904993934935
48576.71499390046
48622.094993876686
48692.03499384005
48981.56499368837
49054.69999365006
49217.15499356495
49256.129993544535
49275.6649935343
49292.56499352545
49489.74999342215
49625.399993351086
49842.00999323761
11.285000000000364
35.219999999999565
212.28499999987943
245.4249999998493
293.1599999998059
336.21499999976675
352.6299999997518
536.6549999995844
734.9749999994041
970.2099999991901
1005.6199999991579
1180.63000000256
1320.0850000056041
1445.475000008341
1568.0300000110162
1776.3500000155634
1809.3900000162846
1897.555000018209
2186.6100000245183
2204.3850000249063
2245.885000025812
2288.340000026739
2332.2500000276973
2444.305000030143
2519.0000000317737
2602.8750000336045
2707.360000035885
2806.345000038046
2949.285000041166
2981.08000004186
3010.680000042506
3054.39000004346
3258.8650000479233
3329.120000049457
3356.2300000500486
3378.980000050545
3410.220000051227
3479.585000052741
3500.190000053191
3628.3500000559884
3655.730000056586
3719.2900000579734
3870.595000061276
3901.3000000619463
3982.3400000637153
4133.505000067014
4275.375000070111
4541.97500007593
4558.725000076296
4603.220000077267
4723.100000079884
4763.520000080766
4834.660000082319
5138.220000088945
5204.110000090383
5305.7250000926015
5572.960000098435
5887.070000105291
5918.260000105972
6017.855000108146
6165.885000111377
6277.905000113822
6371.780000115871
6441.36000011739
6701.835000123076
6786.485000124923
6967.175000128867
7105.7650001318925
7248.905000135017
7280.335000135703
7340.795000137023
7381.90500013792
7401.530000138348
7567.405000141969
7754.850000146061
7868.43500014854
7993.920000151279
8171.520000155156
8338.705000132119
8376.390000126086
8392.585000123494
8416.500000119666
8751.650000066018
8809.070000056827
9026.540000022016
9121.235000006858
9274.579999982312
9318.814999975231
9409.519999960712
9476.969999949915
9832.504999893004
9900.329999882148
9933.139999876896
9960.954999872443
10040.5649998597
10160.13499984056
10214.389999831876
10358.494999808809
10379.609999805429
10402.959999801691
10458.359999792823
10555.249999777314
10695.309999754894
10976.909999709818
11105.694999689204
11151.499999681871
11198.11499967441
11230.134999669284
11269.27499966302
11290.939999659551
11330.829999653166
11483.559999628718
11535.579999620391
11574.849999614105
11772.899999582403
11803.72499957747
12085.999999532285
12151.429999521812
12671.924999438495
13092.319999371202
13137.429999363982
13164.034999359723
13196.924999354458
13275.079999341948
13301.594999337703
13359.849999328379
13528.984999301305
13628.489999285377
13663.784999279727
13974.209999230037
14029.749999221147
14064.769999215541
14162.819999199846
14193.299999194967
14261.839999183996
14490.059999147465
14552.164999137523
14587.429999131879
14777.859999101396
15230.084999029008
15254.61999902508
15300.119999017797
15515.409998983336
15534.544998980273
15579.189998973126
15633.904998964368
15762.599998943768
15823.174998934071
15930.489998916893
15958.739998912371
16198.649998873969
16241.989998867031
16273.85999886193
16331.499998852703
16391.704998845868
16698.89999890845
16758.349998920563
16994.794998968733
17120.059998994253
17317.444999034466
17340.664999039196
17494.95499907063
17607.094999093475
17756.299999123872
17826.24499913812
17904.03999915397
18009.509999175458
18072.879999188368
18516.894999278826
18540.72499928368
18574.1899992905
18833.294999343285
18882.30999935327
18995.20999937627
19067.9999993911
19266.459999431532
19347.799999448103
19656.899999511075
19723.689999524682
19751.034999530253
19855.189999551472
20092.824999599885
20127.489999606947
20287.509999639547
20326.824999647557
20433.724999669335
20453.87499967344
20511.664999685214
20587.86999970074
20643.234999712018
20679.114999719328
20993.37499978335
21148.954999815047
21169.224999819176
21287.709999843315
21506.884999887967
21619.40499991089
21658.394999918833
21870.82499996211
21951.334999978513
21978.594999984067
22028.564999994247
22051.029999998824
22135.38500001601
22187.210000026567
22304.1850000504
22513.725000093087
22561.220000102763
22715.805000134256
22783.445000148036
23165.865000225946
23201.755000233257
23411.590000276006
23940.865000383834
24046.505000405356
24075.24000041121
24298.19000045663
24331.23000046336
24403.050000477993
24464.655000490544
24704.435000539394
24722.39000054305
24839.31000056687
24867.9250005727
25019.780000603638
25048.225000609433
25412.850000683717
25440.045000689257
25509.350000703376
25807.155000764047
25905.260000784034
25920.150000787067
26268.22000085798
26296.425000863725
26453.03000089563
26776.790000961588
26795.235000965346
26837.705000973998
26873.93500098138
26897.980000986277
26922.545000991282
27073.580001022052
27135.725001034712
27309.33000107008
27342.01500107674
27397.170001087976
27419.66500109256
27561.58000112147
27618.95000113316
27925.330001195576
28031.200001217145
28208.81500125333
28227.210001257077
28397.295001291728
28754.655001364532
29155.440001446183
29200.085001455278
29621.220001541074
29716.090001560402
29738.575001564983
29762.55500156987
29780.470001573518
29831.37500158389
29914.73000160087
30003.12500161888
30021.085001622538
30044.180001627243
30070.015001632506
30133.8050016455
30328.505001685167
30397.57500169924
30828.235001786976
31002.150001822407
31038.915001829897
31117.645001845936
31142.44500185099
31353.980001894084
31404.26500190433
31474.8050019187
31496.680001923156
31519.360001927776
31703.15500196522
31763.68000197755
31801.13500198518
31831.85500199144
32095.54000204516
32116.15000204936
32132.10500205261
32170.605002060453
32253.330002077306
32276.81000208209
32335.450002094036
32408.175002108852
32439.48500211523
32546.29000213699
32570.510002141924
32805.34500216259
32842.51000214312
32975.52000207344
33065.27500202642
33096.555002010035
33151.855001981065
33199.01000195636
33274.98000191656
33364.64000186959
33428.33000183623
33443.795001828126
33536.56000177953
33566.26500176397
33654.28000171786
33674.51500170726
33693.840001697135
33981.50000154644
34101.74000148345
34272.88500139379
34566.97000123973
34616.935001213555
34745.85000114602
34762.925001137075
34793.715001120945
34849.84500109154
34894.32000106824
34952.050001038
35015.58000100472
35186.47000091519
35241.6250008863
35266.34000087335
35312.17000084934
35409.97000079811
35948.77000051585
36001.60500048817
36229.20000036894
36909.17500001272
37065.5549999308
37127.80499989819
37192.024999864545
37216.10499985193
37240.644999839074
37282.68499981705
37367.70499977251
37462.52499972284
37703.659999596515
37874.179999507185
37897.11999949517
38259.9299993051
38434.73499921353
38571.25999914201
38588.01999913323
38682.80999908357
38959.48499893863
38974.6149989307
39017.05499890847
39052.00999889016
39148.49999883961
39244.92999878909
39613.79999859585
39733.939998532915
39768.334998514896
39912.43499843941
40061.614998361256
40118.884998331254
40209.73999828366
40245.88499826472
40339.40499821573
40366.674998201444
40408.019998179785
40451.464998157026
40652.82999805154
40742.27499800468
40828.34999795959
40857.749997944185
41050.929997842984
41093.12999782088
41297.88999771361
41337.85499769267
41495.15499761027
41594.749997558094
41614.68499754765
41685.9799975103
41800.27999745042
41949.91999737203
42097.17999729489
42146.72999726893
42195.374997243445
42219.75999723067
42253.75499721286
42274.499997201994
42306.80999718507
42402.72499713482
42492.93499708756
42509.50499707888
42539.0599970634
42565.09499704976
42697.81999698023
42741.09999695756
42985.914996829306
43012.354996815455
43035.83999680315
43276.16499667725
43364.46999663099
43681.38999646497
43827.87999638823
43928.024996335764
44116.67999623693
44428.069996073806
44482.78999604514
44537.15499601666
44676.264995943784
44720.85999592042
44814.424995871406
44891.984995830775
45146.894995697236
45283.19499562583
45393.57499556801
45444.049995541565
45621.37499544867
45819.94999534464
45859.64499532385
45973.71999526409
46089.69499520333
46113.87999519066
46215.884995137225
46242.72999512316
46264.294995111864
46324.3599950804
46477.684995000076
46540.2499949673
46640.744994914654
46946.334994754565
47122.559994662246
47224.84999460866
47475.854994477166
47515.39999445645
47538.504994444345
47657.62499438194
47882.83999426396
47910.13499424966
47943.25999423231
48222.00499408628
48586.48499389534
48719.90499382545
49114.509993618725
49182.334993583194
49220.89499356299
49283.959993529956
49321.909993510075
49351.08999349479
49502.6349934154
49568.18999338106
49591.62499336878
49684.38999332018
49931.374993190795
49983.504993163486
110.61999999997188
189.7849999998999
384.6149999997227
446.05499999966685
548.144999999574
920.1099999992357
971.499999999189
1106.955000000952
1153.7550000019735
1219.0400000033985
1294.3100000050415
1578.1800000112378
1674.1900000133335
1790.2350000158665
1846.5750000170963
2075.500000022093
2106.7800000227758
2145.3000000236166
2264.7300000262235
2286.795000026705
2305.705000027118
2394.8900000290646
2414.1350000294847
2438.025000030006
2460.145000030489
2507.140000031515
2568.1150000328457
2743.460000036673
2813.3000000381976
2830.7400000385783
2970.9450000416387
3290.7650000486196
3538.675000054031
3673.7150000569786
3715.9050000578995
3873.850000061347
4194.22000006834
4260.700000069791
4298.740000070621
4358.160000071918
4393.550000072691
4437.135000073642
4482.035000074622
4705.335000079496
5080.930000087695
5111.010000088351
5288.69000009223
5409.295000094862
5473.995000096274
5541.0200000977375
5653.740000100198
5718.625000101614
5892.210000105403
6200.675000112136
6260.86000011345
6280.680000113883
6456.4100001177185
6506.110000118803
6522.780000119167
6635.270000121623
6659.090000122143
6776.305000124701
6916.110000127753
6954.685000128595
7442.110000139234
7692.05500014469
7758.02500014613
8026.965000152
8205.94500015337
8234.450000148807
8262.970000144242
8467.500000111502
8530.42500010143
8639.75500008393
8773.330000062548
9056.220000017265
9545.399999938962
9577.764999933781
9705.119999913395
9748.929999906382
9818.839999895192
9916.604999879542
9946.91499987469
10018.589999863218
10355.274999809324
10375.79499980604
10435.589999796468
10631.089999765174
10696.33999975473
10763.48999974398
10789.584999739804
10855.784999729207
10921.659999718662
10954.314999713435
10979.544999709397
11607.579999608866
11791.78999957938
11839.69999957171
12005.24999954521
12100.329999529991
12225.104999510018
12319.5549994949
12371.859999486527
12561.349999456195
12585.86999945227
13057.194999376825
13227.164999349618
13491.694999307274
13711.334999272116
13836.94499925201
13919.724999238759
13990.729999227393
14070.639999214602
14101.589999209647
14166.074999199325
14251.584999185638
14439.014999155635
14488.409999147729
14678.494999117302
14726.534999109612
14751.044999105688
14880.149999085023
15046.059999058465
15102.31999904946
15131.784999044743
15245.62999902652
15381.409999004785
15417.814998998958
15508.94999898437
15555.6199989769
15705.409998952922
15945.489998914492
15975.23999890973
16013.949998903534
16092.31999889099
16219.164998870685
16401.03499884777
16464.229998860643
16647.564998897993
16695.739998907808
16737.504998916316
16850.99999893944
16958.95499896143
16985.869998966915
17328.99999903682
17392.2249990497
17473.929999066346
17497.15999907108
17530.779999077928
17589.98499908999
17627.63999909766
17682.684999108875
17780.714999128846
18032.379999180117
18083.134999190457
18151.594999204404
18266.839999227883
18294.869999233593
18373.214999249554
18465.004999268254
18486.704999272675
18614.769999298765
18632.20999930232
18724.074999321034
18748.88999932609
18886.23499935407
18919.284999360803
19029.304999383217
19149.409999407686
19404.654999459686
19626.509999504884
19651.154999509905
19665.204999512767
19692.794999518388
19831.71499954669
20245.10499963091
20353.799999653053
20379.449999658278
20412.564999665025
20463.274999675356
20576.24999969837
20662.904999716025
20686.44499972082
20777.469999739365
20923.069999769028
20942.744999773036
21009.459999786628
21027.03999979021
21107.19999980654
21140.649999813355
21398.289999865843
21440.864999874517
21461.14999987865
21615.47999991009
21746.859999936856
21775.464999942684
21929.884999974143
22125.43000001398
22149.82500001895
22199.285000029027
22311.41000005187
22473.215000084834
22682.140000127398
22874.96500016668
22935.645000179044
23084.01000020927
23197.035000232296
23471.750000288263
23779.635000350987
23896.13000037472
23981.59500039213
24160.480000428575
24250.535000446922
24301.240000457252
24329.590000463028
24385.035000474323
24635.44500052534
24704.72000053945
24774.730000553714
25335.960000668052
25363.6850006737
25398.350000680763
25556.965000713077
25622.06500072634
25641.125000730222
26205.135000845126
26293.685000863166
26335.645000871715
26405.500000885946
26481.65000090146
26875.17500098163
27137.81500103514
27186.41500104504
27229.100001053735
27255.690001059153
27380.420001084563
27527.06500111444
27558.950001120935
27730.110001155805
27750.51500115996
27880.82500118651
27973.21000120533
27999.675001210722
28082.43000122758
28158.280001243034
28194.18500125035
28210.38500125365
28341.84000128043
28362.590001284658
28402.20500129273
28431.5200012987
28474.2250013074
28500.005001312653
28681.50000134963
28827.09000137929
29042.065001423085
29187.53000145272
29306.17500147689
29427.99500150171
29658.225001548613
29879.29000159365
30031.955001624752
30050.680001628567
30259.190001671046
30411.37500170205
30493.825001718847
30588.22500173808
30631.210001746836
30646.850001750023
30697.83500176041
30718.21500176456
30810.88500178344
30901.600001801922
31127.48000184794
31896.390002004588
32002.515002026208
32140.240002054266
32280.035002082746
32815.31000215737
32970.00500207633
33006.08000205743
33175.34500196876
33238.90500193546
33324.88000189042
33584.45000175444
33652.01000171905
33745.31500167017
33874.08000160271
33895.23000159163
33927.20500157488
34091.020001489065
34288.16500138579
34333.54000136202
34352.660001352
34471.60000128969
34513.88500126754
34674.18500118356
34709.91000116485
34751.11500114326
34795.84500111983
34835.30500109916
34865.09500108355
34910.34000105985
35025.340000999604
35188.45500091415
35277.67500086741
35408.925000798656
35606.645000695076
35634.67500068039
35656.30000066906
35716.81500063736
35895.05500054399
36061.2900004569
36093.07000044025
36162.4650004039
36198.49000038503
36362.600000299055
36862.610000037115
36901.88000001654
37005.584999962215
37019.89499995472
37167.974999877144
37269.28999982407
37294.719999810746
37317.78999979866
37490.96499970794
37723.38499958618
38300.23499928399
38345.864999260084
38374.14999924527
38589.379999132514
38654.00999909866
38805.96499901905
39300.70499875987
39467.439998672526
39592.63999860694
39703.914998548644
39725.85999853715
39951.359998419015
40074.75499835437
40138.98999832072
40214.64499828109
40235.779998270016
40486.95499813843
40694.60999802965
40745.55499800296
40835.93999795561
40982.21999787898
41024.109997857035
41225.57499775149
41322.25999770084
41478.46999761901
41538.45999758758
41582.129997564705
41642.944997532846
41687.6999975094
41885.94999740554
41907.84999739407
41938.44499737804
41957.38999736812
41985.96499735315
42078.169997304845
42145.29499726968
42786.35999693385
42909.849996869154
42979.45499683269
42994.74999682468
43013.19999681501
43080.479996779766
43153.899996741304
43185.719996724634
43496.03999656207
43628.58999649263
43747.7549964302
43881.83999635996
44036.05499627917
44136.05999622678
44162.61999621287
44250.84499616665
44357.559996110744
44514.24499602866
44646.91499595916
44677.734995943014
44707.699995927316
44799.46499587924
44909.164995821775
45330.85999560086
45378.5049955759
45540.219995491185
45666.20999542518
45819.36999534495
45843.87999533211
46017.44999524118
46097.609995199186
46202.654995144156
46479.31999499922
46580.51499494621
46633.929994918224
46875.12499479187
46944.5449947555
46988.19999473263
47124.374994661295
47298.824994569906
47316.75499456051
47403.04499451531
47435.08999449852
47591.264994416706
47720.49499434901
48027.61999418811
48076.05999416274
48509.874993935475
48563.01499390764
48629.63999387273
48740.504993814655
48833.084993766155
49175.92499358655
49349.67499349553
49520.22999340618
49579.40499337518
49684.749993319994
49721.92999330052
49877.97499321877
11.280000000000364
129.54499999995468
238.97999999985515
389.62499999971817
562.0049999995614
619.3949999995092
643.7199999994871
754.1699999993866
788.964999999355
1053.769999999791
1098.0100000007567
1218.8700000033948
1264.095000004382
1437.6100000081694
1461.0150000086803
1696.7650000138262
1885.1050000179373
1940.4600000191456
2038.840000021293
2069.130000021954
2380.850000028758
2425.9450000297425
2456.755000030415
2549.1450000324317
2712.8700000360054
2790.4250000376983
2938.395000040928
2964.1550000414904
3142.7250000453882
3268.9150000481427
3386.8700000507174
3471.105000052556
3601.625000055405
3643.6000000563213
3818.8050000601456
3874.4150000613595
3898.945000061895
3992.7050000639415
4015.7450000644444
4139.310000067141
4443.185000073774
4621.530000077667
4692.810000079223
4769.4850000808965
5017.4700000863095
5200.150000090297
5301.050000092499
5363.310000093858
5386.0350000943545
5426.905000095247
5551.830000097973
5684.775000100875
5702.610000101265
6015.640000108097
6279.66000011386
6430.230000117147
6457.530000117743
6491.590000118486
6702.5650001230915
6773.470000124639
6854.400000126406
6944.795000128379
7021.270000130048
7162.775000133137
7213.200000134238
7262.440000135312
7306.675000136278
7381.130000137903
7444.900000139295
7566.590000141951
7752.960000146019
7829.710000147695
7908.475000149414
8000.100000151414
8026.795000151997
8065.655000152845
8142.86000015453
8164.650000155006
8199.165000154455
8277.685000141886
8410.215000120672
8476.120000110122
8697.935000074616
8731.715000069209
8757.535000065076
8777.165000061934
9081.68000001319
9229.504999989527
9330.089999973427
9537.584999940213
9556.564999937174
9581.159999933237
9680.114999917398
9877.059999885872
9896.919999882693
9929.029999877554
9954.259999873515
10072.48499985459
10133.879999844763
10156.419999841155
10680.724999757229
10794.72999973898
10885.964999724376
10905.30999972128
10930.85499971719
10976.604999709867
11033.424999700772
11127.749999685673
11272.20999966255
11297.304999658532
11363.469999647941
11399.699999642142
11437.969999636016
11559.76499961652
11669.214999599
11794.769999578903
11954.574999553322
12084.064999532595
12282.174999500883
12373.374999486285
12421.82499947853
12441.159999475434
12573.204999454298
12619.654999446862
12660.619999440305
12762.764999423955
12802.679999417565
13080.759999373053
13121.454999366539
13143.739999362972
13164.639999359626
13352.974999329479
13428.474999317394
13653.45499928138
13706.549999272882
13743.499999266967
13847.489999250321
14075.974999213748
14099.464999209988
14125.584999205807
14253.089999185397
14327.114999173547
14358.319999168552
14410.704999160167
14609.71999912831
14784.214999100379
15058.789999056427
15083.304999052503
15205.489999032945
15558.414998976452
15574.23499897392
15624.734998965836
15644.75999896263
15671.104998958413
15846.319998930367
15903.739998921175
16007.379998904586
16051.109998897586
16092.144998891017
16115.044998887352
16530.219998874087
16599.919998888287
16616.984998891763
16646.039998897682
16758.064998920505
16800.709998929193
16996.239998969028
17111.439998992497
17204.194999011394
17238.464999018375
17322.924999035582
17754.384999123482
18157.27499920556
18311.44999923697
18522.50999927997
18594.254999294586
18774.75499933136
18799.909999336483
18829.619999342536
18853.814999347465
18907.264999358355
18931.404999363273
18959.989999369096
19102.689999398168
19148.424999407485
19199.189999417827
19225.739999423236
19255.85499942937
19306.039999439596
19518.20999948282
19831.729999546693
19877.544999556027
20006.10999958222
20085.14499959832
20189.629999619607
20314.61499964507
20623.55999970801
20654.769999714368
20676.339999718763
20697.319999723037
20828.609999749784
20850.09499975416
20865.869999757375
21154.924999816263
21201.13999982568
21401.75499986655
21546.279999895993
21840.42999995592
21927.819999973723
21965.40999998138
21989.344999986257
22198.525000028872
22524.615000095306
22538.105000098054
22557.985000102104
22599.87500011064
22757.7400001428
22838.990000159352
23165.765000225925
23274.575000248093
23292.365000251717
23313.24000025597
23415.77500027686
23551.140000304436
23568.82000030804
23718.8300003386
23804.945000356143
23823.100000359842
23882.83000037201
23993.46500039455
24073.790000410914
24289.11000045478
24315.740000460206
24563.25500051063
24611.035000520365
24628.365000523896
24718.01500054216
24867.305000572574
24917.89000058288
25043.45000060846
25104.330000620863
25132.10500062652
25192.500000638825
25258.310000652233
25335.130000667883
25439.51500068915
25518.44500070523
25613.33000072456
25822.08500076709
26008.140000804993
26100.475000823804
26120.935000827973
26186.760000841383
26232.325000850666
26260.13000085633
26379.415000880632
26689.495000943803
26752.395000956618
26783.640000962983
26972.75500100151
27053.630001017988
27134.92000103455
27268.620001061787
27291.780001066505
27306.9700010696
27328.81500107405
27646.855001138843
27732.090001156208
27885.1950011874
27955.700001201763
28066.285001224293
28147.11000124076
28397.615001291793
28834.26500138075
28857.87500138556
28886.19000139133
28948.460001404015
29126.210001440228
29403.35000149669
29516.320001519704
29685.710001554213
29909.850001599876
29978.79000161392
30150.820001648968
30261.430001671502
30297.755001678903
30365.245001692652
30389.690001697632
30468.695001713728
30509.64000172207
30525.580001725317
30600.225001740524
30761.130001773305
30778.43000177683
30794.38500178008
30842.030001789786
30920.49000180577
31042.52000183063
31064.54500183512
31099.10000184216
31116.375001845678
31245.44000187197
31270.580001877093
31510.50000192597
31673.535001959186
31764.75500197777
31790.250001982964
31840.475001993196
31859.895001997153
31999.165002025526
32239.36500207446
32428.155002112922
32449.240002117218
32635.215002155106
32665.780002161333
32832.650002148286
32949.19500208723
32988.60000206659
33124.42000199544
33438.240001831036
33749.97500166773
33790.850001646315
33858.90500161066
33920.34500157848
34247.40500140714
34661.37000119028
34717.78500116072
34735.24000115158
34810.48500111216
34842.93500109516
35033.50500099533
35282.98500086463
35474.96500076406
35722.0800006346
35760.96500061423
35812.32000058733
35867.42500055846
36321.68500032049
36344.20500030869
36624.87000016166
36654.55500014611
36684.42000013046
36756.8900000925
36862.50000003717
36889.505000023026
36988.6249999711
37006.044999961974
37022.42999995339
37406.76999975205
37586.88499965769
37728.94499958327
37859.29499951498
37882.52999950281
38068.6699994053
38090.629999393794
38292.65999928796
38631.18999911061
38754.37499904608
39033.48499889986
39065.65499888301
39087.92999887134
39112.73999885834
39184.90499882054
39206.26499880935
39267.34499877735
39448.05999868268
39520.30999864483
39620.29999859245
39641.61499858128
39756.56499852106
39842.56999847601
40001.2099983929
40073.33999835511
40261.859998256354
40313.44499822933
40384.43499819214
40483.84999814006
40505.65499812864
40711.90999802059
40868.7999979384
41082.17999782661
41158.38499778669
41216.4049977563
41279.16999772342
41417.2099976511
41445.299997636386
41484.63499761578
41688.189997509144
41719.13999749293
41751.389997476035
41842.959997428065
41907.26499739438
42044.649997322405
42074.13499730696
42197.92499724211
42331.41499717218
42488.15499709007
42506.769997080315
42722.93999696707
42890.23999687943
42919.03499686434
43129.214996754235
43234.97999669883
43335.45499664619
43400.07499661234
43491.75999656431
43583.869996516056
43603.969996505526
43629.55499649212
43735.664996436535
43756.59499642557
43872.11499636505
43957.704996320215
44161.33999621354
44294.074996144
44363.07999610785
44463.289996055355
44511.78999602995
44547.529996011224
44647.80999595869
44665.019995949675
44693.559995934724
44741.64999590953
44800.379995878764
44936.39999580751
44962.27999579395
45094.39499572474
45119.484995711595
45165.069995687714
45643.219995437226
45875.954995315304
45973.36499526427
46101.34499519723
46160.889995166035
46238.064995125605
46260.70999511374
46289.55499509863
46326.22499507942
46358.114995062715
46518.41499497874
46538.96999496797
46567.24499495316
46654.85999490726
46706.49499488021
46933.63499476122
47070.334994689605
47133.134994656706
47297.97499457035
47327.439994554916
47499.38999446484
47521.48499445326
47645.99999438803
47740.03499433877
47759.039994328814
47814.70499429965
47891.759994259286
47933.99999423716
48083.7599941587
48103.609994148304
48125.28999413695
48179.30499410865
48220.72499408695
48276.25999405786
48559.694993909376
48698.564993836626
48921.68999371974
48942.03999370908
48984.96999368659
49170.724993589276
49202.34999357271
49255.12999354506
49272.2349935361
49319.80499351118
49459.59999343794
49481.469993426486
49507.15999341303
49629.9549933487
49680.794993322066
49929.62999319171
