68.51000000001018
135.38499999994937
187.42999999990204
199.1199999998914
209.5799999998819
229.76499999986353
251.82499999984347
413.95499999969604
450.299999999663
538.0399999995832
627.0699999995022
769.2599999993729
947.324999999211
961.3149999991982
1163.8450000021937
1262.8400000043546
1285.8700000048573
1300.1850000051697
1422.0050000078288
1700.3500000139045
1717.8000000142854
2078.240000022153
2089.650000022402
2113.335000022919
2126.315000023202
2156.230000023855
2235.015000025575
2282.110000026603
2296.4800000269165
2631.1550000342218
2664.1650000349423
2678.71000003526
2968.6450000415884
3202.505000046693
3218.3200000470383
3231.005000047315
3303.1350000488897
3398.9600000509813
3582.325000054984
3593.735000055233
3827.155000060328
3995.5800000640043
4020.075000064539
4243.910000069424
4262.100000069821
4372.270000072226
4446.525000073847
4655.490000078408
4668.310000078688
4911.015000083986
4928.990000084378
4940.955000084639
4969.590000085264
5020.730000086381
5071.295000087484
5185.255000089972
5327.3500000930735
5384.165000094314
5625.255000099576
5637.975000099854
5684.355000100866
5866.205000104836
5879.3500001051225
5890.725000105371
5905.765000105699
5924.940000106118
6056.460000108988
6215.210000112454
6234.030000112864
6246.0850001131275
6493.985000118539
6547.1700001197
6706.675000123181
6783.725000124863
6815.120000125548
6921.740000127876
6936.825000128205
6988.885000129341
7233.140000134673
7252.050000135086
7377.705000137828
7401.695000138352
7431.420000139001
7453.490000139483
7463.725000139706
7982.755000151035
8050.7950001525205
8084.865000153264
8099.820000153591
8157.180000154843
8165.855000155032
8178.425000155306
8199.75500015436
8316.740000135635
8371.790000126823
8384.895000124725
8779.260000061598
8800.565000058188
8818.935000055248
9147.620000002635
9211.774999992365
9232.469999989053
9250.504999986166
9271.739999982767
9284.049999980796
9310.754999976522
9320.519999974958
9339.134999971979
9350.074999970228
9371.649999966774
9451.779999953947
9793.969999899173
9808.489999896849
9840.169999891777
9859.339999888709
9939.094999875942
10108.269999848862
10171.204999838788
10190.079999835767
10205.634999833277
10248.579999826403
10360.184999808538
10403.244999801645
10416.004999799603
10437.739999796124
10847.779999730488
11006.504999705081
11325.92999965395
11368.029999647211
11419.329999639
11429.9449996373
11488.404999627943
11556.694999617011
11575.559999613992
11586.454999612248
11709.089999592617
11726.299999589863
11805.179999577236
11826.789999573777
11966.799999551366
12082.664999532819
12107.779999528799
12154.264999521358
12166.274999519435
12221.624999510575
12497.754999466375
12629.634999445265
12703.81999943339
12714.74999943164
12830.879999413051
12842.609999411174
12861.144999408207
12873.224999406273
13045.959999378623
13089.949999371582
13102.20499936962
13121.554999366523
13160.709999360255
13173.319999358237
13185.429999356298
13490.929999307396
13790.934999259374
13866.204999247326
13909.124999240456
13963.94999923168
14006.379999224888
14021.574999222456
14112.869999207842
14131.549999204852
14279.689999181139
14313.079999175794
14543.649999138886
14683.604999116484
14783.629999100473
14795.349999098597
14811.649999095987
15251.679999025551
15323.774999014011
15350.38999900975
15395.789999002483
15508.44999898445
15571.164998974411
15655.329998960939
15812.469998935785
15827.11499893344
16021.924998902257
16032.539998900558
16058.659998896377
16201.619998873493
16215.104998871335
16231.594998868695
16243.959998866716
16270.224998862512
16461.41999886007
16485.879998865053
16774.42999892384
16788.214998926647
16845.36999893829
16859.854998941242
16954.754998960576
17012.384998972317
17055.324998981065
17332.08999903745
17553.144999082484
17579.34499908782
17594.4499990909
17722.139999116913
17886.84999915047
18049.149999183534
18111.07499919615
18242.304999222884
18333.619999241488
18365.83499924805
18544.59499928447
18558.404999287282
18650.144999305972
18817.404999340048
18945.904999366227
18983.484999373883
19060.419999389556
19075.839999392698
19086.05999939478
19098.949999397406
19115.879999400855
19190.939999416147
19262.46499943072
19406.649999460093
19479.734999474982
19509.02999948095
19533.444999485924
19553.074999489923
19643.484999508342
19658.77999951146
19878.43999955621
19939.249999568598
19960.46499957292
19983.82499957768
19999.134999580798
20010.81999958318
20027.434999586563
20073.94499959604
20085.614999598416
20095.229999600375
20246.96999963129
20281.77999963838
20301.85999964247
20317.579999645674
20333.239999648864
20382.864999658974
20415.68999966566
20461.57999967501
20543.719999691744
20592.659999701715
20605.524999704336
20957.649999776073
21110.269999807166
21169.624999819258
21195.819999824595
21313.384999848546
21357.704999857575
21606.079999908176
21801.45499994798
21864.53999996083
21878.454999963666
21888.15499996564
21987.994999985982
22021.344999992776
22034.55999999547
22078.185000004356
22091.965000007163
22102.30000000927
22126.475000014194
22267.095000042842
22328.89000005543
22366.715000063137
22438.015000077663
22477.005000085606
22501.70500009064
22527.34000009586
22661.760000123246
22713.51000013379
22733.020000137763
22837.275000159003
22872.30000016614
23028.01500019786
23038.155000199928
23062.60500020491
23095.9400002117
23249.905000243067
23360.85000026567
23380.330000269638
23672.680000329197
23703.530000335482
23734.515000341795
23756.025000346177
24016.13500039917
24038.070000403637
24422.17000048189
24550.105000507952
24691.290000536716
24709.755000540477
24788.80000055658
24801.1650005591
24817.235000562374
24861.575000571407
24983.605000596268
24997.630000599125
25114.945000623025
25180.765000636435
25199.705000640293
25298.84000066049
25560.725000713843
25586.815000719158
25615.575000725017
25659.680000734003
25732.84500074891
25747.72500075194
25761.38000075472
26183.8950008408
26398.615000884543
26434.82500089192
26505.370000906292
26522.525000909787
26811.31500096862
27026.00500101236
27113.78000103024
27229.010001053717
27259.095001059846
27275.31000106315
27463.390001101467
27607.22500113077
27718.01000115334
27892.22500118883
27902.640001190954
27919.35500119436
27972.605001205207
27992.10000120918
28097.19500123059
28134.0650012381
28241.60000126001
28258.59500126347
28283.465001268538
28318.805001275738
28342.345001280533
28356.140001283344
28377.290001287653
28444.460001301337
28456.915001303874
28734.100001360344
28752.895001364173
28762.89500136621
28786.475001371015
28894.8800013931
28922.830001398794
28941.5100014026
29010.565001416668
29113.475001437633
29127.69500144053
29193.480001453932
29207.970001456884
29293.680001474346
29371.59500149022
29654.220001547797
29670.465001551107
29725.135001562245
29943.220001606674
29954.465001608965
29966.720001611462
30378.525001695358
30412.90000170236
30436.395001707147
30465.555001713088
30952.825001812358
31031.930001828474
31087.120001839718
31101.195001842585
31124.910001847416
31163.06500185519
31185.905001859843
31211.7150018651
31280.22500187906
31329.735001889145
31442.795001912178
31464.125001916524
31561.085001936277
31643.36000195304
31730.900001970873
31762.435001977297
32224.720002071477
32244.62000207553
32279.45500208263
32311.005002089056
32323.79000209166
32640.25000215613
32652.835002158696
32697.010002167695
32717.345002171838
32730.780002174575
32745.155002177504
32754.390002179385
32768.21500218204
32784.10500217372
33049.05500203492
33132.095001991416
33142.98500198571
33164.88500197424
33484.20500180696
33614.23000173884
33634.055001728455
33657.725001716055
33677.540001705675
33909.220001584305
34129.445001468936
34167.46500144902
34197.175001433454
34264.6600013981
34287.55000138611
34400.010001327195
34422.1400013156
34513.64000126767
34610.24500121706
34623.74000120999
34742.520001147765
34956.850001035484
34997.24500101432
35292.99000085939
35340.05000083474
35361.61500082344
35455.390000774314
35520.81000074004
35531.83500073427
35553.010000723174
35606.48500069516
35719.45000063598
35778.18500060521
35905.47500053853
35919.00500053144
35992.145000493125
36022.1650004774
36283.74000034037
36297.470000333175
36306.06500032867
36314.7950003241
36329.99000031614
36390.3850002845
36417.4850002703
36429.95500026377
36493.40000023053
36521.20000021597
36637.26000015517
36649.525000148744
36663.705000141315
36725.92000010872
36739.25000010174
37256.14999983095
37388.41999976166
37467.06999972046
37754.88999956968
37858.624999515334
37884.029999502025
38166.409999354095
38178.399999347814
38356.514999254505
38383.50999924036
38519.84499916894
38671.71499908938
38711.74499906841
38724.7399990616
38742.32999905239
38953.209998941915
39000.35499891722
39011.909998911164
39048.15999889217
39116.724998856254
39140.739998843674
39359.704998728965
39723.61999853832
39737.9799985308
39754.14999852233
40029.794998377925
40102.559998339806
40137.739998321376
40170.55999830418
40206.29999828546
40228.14999827401
40240.479998267554
40258.67499825802
40270.849998251644
40291.80499824067
40316.28499822784
40335.69999821767
40355.34999820738
40367.074998201235
40506.919998127974
40547.39999810677
40622.424998067465
40796.324997976364
40927.10499790785
41220.324997754244
41234.084997747035
41292.5649977164
41339.299997691916
41361.56499768025
41571.899997570064
41585.03999756318
41604.499997552986
41640.3649975342
41695.31999750541
41711.29999749704
41872.30999741269
41922.41999738644
42038.104997325834
42564.52999705006
42660.6499969997
42694.91999698175
42705.37999697627
42722.489996967306
42860.22499689515
42990.14499682709
43130.33499675365
43147.36499674473
43313.6849966576
43574.59999652091
43672.804996469466
43698.49499645601
43710.3449964498
43733.60999643761
43820.19999639225
43842.54999638054
44287.579996147404
44342.29999611874
44352.18499611356
44364.809996106946
44420.40499607782
44492.96999603981
44507.65499603211
44621.039995972715
44726.74499591734
44789.69999588436
44905.50499582369
44918.479995816895
45050.69999574763
45061.11999574217
45071.33999573682
45082.91999573075
45107.36999571794
45120.92499571084
45414.7749955569
45435.3949955461
45450.03999553843
45870.6199953181
46087.29499520459
46152.44499517046
46194.484995148436
46208.47499514111
46229.65499513001
46628.41499492111
46667.87499490044
46801.68999483034
46827.639994816745
46852.63999480365
46872.94999479301
46896.66999478058
46939.35499475822
46954.42499475033
47003.999994724356
47081.55499468373
47097.69499467527
47115.14499466613
47168.739994638054
47365.87999453478
47523.34499445229
47556.76999443478
47583.90499442056
48003.11499420095
48092.364994154195
48415.60999398486
48700.304993835714
48719.449993825685
48766.72499380092
48781.35999379325
48971.66499369356
48980.84499368875
49083.61999363491
49100.84999362588
49145.81999360232
49157.764993596065
49168.189993590604
49316.699993512804
49365.61999348718
49377.92499348073
49389.504993474664
49418.134993459666
49514.44999340921
49552.86999338908
49609.7149933593
49700.97999331149
49838.12999323964
49849.809993233524
49941.02999318574
225.5099999998674
241.72499999985266
255.9799999998397
376.11499999973046
558.8199999995643
681.3449999994529
716.404999999421
880.0449999992721
945.4549999992126
1057.1399999998646
1094.4350000006787
1108.69500000099
1209.7700000031962
1225.6950000035438
1390.4200000071394
1403.6200000074275
1427.4750000079482
1447.165000008378
1491.280000009341
1519.6700000099606
1571.4850000110916
1815.7400000164232
1851.695000017208
1870.8700000176266
2017.1150000208188
2028.260000021062
2090.755000022426
2107.2800000227867
2275.7200000264634
2475.7350000308293
2725.585000036283
2939.355000040949
3039.9400000431447
3053.9100000434496
3072.485000043855
3273.9850000482534
3476.3450000526705
3487.960000052924
3580.9450000549537
3627.7050000559743
3737.3950000583686
3938.57500006276
3970.9100000634658
3986.6700000638098
3998.6100000640704
4009.2350000643023
4091.550000066099
4308.950000070844
4337.080000071458
4365.955000072088
4407.025000072985
4545.005000075997
4727.48500007998
4764.730000080793
4796.975000081497
4954.590000084937
4979.055000085471
5083.94000008776
5110.230000088334
5123.79500008863
5167.725000089589
5179.480000089846
5308.220000092656
5352.015000093612
5403.835000094743
5415.985000095008
5554.615000098034
5606.405000099165
5621.250000099489
5742.985000102146
5948.290000106627
6073.100000109352
6118.510000110343
6219.930000112557
6254.105000113303
6374.840000115938
6433.040000117208
6498.445000118636
6595.965000120765
6723.200000123542
6863.630000126607
7024.020000130108
7093.515000131625
7109.040000131964
7121.620000132239
7134.180000132513
7154.430000132955
7212.670000134226
7225.745000134511
7321.385000136599
7332.42000013684
7352.57000013728
7510.965000140737
7609.255000142883
7626.280000143254
7837.130000147857
7945.035000150212
8007.890000151584
8123.580000154109
8166.025000155036
8191.285000155587
8249.145000146455
8547.950000098625
8562.315000096325
8654.140000081627
8667.415000079502
8768.055000063392
8783.530000060915
8833.380000052935
8845.805000050947
8894.355000043175
8992.34000002749
9153.120000001754
9190.949999995699
9205.569999993359
9302.849999977787
9475.409999950165
9497.859999946571
9612.599999928205
9639.759999923857
9905.544999881313
9916.609999879542
9933.594999876823
10201.199999833987
10227.41999982979
10259.939999824584
10356.214999809174
10375.124999806147
10420.214999798929
10541.874999779455
10561.764999776271
10777.934999741668
10823.53499973437
10843.544999731166
10874.489999726213
10947.894999714463
11122.96499968644
11182.354999676932
11311.609999656243
11594.264999610998
11653.124999601576
11663.40999959993
11673.634999598293
11705.154999593247
11947.27999955449
12171.404999518614
12232.494999508835
12250.244999505994
12506.894999464912
12595.399999450745
12610.229999448371
12727.944999429528
12751.369999425779
13177.269999357604
13228.099999349468
13623.429999286187
13700.619999273831
13718.349999270993
13782.744999260685
13805.51999925704
13859.699999248367
14155.41999920103
14304.739999177129
14507.9599991446
14575.619999133769
14847.55499909024
14892.359999083068
15061.164999056047
15073.57999905406
15134.289999044342
15292.16499901907
15308.924999016388
15321.334999014402
15362.13499900787
15378.899999005187
15451.804998993517
15613.319998967663
15631.009998964832
15647.099998962256
15671.364998958372
15692.969998954914
16086.049998891993
16264.204998863475
16306.984998856627
16465.10499886082
16492.019998866304
16753.56999891959
16776.959998924354
16851.25499893949
17063.999998982832
17076.80499898544
17147.364998999816
17199.56999901045
17222.67499901516
17239.484999018583
17250.879999020905
17265.18499902382
17280.344999026907
17300.544999031023
17428.674999057126
17483.36999906827
17622.104999096533
17645.234999101245
17917.204999156653
18137.614999201556
18157.02999920551
18181.384999210473
18372.079999249323
18395.96999925419
18510.889999277602
18523.88499928025
18537.33999928299
18621.47499930013
18867.854999350326
18885.769999353975
19278.294999433943
19343.60999944725
19611.534999501833
19673.884999514536
19688.059999517423
19726.784999525313
19783.009999536767
19793.28499953886
20023.359999585733
20145.794999610676
20170.55499961572
20361.319999654585
20375.754999657525
20387.90499966
20398.94999966225
20430.484999668675
20447.34499967211
20490.93499968099
20507.589999684384
20756.264999735045
20791.159999742154
20870.74999975837
20888.02499976189
21205.084999826482
21412.724999868784
21429.459999872193
21443.38999987503
21692.04999992569
21775.274999942645
21794.6799999466
21890.729999966166
22369.91500006379
22514.510000093247
22671.570000125244
22718.505000134806
22745.265000140258
22773.830000146078
22839.875000159533
23028.05500019787
23058.025000203976
23114.88500021556
23154.755000223682
23166.930000226163
23271.71000024751
23400.485000273744
23666.830000328006
23723.260000339502
23947.27500038514
23970.665000389905
23989.2850003937
24256.895000448218
24320.885000461254
24339.240000464993
24364.780000470197
24376.305000472545
24452.41000048805
24618.67000052192
24637.86000052583
24653.37500052899
24711.710000540876
24755.785000549855
24896.93500057861
25258.83000065234
25310.985000662964
25368.675000674717
25383.350000677707
25408.74000068288
25423.02000068579
25439.775000689202
25609.135000723705
25624.165000726767
25641.715000730343
25840.49000077084
25855.090000773813
25866.975000776234
25911.345000785273
25953.510000793864
26188.780000841794
26402.18500088527
26496.995000904586
26567.025000918853
26606.495000926894
26677.98500094146
26689.935000943893
26712.335000948457
26856.685000977865
26870.050000980587
26883.76500098338
27044.70500101617
27265.760001061204
27362.710001080955
27492.95500110749
27612.33500113181
27637.685001136975
27687.350001147093
27739.340001157685
27753.030001160474
27867.985001183893
27926.96000119591
28071.450001225345
28208.600001253286
28427.235001297828
28966.470001407684
28979.860001410412
28999.345001414382
29152.885001445662
29169.17000144898
29264.760001468454
29274.620001470463
29294.035001474418
29400.65500149614
29490.845001514514
29504.950001517387
29519.315001520314
29534.300001523367
29577.105001532087
29644.255001545767
29833.64500158435
29941.72000160637
29952.605001608586
29971.775001612492
29995.950001617417
30020.875001622495
30105.995001639836
30158.260001650484
30315.66000168255
30332.89500168606
30351.04000168976
30390.685001697835
30403.295001700404
30416.33500170306
30482.10500171646
30493.225001718725
30503.56500172083
30516.260001723418
30527.435001725695
30893.850001800343
30917.6850018052
31120.155001846448
31135.540001849582
31148.230001852167
31225.50000186791
32037.975002033432
32070.89500204014
32086.985002043417
32104.96500204708
32118.3150020498
32213.710002069234
32230.955002072747
32404.400002108083
32689.23500216611
32700.07000216832
32726.895002173784
32737.255002175894
32758.275002180177
32789.65000217081
33084.94500201612
33112.89000200148
33127.12000199402
33141.280001986604
33158.63500197751
33348.71000187794
33362.98000187046
33486.995001805495
33513.985001791356
33580.930001756285
33627.830001731716
33643.715001723394
33659.27500171524
33761.20000166185
33774.68500165478
33907.58500158516
34084.89000149228
34109.6650014793
34125.33000147109
34267.27500139673
34337.09000136016
34555.410001245786
34591.13500122707
34617.57500121322
34815.88500110933
34848.08500109246
34943.275001042595
34973.625001026696
35013.865001005615
35035.6550009942
35147.870000935414
35261.580000875845
35278.130000867175
35377.65500081504
35838.82000057345
35913.37500053439
36056.03000045966
36184.825000392186
36204.06500038211
36239.43000036358
36292.14000033597
36355.98500030252
36373.81000029318
36392.895000283184
36431.67500026287
36448.30000025416
36579.01500018568
36665.445000140404
36709.825000117155
36735.1250001039
36811.395000063945
36828.60000005493
36873.21000003156
36975.90499997776
36987.8549999715
37033.08499994781
37081.9749999222
37092.90999991647
37105.094999910085
37121.38999990155
37144.86499988925
37348.86499978238
37389.71999976098
37402.75499975415
37414.38499974806
37422.73999974368
37432.16499973874
37581.98499966026
37692.86499960217
37706.504999595025
37720.1099995879
37729.984999582724
37747.69499957345
37846.33999952177
37858.489999515405
37881.22999950349
37960.37999946203
38456.08999920234
38519.57999916908
38536.389999160274
38755.76999904535
38803.54999902032
38816.31999901363
38833.7399990045
38896.629998971555
39015.344998909364
39053.4599988894
39075.04999887809
39233.72499879496
39561.244998623384
39693.929998553875
39707.35999854684
39876.3649984583
39911.519998439886
39943.88499842293
40177.2049983007
40188.594998294735
40201.71999828786
40373.09499819808
40388.04999819025
40472.174998146176
40569.22999809533
40579.854998089766
40591.37999808373
40671.56499804172
40683.204998035624
40867.044997939316
40956.039997892694
40986.41999787678
41181.419997774625
41193.31999776839
41291.30999771706
41392.73999766392
41644.43999753206
41658.09499752491
41799.21999745098
41810.94999744483
41820.77499743969
41889.23999740382
41981.139997355676
42063.00499731279
42170.81999725631
42438.78499711593
42705.979996975955
42718.53499696938
42787.81999693308
43115.36999676149
43219.49999670694
43370.7549966277
43511.049996554204
43732.94999643796
43747.729996430215
43760.88999642332
43771.56499641773
43783.71999641136
43803.05999640123
43816.71999639407
43826.584996388905
43847.60499637789
44222.73999618137
44376.32999610091
44521.929996024635
44530.83999601997
44543.06499601356
44567.15499600094
44748.36499590601
44775.564995891764
44838.479995858805
44905.74499582357
45019.81499576381
45113.40999571478
45218.56499565969
45316.94499560815
45328.27999560221
45339.23999559647
45354.73999558835
45453.459995536636
45584.90999546777
45618.42999545021
46075.4449952108
46087.589995204435
46354.76499506447
46722.23999487196
46964.774994744905
47078.369994685396
47226.6849946077
47253.75499459352
47645.439994388325
47670.829994375024
47740.79499433837
47759.914994328356
47914.399994247426
47996.484994204424
48007.36999419872
48022.08999419101
48033.65999418495
48044.60999417921
48058.369994172004
48076.824994162336
48095.019994152804
48474.57499395397
48502.88499393914
48514.82999393288
48590.389993893295
48868.324993747694
48884.794993739066
48941.644993709284
49246.814993549415
49268.059993538285
49308.909993516885
49365.659993487156
49495.749993419005
49519.4249934066
49534.27499339882
49550.074993390546
49579.434993375166
49599.39999336471
49632.694993347264
49668.409993328554
49682.17999332134
64.17000000001413
134.63499999995005
267.8649999998289
346.19499999975767
452.44999999966103
640.0399999994904
678.969999999455
986.5949999991752
1050.199999999713
1114.6450000011198
1127.3350000013968
1141.3700000017031
1205.8100000031097
1450.235000008445
1479.3150000090798
1536.59500001033
1592.855000011558
1605.4750000118336
1628.2000000123296
1684.2150000135523
1762.7400000152663
2042.5250000213734
2061.935000021797
2283.120000026625
2345.6800000279904
2368.11500002848
2379.4500000287276
2506.560000031502
2631.9100000342382
2686.3050000354256
2752.975000036881
2769.9100000372505
3452.590000052152
3537.1350000539974
3580.5750000549456
3599.7250000553636
3852.670000060885
4147.450000067319
4216.005000068815
4276.100000070127
4301.515000070682
4318.38000007105
4398.340000072795
4419.395000073255
5352.255000093617
5495.935000096753
5569.4700000983585
5704.9400001013155
5877.065000105073
5951.135000106689
5963.375000106957
5975.3300001072175
6012.415000108027
6060.5850001090785
6078.855000109477
6090.3650001097285
6184.300000111779
6200.440000112131
6272.485000113704
6557.580000119927
6623.430000121364
6634.435000121604
6734.875000123797
6774.86000012467
6811.025000125459
6821.240000125682
6830.040000125874
6863.0000001265935
7006.465000129725
7120.685000132218
7146.605000132784
7196.5650001338745
7465.540000139746
7511.130000140741
7552.095000141635
7562.730000141867
7574.080000142115
7611.255000142926
7625.63500014324
7634.710000143438
7652.295000143822
7671.170000144234
7831.125000147726
7843.350000147992
7947.2550001502605
7976.435000150897
8084.035000153246
8104.185000153686
8151.480000154718
8205.81500015339
8234.220000148844
8268.000000143436
8345.725000130995
8467.800000111454
8856.305000049266
8905.555000041382
8964.050000032019
9009.40000002476
9074.24000001438
9110.185000008627
9138.170000004147
9336.109999972463
9351.324999970027
9623.304999926491
9655.144999921395
9670.53999991893
9760.594999904515
9805.849999897271
10043.714999859196
10058.599999856813
10080.699999853276
10146.07999984281
10348.769999810365
10401.084999801991
10410.89999980042
10423.339999798429
10438.154999796057
10556.819999777063
10907.084999720995
11058.999999696678
11075.959999693963
11232.529999668901
11382.65999964487
11399.454999642181
11722.914999590404
11857.054999568933
12087.03499953212
12414.734999479664
12467.29499947125
12509.71499946446
12541.534999459367
12737.644999427976
12752.944999425526
12777.499999421596
12789.09499941974
12803.889999417372
12832.554999412783
13120.584999366678
13140.244999363531
13184.959999356373
13249.57999934603
13338.72499933176
13356.14999932897
13409.609999320413
13667.974999279057
13684.38499927643
13753.119999265427
13823.2599992542
13862.504999247918
13873.374999246178
13973.309999230181
14012.969999223833
14291.55499917924
14311.519999176044
14394.31499916279
14439.179999155609
14452.619999153458
14499.539999145947
14520.804999142543
14584.939999132277
14697.629999114239
14815.769999095328
14833.029999092565
14996.829999066345
15045.789999058508
15058.654999056449
15101.599999049575
15826.454998933546
15870.469998926501
15941.284998915165
16200.009998873751
16487.804998865446
16503.354998868614
16578.19999888386
16727.569998914292
16780.209998925016
16837.60499893671
16931.344998955807
17007.49999897132
17023.079998974496
17052.36499898046
17284.549999027764
17367.324999044627
17406.919999052694
17549.164999081673
17631.589999098465
17643.659999100924
17662.53999910477
17677.65499910785
17710.854999114614
17785.484999129818
17801.829999133148
18120.89999919815
18161.319999206386
18201.29999921453
18271.919999228918
18410.49999925715
18531.764999281855
18626.86999930123
18811.244999338793
18946.389999366325
18970.07499937115
18983.899999373967
18998.814999377006
19031.989999383764
19067.194999390937
19083.039999394165
19096.954999397
19210.134999420057
19512.104999481577
19525.934999484394
19651.32999950994
19668.984999513537
20365.059999655346
20533.894999689743
20583.7499996999
20643.04499971198
20674.31499971835
20708.194999725252
20809.224999745835
20845.32999975319
20872.139999758652
20915.044999767393
20925.944999769614
20936.154999771694
21043.29499979352
21541.909999895102
21608.929999908756
21718.739999931127
21981.90499998474
22144.61000001789
22226.995000034673
22310.990000051785
22369.585000063722
22560.22500010256
22590.61000010875
22751.76000014158
22766.355000144555
22796.17500015063
22823.66000015623
23176.79000022817
23187.78500023041
23501.53500029433
23523.245000298753
23725.790000340017
23940.140000383686
23967.215000389202
23982.730000392363
24108.930000418073
24258.465000448537
24270.35500045096
24297.85000045656
24311.235000459288
24324.950000462082
24343.355000465832
24436.470000484802
24502.97500049835
24524.805000502798
24543.36000050658
24557.000000509357
24571.235000512257
24682.18500053486
24782.12000055522
24795.71500055799
24883.04500057578
25044.055000608583
25080.31500061597
25112.56000062254
25131.440000626386
25143.940000628932
25226.010000645652
25437.690000688777
25461.595000693647
25479.845000697365
25497.080000700877
25604.075000722674
26035.46500081056
26049.75500081347
26195.97000084326
26228.395000849865
26328.95000087035
26355.235000875706
26371.375000878994
26383.995000881565
26397.455000884307
26414.490000887778
26485.790000902303
26504.795000906175
26608.04500092721
26815.67000096951
27031.050001013387
27090.725001025545
27185.795001044913
27318.960001072042
27391.74000108687
27408.050001090192
27437.475001096187
27455.30000109982
27528.49500111473
27557.075001120553
27626.345001134665
27675.665001144713
27836.65500117751
27865.885001183466
27970.245001204727
27988.105001208365
28045.485001220055
28250.810001261885
28296.5400012712
28398.72000129202
28420.37500129643
28927.240001399692
29019.65000141852
29144.34000144392
29162.570001447635
29177.530001450683
29243.44500146411
29407.640001497562
29420.155001500112
29435.875001503315
29713.04000155978
29727.845001562797
29816.125001580782
30021.620001622647
30038.845001626156
30149.030001648604
30474.99000171501
30521.12500172441
30537.82500172781
30650.995001750867
30851.635001791743
30884.470001798432
30900.870001801773
31147.625001852044
31166.925001855976
31178.03000185824
31245.295001871942
31266.29000187622
31838.115001992715
31969.795002019542
32463.215002120065
32763.410002181223
32801.215002164754
32842.390002143184
32854.11500213704
32954.93000208423
32995.24500206311
33178.770001966965
33197.90500195694
33251.670001928775
33465.57000181672
33476.60000181094
33486.860001805566
33534.48000178062
33840.98000162005
33865.57500160717
33887.535001595665
34182.5850014411
34192.860001435714
34563.5900012415
34623.22000121026
34640.375001201275
34652.82500119475
34742.87500114758
34846.455001093316
35351.46500082876
35369.92500081909
35438.46500078318
35566.620000716044
35825.52500058041
35858.1950005633
36381.52500028914
36395.155000282
36468.0750002438
36491.76000023139
36512.3650002206
36597.96000017576
36681.43000013203
36884.51000002564
37094.234999915774
37224.65999984745
37259.254999829325
37420.13999974504
37532.25999968631
37639.599999630074
37650.859999624176
37674.42999961183
37712.81999959172
37776.559999558325
37793.65999954937
37852.28999951865
37901.37499949294
37912.81999948694
38081.139999398765
38106.89499938527
38119.0599993789
38323.92499927158
38344.56999926076
38408.52499922726
38542.36999915714
38620.1399991164
39016.92499890854
39029.544998901925
39110.46999885953
39121.24499885389
39270.47999877571
39306.60999875678
39356.3949987307
39367.36999872495
39511.154998649625
39536.4049986364
39601.24999860243
39618.51999859338
39702.59999854933
39714.66999854301
39999.579998393754
40295.5599982387
40325.97999822276
40480.28499814193
40656.99999804935
40743.564998004
40880.65999793218
40908.77999791745
40933.36999790457
40958.269997891526
41127.35499780295
41138.07999779733
41191.27999776946
41254.82999773617
41291.39999771701
41393.37499766359
41407.11999765639
41426.54499764621
41447.879997635035
41572.34999756983
41680.96499751293
41969.614997361714
41981.89999735528
42002.504997344484
42298.36499718949
42467.96999710064
42527.7899970693
42548.19999705861
42674.179996992614
42696.88999698072
42866.46499689188
43169.569996733095
43343.31999664207
43353.61999663668
43421.55499660109
43443.75499658946
43635.68999648891
43775.064996415895
43909.32499634556
44193.849996196506
44205.73499619028
44226.17499617957
44443.50499606572
44517.47999602697
44541.284996014496
44623.63999597135
44635.31499596524
44645.04999596014
44657.939995953384
44771.22499589404
44844.699995855546
44963.679995793216
44991.91999577842
45022.56499576237
45043.07999575162
45158.37999569122
45231.189995653076
45339.96999559609
45506.4049955089
45586.1949954671
45837.75999533531
45876.57499531498
46110.63999519236
46130.97499518171
46160.17999516641
46184.294995153774
46274.504995106516
46293.424995096604
46317.17499508416
46537.07499496896
46548.29999496308
46585.784994943446
46604.7749949335
46628.54999492104
46754.51499485505
46784.95499483911
46870.40499479434
46979.74499473706
46992.16999473055
47005.854994723384
47052.449994698974
47072.97999468822
47181.679994631275
47324.349994556535
47356.96499453945
47543.23499444187
47603.75499441016
47619.73999440179
47642.75999438973
47673.39499437368
47892.944994258665
47945.41499423118
47964.61999422112
48070.13999416584
48083.43999415887
48109.924994144996
48457.874993962716
48567.49499390529
48655.70499385908
48773.04499379761
48806.264993780205
48830.67499376742
48939.53499371039
49054.55999365013
49159.95499359492
49174.74999358717
49186.209993581164
49295.38499352397
49309.75999351644
49448.849993443575
49614.234993356935
49674.14999332555
49686.72499331896
49696.794993313684
49836.03499324074
49854.52999323105
49870.22499322283
159.71999999992724
201.07499999988963
479.36499999963655
514.6699999996044
544.9799999995769
574.5999999995499
870.4049999992809
883.8349999992687
910.939999999244
925.1699999992311
938.6049999992189
1040.6049999995037
1081.3250000003925
1363.6700000065555
1454.8500000085457
1528.4450000101522
1904.2250000183546
1918.1600000186588
2014.7350000207668
2351.345000028114
2369.2650000285053
2576.380000033026
2772.1050000372984
2794.805000037794
2813.830000038209
2983.6350000419156
3245.835000047639
3438.935000051854
3463.635000052393
3485.1400000528624
3704.055000057641
3727.2300000581467
4011.050000064342
4355.130000071852
4382.715000072454
4398.420000072797
4503.4950000750905
4523.585000075529
4560.4400000763335
4656.455000078429
4704.215000079472
4771.305000080936
4782.570000081182
4938.8550000845935
5061.4500000872695
5078.470000087641
5179.240000089841
5196.560000090219
5206.840000090443
5253.7300000914665
5377.795000094175
5391.365000094471
5411.3250000949065
5456.235000095887
5471.820000096227
5490.680000096639
5757.210000102456
5773.745000102817
5787.960000103128
5801.245000103418
5879.095000105117
6028.58000010838
6101.135000109964
6120.120000110378
6181.475000111717
6223.7250001126395
6245.0300001131045
6413.730000116787
6606.030000120984
6648.370000121909
6764.215000124437
6778.515000124749
6938.375000128239
6993.535000129443
7132.615000132479
7263.850000135343
7286.565000135839
7441.340000139217
7611.655000142935
7638.45000014352
7650.960000143793
7733.605000145597
7765.540000146294
7794.21500014692
7871.950000148617
7889.610000149002
7943.8200001501855
8109.300000153798
8152.080000154731
8261.065000144547
8281.185000141326
9105.460000009383
9207.74999999301
9492.534999947424
9516.759999943546
9610.389999928559
9644.599999923083
9668.444999919266
9714.534999911888
9787.04999990028
10020.099999862976
10088.304999852058
10124.509999846263
10153.249999841662
10186.944999836269
10207.774999832935
10274.779999822209
10289.58499981984
10337.859999812112
10348.86999981035
10458.669999792774
10484.969999788564
10549.114999778296
10574.524999774228
10592.679999771322
10778.784999741532
10912.60999972011
10923.064999718437
11016.584999703467
11080.144999693293
11129.379999685412
11197.329999674535
11266.379999663483
11283.604999660725
11301.549999657853
11338.05499965201
11358.284999648771
11447.324999634518
11632.024999604953
11749.639999586127
11836.57999957221
11855.389999569199
11868.474999567105
11879.219999565385
11888.704999563866
11949.599999554119
11980.849999549117
12000.269999546008
12028.99499954141
12149.12499952218
12189.179999515769
12204.954999513244
12256.009999505071
12268.839999503018
12288.224999499915
12322.959999494355
12336.444999492196
12458.604999472642
12494.179999466947
12538.574999459841
12582.724999452774
12637.979999443929
12658.119999440705
12699.25999943412
13033.579999380605
13053.029999377492
13468.549999310979
13527.494999301543
13630.129999285115
13642.909999283069
13654.404999281229
13668.874999278913
13826.214999253727
13851.87499924962
13917.454999239122
13931.284999236908
14003.604999225332
14022.129999222367
14043.269999218983
14060.174999216277
14080.359999213046
14122.68999920627
14149.094999202043
14160.744999200178
14194.624999194755
14272.759999182248
14525.494999141793
14670.084999118648
14743.004999106975
14758.34499910452
14767.919999102987
14783.074999100561
14798.26499909813
14808.62999909647
14819.229999094774
14846.024999090485
14868.699999086855
15177.869999037366
15188.954999035592
15210.924999032075
15227.25999902946
15254.62499902508
15334.39999901231
15354.679999009064
15365.644999007309
15382.149999004667
15530.294998980953
15545.55499897851
15659.099998960335
15710.094998952172
15886.58999892392
15913.304998919644
15951.214998913576
16045.404998898499
16266.17499886316
16376.524998845496
16702.62999890921
16739.959998916816
16768.729998922678
16785.419998926078
16803.264998929713
16824.05499893395
16871.9199989437
16886.53999894668
16908.954998951245
17371.089999045395
17763.634999125366
17781.86499912908
17811.35499913509
17824.344999137735
17914.324999156066
18263.764999227256
18291.01999923281
18339.739999242734
18363.559999247587
18378.469999250625
18479.334999271174
18492.31999927382
18510.97999927762
18659.439999307866
18679.419999311936
18691.5199993144
18706.48499931745
18720.409999320287
18834.69999934357
19017.709999380855
19278.119999433908
19330.374999444553
19343.594999447247
19733.534999526688
19844.5249995493
19854.29499955129
19863.42499955315
19896.21499955983
20172.004999616016
20201.384999622
20268.464999635667
20277.84499963758
20291.169999640293
20312.70999964468
20326.94499964758
20405.37999966356
20426.38999966784
20474.68499967768
20514.98499968589
20713.909999726417
20734.659999730644
20769.7799997378
20831.83499975044
20870.134999758244
20883.884999761045
21026.68999979014
21044.194999793704
21057.209999796356
21075.014999799983
21102.97499980568
21116.514999808438
21155.64999981641
21174.63499982028
21220.00499982952
21571.64499990116
21588.82499990466
21708.279999928996
21918.71999997187
21963.18999998093
22170.33500002313
22296.04000004874
22312.88000005217
22330.175000055693
22405.15500007097
22502.725000090846
22574.1700001054
22717.0050001345
22738.735000138928
22807.95500015303
22867.960000165254
22993.675000190866
23463.39000028656
23688.815000332484
23720.470000338933
23805.055000356166
24276.24500045216
24619.540000522098
24667.175000531803
24741.03500054685
24975.550000594627
25063.800000612606
25090.82000061811
25165.560000633337
25437.60500068876
25451.30000069155
25469.135000695183
25523.145000706187
25600.590000721964
25651.345000732304
25741.175000750605
25753.650000753147
25798.445000762273
25904.085000783794
26384.89500088175
26417.265000888343
26433.44000089164
26445.77500089415
26536.8250009127
26577.70500092103
26601.995000925977
26674.50000094075
26690.690000944047
26708.070000947588
26983.135001003626
26995.7650010062
27125.40000103261
27140.340001035653
27164.03500104048
27424.985001093642
27437.10000109611
27445.515001097825
27460.21000110082
27518.890001112773
27603.475001130006
27618.595001133086
27830.400001176236
27843.700001178946
27873.285001184973
27895.280001189454
27948.31500120026
27960.565001202755
28152.845001241927
28166.280001244664
28214.85500125456
28236.80000125903
28249.420001261602
28702.250001353856
28725.24500135854
28750.27000136364
28845.56000138305
28902.2400013946
28951.71500140468
28998.20000141415
29073.710001429532
29138.825001442798
29414.925001499047
29630.08500154288
29764.660001570297
29781.640001573756
29966.71000161146
30352.92000169014
30443.805001708657
30491.950001718466
30532.255001726677
30628.315001746247
30866.125001794695
31094.700001841262
31108.120001843996
31123.425001847114
31195.400001861777
31228.950001868612
31353.050001893895
31403.48000190417
31414.005001906313
31692.720001963095
31888.20500200292
31902.10000200575
31964.09500201838
31980.69000202176
32003.475002026404
32030.525002031914
32042.115002034276
32294.19500208563
32557.910002139357
32755.24500217956
32808.85500216075
33125.47000199489
33200.06500195581
33229.260001940514
33255.640001926695
33275.490001916296
33315.350001895415
33331.650001886876
33470.43000181417
33816.8450016327
33832.02000162475
33851.69000161444
33866.37000160675
33888.2350015953
33904.37500158684
34020.40000152606
34172.55500144635
34186.66000143896
34201.52000143118
34218.50500142228
34231.46500141549
34278.035001391094
34428.950001312034
34476.71500128701
34527.67000126032
34551.54500124781
34904.125001063105
34923.825001052785
34964.485001031484
34985.36000102055
35029.50500099742
35043.05500099032
35100.740000960104
35264.68500087422
35286.700000862686
35307.375000851855
35381.48000081303
35394.230000806354
35405.530000800434
35416.88000079449
35456.26000077386
35654.10500067021
35719.595000635905
35790.145000598946
35801.23000059314
36020.930000478045
36077.08000044863
36128.860000421504
36155.850000407365
36213.610000377106
36226.690000370254
36244.99000036067
36321.36500032066
36337.080000312424
36602.57500017334
37133.76999989506
37354.53999977941
37409.87499975042
37426.78499974156
37440.49999973438
37664.92499961681
37745.46999957461
37878.209999505074
37968.16499945795
38141.63999936707
38160.4849993572
38342.789999261695
38464.03499919818
38482.90999918829
38576.00999913952
38720.65999906374
38815.159999014235
38899.739998969926
38935.78999895104
38950.86999894314
38964.81999893583
39399.89499870791
39416.43999869924
39428.479998692936
39448.599998682395
39482.079998664856
39622.58499859125
39746.62999852627
39788.30999850443
39819.70999848798
40407.714998179945
40430.77999816786
40530.25499811575
40680.69999803694
40693.34499803031
40725.104998013674
40779.08999798539
41012.42999786315
41125.26499780404
41415.429997652034
41434.439997642075
41544.449997584445
41559.46499757658
41594.25499755835
41610.41499754989
41791.40999745507
41866.29499741584
41878.959997409205
41963.12999736511
42049.94999731963
42105.65499729045
42160.9099972615
42178.24999725242
42268.41499720518
42409.949997131036
42442.879997113785
42488.11499709009
42613.6999970243
42761.584996946825
42794.31499692968
42822.439996914945
42835.3199969082
42887.06499688109
42897.954996875385
43024.73499680897
43055.48499679286
43549.529996534045
43562.17999652742
43576.81499651975
43720.639996444406
43729.97999643951
43754.91999642645
43783.01499641173
43803.1099964012
43817.419996393706
43831.834996386155
43842.15499638075
43864.61499636898
43880.28999636077
44019.33999628793
44035.88499627926
44129.30999623032
44149.889996219536
44230.49999617731
44548.81999601055
44565.24999600194
44580.324995994044
44731.32499591494
44821.17999586787
44951.524995799584
44965.879995792064
45235.45999565084
45265.054995635335
45338.854995596674
46373.18999505482
46486.92999499523
46514.094994981
46596.09999493804
46981.97999473589
47229.71999460611
47317.799994559966
47335.41499455074
47426.94499450279
47440.92999449546
47464.04999448335
47544.30499444131
47667.029994377015
48193.859994101025
48213.73499409061
48227.14499408359
48246.24499407358
48274.454994058804
48412.844993986306
48798.29499378438
48889.72499373648
48905.30499372832
48914.824993723334
48925.1999937179
48937.71999371134
48986.30499368589
49025.07499366558
49040.084993657714
49213.139993567056
49334.80499350332
49351.6349934945
49373.03499348329
49403.58499346729
49472.289993431295
49528.90499340164
49893.36499321071
80.66499999999913
166.3649999999212
187.38999999990207
274.359999999823
287.0149999998115
346.65499999975725
538.244999999583
592.069999999534
713.9349999994232
828.3649999993191
904.2299999992501
924.8549999992314
954.939999999204
1101.5600000008342
1410.4450000075765
1459.8400000086547
1663.0300000130899
1886.9350000179772
1905.4950000183824
1935.3600000190343
1959.5500000195623
2055.9950000216672
2069.995000021973
2078.940000022168
2092.7150000224688
2115.3800000229635
2128.5650000232513
2183.765000024456
2338.605000027836
2570.5900000328998
2741.765000036636
2824.4650000384413
2935.405000040863
2955.2800000412967
2991.0150000420767
3000.7500000422892
3022.995000042775
3036.285000043065
3080.735000044035
3333.8250000495595
3350.620000049926
3461.2200000523403
3601.84500005541
3677.8400000570687
3743.770000058508
3858.2850000610074
3876.630000061408
3889.6150000616913
3899.735000061912
4018.020000064494
4098.775000066256
4110.120000066504
4125.475000066839
4177.190000067968
4257.040000069711
4389.360000072599
4406.070000072964
4778.955000081103
4937.400000084562
4973.420000085348
5024.6650000864665
5129.6650000887585
5154.4800000893
5167.9650000895945
5194.875000090182
5209.295000090497
5438.345000095496
5449.465000095739
5508.660000097031
5651.410000100147
5718.990000101622
5735.095000101974
5776.885000102886
5800.025000103391
5884.790000105241
5903.375000105647
5915.860000105919
5932.6300001062855
6009.990000107974
6103.780000110021
6547.490000119707
6591.065000120658
6662.090000122208
6865.065000126639
6896.330000127321
6926.460000127979
7012.365000129854
7045.990000130588
7327.505000136733
7369.960000137659
7383.335000137951
7395.425000138215
7407.940000138488
7522.720000140994
7562.190000141855
7599.165000142662
7740.650000145751
7757.935000146128
7796.330000146966
8035.015000152176
8049.205000152486
8063.905000152807
8081.9450001532
8101.9200001536365
8155.880000154814
8208.62500015294
8241.205000147726
8258.370000144978
8284.16000014085
8323.615000134534
8501.005000106139
8762.32000006431
8791.415000059653
9065.910000015714
9147.790000002607
9195.339999994996
9316.439999975611
9502.499999945829
9625.859999926082
9680.734999917298
9860.824999888471
10068.61499985521
10085.989999852429
10127.879999845723
10142.119999843444
10154.804999841414
10332.649999812946
10344.834999810995
10379.184999805497
10413.609999799986
10469.149999791096
10496.719999786683
10868.37999972719
10881.24999972513
10966.554999711476
11017.414999703335
11207.099999672972
11255.599999665208
11517.804999623237
11640.954999603524
11675.974999597918
11801.77999957778
12033.719999540654
12055.939999537097
12299.404999498125
12355.524999489142
12371.624999486565
12503.044999465528
12560.724999456295
12571.554999454562
12686.859999436105
12700.109999433984
13002.674999385552
13017.019999383256
13028.289999381452
13039.999999379577
13052.22999937762
13065.979999375419
13098.13999937027
13110.294999368325
13123.084999366278
13135.054999364362
13198.149999354262
13210.134999352344
13229.01999934932
13367.95999932708
13395.409999322686
13473.014999310264
13749.679999265978
14077.979999213427
14119.434999206791
14219.279999190809
14248.209999186178
14259.289999184404
14271.844999182395
14391.674999163213
14404.799999161112
14419.859999158702
14473.929999150047
14701.839999113565
14713.204999111746
14722.809999110208
14768.33499910292
14881.03499908488
14921.544999078396
14947.739999074203
15083.779999052427
15098.859999050013
15515.0049989834
15547.324998978227
15571.579998974345
15595.894998970452
15638.584998963619
15951.964998913456
16446.78499885709
16486.49499886518
16500.369998868005
16513.05999887059
16531.99499887445
16845.70999893836
17041.044998978155
17110.149998992234
17332.769999037588
17372.78999904574
17513.479999074403
17569.144999085744
17716.519999115768
17887.419999150585
18007.154999174978
18033.349999180315
18047.539999183206
18060.22499918579
18206.39999921557
18364.50999924778
18377.109999250348
18404.969999256024
18684.88499931305
18785.149999333476
18868.76499935051
18902.694999357424
19144.239999406633
19243.099999426773
19331.314999444745
19362.519999451102
19371.359999452903
19387.73499945624
19472.004999473407
19491.529999477385
19539.579999487174
19678.47499951547
19848.84999955018
19864.494999553368
19895.409999559666
19987.779999578484
20102.32499960182
20142.344999609973
20278.219999637655
20290.894999640237
20304.374999642983
20566.114999696307
20891.734999762644
20934.329999771322
21003.399999785393
21045.74499979402
21059.069999796735
21071.994999799368
21082.529999801514
21095.939999804246
21119.004999808945
21162.599999817827
21178.944999821157
21189.984999823406
21286.184999843004
21541.399999895
21559.85999989876
21740.64499993559
21752.37999993798
21772.69999994212
21813.949999950524
21825.404999952858
21839.8449999558
21902.32999996853
21914.36499997098
22161.65500002136
22180.725000025246
22558.035000102114
22569.865000104524
22592.27500010909
22605.350000111754
22664.260000123755
22686.595000128305
22700.525000131143
22975.29000018712
22998.90000019193
23103.665000213274
23142.685000221223
23325.6600002585
23342.45000026192
23392.390000272095
23523.650000298836
23536.125000301377
23553.490000304915
23799.715000355078
23828.895000361023
23848.690000365055
24056.460000407384
24076.345000411435
24110.595000418412
24130.830000422535
24218.755000440447
24278.280000452574
24436.795000484868
24542.28000050636
24559.725000509912
24572.535000512522
24762.545000551232
24782.36000055527
25043.665000608504
25219.215000644268
25252.35500065102
25323.4250006655
25435.64000068836
25567.055000715132
25581.640000718104
25617.075000725323
25804.505000763507
25958.25500079483
25997.51500080283
26008.57500080508
26022.07000080783
26034.100000810282
26067.485000817083
26079.970000819627
26183.240000840666
26348.555000874345
26665.28500093887
26679.86500094184
26742.660000954635
26757.85000095773
26777.625000961758
26826.890000971795
26912.650000989266
26941.100000995062
27053.805001018023
27287.08500106555
27527.690001114566
27675.530001144685
27696.530001148963
27758.765001161642
27854.095001181064
27981.925001207106
28012.415001213318
28072.60000122558
28091.340001229397
28104.99500123218
28208.990001253365
28229.520001257548
28305.235001272973
28316.450001275258
28620.470001337195
28653.520001343928
28663.24000134591
28761.090001365843
28786.99500137112
28810.41000137589
28824.965001378856
28969.355001408272
28999.965001414508
29064.680001427692
29079.25000143066
29108.94500143671
29122.315001439434
29146.35000144433
29318.515001479405
29428.4350015018
29462.985001508838
29576.295001531922
29674.30000155189
29727.255001562677
29754.60500156825
29937.910001605593
30075.83000163369
30089.91500163656
30107.910001640226
30151.055001649016
30201.88000165937
30246.015001668362
30268.955001673035
30290.000001677323
30318.000001683027
30364.54000169251
30823.605001786033
31331.715001889548
31350.200001893314
31693.310001963215
31957.340002017005
31981.535002021934
31997.630002025213
32219.350002070383
32324.220002091748
32493.400002126215
32586.970002145277
32685.380002165326
32738.250002176097
32763.025002181144
32922.85500210103
32943.74500209009
33056.985002030764
33068.3650020248
33077.18500202018
33090.370002013275
33190.88000196062
33415.92500184273
33606.870001742696
33693.05000169755
33795.19000164404
34503.05500127321
34517.79000126549
34582.385001231654
34603.38500122065
34885.93000107264
34932.80000104808
34974.07000102646
35267.18000087291
35289.1500008614
35322.910000843716
35399.32000080369
35504.2900007487
35518.955000741014
35703.89000064413
35718.985000636225
35732.775000629
35832.35000057684
35848.465000568394
36032.175000472154
36541.20000020549
36737.30000010276
36782.570000079046
36820.11500005938
36904.31500001527
37146.15999988857
37157.589999882584
37171.05999987553
37188.379999866454
37203.629999858465
37292.66499981182
37320.89999979703
37399.62499975579
37414.77999974785
37443.07499973303
37522.7299996913
37613.88999964354
37658.03499962042
37825.26999953281
37857.19999951608
37905.30999949088
38080.38999939916
38128.67999937386
38167.364999353595
38179.12999934743
38197.09999933802
38256.4949993069
38353.83499925591
38521.419999168116
38624.139999114304
38692.93999907826
38922.99499895774
38950.229998943476
39068.97999888127
39100.35999886483
39164.59499883118
39268.04999877698
39283.20999876904
39333.40999874274
39360.599998728496
39423.079998695765
39588.14999860929
39603.10999860145
39674.27999856417
39688.17499855689
39864.81999846435
40118.12999833165
40136.21999832217
40274.954998249494
40442.569998161685
40452.189998156646
40462.7799981511
40475.47499814445
40500.85999813115
40515.50499812348
40769.98999799016
41168.27999778151
41221.40499775368
41304.93499770992
41359.7599976812
41379.214997671006
41509.919997602534
41581.81499756487
41596.10999755738
41611.984997549065
41627.219997541084
41668.18999751962
41681.08999751286
41692.694997506784
41737.08499748353
41751.39499747603
41949.359997372325
41961.28499736608
41985.84499735321
42333.50999717108
42418.08999712677
42521.24999707273
42607.47499702756
42623.209997019316
42679.199996989984
42691.21499698369
43022.17499681031
43040.85999680052
43056.22499679247
43070.73499678487
43082.27999677882
43095.38499677196
43210.67499671156
43258.35999668658
43370.174996628004
43386.63499661938
43416.579996603694
43436.679996593164
43599.484996507876
43723.66499644282
43754.78499642652
43766.17499642055
43781.459996412545
43800.69499640247
43812.709996396174
43828.76999638776
43845.384996379056
43891.34999635498
43916.41999634184
43928.1499963357
43940.984996328974
44077.93499625723
44091.1649962503
44109.61999624063
44142.23999622354
44155.02999621684
44284.619996148955
44310.19499613556
44324.82499612789
44345.244996117195
44358.23499611039
44384.244996096764
44411.50999608248
44632.44499596674
44694.169995934404
44799.1649958794
44855.24499585002
44950.834995799945
44976.80499578634
44989.91999577947
45261.979995636946
45277.37499562888
45290.62999562194
45315.77999560876
45382.00499557407
45404.174995562455
45415.074995556744
45514.239995504795
45575.96999547246
45706.76499540394
45745.249995383776
45756.57499537784
45784.10999536342
45817.62999534586
45831.30999533869
46109.56999519292
46124.99999518484
46307.38999508929
46462.85999500784
46486.17499499563
46954.064994750515
47075.429994686936
47115.289994666055
47161.41499464189
47250.724994595104
47279.19999458019
47289.61499457473
47305.47999456642
47395.494994519264
47455.849994487646
47470.604994479916
47487.329994471154
47591.40499441663
47612.739994405456
47744.69499433633
47760.91999432783
47818.669994297576
47838.57499428715
47856.59499427771
47871.394994269955
47893.954994258136
47916.77499424618
48019.79999419221
48044.68499417917
48221.3999940866
48231.5099940813
48242.35499407562
48254.36499406933
48268.51999406191
48279.74499405603
48300.32999404525
48320.19999403484
48595.829993890446
48619.35499387812
48678.674993847046
48705.169993833166
48890.65999373599
48905.17499372839
48923.92499371857
48990.319993683785
49116.10999361789
49131.594993609775
49143.39499360359
49157.68499359611
49207.36999357008
49248.054993548765
49265.919993539406
49441.56999344739
49455.06499344032
49477.66499342848
49505.504993413895
49525.63999340335
49537.76999339699
49548.16499339155
49561.36999338463
49581.89499337388
49595.38499336681
49850.364993233234
3.2199999999999536
33.60499999999874
45.14500000000464
107.57499999997465
350.9949999997533
369.75499999973624
383.17999999972403
410.2499999996994
592.3749999995338
607.4449999995201
695.8599999994397
787.2149999993566
885.5999999992671
905.2949999992492
925.1799999992311
964.2849999991955
996.3649999991663
1049.8099999997046
1093.8900000006668
1173.390000002402
1212.3350000032522
1236.105000003771
1251.3200000041031
1360.0350000064761
1376.4100000068336
1596.4950000116376
1712.97500001418
1898.4750000182291
2259.6350000261123
2279.470000026545
2296.4750000269164
2641.6350000344505
2833.10000003863
3022.180000042757
3052.365000043416
3078.0950000439775
3356.985000050065
3378.010000050524
3519.3700000536096
3758.06500005882
3770.270000059086
3791.1650000595423
3826.195000060307
4080.0600000658483
4096.465000066206
4273.145000070062
4580.795000076778
4607.91500007737
4865.770000082998
4899.810000083741
4908.9850000839415
4929.220000084383
4947.510000084782
4962.1300000851015
4993.395000085784
5164.245000089513
5231.335000090978
5244.185000091258
5390.555000094453
5419.045000095075
5546.780000097863
5743.075000102148
5753.330000102372
5766.140000102651
5893.585000105433
5911.7400001058295
5930.720000106244
5957.260000106823
6033.660000108491
6091.450000109752
6344.105000115267
6438.5450001173285
6670.075000122382
6735.515000123811
6752.365000124179
7165.270000133191
7179.605000133504
7190.85000013375
7378.130000137838
7391.150000138122
7413.255000138604
7435.165000139083
7461.555000139659
7594.0400001425505
7604.780000142785
8124.52500015413
8139.895000154465
8260.79500014459
8555.065000097486
8789.50000005996
8985.300000028617
9016.405000023638
9030.445000021391
9057.775000017016
9202.199999993898
9556.749999937145
9582.659999932997
9595.064999931012
9645.129999922998
9669.364999919118
9690.789999915689
9834.329999892712
9864.854999887826
9904.61999988146
9975.374999870135
10284.63999982063
10296.784999818687
10325.899999814026
10563.26499977603
10578.809999773543
10592.309999771382
10606.5649997691
10619.729999766992
10637.469999764153
10742.609999747323
10769.559999743009
10875.719999726016
10888.239999724012
10972.134999710583
10996.459999706689
11071.094999694742
11164.56499967978
11312.779999656055
11461.639999632227
11502.554999625678
11535.164999620458
11591.299999611472
11635.529999604392
11655.97499960112
11903.829999561445
11925.319999558005
11947.514999554453
12108.95499952861
12124.099999526186
12436.369999476201
12457.274999472855
12555.679999457103
12578.199999453498
12596.194999450618
12619.224999446931
12637.41499944402
12668.344999439068
12685.724999436286
12728.784999429394
12745.73499942668
12862.37999940801
12874.86499940601
12974.31999939009
13011.729999384102
13043.834999378963
13065.129999375555
13174.929999357979
13257.179999344813
13276.81999934167
13289.549999339632
13299.159999338093
13329.739999333198
13517.20999930319
13627.979999285459
13663.109999279835
13687.389999275949
14011.384999224087
14030.139999221085
14302.439999177497
14523.164999142165
14539.824999139499
14899.384999081944
14917.439999079053
14930.174999077015
14943.374999074902
15023.964999062002
15046.389999058412
15056.859999056736
15069.299999054745
15086.154999052047
15098.18999905012
15114.139999047567
15193.539999034858
15285.23499902018
15297.78999901817
15318.249999014895
15473.33999899007
15485.964998988049
15554.92999897701
15800.154998937756
15900.344998921719
15976.42999890954
16277.819998861296
16361.644998847878
16400.99499884776
16414.904998850594
16708.76499891046
16727.134998914204
16750.944998919054
16875.01499894433
16887.1299989468
16908.09499895107
17368.12499904479
17532.129999078203
17866.3849991463
17879.28999914893
17980.234999169494
18012.149999175996
18048.124999183325
18059.58999918566
18101.674999194234
18180.644999210323
18233.84499922116
18258.63499922621
18278.089999230175
18343.54999924351
18380.694999251078
18414.354999257936
18426.20499926035
18512.769999277985
18564.014999288425
18598.579999295467
18815.489999339658
19007.704999378817
19026.239999382593
19039.944999385385
19054.829999388417
19077.85999939311
19101.75999939798
19184.954999414927
19224.764999423038
19238.839999425905
19464.45999947187
19484.2399994759
19508.794999480902
19537.714999486794
19708.289999521545
19741.50499952831
19802.389999540716
19832.40999954683
20130.864999607635
20153.579999612262
20181.78499961801
20196.844999621077
20293.534999640775
20339.379999650115
20502.70499968339
20539.119999690807
20582.554999699656
20767.369999737308
20779.84499973985
20826.799999749415
20946.919999773887
20979.649999780555
21170.639999819465
21181.85999982175
21202.054999825865
21213.66999982823
21338.554999853674
21713.45499993005
21730.18999993346
22027.479999994026
22038.39499999625
22050.529999998722
22214.840000032196
22232.105000035714
22336.955000057074
22575.25000010562
22636.045000118007
22660.920000123075
22672.110000125354
22693.10500012963
22797.130000150824
22839.940000159546
22859.510000163533
22891.530000170056
23112.6350002151
23261.190000245366
23356.24000026473
23418.53000027742
23436.970000281177
23460.78500028603
23491.980000292384
23520.08500029811
23575.25000030935
23622.320000318938
23634.74500032147
23664.3400003275
24006.77000039726
24153.320000427117
24169.765000430467
24182.855000433134
24199.025000436428
24235.030000443763
24265.680000450007
24337.980000464737
24366.91000047063
24418.05500048105
24534.73000050482
24558.450000509652
24581.090000514265
24605.07000051915
24650.250000528355
24669.925000532363
24694.665000537403
24723.885000543356
24735.120000545645
24748.54000054838
24768.735000552493
24790.80500055699
24858.520000570785
24870.295000573184
25157.43500063168
25213.67500064314
25227.07000064587
25360.670000673086
25380.17500067706
25483.435000698097
25497.78500070102
26007.455000804854
26092.26000082213
26105.11500082475
26280.29500086044
26297.415000863926
26322.27500086899
26417.825000888457
26470.41500089917
26594.235000924396
26604.70500092653
26624.465000930555
26635.9700009329
26816.005000969577
26833.360000973113
26859.85500097851
26876.55000098191
26968.72500100069
27050.84000101742
27072.3450010218
27137.97500103517
27149.765001037573
27193.19500104642
27238.605001055672
27309.115001070037
27449.885001098715
27527.090001114444
27542.800001117645
27653.405001140178
27883.88000118713
28077.095001226495
28230.680001257784
28242.39500126017
28263.675001264506
28516.690001316052
28529.995001318763
28550.35000132291
28682.29000134979
28706.040001354628
28720.92000135766
28776.505001368983
28798.53500137347
28977.79500140999
28997.410001413988
29080.57500143093
29132.790001441568
29154.570001446005
29228.595001461086
29250.11500146547
29261.340001467757
29273.440001470222
29286.13500147281
29343.190001484432
29362.57000148838
29376.780001491275
29392.285001494434
29804.395001578392
29907.050001599306
29929.175001603813
30607.335001741973
30642.61000174916
30657.165001752124
30706.805001762237
30841.530001789684
30855.79000179259
31369.335001897212
31434.520001910492
31523.475001928615
31627.31500194977
31644.175001953205
31704.33500196546
31730.0550019707
31932.690002011983
31947.35500201497
32089.980002044027
32130.73500205233
32291.92500208517
32378.430002102792
32505.585002128697
32533.170002134317
32609.31000214983
32634.430002154946
32648.120002157735
32724.635002173323
32745.550002177584
32846.42500214107
32864.035002131845
33098.07000200924
33195.5000019582
33229.12000194059
33598.59500174703
33680.28500170424
33706.765001690364
34242.910001409495
34276.1100013921
34365.6350013452
34389.340001332785
34411.370001321244
34632.51500120539
34648.890001196814
34685.81000117747
34752.370001142604
34767.94000113445
34850.4950010912
35070.15000097613
35147.72000093549
35257.81000087782
35278.40500086703
35293.670000859034
35359.09500082476
35371.65000081818
35383.79000081182
35654.960000669766
35703.315000644434
35896.02000054348
35926.75500052738
36028.48500047409
36113.67000042946
36156.545000407
36277.70500034353
36311.05500032606
36330.23000031601
36366.65000029693
36377.72500029113
36388.75500028535
36568.27000019131
36595.11000017725
36673.67500013609
36694.64000012511
36710.90500011659
36933.66499999989
37069.704999928625
37086.16999992
37099.939999912785
37188.95999986615
37217.13999985139
37228.07499984566
37239.43499983971
37251.21499983354
37342.85499978553
37433.45499973807
37464.38999972186
37488.759999709095
37509.529999698214
37519.1049996932
37531.29999968681
37677.394999610275
37739.11499957794
37810.919999540325
37856.82499951628
37907.96999948948
38044.35999941803
38433.12999921437
38552.13999915202
38760.59999904282
38893.54499897317
38927.35999895546
38941.91999894783
38980.70499892751
39111.16499885917
39122.90499885302
39139.06999884455
39159.29499883395
39192.10999881676
39296.404998762126
39493.76999865873
39526.73999864146
39808.95499849362
39835.68499847961
39868.58499846238
39884.91499845382
39895.87499844808
39920.54499843516
39990.74499839838
40026.26999837977
40332.89999821914
40348.6299982109
40589.21499808486
40611.74499807306
40636.79499805994
40696.90499802845
40716.39499801824
41038.14499784968
41159.71999778599
41329.434997697084
41510.81999760206
41602.439997554065
41752.73499747533
41827.6199974361
41884.47999740631
41898.97999739872
41910.074997392905
41928.30999738335
42031.23499732943
42044.41499732253
42492.98499708754
42510.10499707857
42522.899997071865
42597.89499703258
42671.9199969938
42732.88999696186
42842.789996904285
43353.51499663673
43365.14999663064
43517.879996550626
43529.04499654478
43555.51999653091
43571.03499652278
43585.779996515055
43659.91499647622
43677.91499646679
43725.53499644184
43740.38999643406
43755.3899964262
43775.50999641566
43795.259996405315
43807.839996398725
43881.979996359885
43910.06999634517
44181.37999620304
44419.364996078366
44538.499996015955
44550.56999600963
44578.91499599478
44596.834995985395
44854.399995850465
44870.92499584181
44901.984995825536
44922.57499581475
44934.33999580859
44973.414995788116
45004.149995772015
45045.13999575054
45060.51499574249
45075.91499573442
45114.004995714466
45259.2049956384
45325.31499560377
45461.46499553244
45519.41999550208
45537.86499549242
45644.709995436446
45690.579995412416
45854.31999532664
45947.209995277975
45964.339995269
45978.11999526178
46063.439995217086
46102.86499519643
46408.929995036095
46432.64999502367
46542.854994965935
46642.289994913845
46815.26499482323
46833.804994813516
47039.944994705525
47053.64499469835
47145.32499465032
47526.50999445063
47840.739994286014
47872.999994269114
47959.73999422367
47974.36999421601
47988.87999420841
47999.88999420264
48009.614994197545
48165.82499411571
48186.05999410511
48343.27499402275
48359.63499401418
48391.01999399774
48483.304993949394
48500.214993940535
48512.54999393407
48606.31499388495
48686.52999384293
48695.69999383813
48772.134993798085
49069.14499364249
49082.1099936357
49174.56999358726
49560.77999338494
49795.27499326209
49806.94999325598
49876.91999321932
49888.77999321311
49926.72999319323
