76.02000000000335
151.92999999993432
380.8899999997261
398.2899999997103
476.49499999963916
538.1749999995831
557.5049999995655
572.7799999995516
584.8649999995406
700.7899999994352
744.3499999993955
778.5249999993645
833.7499999993142
844.3449999993046
854.0349999992958
867.4849999992836
881.5899999992707
932.3249999992246
949.524999999209
1033.5599999993499
1055.4699999998281
1274.355000004606
1290.2900000049538
1401.6500000073845
1556.29000001076
1748.295000014951
1761.9800000152497
1854.6800000172732
1968.0300000197474
1979.7150000200024
1990.5000000202378
2046.5100000214604
2061.340000021784
2103.680000022708
2123.095000023132
2210.8500000250474
2236.7500000256127
2260.8400000261386
2388.9200000289343
2400.1650000291797
2421.210000029639
2430.8850000298503
2472.3100000307545
2484.280000031016
2497.025000031294
2682.1850000353356
2729.8650000363764
3045.4850000432657
3120.270000044898
3131.9600000451533
3141.7250000453664
3380.1500000505707
3390.880000050805
3411.7050000512595
3423.235000051511
3438.29500005184
3632.050000056069
3714.4950000578688
3722.6900000580476
4025.3300000646536
4044.495000065072
4335.705000071428
4382.890000072458
4462.025000074185
4491.325000074825
4558.950000076301
4567.335000076484
4587.370000076921
4611.370000077445
4682.865000079006
4707.615000079546
4742.785000080314
4943.695000084699
4956.425000084977
5339.025000093328
5427.395000095257
5445.010000095642
5638.73000009987
5889.920000105353
5900.900000105593
5927.720000106178
5942.040000106491
5975.135000107213
6139.945000110811
6150.980000111052
6222.705000112617
6400.230000116492
6412.03500011675
6511.01000011891
6529.725000119319
6754.485000124225
6765.310000124461
6816.815000125585
6857.105000126465
6988.080000129324
6999.790000129579
7012.165000129849
7053.045000130742
7064.005000130981
7173.850000133379
7216.360000134307
7227.98500013456
7525.655000141058
7668.550000144177
7680.390000144435
7744.30000014583
7958.500000150506
8034.175000152158
8045.210000152399
8126.620000154176
8188.385000155524
8272.330000142743
8341.790000131625
8360.740000128591
8370.205000127076
8391.875000123608
8403.830000121694
8426.525000118061
8522.515000102696
8706.995000073166
9064.020000016017
9122.54000000665
9476.114999950052
9489.334999947936
9509.92499994464
9584.284999932737
9651.899999921914
9710.96499991246
9721.304999910804
9832.179999893056
9843.27499989128
9854.624999889464
9922.139999878656
9934.05499987675
10166.719999839506
10396.449999802733
10412.044999800237
10512.59999978414
10589.464999771837
10693.364999755206
10872.00499972661
10885.894999724387
10969.004999711084
10981.479999709087
11007.219999704967
11040.539999699633
11215.674999671599
11304.989999657302
11400.129999642073
11438.864999635873
11601.944999609768
11615.044999607671
11665.244999599636
11854.729999569305
11868.524999567097
11881.794999564972
11987.484999548054
12049.154999538183
12112.429999528054
12147.099999522505
12255.58499950514
12546.684999458543
12565.344999455556
12624.624999446067
12664.049999439756
12741.73999942732
12788.734999419798
12843.524999411027
12859.109999408533
13390.679999323444
13403.714999321357
13501.634999305683
13578.444999293388
13589.35999929164
13680.994999276973
13702.794999273483
13899.749999241956
13929.949999237122
13941.26499923531
13953.739999233314
14375.619999165783
14396.889999162378
14416.754999159199
14435.654999156173
14499.154999146009
14550.464999137796
14598.904999130042
14648.814999122053
14668.674999118874
14724.224999109982
14872.394999086264
14972.949999070168
15046.389999058412
15162.279999039862
15387.5649990038
15492.239998987045
15820.259998934538
15900.614998921676
15923.88999891795
16027.054998901436
16071.474998894326
16079.794998892994
16096.234998890362
16109.049998888311
16129.929998884969
16143.194998882846
16192.569998874942
16586.899998885634
16640.509998896556
16661.719998900877
16681.439998904894
16704.409998909574
16719.94999891274
17105.534998991294
17282.154999027276
17291.35499902915
17299.15999903074
17309.979999032945
17409.4099990532
17582.599999088485
17593.019999090608
17641.469999100478
17681.28499910859
17701.294999112666
18157.944999205698
18518.519999279157
18529.91999928148
18599.054999295564
18687.53999931359
18701.104999316354
18769.289999330245
18833.034999343232
18859.82499934869
19238.579999425852
19568.654999493097
19631.59499950592
19745.71999952917
19760.764999532235
19858.544999552156
19900.994999560804
20013.659999583757
20042.314999589595
20062.599999593727
20077.39499959674
20093.794999600083
20108.26499960303
20117.63999960494
20132.884999608046
20155.789999612713
20165.39499961467
20179.914999617627
20271.86499963636
20396.39999966173
20521.26499968717
20609.259999705097
20623.25999970795
20730.644999729826
20743.41999973243
20754.579999734702
20777.469999739365
20862.49999975669
20923.62499976914
21096.629999804387
21149.089999815074
21171.3049998196
21191.099999823633
21201.63999982578
21219.36499982939
21234.889999832554
21250.789999835793
21400.554999866305
21454.5199998773
21499.44499988645
21509.289999888457
21518.464999890326
21558.04499989839
21569.714999900767
21627.524999912544
21664.6099999201
21721.34999993166
21733.53499993414
21801.619999948012
21869.029999961745
22315.605000052725
22331.275000055917
22369.52000006371
22381.50500006615
22409.28000007181
22457.205000081573
22470.465000084274
22540.44500009853
22562.62000010305
22646.035000120042
22725.220000136174
22902.16000017222
22912.285000174285
23020.035000196236
23319.33500025721
23406.930000275057
23416.890000277086
23438.90000028157
23505.245000295086
23529.32000029999
23553.61500030494
23739.360000342782
23776.695000350388
23929.35500038149
23941.415000383946
23949.62500038562
23963.950000388537
23972.970000390374
23983.630000392546
24161.200000428722
24174.335000431398
24196.14000043584
24269.945000450876
24287.53000045446
24305.36000045809
24325.320000462158
24340.715000465294
24359.63500046915
24400.355000477444
24485.850000494862
24495.940000496917
24509.06500049959
24523.665000502566
24827.37500056444
24852.095000569476
24865.81000057227
24941.670000587725
25252.720000651094
25439.67000068918
25449.605000691205
25460.245000693372
25480.075000697412
25623.380000726607
25652.380000732515
25714.05500074508
25728.05000074793
25800.860000762765
25817.33500076612
25994.960000802308
26032.61000080998
26219.470000848047
26230.63000085032
26323.60000086926
26455.360000896104
26466.24000089832
26481.000000901327
26492.410000903652
26861.700000978886
26874.310000981455
27034.40500101407
27049.12500101707
27075.720001022488
27223.545001052604
27284.550001065032
27302.17000106862
27369.395001082317
27415.875001091787
27487.080001106293
27502.3250011094
27520.63500111313
27752.900001160448
27768.41500116361
27810.765001172236
27845.655001179344
27980.630001206842
27994.300001209627
28012.805001213397
28062.325001223486
28073.155001225692
28211.51000125388
28221.62500125594
28240.17500125972
28327.02000127741
28450.51000130257
28464.835001305488
28475.410001307642
28528.395001318437
28574.730001327876
29044.035001423486
29320.290001479767
29332.29000148221
29367.070001489297
29476.5500015116
29552.900001527156
29564.99000152962
29579.645001532605
29595.18000153577
29605.38500153785
29696.900001556492
29727.360001562698
30148.67500164853
30166.890001652242
30236.00000166632
30251.1050016694
30262.780001671777
30305.88500168056
30318.150001683058
30408.1850017014
30510.690001722283
30534.3250017271
30747.55500177054
30780.15000177718
31072.90000183682
31382.42500189988
31398.555001903165
32126.540002051475
32241.250002074845
32258.525002078364
32304.20000208767
32557.310002139235
32994.17000206367
33241.48500193411
33430.800001834934
33441.25000182946
33563.11500176562
33604.370001744006
33733.75000167623
33745.10500167028
33793.560001644895
33845.615001617625
34162.29500145173
34317.22500137056
34382.160001336546
34552.875001247114
34632.29000120551
34812.74000111098
34856.74000108793
34971.00500102807
34987.45500101945
35033.720000995214
35352.81500082805
35364.99000082167
35376.33500081573
35389.39500080889
35407.37500079947
35458.215000772834
35470.8800007662
35779.210000604675
35794.195000596825
35834.31500057581
35908.670000536855
36024.58500047613
36306.41500032849
36340.28000031075
36709.12500011752
36882.13000002689
36890.65500002242
36926.87000000345
36943.41999999478
36970.52499998058
36979.66999997579
36988.154999971346
36997.38999996651
37009.84499995998
37090.34499991781
37215.05499985248
37354.144999779615
37498.034999704236
37659.5949996196
37698.74999959909
37716.91999958957
37727.85999958384
37784.40999955421
38014.539999433655
38175.10999934954
38207.029999332815
38222.224999324855
38265.87499930199
38470.719999194676
38481.09999918924
38544.32499915612
38556.22499914988
38564.99499914529
38580.4399991372
38657.564999096794
38668.08999909128
38726.169999060854
38769.11499903836
38783.149999031004
38826.92999900807
38980.83999892744
38991.57499892182
39024.6349989045
39136.749998845764
39153.6649988369
39166.72499883006
39273.81499877396
39289.86499876555
39324.26499874753
39337.944998740364
39362.51999872749
39380.00999871833
39399.27999870823
39452.67499868026
39551.104998628696
39584.109998611406
39599.21999860349
39615.76999859482
39775.71999851103
40124.40999832836
40133.92999832337
40213.639998281615
40323.034998224306
40339.16999821585
40390.88999818876
40650.48999805276
40673.14999804089
40717.389998017716
40842.404997952224
41079.39499782807
41107.7799978132
41117.9049978079
41219.24999775481
41229.50999774943
41249.59499773891
41262.544997732126
41276.23999772495
41386.2899976673
41399.204997660534
41448.7099976346
41493.899997610926
41505.68999760475
41522.14999759613
41607.709997551305
41626.204997541616
41675.14499751598
41692.22499750703
41706.41999749959
41747.054997478306
41791.85499745484
41805.24499744782
41863.439997417336
41873.96499741182
41891.919997402416
42126.674997279435
42136.96999727404
42186.76999724795
42222.899997229026
42299.20499718905
42486.88999709073
42506.94999708022
42539.67499706308
42572.36499704595
42668.32999699568
42684.00499698747
42699.68499697925
42733.80499696138
43210.80499671149
43229.13999670189
43265.51999668283
43281.72499667434
43445.324996588635
43468.01499657675
43580.034996518065
43591.9949965118
43665.25499647342
43806.68999639933
44026.80999628401
44043.0649962755
44341.179996119325
44563.619996002795
44676.10499594387
44685.654995938865
44855.61499584983
44953.91499579833
44992.37999577818
45020.069995763675
45112.459995715275
45130.60999570577
45163.74499568841
45381.629995574265
45462.09499553211
45476.37499552463
45500.57999551195
45670.96999542269
45680.15499541788
45693.11499541109
45759.489995376316
45916.10499529427
46062.56999521754
46152.184995170595
46273.47999510705
46337.93499507329
46347.41999506832
46360.10499506167
46373.979995054404
46394.534995043636
46437.32999502122
46526.53999497448
46565.66999495398
46584.584994944074
46637.45499491638
46661.97499490353
46680.05999489406
46711.24999487772
46873.184994792886
47044.87499470294
47147.82499464901
47162.9299946411
47181.38999463143
47415.17999450895
47428.12999450217
47436.82999449761
47469.364994480566
47479.64999447518
47689.43499436528
47728.37499434488
48002.53999420125
48078.43999416149
48099.78499415031
48435.64999397436
48457.55499396288
48468.814993956985
48535.50499392205
48584.184993896546
48695.08499383845
48707.91499383173
48719.259993825784
48794.73999378624
49022.044993667165
49041.13999365716
49105.214993623595
49125.389993613026
49247.234993549195
49401.869993468186
49423.899993456645
49648.804993338825
49676.769993324175
49968.69999317124
49998.99499315537
91.67499999998911
108.44499999997386
126.16499999995774
290.7199999998081
325.53999999977646
571.0799999995531
592.3949999995338
602.3699999995247
628.6449999995008
688.0399999994468
1026.4799999991953
1116.0000000011494
1134.8200000015602
1185.4050000026643
1200.5200000029943
1218.4400000033854
1294.5950000050477
1319.4000000055892
1329.6150000058121
1371.5100000067266
1398.6550000073191
1408.8550000075418
1431.3300000080324
1451.245000008467
1608.010000011889
1622.8750000122134
1748.7850000149617
1855.1050000172825
1975.0350000199003
1983.72500002009
2010.76000002068
2043.8150000214016
2248.225000025863
2294.845000026881
2363.0100000283687
2657.9450000348065
2682.9500000353523
2697.4300000356684
2860.3050000392236
3020.5100000427205
3035.6300000430506
3049.3350000433497
3136.8250000452595
3170.575000045996
3184.7400000463053
3373.150000050418
3595.565000055273
3606.345000055508
3631.1000000560484
3648.3750000564255
3705.4500000576713
3732.87500005827
3863.44000006112
3915.67000006226
3931.660000062609
3952.8500000630715
4178.445000067995
4195.045000068358
4216.190000068819
4229.575000069111
4344.160000071613
4410.680000073065
4491.4450000748275
4583.605000076839
4684.970000079052
4696.0000000792925
4708.390000079563
4746.040000080385
5001.9850000859715
5020.780000086382
5032.015000086627
5058.770000087211
5134.555000088865
5152.285000089252
5285.240000092154
5359.955000093785
5842.160000104311
5854.125000104572
5971.8450001071415
6077.370000109445
6189.8300001119
6423.135000116992
6435.945000117272
6468.890000117991
6513.065000118955
6533.565000119403
6580.235000120421
6716.395000123393
6817.850000125608
6839.550000126082
6850.900000126329
6907.925000127574
6926.785000127986
6942.595000128331
6984.555000129247
7173.775000133377
7231.675000134641
7259.900000135257
7293.790000135997
7453.950000139493
7553.100000141657
7582.375000142296
7649.670000143765
7746.1400001458705
8014.360000151725
8040.400000152294
8058.150000152681
8655.230000081452
8672.890000078625
9110.750000008537
9130.525000005371
9188.474999996095
9200.139999994228
9221.509999990807
9465.12999995181
9638.42999992407
9653.67999992163
9687.384999916234
9748.184999906502
9758.919999904783
9810.0449998966
9846.184999890815
9943.249999875277
10008.20499986488
10020.904999862847
10087.474999852191
10118.09499984729
10233.174999828869
10266.664999823508
10288.934999819943
10386.379999804345
10522.839999782502
10624.159999766283
10670.919999758798
10709.029999752698
10857.26999972897
11097.249999690555
11390.71999964358
11482.844999628833
11551.909999617777
11647.689999602446
11687.184999596124
11728.43999958952
11743.089999587175
11840.899999571518
11855.749999569141
12116.684999527373
12337.614999492009
12353.589999489452
12584.24499945253
12609.949999448416
12637.34999944403
12684.57999943647
12949.70499939403
12973.094999390287
12984.029999388536
13192.34999935519
13253.769999345359
13271.434999342531
13299.819999337988
13326.269999333754
13442.42499931516
13455.094999313133
13630.564999285045
13647.544999282327
13977.18999922956
14034.824999220335
14047.834999218252
14060.114999216286
14437.824999155826
14477.739999149437
14511.904999143968
14570.749999134548
14584.699999132315
14762.77999910381
14839.12499909159
14854.559999089119
14865.819999087316
14883.639999084464
14916.704999079171
15200.424999033756
15264.784999023454
15279.934999021028
15454.869998993026
15465.814998991274
15498.239998986084
15517.874998982941
15552.55999897739
15623.729998965997
15641.094998963217
15767.624998942963
15890.34499892332
15923.229998918056
16183.014998876472
16199.95999887376
16224.169998869884
16254.219998865074
16539.054998875887
16550.524998878223
16565.304998881234
16669.619998902486
16706.279998909955
16764.37999892179
16781.679998925316
16892.519998947897
16927.719998955068
16943.809998958346
16962.53499896216
16972.309998964152
17078.974998985883
17097.299998989616
17118.844998994005
17278.454999026522
17299.78999903087
17331.65999903736
17343.04499903968
17362.444999043633
17415.404999054423
17503.94999907246
17721.169999116715
17760.349999124697
17771.634999126996
17785.119999129744
17858.409999144675
17868.10499914665
17999.819999173484
18123.83499919875
18252.824999225028
18359.754999246812
18508.609999277138
18524.244999280323
18539.39499928341
18559.434999287492
18713.45999931887
18724.49999932112
18787.91499933404
18810.24499933859
18825.184999341633
18882.919999353395
18901.809999357243
18998.314999376904
19009.554999379194
19182.404999414408
19419.674999462746
19436.409999466156
19448.484999468616
19662.36999951219
19679.26499951563
19787.969999537778
19800.58999954035
19814.949999543274
19824.814999545284
19834.439999547245
19917.1649995641
19933.51499956743
19951.164999571025
20035.779999588263
20045.839999590313
20074.169999596084
20087.29999959876
20194.30999962056
20353.284999652948
20362.544999654834
20375.619999657498
20465.274999675763
20564.46999969597
20591.26999970143
21079.084999800813
21113.794999807884
21124.744999810115
21243.139999834235
21296.409999845087
21307.014999847248
21345.69999985513
21401.199999866436
21467.669999879978
21483.369999883176
21514.624999889544
21536.949999894092
21547.659999896274
21563.63999989953
21860.529999960014
21868.929999961725
21983.244999985014
22060.790000000812
22116.675000012197
22136.08500001615
22189.19500002697
22203.875000029962
22222.08000003367
22259.96500004139
22591.09000010885
22608.12500011232
22888.275000169393
22910.125000173844
22923.585000176587
23049.390000202216
23180.17000022886
23203.800000233674
23262.73500024568
23281.87500024958
23451.66000028417
23479.655000289873
23585.91500031152
23602.275000314854
23618.475000318154
23663.825000327393
23827.970000360834
23850.470000365418
24477.330000493126
24498.425000497424
24512.480000500287
24582.805000514614
24733.38500054529
24744.115000547477
24765.68500055187
24995.50000059869
25024.585000604617
25551.660000711996
25653.63000073277
25880.84500077906
26026.255000808684
26130.765000829975
26140.880000832036
26221.770000848515
26325.2600008696
26332.225000871018
26342.69500087315
26419.035000888704
26434.700000891895
26460.285000897107
26473.70500089984
26487.135000902577
26584.34500092238
26595.650000924685
26717.815000949573
26926.31500099205
27063.985001020097
27104.565001028364
27235.085001054955
27245.455001057067
27390.045001086524
27449.95000109873
27470.910001103
27494.855001107877
27696.395001148936
27734.910001156783
27798.395001169716
27808.265001171727
27837.810001177746
28390.790001290403
28405.59500129342
28473.620001307278
28484.800001309555
28505.810001313836
28641.45500134147
28649.345001343077
28894.065001392933
28985.380001411537
29001.50000141482
29053.745001425465
29074.030001429597
29108.820001436685
29143.855001443822
29190.650001453356
29219.155001459163
29508.26000151806
29725.280001562274
29737.845001564834
30288.32000167698
30485.850001717223
30580.050001736414
30607.185001741942
30696.390001760115
31062.14500183463
31096.60500184165
31437.325001911064
31700.20500196462
31722.74500196921
31757.305001976252
31774.840001979825
31819.005001988822
31833.455001991766
31862.130001997608
31874.815002000192
31886.09000200249
32048.91000203566
32059.000002037716
32139.33000205408
32167.860002059893
32688.705002166003
32812.17500215901
32846.14500214122
32860.235002133835
32879.52000212373
32895.54500211534
32907.195002109234
33000.62000206029
33267.18500192065
33278.02500191497
33337.99500188355
33470.08000181436
33482.7800018077
33563.100001765626
33703.595001692025
33715.62500168572
33812.67500163488
33899.3050015895
34339.825001358724
34510.88500126911
34531.340001258395
34692.40500117402
34944.06500104218
35069.97500097622
35080.69000097061
35103.55500095863
35114.72000095278
35137.25000094098
35156.725000930775
35432.48500078631
35444.28500078013
35579.96500070905
35604.09500069641
35798.69500059447
35869.345000557456
35884.3400005496
35903.345000539644
35914.890000533596
35936.34000052236
36037.805000469205
36164.73500040271
36184.48000039237
36284.23000034011
36358.915000300985
36368.56500029593
36403.220000277775
36743.47000009953
36766.35500008754
36822.42000005817
36889.295000023136
36920.050000007024
36933.829999999805
36944.55499999419
36963.0399999845
37062.06499993263
37400.13999975552
37561.19499967115
37585.83499965824
37617.629999641584
38000.47999944102
38224.59999932361
38232.324999319564
38245.644999312586
38416.14499922327
38439.96499921079
38455.08499920287
38489.194999185
38516.134999170885
38627.37499911261
38638.36999910685
38727.464999060176
38991.24499892199
39001.18999891678
39069.839998880816
39272.04499877489
39285.53999876782
39299.90499876029
39309.2399987554
39333.61999874263
39346.19999873604
39408.799998703245
39451.20999868103
39463.78499867444
39476.01999866803
39487.23999866215
39501.38999865474
39540.934998634024
39708.2049985464
39816.784998489515
39883.0449984548
39988.2349983997
39999.54499839377
40010.459998388054
40077.07499835316
40316.91499822751
40332.124998219544
40347.239998211626
41138.22999779725
41151.394997790354
41186.92499777174
41198.29999776578
41228.33499775005
41237.04999774548
41252.24499773752
41709.81999749781
41725.964997489355
41858.46999741994
41874.189997411704
41911.75999739202
41924.504997385346
41948.424997372815
41962.27499736556
41973.619997359616
42032.47999732878
42048.93499732016
42275.034997201714
42291.54999719306
42394.25499713926
42421.919997124765
42450.879997109594
42552.924997056136
42562.719997051005
42660.81999699961
42753.83999695088
42921.53999686303
42933.69499685666
43011.84499681572
43210.84999671147
43386.88499661925
43395.53499661472
43404.42999661006
43434.11499659451
43455.3199965834
43479.09999657094
43565.489996525685
43593.73499651089
43609.944996502396
43753.52499642718
43810.98499639708
43997.734996299245
44012.24499629164
44021.96999628655
44452.3249960611
44534.9799960178
44548.7149960106
44562.91999600316
44669.34499594741
44690.18499593649
44713.22499592442
44766.15999589669
44783.024995887856
44797.229995880414
44815.9599958706
44848.844995853375
45196.99499567099
45262.594995636624
45398.58499556538
45632.18499544301
45642.26499543773
45655.64499543072
45704.60499540507
45715.21999539951
45726.85999539341
45739.77999538664
45749.80499538139
45759.814995376146
45934.899995284424
45948.71499527719
46133.44999518041
46144.814995174456
46225.98999513193
46264.72999511164
46282.789995102175
46298.14999509413
46527.50499497398
46607.76999493193
46626.88999492191
46658.09999490556
46731.65499486703
46745.484994859784
46813.54999482413
46909.494994773864
46933.049994761524
46949.39499475296
46994.06999472956
47118.17499466454
47286.4299945764
47302.51999456797
47365.66499453489
47381.12999452679
47391.27999452147
47403.95999451483
47651.379994385214
47665.20999437797
47701.829994358784
47770.96499432257
47784.87999431528
47804.62499430493
47895.729994257206
47916.959994246085
47967.3299942197
48088.089994156435
48102.979994148634
48140.084994129196
48350.159994019145
48369.25499400914
48422.32999398134
48435.674993974346
48444.90499396951
48461.93999396059
48631.964993871516
48677.57499384762
49148.93999360069
49180.11499358436
49350.51999349509
49376.43999348151
49394.69999347194
49686.37999331914
49877.76499321888
114.16999999996865
125.4449999999584
161.24999999992585
221.08499999987143
384.9799999997224
455.06999999965865
463.19499999965126
478.2149999996376
624.7399999995043
825.0599999993221
835.2049999993129
887.5249999992653
1173.1350000023965
1572.4800000111134
1591.840000011536
1777.930000015598
1794.0700000159502
1806.0850000162125
1850.7400000171872
1889.9650000180434
1919.4800000186876
2048.050000021494
2071.650000022009
2186.9300000245253
2206.7900000249588
2226.8800000253973
2236.675000025611
2255.5750000260236
2364.085000028392
2378.9450000287165
2399.990000029176
2418.555000029581
2664.835000034957
2704.740000035828
3028.235000042889
3180.2700000462078
3270.62500004818
3303.250000048892
3327.295000049417
3454.7150000521983
3471.29500005256
3482.225000052799
3757.6350000588104
3798.335000059699
4116.895000066652
4164.070000067682
4389.700000072607
4663.540000078584
4673.060000078792
4770.895000080927
4792.030000081389
4803.795000081645
4927.410000084344
4939.485000084607
4957.175000084993
4972.260000085323
4997.045000085864
5104.265000088204
5127.860000088719
5141.565000089018
5174.915000089746
5190.555000090088
5220.995000090752
5256.20000009152
5268.690000091793
5287.010000092193
5306.400000092616
5378.900000094199
5395.89500009457
5412.955000094942
5427.115000095251
5570.605000098383
5692.240000101038
5736.0000001019935
5746.39500010222
5767.625000102684
5954.405000106761
5981.430000107351
6027.245000108351
6041.200000108655
6377.860000116004
6392.760000116329
6851.990000126353
6897.850000127354
6912.77000012768
6958.970000128688
6978.970000129125
6998.695000129555
7014.235000129895
7024.990000130129
7128.840000132396
7355.085000137335
7417.930000138706
7530.480000141163
7542.370000141423
7596.1900001425975
7609.040000142878
7730.170000145522
7747.665000145904
7763.1350001462415
7784.500000146708
7819.315000147468
7838.010000147876
7913.595000149526
7946.415000150242
7964.6650001506405
7978.875000150951
7989.585000151184
7998.470000151378
8052.065000152548
8315.775000135789
8432.145000117162
8489.145000108037
8501.015000106137
8661.780000080404
8725.485000070206
8735.885000068542
9079.000000013619
9106.490000009218
9246.904999986742
9261.864999984347
9273.4049999825
9292.069999979512
9461.269999952428
9502.664999945802
9949.59999987426
10041.87999985949
10054.264999857507
10070.574999854896
10104.199999849514
10146.129999842802
10157.664999840956
10167.114999839443
10185.24999983654
10393.954999803133
10405.609999801267
10486.479999788322
10545.71499977884
10667.22999975939
10678.104999757648
10746.204999746747
10759.654999744595
10852.099999729797
10986.439999708293
11097.339999690541
11138.484999683955
11153.784999681506
11192.61999967529
11255.409999665239
11458.299999632762
11516.7899996234
11532.544999620877
11544.77499961892
11557.249999616923
11797.929999578397
11818.224999575148
12173.464999518284
12296.039999498664
12516.199999463423
12529.169999461346
12541.14499945943
12634.014999444564
12649.90499944202
12668.809999438994
12682.469999436807
13223.479999350207
13233.849999348547
13424.274999318066
13467.644999311124
13490.544999307458
13540.619999299442
13574.42999929403
13584.684999292389
13601.274999289733
13612.984999287859
13622.189999286386
13633.519999284572
13714.439999271619
13901.619999241657
13915.21999923948
13935.479999236237
13947.094999234378
13992.43999922712
14002.779999225464
14026.779999221622
14285.264999180246
14301.569999177636
14355.264999169041
14679.329999117168
14689.429999115551
14701.55499911361
14717.969999110983
14728.54999910929
14740.904999107312
14753.28499910533
14831.269999092847
15005.469999064962
15117.55999904702
15234.604999028285
15576.029998973632
15584.809998972227
15889.53499892345
15903.204998921261
15952.989998913292
15964.459998911456
16107.99499888848
16332.119998852604
16495.149998866942
16520.004998872006
16709.674998910647
16722.124998913183
16738.85499891659
16749.45999891875
16771.39999892322
16872.85499894389
16884.62999894629
17307.11499903236
17437.519999058928
17454.884999062466
17533.98999907858
17568.794999085672
17582.38499908844
17822.10999913728
17841.20499914117
18053.65499918445
18071.89999918817
18098.744999193637
18180.744999210343
18207.38499921577
18350.884999245005
18362.459999247363
18382.409999251428
18460.60999926736
18469.1549992691
18480.134999271337
18646.89999930531
18658.08499930759
18697.904999315702
18711.88999931855
18733.654999322986
18809.40999933842
18825.17999934163
19071.014999391715
19114.42999940056
19141.784999406133
19161.129999410074
19346.59999944786
19367.234999452063
19708.079999521502
19784.179999537006
19871.27499955475
20181.709999617993
20399.604999662384
20557.894999694632
20570.119999697123
20585.46999970025
20600.059999703222
20609.629999705172
20624.229999708146
20636.36999971062
20653.769999714164
20744.144999732576
20769.88499973782
20780.469999739977
20791.419999742207
20819.3649997479
20836.374999751366
21401.344999866466
21495.079999885562
21534.13999989352
22294.195000048363
22366.72000006314
22571.2250001048
22738.220000138823
22788.895000149147
22799.85000015138
22808.435000153127
22822.060000155903
23170.465000226883
23200.405000232982
23331.665000259723
23469.795000287864
23477.600000289454
23487.84000029154
23500.185000294055
23511.360000296332
23631.390000320785
23985.81000039299
24045.00500040505
24145.265000425476
24159.350000428345
24201.74000043698
24351.265000467443
24372.06500047168
24419.92500048143
24459.460000489486
24472.035000492047
24512.15500050022
24742.490000547146
24976.325000594785
24985.2300005966
24995.090000598608
25024.120000604522
25042.52000060827
25054.715000610755
25412.905000683728
25500.43000070156
25702.530000742732
25804.050000763415
25833.295000769373
25860.67500077495
25890.145000780954
25907.80000078455
25962.13500079562
25981.97000079966
25995.8950008025
26005.77000080451
26028.915000809226
26532.06500091173
26553.390000916075
26571.24000091971
26586.525000922826
26718.745000949762
27170.440001041785
27190.520001045876
27282.860001064688
27468.775001102564
27535.86000111623
27596.52000112859
27679.44000114548
27691.075001147852
27841.60500117852
27949.960001200594
27968.00000120427
28139.495001239207
28305.11500127295
28397.05000129168
28441.495001300733
28618.28000133675
28704.350001354283
28723.220001358128
28772.27000136812
28806.82000137516
28820.86500137802
28833.655001380626
28889.300001391963
28907.030001395575
28921.455001398514
28931.64000140059
28948.130001403948
29081.320001431082
29182.435001451682
29197.130001454676
29218.70500145907
29238.62000146313
29247.920001465023
29267.165001468944
29315.260001478742
29333.2200014824
29350.45000148591
29619.155001540654
29799.42000157738
29922.180001602388
29946.400001607322
29965.120001611136
29977.445001613647
29989.665001616137
30024.23000162318
30049.145001628254
30165.74500165201
30396.50000169902
30447.510001709412
30476.585001715335
30487.910001717642
30498.11000171972
30508.965001721932
30678.035001756376
30817.395001784767
30924.335001806554
31022.93000182664
31038.34000182978
31088.35500183997
31104.630001843285
31312.48000188563
31323.08500188779
31466.645001917037
31623.09000194891
31646.865001953753
31698.78000196433
31768.325001978497
32048.1200020355
32064.010002038736
32429.655002113228
32438.760002115083
32876.1400021255
32974.465002073994
33080.81500201828
33096.06500201029
33147.64000198327
33158.285001977696
33171.135001970964
33182.86000196482
33192.495001959775
33232.64500193874
33390.61000185599
33402.90000184955
33478.22500181009
33488.085001804924
33499.250001799075
33593.1200017499
33606.530001742874
33810.3450016361
34023.65000152436
34033.00000151946
34044.13000151363
34055.800001507516
34066.48000150192
34073.71000149813
34089.36500148993
34108.965001479664
34185.23000143971
34406.20500132395
34426.525001313305
34505.5650012719
34519.76500126446
34556.09000124543
34581.65000123204
34610.28500121704
34621.94500121093
34707.455001166134
34902.81500106379
34914.71000105756
35015.035001005
35043.13500099028
35122.460000948726
35131.46000094401
35142.42500093827
35280.670000865844
35371.88000081806
35379.43000081411
35420.26000079272
35487.50500075749
35501.28500075027
35677.17500065813
35748.33500062085
35918.500000531705
35985.28500049672
36123.20500042447
36134.605000418494
36152.71500040901
36164.80500040267
36217.99500037481
36415.760000271206
36580.365000184975
36677.22500013423
36769.860000085704
36780.63500008006
36793.10000007353
36925.00000000443
36973.669999978934
37094.729999915515
37103.86499991073
37118.84499990288
37130.56999989674
37340.344999786845
37357.7949997777
37390.6399997605
37497.16999970469
37564.44999966944
37575.14499966384
37590.09499965601
37606.37999964748
37661.569999618565
37718.949999588505
37874.62999950695
38126.90999937479
38246.25499931227
38525.15499916616
38549.614999153346
38795.15999902471
38894.569998972634
38916.29999896125
38966.744998934824
38982.15499892675
39053.35499888945
39074.71499887826
39103.92499886296
39367.55499872485
39481.299998665265
39495.71999865771
39693.95499855386
39845.724998474354
40028.99999837834
40127.46499832676
40140.224998320075
40151.23499831431
40183.08999829762
40204.149998286586
40215.07499828086
40520.82499812069
40763.76999799342
40849.14999794869
40885.60999792959
40933.22499790465
40994.84999787236
41005.079997867004
41216.484997756255
41304.254997710275
41317.51499770333
41327.44499769813
41361.05999768052
41445.69499763618
41459.67999762885
41473.59499762156
41550.979997581024
41633.15999753797
41647.47999753047
41659.33999752426
41687.214997509654
41954.80499736947
42010.424997340335
42168.12999725772
42181.304997250816
42198.68499724171
42228.57999722605
42349.10999716291
42473.31499709784
42484.36999709205
42985.46499682954
43100.334996769365
43176.67499672937
43192.744996720954
43280.759996674846
43295.46499666714
43331.69499664816
43352.86499663707
43372.864996626595
43465.07499657829
43483.84999656845
43497.62499656124
43550.28499653365
43585.08499651542
43743.14499643262
43765.02999642115
43801.79499640189
43815.05999639494
43915.784996342176
43961.674996318136
44068.94499626194
44081.48499625537
44093.099996249286
44123.4299962334
44141.46999622395
44158.43499621506
44225.824996179756
44246.58999616888
44264.20499615965
44274.09499615447
44436.144996069575
44534.794996017896
44605.37999598092
44616.17499597526
44703.424995929556
44907.654995822566
44917.59499581736
44964.8499957926
45131.84999570512
45218.249995659855
45236.79499565014
45279.47999562778
45290.56999562197
45341.159995595466
45428.8999955495
45540.754995490905
45561.87499547984
45640.55999543862
45695.01499541009
45767.70499537201
45847.63499533014
45869.749995318554
45931.01499528646
45995.19499525284
46076.439995210276
46086.16499520518
46130.33499518204
46148.62999517246
46164.55999516411
46273.41499510709
46285.44999510078
46300.734995092775
46497.94499498946
46510.459994982906
46634.72499491781
46701.884994882625
46797.594994832485
46947.804994753795
47092.6799946779
47449.954994490734
47458.55499448623
47478.4649944758
47498.114994465504
47509.48499445955
47521.079994453474
47539.90499444361
47577.51999442391
47588.574994418115
47603.89499441009
47613.0399944053
47760.68999432795
47773.68499432114
47905.78499425194
48285.239994053154
48299.75999404555
48448.619993967564
48469.28499395674
48488.344993946754
48531.92999392392
48600.65499388792
48726.434993822026
48741.10999381434
48795.08499378606
48823.10999377138
48970.294993694275
48995.49999368107
49217.739993564646
49259.74499354264
49402.43499346789
49639.43499334373
49652.049993337125
49759.79999328068
49769.864993275405
49869.239993223346
49885.47499321484
49902.95999320568
49920.779993196345
144.74999999994085
224.24499999986855
236.91999999985703
292.4249999998066
364.36499999974114
413.82999999969616
440.2849999996721
517.9199999996015
612.8049999995152
673.49999999946
689.7199999994452
903.294999999251
915.8249999992396
935.6249999992216
986.864999999175
1059.9649999999262
1223.6850000035
1235.230000003752
1451.430000008471
1471.0550000088995
1490.1150000093155
1504.9900000096402
1589.1200000114766
1713.8550000141993
1913.9850000185677
1924.670000018801
1937.2050000190745
1947.310000019295
1994.3500000203219
2008.7050000206352
2135.0300000233924
2330.9350000276686
2416.2000000295297
2431.875000029872
2760.905000037054
2827.970000038518
2938.615000040933
3037.2300000430855
3078.845000043994
3473.1050000525997
3529.9550000538406
3601.480000055402
3627.8550000559776
3757.945000058817
3794.2500000596096
3810.200000059958
3994.9850000639913
4091.265000066093
4113.335000066574
4123.6950000668
4143.330000067229
4160.555000067605
4212.240000068733
4235.400000069239
4254.790000069662
4280.915000070232
4427.6300000734345
4440.435000073714
4662.7400000785665
4834.550000082317
4957.230000084995
4970.130000085276
5098.395000088076
5114.565000088429
5191.8800000901165
5204.790000090398
5394.4200000945375
5484.9450000965135
5672.935000100617
5873.960000105005
6014.895000108081
6090.630000109734
6161.490000111281
6223.520000112635
6242.195000113043
6419.740000116918
6566.505000120122
6733.065000123757
6747.260000124067
6782.380000124834
6838.070000126049
7002.330000129635
7010.620000129816
7025.665000130144
7154.485000132956
7257.565000135206
7682.260000144476
7713.295000145154
7777.090000146546
7797.900000147
7806.350000147185
7815.610000147387
7832.830000147763
8006.535000151554
8029.22000015205
8083.380000153232
8250.80000014619
8289.180000140046
8399.240000122429
8524.520000102375
8564.520000095972
8582.390000093112
8601.470000090058
8615.790000087765
8641.785000083604
9012.310000024294
9030.645000021359
9044.335000019168
9204.429999993541
9214.339999991955
9232.599999989032
9242.704999987414
9692.444999915424
9743.249999907292
9757.514999905008
9777.234999901852
10064.899999855805
10082.259999853026
10207.86499983292
10230.069999829366
10362.54499980816
10663.269999760023
10813.574999735964
11388.334999643961
11427.899999637628
11541.389999619461
11639.559999603747
11662.664999600049
11749.68499958612
11813.389999575922
11835.624999572363
12060.004999536446
12193.414999515091
12309.879999496448
12330.139999493205
12431.954999476908
12460.899999472274
12568.899999454987
12649.53499944208
12669.254999438923
12678.374999437463
12697.76499943436
12718.524999431036
12734.424999428491
12747.434999426408
12782.354999420819
12792.65499941917
12889.089999403734
12948.829999394171
13102.789999369526
13119.394999366868
13470.97999931059
13525.76499930182
13562.699999295908
13574.534999294014
13752.119999265587
13772.364999262347
13984.029999228465
14073.249999214184
14276.424999181661
14292.324999179116
14302.194999177536
14330.014999173083
14377.939999165412
14672.424999118273
14683.949999116428
14706.359999112841
14736.73499910798
14837.849999091794
14866.584999087194
15165.189999039396
15185.124999036205
15238.909999027595
15259.419999024312
15300.84999901768
15312.354999015839
15411.394998999986
15471.309998990395
15520.594998982506
15538.539998979633
15811.779998935895
16030.84499890083
16043.89999889874
16254.814998864978
16264.61499886341
16279.384998861045
16293.574998858774
16306.21999885675
16501.17499886817
16621.92499889277
16764.874998921892
16837.039998936594
16849.464998939126
16863.344998941953
16877.104998944757
16930.684998955672
16947.734998959146
17262.999999023374
17279.539999026743
17615.139999095114
18076.509999189107
18177.05499920959
18338.39499924246
18360.639999246992
18379.414999250817
18476.284999270552
18680.679999312193
18703.10499931676
18728.804999321997
18743.0549993249
18849.304999346547
18968.239999370777
18982.0949993736
19001.019999377455
19594.359999498334
19622.589999504085
19660.039999511715
19929.59499956663
20338.839999650005
20370.979999656553
20428.43999966826
20441.34999967089
20507.549999684376
20532.054999689368
20636.234999710592
20836.419999751375
20939.32499977234
20950.27499977457
21000.994999784903
21019.09499978859
21059.24999979677
21068.7149997987
21078.469999800687
21090.94999980323
21239.639999833522
21252.954999836234
21303.814999846596
21727.849999932983
21758.56499993924
21768.32999994123
21800.114999947706
21816.91499995113
21971.269999982575
21990.93499998658
22033.554999995264
22067.625000002205
22139.790000016907
22156.610000020333
22181.405000025385
22192.63000002767
22206.61500003052
22229.92500003527
22307.58000005109
22353.71500006049
22378.175000065472
22626.320000116026
22678.700000126697
22768.78000014505
22843.610000160294
22855.67500016275
22934.4500001788
23019.585000196144
23052.780000202907
23091.090000210712
23315.20000025637
23345.520000262546
23579.300000310173
23607.425000315903
23719.67500033877
23751.350000345225
23929.395000381497
23965.63000038888
24088.080000413825
24214.065000439492
24351.870000467567
24387.445000474814
24411.4300004797
24491.915000496097
24510.610000499906
24551.23000050818
24655.77500052948
24922.56000058383
25194.025000639136
25203.785000641124
25338.725000668615
25362.665000673493
25371.255000675243
25408.45500068282
25679.73500073809
25800.10500076261
25816.88500076603
25882.18000077933
25904.285000783835
25916.700000786364
26026.515000808737
26077.270000819077
26096.96000082309
26206.015000845306
26226.080000849393
26279.495000860275
26361.210000876923
26610.975000927807
26625.065000930677
26641.47000093402
26694.740000944872
26703.61500094668
26713.270000948647
26725.180000951073
26754.795000957107
26987.305001004475
27002.49500100757
27047.490001016737
27066.785001020668
27076.735001022695
27087.885001024966
27105.840001028624
27120.15000103154
27202.61000104834
27421.600001092953
27436.960001096082
27453.580001099468
27468.085001102423
27498.295001108578
27514.50000111188
27536.780001116418
27624.790001134348
27645.31500113853
27684.915001146597
27709.08500115152
27754.09000116069
27792.500001168515
27809.50000117198
27899.935001190403
27917.705001194023
27951.390001200885
28019.380001214737
28162.015001243795
28213.97500125438
28229.155001257473
28240.200001259724
28249.910001261702
28264.76500126473
28572.54500132743
28584.47500132986
28638.11000134079
28754.40500136448
28799.37000137364
28898.245001393785
28919.07500139803
28994.595001413414
29154.69500144603
29428.98000150191
29488.695001514076
29502.65500151692
29567.11000153005
29776.60000157273
29913.030001600524
29926.1600016032
29937.240001605456
29950.335001608124
29964.955001611102
30088.610001636294
30109.35500164052
30157.960001650423
30170.255001652928
30394.110001698533
30555.620001731437
30605.185001741535
30694.130001759655
30861.44500179374
30934.200001808564
30955.15000181283
30976.5950018172
31241.785001871227
31252.50500187341
31307.950001884707
31469.75500191767
31486.105001921
31517.61500192742
31625.720001949445
31635.670001951472
31643.95500195316
31653.640001955133
31768.64000197856
31781.090001981098
32006.760002027073
32023.955002030576
32067.820002039512
32114.450002049012
32243.63000207533
32297.57000208632
32474.715002122408
32524.560002132563
32556.74500213912
32597.770002147477
32682.25000216469
32697.07500216771
32718.23000217202
32730.570002174532
32919.695002102686
32995.81000206281
33210.66000195026
33227.005001941696
33240.67000193454
33369.275001867165
33383.62500185965
33406.2450018478
33479.81000180926
33643.91500172329
33739.060001673446
33933.005001571844
33945.430001565335
33957.86500155882
33981.67000154635
34004.720001534275
34120.12000147382
34181.215001441815
34340.28500135848
34355.24000135065
34425.415001313886
34511.63000126872
34522.49000126303
34610.32500121702
34756.55500114041
34833.58500110006
34938.620001045034
35005.27000101012
35299.110000856184
35772.85000060801
35793.660000597105
35919.15500053136
35963.99500050787
36086.98500044344
36103.510000434784
36310.470000326364
36419.13000026944
36434.80500026123
36668.765000138665
36703.010000120725
36837.50500005027
36848.330000044596
36870.000000033244
36882.62500002663
36900.025000017515
36917.19000000852
36926.635000003575
36937.73999999776
36970.96999998035
36985.55499997271
37031.20499994879
37065.274999930945
37118.094999903275
37171.769999875156
37201.25999985971
37214.17999985294
37419.124999745574
37566.604999668314
37635.1549996324
37976.459999453604
38124.91999937583
38177.05499934852
38581.98499913639
38688.24499908072
38775.854999034826
38785.30999902987
38805.979999019044
38816.799999013376
38872.979998983945
38898.09499897079
39089.18999887068
39138.33999884493
39376.49499872017
39429.14499869259
39438.424998687726
39460.38499867622
39591.39499860759
39613.604998595954
39790.554998503256
39813.39999849129
39848.07999847312
39890.57499845086
40181.93999829822
40195.35999829119
40257.53999825862
40489.17999813727
40502.39999813034
40675.25499803979
40811.86999796822
40839.18499795391
41044.32999784644
41089.659997822695
41187.02499777169
41266.04499773029
41295.92499771464
41684.87499751088
41699.85499750303
41727.42999748859
41750.90499747629
41819.88999744015
41958.81999736737
42155.229997264476
42350.014997162434
42433.814997118534
42682.77999698811
42773.344996940665
42786.304996933875
42914.98999686646
43322.98999665272
43341.61999664296
43367.96499662916
43492.354996564
43843.229996380185
43857.26499637283
43984.97499630593
44075.03499625875
44084.414996253836
44350.53999611442
44361.854996108494
44372.02999610316
44470.74499605145
44504.39499603382
44589.36499598931
44766.10999589672
44781.46999588867
44849.434995853066
44890.439995831584
44903.12499582494
44935.90499580777
45027.43499575982
45092.379995725794
45100.16999572171
45121.834995710364
45140.17999570075
45259.56499563821
45330.47999560106
45357.559995586875
45427.54499555021
45439.03499554419
45509.544995507254
45521.00999550125
45556.95499548242
45617.794995450546
45646.86499543532
45836.60499533592
45866.4149953203
45919.2949952926
45945.184995279036
45959.92999527131
46028.814995235225
46045.44499522651
46061.609995218045
46114.44999519036
46137.774995178144
46149.109995172206
46185.264995153266
46204.6699951431
46397.97999504183
46410.989995035015
46430.72499502468
46454.85999501203
46784.459994839366
46793.63999483456
46873.76999479258
47221.744994610286
47276.17999458177
47310.63499456372
47320.33499455864
47605.429994409285
47823.784994294896
47931.64999423839
47949.26499422916
47965.369994220724
47978.349994213924
48101.33999414949
48144.48999412689
48190.6599941027
48429.91499397736
48443.92999397002
48502.41999393938
48544.11499391754
48556.26499391117
48700.00499383587
48898.87999373169
48933.17999371372
48953.879993702874
48990.814993683525
49115.599993618154
49174.36999358737
49207.67999356992
49224.60499356105
49241.29499355231
49252.694993546334
49277.48499353335
49759.61999328077
49854.54999323104
49867.58999322421
49955.71999317804
49971.404993169825
49999.97499315486
0
76.55500000000286
253.58499999984187
341.5599999997619
417.0999999996932
430.20999999968126
462.64499999965176
474.07999999964136
690.2949999994447
736.8899999994023
925.0749999992312
1091.790000000621
1107.1550000009563
1244.5200000039547
1254.4900000041723
1339.4750000060274
1347.8250000062096
1358.055000006433
1372.1550000067407
1434.9150000081106
1448.1700000084
1488.2350000092745
1502.8900000095944
1537.4700000103492
1547.1500000105605
1555.7250000107476
1565.730000010966
1637.5900000125346
1716.5050000142571
1728.4350000145175
1740.0700000147715
1749.6100000149797
1771.0900000154486
1948.6150000193236
1960.3700000195802
1987.4050000201703
2402.8950000292393
2559.3600000326546
2585.2000000332187
2671.7250000351073
2685.780000035414
2716.925000036094
2769.4100000372396
2820.1750000383477
2844.4050000388766
2858.1400000391764
2893.775000039954
2909.6450000403006
2924.505000040625
2942.2200000410116
3080.815000044037
3105.0750000445664
3119.340000044878
3151.235000045574
3161.9350000458076
3173.690000046064
3186.690000046348
3265.805000048075
3276.400000048306
3302.6600000488793
3337.7700000496457
3476.5750000526755
3509.2750000533892
3530.885000053861
3708.59000005774
3930.925000062593
3942.740000062851
3965.9600000633577
4218.150000068862
4270.28000007
4377.535000072341
4439.125000073685
4474.250000074452
4505.125000075126
4618.355000077598
4673.180000078794
4705.825000079507
4716.375000079737
4727.390000079978
4777.7300000810765
4917.775000084133
5021.17000008639
5180.160000089861
5197.450000090238
5216.175000090647
5233.155000091017
5457.960000095924
5477.540000096352
5588.31500009877
5848.0600001044395
5911.620000105827
6022.200000108241
6036.180000108546
6080.200000109507
6184.81000011179
6218.285000112521
6337.2950001151185
6347.320000115337
6358.3700001155785
6477.330000118175
6506.500000118812
6519.400000119093
6529.8950001193225
6539.210000119526
6960.520000128722
7084.675000131432
7172.940000133359
7357.955000137397
7419.440000138739
7490.400000140288
7629.790000143331
7725.755000145426
7737.86000014569
7747.93000014591
7756.855000146104
7798.7300001470185
7897.6400001491775
8115.900000153942
8127.000000154184
8138.010000154424
8149.970000154685
8174.105000155212
8586.515000092451
8759.795000064714
8786.18500006049
9030.870000021323
9083.395000012915
9148.89500000243
9357.339999969065
9501.724999945953
9633.774999924815
9665.744999919698
9679.579999917483
9696.329999914802
9731.3249999092
9742.839999907357
9754.324999905519
9765.219999903775
9796.444999898777
9812.329999896234
9825.759999894084
10278.14499982167
10293.969999819137
10429.109999797505
10443.334999795228
10514.079999783904
10534.884999780574
10729.749999749381
10742.419999747353
10767.349999743363
10960.309999712475
10971.454999710691
10989.299999707835
11154.639999681369
11165.974999679554
11641.154999603492
11650.304999602027
11660.59499960038
11675.054999598065
11717.3149995913
11730.324999589218
11749.61999958613
11775.439999581997
12057.35999953687
12086.889999532143
12175.729999517922
12193.819999515026
12230.52999950915
12240.124999507614
12330.389999493165
12406.799999480934
12586.639999452147
12652.65999944158
12996.769999386497
13079.284999373289
13164.159999359703
13609.839999288362
13721.829999270436
13735.319999268277
13804.07999925727
13819.959999254728
13831.81999925283
13943.01999923503
13958.549999232544
13967.094999231176
13977.899999229447
13987.514999227908
14002.359999225531
14023.534999222142
14035.509999220225
14081.63999921284
14114.829999207528
14123.409999206155
14139.879999203518
14194.804999194726
14208.77499919249
14224.849999189917
14311.749999176007
14638.71499912367
14692.93999911499
14981.829999068746
14995.079999066626
15017.364999063058
15126.904999045524
15328.644999013231
15346.819999010322
15480.564998988913
15491.149998987219
15518.024998982917
15553.189998977288
15574.814998973827
15716.1699989512
15851.619998929518
15904.70499892102
15917.469998918978
15941.56999891512
15954.43499891306
15997.934998906097
16008.239998904448
16031.484998900727
16132.864998884499
16151.22999888156
16605.904998889506
16643.844998897235
16785.72499892614
16814.669998932037
16823.604998933857
16868.57999894302
16983.744998966482
17000.289998969853
17020.764998974024
17033.979998976716
17052.044998980396
17086.049998987324
17158.889999002164
17192.84499900908
17207.454999012058
17309.184999032783
17326.434999036297
17338.2249990387
17348.599999040813
17415.074999054355
17427.46499905688
17671.549999106606
17724.749999117445
17800.349999132846
17965.379999166467
18255.944999225663
18270.539999228637
18280.874999230742
18298.164999234265
18316.319999237963
18438.214999262796
18450.779999265356
18462.2899992677
18477.024999270703
18492.984999273955
18511.66999927776
18907.859999358476
19236.969999425524
19251.604999428506
19266.044999431448
19306.294999439648
19357.584999450097
19444.304999467764
19699.199999519693
19826.404999545608
19835.384999547437
19908.054999562242
19923.65999956542
19969.2099995747
20034.83499958807
20289.18499963989
20312.079999644553
20322.214999646618
20336.624999649554
20537.719999690522
20549.469999692916
20560.204999695103
20574.264999697967
20656.98499971482
20885.019999761276
20907.51499976586
21055.649999796038
21075.73499980013
21139.924999813207
21252.38999983612
21411.61999986856
21432.169999872745
21444.579999875274
21455.11999987742
21471.939999880848
21481.27999988275
21491.43499988482
21744.299999936335
21753.59499993823
21817.17499995118
22280.305000045533
22289.71500004745
22298.64500004927
22333.760000056423
22345.880000058893
22389.765000067833
22403.510000070633
22464.135000082984
22481.565000086535
22490.18000008829
22626.44000011605
22680.405000127044
22711.6000001334
22729.655000137078
22775.65500014645
22785.205000148395
23054.330000203223
23064.5300002053
23074.8350002074
23165.425000225856
23249.540000242992
23375.510000268656
23533.810000300906
23543.1150003028
23668.505000328347
23681.800000331055
23699.24500033461
23878.440000371116
23891.90000037386
23903.510000376224
24019.110000399774
24040.73000040418
24056.5400004074
24108.850000418057
24123.800000421103
24183.165000433197
24266.215000450116
24370.675000471398
24383.020000473913
24421.92500048184
24430.145000483513
24519.150000501646
24559.22500050981
24582.33500051452
24591.41500051637
24605.76500051929
24703.610000539225
24775.275000553826
24899.04500057904
24918.755000583056
24929.950000585337
24939.085000587198
25254.2250006514
25399.090000680913
25659.61000073399
25758.43000075412
25771.78000075684
25819.770000766617
25834.51500076962
25892.73000078148
25956.98500079457
26032.28000080991
26044.29500081236
26060.85000081573
26159.930000835917
26169.77000083792
26181.20000084025
26200.675000844218
26214.550000847044
26233.745000850955
26380.375000880827
26413.86500088765
26737.43500095357
26749.330000955993
26766.19500095943
26779.185000962076
26811.79500096872
26911.065000988943
27194.47500104668
27290.04000106615
27316.20000107148
27334.870001075284
27345.150001077378
27358.100001080016
27371.980001082844
27442.50500109721
27464.755001101745
27488.850001106654
27544.175001117925
27997.74500121033
28019.09500121468
28033.38500121759
28372.035001286582
28389.330001290105
28607.110001334473
28991.450001412773
29103.79000143566
29144.82500144402
29733.535001563956
29743.91000156607
29759.08000156916
29769.5900015713
29785.460001574535
29803.15500157814
29842.455001586146
29949.87000160803
29961.025001610302
29994.215001617064
30176.140001654127
30188.095001656562
30211.830001661398
30222.580001663588
30236.220001666366
30613.055001743138
30635.69000174775
30855.190001792467
31167.14000185602
31783.080001981503
32076.225002041225
32164.640002059237
32181.34500206264
32381.22000210336
32681.885002164614
32938.91000209262
33017.00000205171
33035.33000204211
33050.35000203424
33069.220002024354
33079.830002018796
33092.15000201234
33114.90500200042
33202.72000195442
33233.34000193838
33318.45500189379
33492.84500180243
33511.36500179273
33636.84500172699
33654.60000171769
33757.01000166404
33773.480001655415
33794.020001644654
34098.330001485236
34127.440001469986
34141.680001462526
34252.43000140451
34304.24500137736
34369.89500134297
34408.850001322564
34450.290001300855
34461.29000129509
34474.14500128836
34547.45500124995
34673.57500118388
34760.43500113838
34897.6450010665
35065.880000978366
35080.980000970456
35089.935000965765
35101.78500095956
35113.815000953255
35170.415000923604
35245.08500088449
35270.095000871384
35283.37000086443
35361.08000082372
35623.09000068646
35914.05000053404
35923.485000529094
35932.16000052455
35941.465000519675
36167.895000401055
36193.52500038763
36335.47000031327
36364.08000029828
36374.90000029261
36493.87000023029
36506.530000223654
36656.82500014492
36692.11500012643
36829.625000054395
36945.69999999359
37296.134999810005
37306.87499980438
37325.21499979477
37334.16999979008
37345.86999978395
37508.92499969853
37526.96999968908
37550.70499967664
37768.03499956279
38082.07999939827
38102.08499938779
38116.604999380186
38126.494999375005
38229.98999932079
38243.40499931376
38343.33999926141
38397.59999923298
38415.709999223494
38432.05999921493
38490.67499918422
38595.02499912956
38699.52999907481
38931.20499895344
39218.74999880281
39228.17999879787
39237.114998793186
39249.89499878649
39264.08499877906
39282.02499876966
39293.83999876347
39475.68499866821
39538.77999863515
39550.22499862916
40105.6249983382
40316.06499822796
40326.57999822245
40398.67999818468
40464.26499815032
40621.25499806808
40634.47499806115
40661.59999804694
40680.60999803698
40692.31999803085
41149.22499779149
41270.55499772793
41281.95499772196
41296.39999771439
41308.434997708086
41319.89999770208
41331.24999769613
41341.669997690675
41787.354997457194
41800.23499745045
41835.22499743212
41852.27999742318
41983.164997354615
41994.89499734847
42009.48499734083
42049.994997319605
42064.119997312206
42080.479997303635
42100.45999729317
42112.57499728682
42122.61999728156
42200.54499724074
42229.294997225676
42240.35999721988
42312.11499718229
42327.889997174025
42388.134997142464
42460.76999710441
42606.78999702792
42617.95499702207
42664.879996997486
42781.73999693627
42884.44999688246
42899.41499687462
42949.819996848215
42990.51999682689
43087.394996776144
43441.22999659078
43721.14999644414
43790.87499640761
43805.44499639998
44171.19999620837
44195.71999619553
44270.76999615621
44304.65499613846
44318.26499613133
44393.139996092104
44478.539996047366
44513.719996028936
44548.31499601081
44987.389995780795
45015.679995765975
45040.094995753185
45202.079995668326
45265.8849956349
45335.80499559827
45379.00999557564
45394.63999556745
45647.574995434945
45784.03499536346
45795.46999535747
45953.20999527483
45973.779995264056
46017.44499524118
46031.94999523358
46076.48499521025
46387.80999504716
46469.12499500456
46489.74499499376
46663.10499490294
46710.18499487828
46735.43499486505
46758.6299948529
46768.539994847706
46866.8549947962
46930.36999476293
47170.42999463717
47261.76999458932
47272.504994583694
47324.46999455647
47345.56999454542
47364.914994535284
47419.32499450678
47473.16999447857
47529.514994449055
47556.13999443511
47574.814994425324
47718.86499434986
47805.154994304656
47889.97999426022
47950.29499422862
47969.78999421841
47979.3449942134
48031.0849941863
48050.97499417588
48074.689994163455
48224.609994084916
48328.704994030384
48347.294994020645
48440.41999397186
48455.95999396372
48991.56999368313
49147.89999360123
49160.73999359451
49519.44499340659
49582.21499337371
49702.74499331057
