1.4149999999999918
26.61999999999899
166.16499999992138
191.84499999989802
228.144999999865
588.5749999995372
844.2249999993047
972.6749999991879
1029.90499999927
1168.8400000023028
1285.8300000048564
1379.3500000068977
1499.6000000095225
1531.2000000102123
1588.6300000114659
1618.2150000121117
1650.5550000128176
1793.2450000159322
1884.5100000179243
1935.665000019041
1961.9950000196156
2021.5600000209158
2065.2550000218694
2121.6400000231
2167.91000002411
2235.210000025579
2520.8700000318145
2673.0550000351363
2695.1500000356186
2785.0400000375807
2805.16000003802
2831.090000038586
2869.7250000394292
2895.3900000399894
3031.8150000429673
3100.0000000444556
3188.6350000463904
3236.2500000474297
3361.4950000501635
3433.665000051739
3627.1200000559616
3647.2150000564
3680.7250000571316
3714.5750000578705
3754.820000058749
3835.49500006051
3875.715000061388
3961.4100000632584
3984.3650000637595
4076.890000065779
4096.425000066205
4120.48000006673
4340.595000071535
4384.415000072491
4407.9300000730045
4445.155000073817
4555.475000076225
4579.230000076744
4601.190000077223
4811.825000081821
4860.510000082883
4881.810000083348
4979.050000085471
5016.695000086293
5049.780000087015
5084.075000087763
5291.300000092287
5320.850000092932
5422.995000095161
5443.0950000956
5474.140000096278
5504.5550000969415
5539.075000097695
5678.855000100746
5811.370000103639
5873.025000104984
5889.070000105335
5908.420000105757
6086.000000109633
6487.075000118388
6526.55500011925
6731.3350001237195
6780.715000124797
6799.62000012521
6813.160000125506
6844.9900001262
7120.250000132209
7146.220000132776
7417.460000138696
7466.850000139774
7763.230000146244
7926.100000149799
8157.145000154842
8204.515000153599
8404.900000121523
8602.925000089825
8618.685000087302
8638.970000084055
8691.900000075582
8715.795000071757
8831.220000053281
8940.720000035753
8967.48000003147
9019.260000023181
9137.15500000431
9381.559999965188
9400.984999962078
9444.114999955174
9479.614999949492
9641.709999923545
9721.404999910788
9741.459999907578
9763.479999904053
9942.409999875412
9955.504999873316
9975.304999870146
10257.914999824909
10274.564999822243
10336.044999812402
10687.939999756074
10814.214999735861
10913.504999719968
10947.84999971447
10992.169999707376
11241.2799996675
11298.739999658303
11333.55499965273
11452.149999633746
11524.804999622116
11618.729999607081
11825.95999957391
11842.70499957123
12071.72999953457
12099.814999530074
12126.809999525753
12292.484999499233
12438.62999947584
12465.969999471463
12579.274999453326
12809.83999941642
12937.829999395932
12958.429999392634
12976.19499938979
13010.404999384315
13038.554999379809
13064.90499937559
13432.209999316796
13450.499999313868
13486.444999308114
13529.844999301167
13557.334999296767
13699.109999274073
13773.084999262232
13790.419999259457
14005.634999225007
14050.549999217817
14179.239999197218
14231.70499918882
14367.63999916706
14402.584999161467
14436.104999156101
14457.034999152751
14593.79499913086
14768.599999102878
15011.399999064013
15237.294999027854
15323.929999013986
15473.144998990101
15534.519998980277
15576.809998973507
15781.069998940811
15898.159998922069
16376.274998845536
16841.43499893749
16958.90499896142
17001.11999897002
17290.304999028936
17313.654999033693
17330.654999037157
17561.0799990841
17585.41499908906
17608.069999093674
17638.29499909983
17740.274999120607
17824.41499913775
17848.12499914258
17878.349999148737
18223.409999219035
18309.04499923648
18415.739999258218
18517.224999278893
18556.96499928699
18802.82999933708
18980.124999373198
19014.669999380236
19245.569999427276
19270.494999432354
19291.549999436644
19317.074999441844
19351.769999448912
19440.739999467038
19669.18999951358
19998.139999580595
20086.32999959856
20172.489999616115
20218.299999625448
20722.27999972812
21039.70499979279
21166.82999981869
21213.539999828205
21238.094999833207
21289.78999984374
21522.469999891142
21605.02499990796
21627.389999912517
21642.684999915633
21668.28999992085
21837.279999955277
21913.609999970828
21940.599999976326
21985.73499998552
22089.220000006604
22106.460000010116
22123.195000013526
22612.01000011311
22636.35500011807
22904.330000172664
23055.430000203447
23111.285000214826
23406.930000275057
24223.565000441427
24249.575000446726
24299.990000456997
24776.595000554094
24893.49000057791
25000.11500059963
25031.195000605963
25070.21000061391
25168.17000063387
25265.785000653756
25297.545000660226
25319.520000664703
25360.275000673006
25375.895000676188
25495.200000700494
25595.835000720996
25619.400000725796
25726.365000747588
25791.285000760814
25940.315000791175
25964.700000796143
26034.450000810353
26088.755000821417
26217.705000847687
26278.620000860097
26332.100000870993
26352.300000875108
26372.200000879162
26393.69500088354
26434.52000089186
26454.885000896007
26468.385000898757
26496.0900009044
26581.080000921716
26609.185000927442
26793.88500096507
27250.58000105811
27400.360001088626
27486.67500110621
27516.86000111236
27689.25000114748
27730.690001155923
27827.03500117555
27852.050001180647
28149.03500124115
28264.39000126465
28453.520001303183
28505.73000131382
28969.365001408274
29142.81000144361
29273.115001470156
29351.830001486192
29433.525001502836
29454.345001507078
29570.210001530682
29651.7700015473
29710.700001559304
29730.8050015634
29768.100001570998
29781.21000157367
29929.565001603893
30228.995001664895
30270.35000167332
30376.845001695016
30448.805001709676
30487.760001717612
30545.03000172928
30958.955001813607
30979.98500181789
31467.565001917224
31570.110001938116
31602.150001944643
31621.635001948613
31733.015001971304
31748.155001974388
31977.820002021177
32026.145002031022
32114.98500204912
32202.170002066883
32247.695002076158
32318.815002090647
32342.10500209539
32547.840002137305
32632.33000215452
32656.400002159422
32678.935002164013
32771.50500218032
32797.5000021667
33097.29500200965
33447.90500182597
33465.97000181651
33696.190001695904
33716.2400016854
33737.020001674515
33816.6550016328
33888.55500159513
34025.68500152329
34059.810001505415
34132.07000146756
34388.650001333146
34482.035001284225
34543.235001252164
34774.3300011311
34887.48500107182
34913.33500105828
34979.24500102375
35147.16500093578
35216.035000899705
35245.69500088417
35439.36000078271
35459.69000077206
35486.93000075779
35526.875000736865
35605.54500069565
35651.38500067164
35919.190000531344
35976.895000501114
36093.84500043985
36121.52000042535
36186.715000391196
36218.7800003744
36238.04000036431
36508.89000022242
36535.95500020824
36704.98500011969
36722.845000110334
37143.73999988984
37234.23499984243
37339.83999978711
37361.644999775686
37413.854999748335
37449.36499972973
37486.03499971052
37567.52499966783
37721.46499958719
37876.509999505965
37892.21499949774
38077.2499994008
38135.65499937021
38185.2949993442
38290.07499928931
38514.244999171875
38656.65499909727
38728.819999059466
38813.84999901492
38843.70499899928
39049.86999889128
39122.58999885318
39199.83999881271
39344.00499873719
39367.10499872509
39386.714998714815
39990.21499839866
40008.799998388924
40025.62499838011
40128.30499832632
40170.534998304196
40215.82499828047
40291.26999824095
40309.59499823135
40326.77499822235
40347.16999821166
40462.67499815115
40725.674998013375
40744.62499800345
40759.53499799564
40778.534997985684
40934.25499790411
40959.304997890984
41126.63999780332
41161.12499778526
41267.49999772953
41289.07499771823
41450.25499763379
41469.199997623866
41496.249997609695
41749.12499747722
41776.15499746306
41904.83499739565
41947.16999737347
42006.42999734243
42043.57499732297
42151.58999726638
42188.94999724681
42204.95499723843
42224.43999722822
42298.07999718964
42322.85499717666
42341.79999716674
42368.224997152895
42401.17999713563
42424.629997123346
42442.44999711401
42532.884997066634
42658.909997000614
42678.44499699038
42699.74499697922
42729.10999696384
42821.7599969153
42963.19499684121
43008.75999681734
43153.154996741694
43268.12999668146
43521.89499654852
43681.68499646481
44105.62999624272
44127.78999623111
44147.88999622058
44213.79499618606
44288.1599961471
44587.79499599013
44771.229995894035
44855.00499585015
45035.529995755576
45197.68499567063
45235.754995650685
45265.074995635325
45289.354995622605
45315.15499560909
45553.219995484375
45808.75499535051
45841.7899953332
45887.044995309494
45938.694995282436
46020.014995239835
46148.37499517259
46174.53499515889
46446.8999950162
46476.20999500085
46564.579994954554
46621.35999492481
46659.68999490473
46707.094994879895
46765.62499484923
46805.1999948285
46847.7649948062
46913.4399947718
46942.52999475656
47442.279994494755
48003.504994200746
48139.15999412968
48164.519994116396
48190.05499410302
48208.9899940931
48490.25999394575
48509.494993935674
48665.53499385393
48697.97999383693
48729.30499382052
48939.599993710355
48955.82999370185
48997.86999367983
49020.289993668084
49058.93999364784
49099.68499362649
49212.90499356718
49375.56499348197
49427.78999345461
49487.484993423335
49729.089993296766
49824.30999324688
49939.25499318667
49977.47999316664
49994.61999315766
422.3849999996884
678.999999999455
728.0349999994104
765.4099999993764
852.4499999992972
1300.5450000051776
1396.1500000072645
1415.830000007694
1444.2650000083147
1516.0050000098806
1590.005000011496
1620.7400000121668
1832.225000016783
1866.8750000175394
2108.530000022814
2177.9500000243293
2303.370000027067
2389.7450000289523
2443.5450000301266
2611.9900000338034
2632.670000034255
2789.0150000376675
2866.5400000393597
3184.1050000462915
3205.755000046764
3263.980000048035
3303.9550000489076
3321.885000049299
3703.8550000576365
4109.03000006648
4203.555000068543
4360.9250000719785
4388.775000072586
4569.325000076527
4682.240000078992
4795.150000081457
4808.305000081744
4835.62000008234
4948.710000084809
4980.025000085492
5103.195000088181
5255.410000091503
5312.905000092758
5582.2550000986375
5725.7400001017695
5843.565000104341
5983.280000107391
6010.855000107993
6048.29500010881
6217.195000112497
6235.075000112887
6322.780000114802
6506.785000118818
6532.765000119385
6664.560000122262
6962.7800001287715
7011.835000129842
7084.605000131431
7108.090000131943
7144.190000132731
7432.110000139016
7453.265000139478
7472.255000139892
7546.8500001415205
7644.385000143649
7700.980000144885
7731.125000145543
7812.5650001473205
7931.080000149907
8037.435000152229
8148.310000154649
8449.100000114448
8714.305000071996
8732.195000069132
8916.085000039697
8989.395000027962
9039.535000019936
9240.23499998781
9375.009999966236
9419.39999995913
9490.754999947709
9646.069999922847
9737.729999908175
9781.339999901194
9929.534999877473
9946.04999987483
10068.394999855245
10120.264999846942
10199.419999834272
10217.839999831323
10231.754999829096
10330.484999813292
10398.484999802407
10536.209999780362
10562.734999776116
10576.114999773974
10594.0649997711
10615.62499976765
10721.469999750707
10752.229999745783
10832.329999732961
10963.354999711988
11190.61999967561
11219.994999670907
11240.96999966755
11279.64499966136
11294.609999658964
11328.009999653617
11409.239999640615
11573.274999614358
12083.129999532744
12152.954999521568
12185.829999516305
12206.53999951299
12257.509999504831
12268.674999503044
12282.164999500885
12592.689999451179
12625.79499944588
12651.65999944174
12906.074999401015
12921.464999398551
13276.269999341757
13314.329999335665
13358.59499932858
13472.28999931038
13507.174999304796
13526.95499930163
13540.929999299393
13659.379999280432
13719.849999270753
13788.569999259753
13968.899999230887
14010.704999224195
14055.024999217101
14092.524999211098
14117.12499920716
14132.18499920475
14158.529999200533
14849.824999089877
14870.10999908663
15018.59999906286
15052.849999057378
15087.589999051817
15101.774999049547
15151.269999041624
15182.919999036558
15206.51499903278
15227.169999029475
15276.684999021549
15315.009999015414
15626.32999896558
15689.064998955539
15706.879998952687
15726.149998949602
15779.839998941008
15863.549998927609
15882.664998924549
15936.749998915891
16116.05499888719
16232.734998868513
16442.454998856207
16464.45499886069
16484.034998864678
16501.924998868322
16516.09999887121
16534.544998874968
16779.354998924842
16894.134998948226
16918.74999895324
16969.879998963657
17133.379998996967
17354.979999042112
17586.179999089214
17725.964999117692
17864.304999145876
17950.799999163497
18037.189999181097
18052.70999918426
18101.869999194274
18164.18999920697
18220.62999921847
18521.73499927981
18701.22499931638
18718.21499931984
18737.35499932374
18767.05999932979
18864.024999349545
18891.714999355187
18914.30499935979
19360.219999450634
19444.77999946786
19547.834999488856
19939.399999568628
19967.714999574397
20001.879999581357
20077.814999596827
20178.35999961731
20222.894999626384
20273.749999636744
20404.904999663464
20419.3249996664
20459.46499967458
20478.95999967855
20738.894999731507
20774.63999973879
21027.689999790342
21057.189999796352
21072.49499979947
21086.62499980235
21396.084999865394
21654.874999918116
21677.284999922682
21724.59999993232
22026.639999993855
22248.645000039083
22356.08500006097
22518.810000094123
22593.635000109367
22613.405000113395
22632.04000011719
22663.64000012363
22685.370000128056
23110.81500021473
23185.260000229897
23205.970000234116
23229.99500023901
23366.8850002669
23382.665000270114
23483.740000290705
23502.740000294576
23612.940000317027
23639.645000322467
23728.25500034052
23896.690000374834
23986.565000393144
24015.175000398973
24063.155000408748
24080.375000412256
24138.920000424183
24268.39500045056
24490.56000049582
24509.970000499776
24533.835000504638
24581.865000514423
24598.565000517825
24625.68500052335
24665.375000531436
24681.275000534675
24697.140000537907
24879.79500057512
24990.05000059758
25025.755000604855
25073.915000614666
25666.210000735333
25706.605000743562
25738.45000075005
25829.530000768606
25926.830000788428
26061.025000815767
26146.710000833224
26164.350000836817
26266.940000857718
26285.865000861573
26304.490000865368
26424.885000889895
26442.000000893382
26518.42000090895
26586.79500092288
26666.975000939216
26689.645000943834
26727.060000951456
26838.680000974196
26967.095001000358
27009.110001008918
27046.57000101655
27066.920001020695
27201.88000104819
27236.88000105532
27349.09000107818
27813.115001172715
28124.34000123612
28148.970001241138
28202.455001252034
28258.115001263373
28271.60000126612
28368.420001285846
28448.045001302067
28554.13500132368
28596.605001332333
28676.74000134866
28756.525001364913
28866.475001387313
29038.570001422373
29107.87000143649
29143.94000144384
29165.30000144819
29181.15000145142
29306.26000147691
29332.350001482224
29357.01500148725
29389.880001493944
29617.635001540344
29725.135001562245
29747.335001566767
29799.86000157747
29919.315001601804
29937.20500160545
29964.265001610962
30027.71500162389
30141.625001647095
30168.880001652647
30186.640001656266
30209.48500166092
30238.10000166675
30701.775001761212
30740.68000176914
30776.440001776424
30792.490001779694
30933.14500180835
30989.560001819842
31022.965001826647
31201.30500186298
31333.130001889836
31548.13500193364
31767.200001978268
31788.475001982602
31862.98000199778
32049.01500203568
32124.815002051124
32301.375002087094
32390.240002105198
32407.52500210872
32522.09000213206
32558.740002139526
32588.95000214568
32645.4850021572
32838.780002145075
32855.635002136245
32990.135002065785
33211.620001949756
33233.56500193826
33269.12500191963
33286.84000191035
33304.700001900994
33385.560001858634
33475.19500181168
33661.21000171423
33681.680001703506
33974.790001549954
34021.37000152555
34137.99500146446
34268.220001396236
34317.86000137023
34529.28500125947
34600.54500122214
34739.560001149315
34761.00000113808
34883.80000107375
34899.10000106574
34942.27500104312
34996.190001014875
35164.90500092649
35231.97000089136
35283.35000086444
35467.28500076808
35599.66500069873
35663.35500066537
35698.34000064704
35719.45000063598
35792.41000059776
35890.15000054656
35940.63500052011
36008.830000484384
36027.85500047442
36147.29000041185
36171.2500003993
36249.96500035806
36275.615000344624
36322.08500032028
36399.5400002797
36505.1000002244
36801.985000068875
36824.69500005698
37053.56499993708
37072.30499992726
37113.2799999058
37315.929999799635
37341.79999978608
37362.45499977526
37391.59499976
37406.71999975207
37434.74499973739
37488.3749997093
37636.44499963173
37656.13499962141
37681.059999608355
37706.9399995948
37793.684999549354
37808.73999954147
37823.77499953359
37973.25999945528
38097.154999390375
38309.479999279145
38361.46999925191
38384.419999239886
38686.1799990818
38742.22999905244
38783.65499903074
38859.004998991266
38905.15499896709
38950.81999894317
39029.124998902145
39066.92999888234
39120.41499885432
39191.06499881731
39278.03999877175
39391.57499871227
39414.31999870035
39440.72999868652
39539.60499863472
39654.61499857447
39670.93999856592
39725.02999853758
39754.92999852192
39795.55499850064
39822.71499848641
39959.5899984147
40122.47999832937
40294.88999823905
40585.38999808687
40676.60499803908
40715.23999801884
40752.439997999354
40805.449997971584
40843.12499795185
40959.569997890845
41073.19499783132
41177.50999777667
41220.2199977543
41281.75999772206
41297.50499771381
41534.33999758974
41667.894997519776
41939.53499737747
41985.52999735338
42212.0749972347
42422.25999712459
42597.15999703296
42622.01999701994
42647.279997006706
42690.87499698387
42743.449996956326
42806.27999692341
42862.72499689384
42884.39499688249
42959.14499684333
43030.05499680618
43059.369996790825
43092.794996773315
43230.27499670129
43269.879996680545
43287.73999667119
43479.3649965708
43541.419996538294
44004.07499629592
44019.799996287686
44445.94499606444
44494.234996039144
44672.73499594563
44699.23999593175
44728.889995916215
44847.66999585399
44888.90499583239
45106.464995718416
45190.07999567461
45320.30999560639
45342.08999559498
45378.35999557598
45470.04499552795
45503.814995510256
45620.15999544931
45700.919995407
45814.37499534756
45839.5049953344
45853.34499532715
45872.44999531714
45892.21999530678
45927.53999528828
45948.6849952772
46316.979995084264
46361.27499506106
46461.50999500855
46620.239994925396
46707.894994879476
47184.34499462988
47244.234994598504
47607.909994407986
47755.34499433075
47771.68999432219
47884.05499426332
47931.35499423854
47969.39999421861
48551.74999391354
48590.13499389343
48681.58499384552
48703.319993834135
48745.77999381189
48992.51999368263
49036.92499365937
49089.409993631874
49302.86999352005
49773.44499327353
49798.66499326032
49832.41499324264
49956.65999317755
95.54499999998559
116.36499999996666
148.4249999999375
185.6149999999037
203.44999999988747
226.7199999998663
264.61999999983186
284.274999999814
304.97499999979516
347.6699999997563
404.109999999705
423.27999999968756
441.1899999996713
574.0799999995504
712.0699999994249
930.5199999992262
961.8549999991977
1146.4650000018144
1257.8050000042447
1273.7000000045916
1327.1650000057587
1440.6800000082364
1455.870000008568
1481.1500000091198
1518.6700000099388
1534.5000000102843
1613.3850000120062
1680.2900000134666
1877.44500001777
1905.8500000183901
1919.7550000186936
1993.4550000203024
2014.7300000207667
2135.105000023394
2328.4500000276144
2460.5250000304973
2983.4100000419107
3030.335000042935
3097.7150000444058
3257.850000047901
3275.0950000482776
3312.7150000490988
3326.7300000494047
3360.000000050131
3374.260000050442
3402.4000000510564
3451.685000052132
3540.785000054077
3618.025000055763
3648.035000056418
3757.6000000588097
3837.140000060546
4173.390000067885
4199.235000068449
4292.73000007049
4315.050000070977
4360.475000071969
4388.01500007257
4463.910000074226
4594.995000077088
4621.485000077666
4668.885000078701
5366.225000093922
5411.50000009491
6000.225000107761
6022.520000108248
6346.97000011533
6435.085000117253
6601.015000120875
6631.295000121536
6901.905000127443
6943.625000128353
7103.260000131838
7165.6550001332
7193.075000133798
7220.2500001343915
7235.160000134717
7258.330000135223
7356.325000137362
7444.015000139276
7464.81000013973
7529.525000141142
7584.245000142337
7613.26500014297
7866.630000148501
8022.900000151912
8049.285000152488
8256.830000145224
8350.540000130224
8450.625000114203
8641.605000083633
8744.165000067216
8773.12500006258
8862.020000048351
9006.045000025297
9025.665000022156
9088.750000012058
9326.704999973968
9463.764999952029
9535.339999940572
9568.469999935269
9584.69999993267
9625.114999926202
9719.879999911032
9751.81999990592
9770.039999903003
9796.069999898837
9949.59999987426
10121.889999846682
10554.849999777378
10573.424999774405
10669.089999759091
10795.594999738842
10811.514999736293
11010.779999704397
11087.78499969207
11275.509999662021
11314.359999655802
11342.92499965123
11862.419999568074
11878.719999565465
11896.274999562655
12034.55999954052
12137.44499952405
12157.669999520813
12230.984999509077
12247.049999506506
12308.314999496699
12362.369999488046
12471.769999470534
12487.559999468007
12565.014999455609
12696.729999434525
12964.469999391667
13227.284999349598
13287.594999339944
13305.434999337089
13346.109999330578
13456.219999312952
13523.814999302132
13560.709999296227
13585.134999292317
13817.554999255113
13908.28999924059
13969.149999230847
13987.43999922792
14136.854999204003
14163.824999199685
14435.744999156159
14458.719999152481
14558.134999136568
14684.06999911641
14898.454999082092
14966.234999071243
14996.329999066425
15045.929999058486
15267.534999023013
15461.65999899194
15609.254998968314
15629.39499896509
15815.36999893532
15838.279998931654
15978.11999890927
15993.159998906862
16011.084998903993
16031.39999890074
16209.564998872222
16238.144998867647
16273.324998862015
16439.9749988557
16506.689998869293
16527.549998873543
16573.849998882975
16589.38499888614
16746.684998918186
16822.914998933717
17047.39999897945
17169.8599990044
17198.719999010278
17256.769999022104
17475.579999066682
17577.499999087446
17648.339999101878
17717.629999115994
17778.72999912844
17881.144999149306
17940.584999161416
17997.484999173008
18109.959999195922
18184.864999211182
18202.249999214724
18267.004999227916
18345.65499924394
18480.214999271353
18493.929999274147
18532.12499928193
18618.679999299562
18637.094999303314
18761.724999328704
18807.344999337998
18972.289999371602
19088.724999395323
19105.959999398834
19180.179999413955
19205.314999419075
19219.1749994219
19267.37999943172
19339.704999446454
19403.289999459408
19447.4299994684
19516.959999482566
19831.32999954661
20139.514999609397
20217.599999625305
20235.00499962885
20309.599999644048
20335.119999649247
20412.83499966508
20429.024999668378
20568.849999696864
20582.894999699725
20622.984999707893
20861.399999756464
20937.89499977205
21289.219999843623
21426.074999871504
21566.109999900033
21589.974999904895
21635.194999914107
21661.094999919384
21787.389999945113
21801.829999948055
21946.424999977513
21964.924999981282
22083.090000005355
22111.68000001118
22127.160000014333
22224.370000034138
22269.500000043332
22282.64500004601
22296.160000048763
22351.240000059985
22475.65000008533
22499.61000009021
22569.465000104443
22645.655000119965
22801.645000151744
22816.610000154793
22951.850000182345
23007.255000193632
23061.92000020477
23245.340000242137
23514.09500029689
23541.705000302514
23581.48500031062
23639.330000322403
24092.800000414787
24114.500000419208
24463.350000490278
24502.225000498198
24520.530000501927
24595.970000517296
24739.645000546567
24761.240000550966
24779.13000055461
24813.895000561693
24941.475000587685
24998.795000599363
25012.110000602075
25117.745000623596
25306.40000066203
25326.73000066617
25406.92000068251
25611.980000724285
25651.165000732268
25706.075000743454
25838.695000770473
25880.175000778923
26003.61500080407
26027.110000808858
26060.2050008156
26235.63000085134
26331.1550008708
26346.850000873997
26468.565000898794
26682.475000942373
26716.055000949214
26754.205000956987
26909.095000988542
26926.880000992165
27016.48000101042
27048.39500101692
27171.78500104206
27197.680001047334
27404.60500108949
27569.160001123015
27717.740001153285
27746.87000115922
28085.41500122819
28102.525001231676
28125.32500123632
28138.28000123896
28154.58000124228
28176.980001246844
28198.640001251257
28396.46500129156
28437.040001299825
28458.645001304227
28642.48500134168
28690.40000135144
28716.06000135667
28754.900001364582
28841.14000138215
28940.33000140236
28970.055001408415
28982.280001410905
29205.1000014563
29326.110001480953
29348.500001485514
29510.685001518556
29568.160001530265
29598.730001536493
29672.950001551613
29784.920001574425
29829.795001583567
30050.05500162844
30077.715001634075
30103.005001639227
30157.440001650317
30183.56500165564
30249.53500166908
30568.480001734057
30844.5600017903
30872.96500179609
30907.300001803083
30937.17000180917
30996.205001821196
31012.755001824567
31070.15500183626
31240.02500187087
31363.34000189599
31434.350001910458
31470.520001917826
31493.01000192241
32032.625002032342
32130.955002052375
32275.955002081915
32377.04500210251
32410.840002109395
32432.85500211388
32487.820002125078
32520.165002131667
32550.66000213788
32586.505002145183
32720.30500217244
32784.43000217355
32802.320002164175
32914.40000210546
32964.89000207901
33046.36500203633
33059.925002029224
33074.17500202176
33100.58500200792
33136.86500198892
33154.430001979716
33189.71500196123
33234.850001937586
33272.990001917606
33292.710001907275
33570.48000176176
33592.230001750366
33749.17500166815
33881.20500159898
33906.71500158562
33935.10000157075
34094.29500148735
34239.16500141146
34449.15000130145
34528.00500126014
34542.04000125279
34614.20000121499
34662.39500118974
34712.08000116371
34738.835001149695
34792.98000112133
34915.32500105724
35016.595001004185
35317.550000846524
35377.88500081492
35398.24000080425
35426.47500078946
35772.73000060807
35878.775000552516
36154.210000408224
36169.46500040023
36515.85500021877
36795.190000072434
36814.105000062526
36960.304999985936
37046.699999940676
37064.12499993155
37086.29499991993
37134.81999989451
37345.48499978415
37515.634999695016
37547.839999678145
37598.769999651464
37624.90999963777
37660.22499961927
37868.91499950994
38430.54999921572
38455.30999920275
38478.94499919037
38627.13999911273
38664.84999909298
38809.91499901698
38881.53999897946
38907.49499896586
39101.34999886431
39581.094998612985
39599.12499860354
39612.97999859628
39935.47499842734
39965.78499841146
40055.01999836471
40080.14499835155
40103.94999833908
40387.52999819052
40408.819998179366
40429.439998168564
40628.77499806414
40799.739997974575
40887.05499792883
40928.99499790686
40985.73499787714
41057.71999783943
41157.16499778733
41199.839997764975
41228.67499774987
41293.009997716166
41353.62999768441
41414.39499765258
41444.14999763699
41462.92499762715
41490.78499761256
41514.83499759996
41620.13999754479
41735.38999748442
41806.73999744704
41861.7899974182
41885.184997405944
41923.75499738574
42284.20999719691
42337.62999716892
42434.90499711796
42464.9899971022
42819.64999691641
42838.014996906786
42859.1799968957
43016.16499681346
43069.599996785466
43162.07999673702
43202.21499671599
43226.989996703014
43401.98499661134
43433.24999659496
43807.53999639888
43927.97499633579
43948.0049963253
44040.91999627662
44249.29499616746
44275.25999615386
44388.26499609466
44493.259996039655
44619.09499597373
44642.51999596146
44672.999995945494
44726.53499591745
44882.16999583592
44911.19999582071
45079.0049957328
45199.904995669465
45277.63999562874
45358.229995586524
45590.12999546504
45634.27999544191
45761.51999537525
45798.93999535565
45845.65499533118
45867.38499531979
45913.62999529557
46109.40499519301
46207.69999514151
46303.05499509156
46406.95999503713
46425.839995027236
46558.82999495757
46626.464994922135
46670.22499489921
46785.63499483875
46816.57499482254
46978.50999473771
47066.69999469151
47107.57999467009
47122.864994662086
47146.96999464946
47227.149994607455
47261.84499458928
47305.56999456637
47325.78499455578
47572.714994426424
47717.61999435051
47768.01499432411
47926.92999424086
47964.15999422136
48046.94999417799
48094.88999415287
48261.89999406538
48296.30499404736
48362.8499940125
48392.64499399689
48412.24499398662
48452.04999396577
48617.419993879135
48632.464993871254
48659.19999385725
48714.869993828084
48870.99999374629
49399.03499346967
49451.904993441975
49471.95499343147
49710.96999330626
49757.19499328204
49781.87499326911
49798.994993260145
49814.609993251965
49830.699993243536
49850.48999323317
49908.584993202734
49951.87999318005
43.97000000000404
101.4699999999802
123.70999999995998
239.95999999985426
444.784999999668
469.58499999964545
530.3249999995902
575.0499999995495
608.3949999995192
723.5449999994145
843.5149999993054
882.9049999992695
1074.3200000002396
1095.3600000006988
1114.19500000111
1170.4250000023374
1322.2550000056515
1370.6700000067083
1440.6650000082361
1685.350000013577
1748.2150000149493
1952.5100000194086
2027.840000021053
2044.015000021406
2066.0750000218873
2102.065000022673
2364.3700000283984
2386.6500000288847
2481.0600000309455
2568.580000032856
2650.8500000346517
2725.080000036272
2774.340000037347
3132.1450000451573
3166.715000045912
3382.215000050616
3437.745000051828
3510.9850000534266
3529.8900000538392
3545.7150000541847
3656.680000056607
3824.1500000602623
4141.670000067193
4183.985000068116
4251.51000006959
4273.670000070074
4294.355000070525
4378.240000072356
4410.46500007306
4443.550000073782
4557.460000076268
4614.690000077518
4631.440000077883
4644.680000078172
4659.195000078489
4718.040000079774
4757.695000080639
4778.725000081098
4935.855000084528
4971.940000085316
5018.285000086327
5075.040000087566
5288.420000092224
5342.160000093397
5456.000000095882
5628.665000099651
5705.015000101317
5971.440000107133
6183.140000111754
6201.2800001121495
6217.150000112496
6244.980000113103
6300.385000114313
6349.3900001153825
6434.775000117246
6623.060000121356
6997.505000129529
7076.185000131247
7124.165000132294
7187.810000133683
7219.805000134382
7347.675000137173
7386.820000138027
7557.410000141751
7681.740000144465
7806.300000147184
7863.4650001484315
7956.625000150465
8194.545000155194
8260.180000144688
8330.735000133394
8596.220000090898
8743.090000067388
8933.465000036915
8998.625000026484
9031.620000021203
9136.260000004453
9398.424999962488
9412.624999960215
9526.014999942065
9589.024999931979
9625.944999926069
9782.204999901056
9795.374999898948
9817.844999895351
10080.804999853259
10118.984999847147
10136.159999844398
10158.88999984076
10264.194999823903
10489.684999787809
10703.45999975359
11077.339999693742
11205.35499967325
11224.454999670194
11291.8899996594
11568.154999615177
11622.094999606543
11745.439999586799
11879.739999565301
12069.594999534911
12101.164999529858
12363.174999487917
12427.269999477658
12495.109999466798
12512.424999464027
12531.559999460964
12593.649999451025
12775.929999421847
12878.0549994055
13019.954999382786
13350.449999329883
13437.419999315962
13455.699999313036
13550.024999297937
13704.289999273244
13742.784999267082
13771.744999262446
14112.579999207888
14138.569999203728
14290.584999179395
14553.819999137258
14654.194999121191
14668.834999118848
14873.944999086016
14903.764999081242
15014.384999063535
15087.114999051893
15109.159999048365
15132.574999044617
15155.454999040954
15193.704999034831
15321.294999014408
15337.874999011754
15469.129998990744
15503.429998985253
15575.934998973647
15705.644998952885
15809.519998936257
15830.564998932889
16206.654998872687
16505.604998869072
16830.869998935337
16854.219998940094
16913.28999895213
17363.539999043856
17382.829999047786
17453.204999062124
17801.034999132986
17819.85999913682
17878.729999148814
17921.01499915743
17938.674999161027
17963.559999166097
18079.94999918981
18167.71999920769
18193.88999921302
18520.869999279636
18576.674999291004
18593.77499929449
18621.924999300223
18791.759999334823
18819.08499934039
18907.659999358435
19139.679999405704
19188.45999941564
19275.97499943347
19619.549999503466
19699.019999519656
19722.564999524453
19822.4349995448
19892.42999955906
19908.014999562234
19936.159999567968
20029.42499958697
20192.174999620125
20274.66499963693
20452.339999673128
20492.369999681283
20551.344999693298
20566.95999969648
21089.294999802893
21214.65499982843
21272.649999840247
21289.864999843754
21320.689999850034
21549.85499989672
21562.299999899256
21583.23499990352
21917.714999971664
21992.084999986815
22009.87999999044
22121.865000013255
22136.490000016234
22168.95500002285
22184.170000025948
22490.82500008842
22503.410000090986
22566.36000010381
22813.7050001542
22985.045000189108
23023.660000196975
23075.08500020745
23095.615000211634
23185.695000229985
23306.635000254624
23380.04500026958
23445.005000282814
23473.02000028852
23612.135000316863
23643.14000032318
23739.69000034285
23760.715000347132
23864.190000368213
23939.32500038352
24080.615000412305
24340.30500046521
24478.370000493338
24578.235000513683
25013.890000602438
25125.41500062516
25155.390000631265
25179.1150006361
25217.095000643836
25373.330000675665
25527.48000070707
25694.77000074115
25804.040000763413
25916.990000786423
26241.785000852593
26329.98500087056
26349.155000874467
26377.38500088022
26403.95500088563
26575.6000009206
26605.875000926768
26682.035000942284
26704.290000946818
27044.27000101608
27170.96000104189
27205.525001048933
27708.83000115147
27780.94000116616
27862.190001182713
27891.860001188757
27907.18500119188
27953.655001201347
27968.225001204315
28070.360001225123
28235.62000125879
28373.360001286852
28492.270001311077
28539.55000132071
28597.710001332558
28756.65000136494
29123.755001439727
29225.490001460454
29262.92500146808
29479.68500151224
29513.89000151921
29556.045001527797
29703.42000155782
29722.475001561703
29786.47000157474
30274.08000167408
30452.920001710514
30507.740001721682
30527.41500172569
30593.370001739127
30650.440001750754
30678.01000175637
30787.51500177868
30847.375001790875
30882.360001798002
30906.05500180283
30995.34500182102
31192.310001861148
31270.37500187705
31292.15500188149
31400.520001903566
31520.455001928
31542.960001932584
31570.23500193814
31596.19000194343
31871.295001999475
32187.92500206398
32277.69500208227
32377.855002102675
32439.550002115244
32493.92500212632
32607.565002149473
32762.320002181
32877.16000212497
32922.59000210117
32950.27000208667
33318.80000189361
33345.32500187971
33368.27500186769
33680.500001704124
33705.21500169118
33765.38000165966
33781.45000165124
33917.005001580226
33957.520001559
34059.21500150573
34362.50500134684
34770.49000113311
35335.185000837286
35368.96000081959
35445.1150007797
35583.1200007074
35951.7250005143
35992.60000049289
36402.515000278145
36478.315000238435
36520.24500021647
36534.380000209065
36718.165000112785
36933.335000000065
37082.90999992171
37109.39999990783
37172.04499987501
37228.3749998455
37288.33499981409
37452.01999972834
37508.43499969879
37523.32499969099
37672.62999961277
37746.12499957427
37924.02999948107
38081.82499939841
38261.93499930405
38348.3149992588
38370.584999247134
38793.29499902569
38810.634999016605
39133.27999884758
39260.919998780715
39344.58999873688
39399.94999870788
39415.77499869959
39435.30499868936
39479.899998666
39505.314998652684
39789.34499850389
39840.17999847726
39942.864998423465
39965.044998411846
40022.66499838166
40050.084998367296
40215.93999828041
40389.70999818938
40525.964998118
40703.874998024796
40723.04999801475
40749.70499800079
40766.92999799176
41056.86999783987
41141.65499779546
41366.03999767791
41380.359997670406
41417.00499765121
41563.60999757441
41576.859997567466
41588.964997561125
41601.904997554346
41653.159997527495
41906.88999739457
41919.39999738802
42217.214997232004
42283.37999719734
42325.139997175465
42346.18999716444
42367.6449971532
42773.44499694061
42926.089996860646
43051.049996795184
43119.959996759084
43354.45499663624
43378.249996623774
43446.00999658828
43477.8399965716
43653.98999647932
43756.7349964255
43774.21999641634
43809.844996397675
44213.44499618624
44260.794996161436
44289.15499614658
44334.81499612266
44361.204996108834
44439.254996067946
44485.049996043956
44534.759996017914
44668.71499594774
44691.57999593576
44711.09499592554
44834.50499586089
44939.37499580595
44997.99999577524
45043.034995751645
45074.719995735046
45114.66499571412
45167.03999568668
45248.6999956439
45325.99999560341
45541.82999549034
45578.19499547129
45595.194995462385
45624.10499544724
45822.05499534354
45838.31499533502
45868.87499531901
45896.13999530473
46026.9549952362
46100.15499519785
46173.76999515929
46284.869995101086
46330.03999507742
46430.8649950246
46473.92999500204
46523.36999497614
46625.93999492241
46671.83499489837
46860.644994799455
47243.719994598774
47404.35499451462
47469.459994480516
47689.189994365406
47709.519994354756
47757.5449943296
47787.18499431407
47802.959994305806
47819.929994296916
47843.69999428446
47894.759994257714
47962.15499422241
47983.809994211064
48015.27999419458
48326.34499403162
48414.334993985525
48488.40999394672
48537.344993921084
48600.16999388817
48618.50499387857
49257.47499354383
49290.44499352656
49316.43499351294
49349.5449934956
49363.68999348819
49398.65999346987
49431.10999345287
49456.93499343934
49482.2049934261
49596.86999336603
49615.15499335645
49703.644993310096
49732.03499329522
49940.214993186164
49971.67499316968
108.74999999997358
320.8699999997807
462.55499999965184
604.0299999995232
627.7249999995016
648.8299999994824
697.5549999994381
722.984999999415
911.0999999992439
927.9249999992286
949.1749999992093
1099.2350000007834
1115.0950000011296
1218.8050000033934
1264.5600000043921
1282.6300000047866
1305.650000005289
1362.7250000065349
1386.5600000070551
1431.6600000080396
1660.1650000130273
1786.6000000157871
1887.4800000179891
1937.9000000190897
1963.2800000196437
2112.190000022894
2144.3700000235963
2161.9150000239792
2360.045000028304
2375.765000028647
2842.8350000388423
2933.1050000408127
3213.7050000469376
3343.00500004976
3377.510000050513
3404.630000051105
3519.9950000536232
3565.025000054606
3588.9550000551285
3607.9250000555426
3747.125000058581
3884.475000061579
3973.815000063529
4364.810000072063
4446.385000073844
4533.125000075737
4621.045000077656
4665.220000078621
5057.095000087174
5093.700000087973
5404.480000094757
5554.975000098042
5576.000000098501
5742.620000102138
5804.155000103481
5902.775000105634
5922.795000106071
6169.365000111453
6209.625000112332
6349.160000115377
6460.310000117804
6574.270000120291
6619.515000121279
6688.345000122781
6749.040000124106
6854.8000001264145
6897.800000127353
7010.145000129805
7039.045000130436
7117.180000132142
7130.875000132441
7206.285000134087
7335.7000001369115
7470.670000139858
7492.420000140332
7513.335000140789
7544.305000141465
7621.52000014315
7695.27500014476
7770.900000146411
7786.190000146745
7984.9150001510825
8021.125000151873
8041.555000152319
8058.6300001526915
8296.28000013891
8534.395000100794
8658.655000080904
8741.745000067604
8761.215000064487
8822.180000054728
9092.850000011402
9270.914999982899
9367.434999967449
9510.209999944595
9526.559999941977
9708.989999912776
9904.194999881529
9929.559999877469
10039.579999859858
10480.709999789246
10498.879999786337
10683.994999756706
10749.699999746188
11111.83499968822
11208.589999672733
11279.684999661353
11313.819999655889
11714.369999591772
11734.159999588604
11877.474999565664
11909.319999560566
12081.734999532968
12105.989999529085
12117.684999527213
12275.119999502012
12302.174999497682
12326.709999493754
12369.919999486838
12529.554999461285
12777.624999421576
12799.419999418087
12818.164999415087
12931.829999396892
12945.724999394668
13018.849999382963
13059.259999376494
13125.359999365914
13159.294999360482
13180.319999357116
13194.72499935481
13229.51999934924
13424.569999318019
13462.894999311884
13739.119999267668
13854.654999249175
13938.32999923578
14285.99499918013
14363.594999167708
14505.14999914505
14520.474999142596
14678.709999117267
15149.889999041845
15194.509999034703
15270.17499902259
15291.004999019257
15347.689999010183
15523.364998982062
15771.634998942322
15786.069998940011
15881.90499892467
15973.829998909956
16044.739998898605
16288.009998859665
16359.914998848155
16462.469998860284
16484.359998864744
16596.129998887514
16629.33499889428
16654.67499889944
16708.744998910457
16771.49499892324
16980.314998965783
17172.894999005017
17201.694999010884
17315.34999903404
17423.97499905617
17527.244999077207
17551.674999082185
17590.784999090152
17683.164999108973
17887.119999150524
17978.50499916914
17992.24999917194
18004.159999174368
18020.644999177726
18068.599999187496
18112.44499919643
18171.034999208365
18190.69999921237
18309.114999236495
18398.70999925475
18533.129999282133
18555.464999286683
18574.854999290634
19133.319999404408
19211.944999420426
19323.63999944318
19440.269999466942
19545.869999488456
19597.1349994989
19628.99499950539
19648.459999509356
20306.66999964345
20577.409999698608
20676.979999718893
20729.799999729654
20792.689999742466
20923.299999769075
20961.2099997768
21130.244999811235
21169.87499981931
21392.024999864567
21471.034999880663
21493.99499988534
21873.754999962708
21895.054999967047
21919.06499997194
22057.060000000052
22087.13500000618
22183.4350000258
22429.51000007593
22539.575000098353
22689.200000128836
22957.150000183425
23026.815000197617
23066.20000020564
23112.645000215103
23300.640000253403
23482.00000029035
23675.43500032976
23713.38000033749
23967.875000389336
24081.690000412524
24241.410000445063
24361.225000469472
24415.235000480476
24551.780000508294
24608.875000519925
24690.120000536477
25253.855000651325
25284.670000657603
25299.160000660555
25317.430000664277
25502.39000070196
25680.38500073822
25769.600000756396
25784.560000759444
25842.680000771285
26009.280000805225
26054.490000814436
26151.885000834278
26240.460000852323
26679.625000941793
26715.955000949194
26736.090000953296
26757.17000095759
26854.045000977327
26878.050000982217
27093.430001026096
27142.38000103607
27293.38000106683
27460.670001100912
27577.115001124635
27742.65000115836
27785.20500116703
27844.585001179126
28035.360001217992
28058.155001222636
28412.27000129478
28430.795001298553
28571.65000132725
28618.620001336818
28721.870001357853
28774.505001368576
28806.500001375094
28860.28000138605
28877.720001389604
29230.58500146149
29251.085001465668
29276.72000147089
29317.075001479112
29592.505001535224
29817.125001580986
29843.16000158629
29947.085001607462
29964.000001610908
30112.235001641107
30142.83500164734
30252.48000166968
30443.710001708638
30465.120001713
30506.730001721477
30529.835001726184
30548.115001729908
30567.595001733876
30831.670001787676
30851.37500179169
30871.5500017958
30937.890001809315
31157.225001854
31322.35500188764
31584.21500194099
31606.40500194551
31690.225001962586
31727.870001970256
31856.190001996398
31878.555002000954
31998.905002025473
32043.94500203465
32063.020002038535
32160.955002058487
32270.910002080887
32491.490002125825
32650.615002158243
32772.22500217994
33112.495002001684
33203.97500195376
33258.61000192514
33276.295001915874
33325.255001890226
33341.175001881886
33356.560001873826
33393.24500185461
33416.15000184261
33463.125001818
33754.76500166522
33908.6550015846
33986.66500154373
34006.43000153338
34060.84500150487
34106.750001480825
34128.245001469564
34149.00500145869
34237.88000141213
34256.87500140218
34285.31500138728
34774.15500113119
34831.875001100954
34942.18000104317
34975.975001025465
35196.78500090979
35345.75500083175
35399.39000080365
35420.04500079283
35572.70500071286
35679.04000065715
35912.13000053504
35936.025000522524
36165.375000402375
36226.85500037017
36247.2150003595
36378.58500029068
36511.04500022129
36558.775000196285
36748.405000096944
36769.15500008607
36850.565000043425
36951.44499999058
37108.38999990836
37321.01999979697
37400.3749997554
37457.84499972529
37593.994999653965
37691.539999602865
38072.25499940342
38130.49999937291
38156.07499935951
38221.67999932514
38268.249999300744
38317.41499927499
38482.91499918829
38502.944999177795
38528.79499916425
38844.58999899882
38870.5899989852
38887.44499897637
38911.979998963514
38997.09999891892
39106.34499886169
39163.57499883171
39177.68499882432
39271.11999877537
39658.1799985726
39714.72999854298
39733.444998533174
39754.83499852197
39933.88499842817
40566.16499809694
40676.829998038964
40711.71499802069
40779.81999798501
40896.71999792377
41193.939997768066
41224.539997752036
41593.9799975585
41614.104997547955
41701.014997502425
41723.73499749052
41753.96999747468
41852.714997422954
41910.47999739269
42042.51999732352
42057.16499731585
42075.80999730608
42114.00499728607
42170.809997256314
42378.86999714732
42784.81999693465
43407.07499660867
43425.19999659918
43556.6849965303
43812.72999639616
43833.69999638518
43958.01999632005
43992.25999630211
44025.19499628486
44138.759996225366
44155.05999621683
44250.49999616683
44266.34499615853
44454.204996060114
44480.17499604651
44499.43499603642
44743.90999590835
44759.109995900384
44848.27499585367
45019.8249957638
45112.364995715325
45133.04499570449
45147.599995696866
45174.12999568297
45293.954995620195
45361.339995584894
45382.85999557362
45444.53999554131
45513.2699955053
45534.47999549419
45632.70999544273
45649.77999543379
45763.89499537401
45846.42499533077
45864.41999532135
45886.09999530999
45966.32999526796
46018.95999524039
46170.97999516075
46197.11499514706
46627.06999492182
46745.369994859844
46813.73499482403
46888.4299947849
46923.14999476671
46944.499994755526
47119.679994663755
47328.014994554615
47341.23499454769
47358.594994538595
47376.424994529254
47432.24499450001
47495.4449944669
48049.589994176604
48215.394994089744
48233.219994080406
48402.519993991715
48490.96499394538
48602.42999388699
48653.69999386013
48682.629993844974
48913.30499372413
48969.95499369445
49046.9799936541
49067.2199936435
49272.354993536035
49286.12999352882
49461.754993436814
49569.61499338031
145.20499999994044
319.82999999978165
345.13499999975863
364.81499999974073
401.1399999997077
587.699999999538
805.2899999993401
865.1549999992857
970.30499999919
1044.884999999597
1234.1950000037293
1401.4500000073801
1425.9350000079146
1721.3700000143633
1760.0750000152082
1784.1300000157332
1879.4450000178138
1938.7500000191083
2010.0300000206641
2262.5800000261765
2333.190000027718
2397.2600000291163
2509.21000003156
2537.2150000321712
2883.1600000397225
2917.6000000404742
2982.8000000418974
3286.8250000485336
3313.0600000491063
3354.315000050007
3371.7650000503877
3388.3450000507496
3440.9300000518974
3470.695000052547
3678.635000057086
3719.910000057987
3943.61000006287
3973.7500000635278
4066.9750000655627
4128.645000066908
4150.685000067389
4194.800000068352
4363.825000072042
4443.235000073775
4477.590000074525
4510.770000075249
4628.175000077812
4794.945000081452
4864.765000082976
4886.635000083454
4977.805000085444
5014.0800000862355
5419.110000095076
5441.785000095571
5676.850000100702
5704.585000101308
5725.010000101754
5768.180000102696
6047.730000108798
6098.085000109897
6136.000000110725
6676.580000122524
6733.295000123762
6881.3700001269945
6930.925000128076
7102.370000131818
7118.890000132179
7171.915000133336
7195.080000133842
7301.72500013617
7589.025000142441
7865.790000148482
7958.5250001505065
8093.700000153457
8133.68500015433
8149.805000154682
8380.24500012547
8693.73000007529
9134.105000004798
9195.579999994958
9221.684999990779
9267.27999998348
9366.949999967526
9384.674999964689
9554.71999993747
9589.409999931917
9685.429999916547
9699.894999914231
9714.824999911842
9781.829999901116
9966.709999871522
10196.784999834694
10280.469999821298
10317.594999815356
10415.444999799693
10544.209999779081
10587.899999772088
10725.399999750078
10760.039999744533
10806.154999737151
10849.994999730134
10872.709999726498
10889.274999723846
11030.919999701173
11050.309999698069
11104.694999689364
11149.859999682134
11292.664999659275
11311.229999656303
11334.86499965252
11364.184999647827
11391.424999643466
11407.919999640826
11466.694999631418
11508.254999624765
11532.799999620836
11704.519999593349
11854.934999569272
11912.29499956009
11962.819999552003
11998.494999546292
12158.344999520705
12319.764999494866
12333.219999492712
12485.34999946836
12652.65499944158
12744.92999942681
12889.519999403665
13048.184999378267
13086.51999937213
13114.554999367643
13210.52999935228
13301.629999337698
13327.809999333507
13353.78499932935
13378.229999325436
13535.094999300327
13629.549999285207
13643.979999282898
13693.524999274967
13710.029999272325
13808.729999256526
13941.684999235244
14196.549999194447
14244.51499918677
14304.2999991772
14322.394999174303
14341.799999171197
14457.609999152659
14481.699999148803
14546.769999138387
14820.329999094598
14905.389999080982
14920.664999078537
14935.444999076171
14963.339999071706
15028.484999061278
15356.539999008766
15380.039999005005
15424.654998997863
15541.93499897909
15591.769998971113
15627.77499896535
15702.814998953338
15814.99999893538
15872.434998926186
15915.14499891935
15950.289998913724
15973.49499891001
16182.469998876559
16289.279998859462
16308.149998856441
16400.00499884756
16501.889998868315
16520.154998872036
16557.43499887963
16574.059998883018
16625.634998893525
16804.27499892992
16942.369998958053
17040.639998978073
17064.344998982902
17268.43499902448
17293.929999029675
17546.774999081186
17932.149999159697
17952.47499916384
18041.409999181957
18151.879999204462
18248.399999224126
18272.329999229
18343.339999243468
18366.17499924812
18401.004999255216
18602.144999296193
18659.65499930791
18676.34499931131
18977.454999372654
19030.814999383525
19116.05999940089
19261.714999430566
19373.374999453314
19474.354999473886
19561.229999491585
19581.52999949572
19622.974999504164
19646.90999950904
19694.3349995187
19805.139999541276
20154.89499961253
20318.874999645937
20846.339999753396
20871.179999758457
20892.829999762867
21084.924999802002
21109.98999980711
21148.37999981493
21169.619999819257
21242.019999834007
21460.81499987858
21487.11499988394
21606.019999908163
21622.79499991158
21649.49499991702
21672.50999992171
21797.359999947144
21958.28999997993
21982.179999984797
22082.545000005244
22344.825000058678
22460.47500008224
22507.515000091822
22531.820000096774
22567.655000104074
22587.995000108218
22619.62000011466
22684.765000127933
22752.63500014176
22961.40500018429
23054.390000203235
23085.805000209635
23141.35000022095
23238.455000240734
23310.79500025547
23398.60000027336
23420.00500027772
23440.055000281805
23492.080000292404
23600.410000314474
23712.60000033733
23751.445000345244
23857.775000366906
23874.505000370315
23892.855000374053
23933.00000038223
23961.46500038803
24110.005000418292
24206.045000437858
24373.420000471957
24445.900000486723
24493.01000049632
24523.430000502518
24548.58000050764
24628.520000523928
24828.930000564756
24862.510000571598
25068.48500061356
25090.975000618142
25111.360000622295
25241.435000648795
25621.105000726144
25692.005000740588
25894.420000781825
25975.305000798304
26050.505000813624
26088.555000821376
26123.105000828415
26382.125000881184
26444.24000089384
26476.520000900415
26698.76000094569
26806.755000967692
26821.790000970756
26854.730000977466
26923.505000991478
27059.105001019103
27184.565001044662
27216.860001051242
27242.635001056493
27349.72000107831
27393.99500108733
27420.30500109269
27540.435001117163
27588.365001126927
27715.295001152786
27761.670001162234
27794.670001168957
27879.00500118614
27922.55500119501
27967.930001204255
28175.7750012466
28472.46000130704
28503.96000131346
28603.735001333785
28672.995001347896
28942.625001402826
28977.905001410014
28994.395001413373
29069.755001428726
29270.93000146971
29285.45500147267
29328.000001481338
29436.74000150349
29464.185001509082
29598.22000153639
29629.710001542804
29657.505001548467
29748.18500156694
29862.125001590153
29974.145001612975
30228.955001664886
30257.05500167061
30290.095001677342
30324.075001684265
30339.52000168741
30375.225001694685
30397.415001699206
30487.035001717464
30510.08500172216
30617.19000174398
30703.310001761525
30941.59000181007
31057.33000183365
31070.25500183628
31086.265001839543
31115.885001845578
31132.87500184904
31171.81000185697
31247.45000187238
31390.215001901466
31432.09500191
31552.3600019345
31589.28000194202
31607.895001945813
31738.00000197232
31848.49500199483
31941.50500201378
32119.115002049963
32449.190002117208
32482.055002123903
32600.985002148132
32619.605002151926
32679.65000216416
32711.46000217064
32824.63000215249
32967.43000207768
33116.43000199962
33129.11500199298
33148.24000198296
33163.270001975085
33240.845001934445
33282.70000191252
33372.94500186524
33440.29000182996
33556.93000176886
33689.585001699365
33877.44500160095
34036.23000151777
34061.71000150442
34109.04500147962
34205.19500142925
34282.425001388794
34340.760001358234
34544.915001251284
34631.59000120588
34648.965001196775
34820.975001106664
34893.40000106872
34959.155001034276
35067.3450009776
35183.640000916675
35199.0550009086
35224.30500089537
35303.275000854
35412.685000796686
35511.890000744716
35591.79000070286
36051.25000046216
36086.03000044394
36118.46500042695
36281.07500034176
36526.27500021331
36624.860000161665
36780.57000008009
36848.50000004451
36869.35500003358
36889.54000002301
37261.12999982834
37274.85499982115
37459.169999724596
37639.294999630234
37713.779999591214
37734.544999580336
37754.04999957012
37826.9999995319
37852.304999518645
37907.11999948993
37984.23499944953
38003.43999943947
38211.439999330505
38274.719999297355
38339.219999263565
38400.819999231295
38458.97499920083
38498.75499917999
38566.6899991444
38597.08499912848
38815.104999014264
38927.40499895543
39118.66499885524
39166.49999883018
39349.529998734295
39588.044998609344
39842.2049984762
40005.69499839055
40024.6849983806
40077.514998352926
40288.274998242516
40305.24999823362
40323.54499822404
40433.32499816653
40485.499998139196
40518.619998121845
40549.74499810554
40589.899998084504
40603.30999807748
40720.61999801602
40873.67499793584
40980.38499787994
41030.104997853894
41109.22999781244
41184.85999777282
41222.96499775286
41359.12499768153
41585.91999756272
41778.154997462014
41930.48999738221
42029.69499733024
42048.49499732039
42080.81499730346
42250.234997214706
42389.81999714158
42407.964997132076
42757.844996948785
42981.05999683185
43003.61999682003
43019.379996811775
43038.13999680195
43050.359996795545
43081.60499677918
43119.364996759396
43407.37999660851
43433.78499659468
43650.109996481355
43667.94999647201
43713.349996448225
43953.3499963225
44065.33499626383
44247.34499616848
44586.9049959906
44647.46999595887
45055.08999574533
45083.24499573058
45112.67999571516
45337.13999559757
45357.56499558687
45421.77999555323
45834.01999533727
46048.12499522511
46069.324995214
46087.88999520428
46117.789995188614
46151.52999517094
46311.1849950873
46349.45999506725
46410.914995035055
46660.7049949042
46802.899994829706
46832.03499481444
47021.70999471508
47063.39499469324
47094.444994676975
47131.30999465766
47191.509994626125
47220.06999461116
47566.40999442973
47693.904994362936
47729.0999943445
47752.1999943324
47769.66499432325
47831.30499429096
47912.37499424849
48236.30499407879
48272.62499405976
48349.6699940194
48464.969993959
48504.07499393851
48531.939993923916
48613.754993881055
48650.86999386161
48668.194993852536
48694.079993838975
48962.57499369832
49120.42499361563
49139.16499360581
49308.61499351704
49328.10499350683
49427.8099934546
49537.08999339735
49568.12999338109
49620.0249933539
49743.70499328911
49816.479993250985
49841.979993237626
49923.929993194695
49941.00499318575
