24.819999999999347
340.6849999997627
376.67999999972994
450.55499999966275
467.3149999996475
518.8499999996006
602.6999999995244
800.3999999993446
845.8399999993032
960.2549999991992
1018.8649999991459
1032.9399999993364
1052.1499999997557
1365.25500000659
1585.8950000114062
1596.3400000116342
1608.7100000119042
1623.7200000122318
1856.2200000173068
2000.540000020457
2035.5500000212212
2071.055000021996
2138.3450000234648
2153.110000023787
2250.4450000259117
2280.835000026575
2467.3550000306464
2583.5500000331826
2832.375000038614
2874.4050000395314
2889.8000000398674
3045.6600000432695
3206.675000046784
3262.645000048006
3278.460000048351
3292.1400000486497
3704.655000057654
3922.7900000624154
4009.955000064318
4050.82500006521
4248.380000069522
4264.660000069877
4322.450000071139
4655.355000078405
4675.905000078854
4693.930000079247
4915.660000084087
4945.10500008473
4994.170000085801
5014.535000086245
5031.0300000866055
5086.6500000878195
5107.2200000882685
5203.585000090372
5302.420000092529
5319.580000092904
5353.800000093651
5373.6200000940835
5435.950000095444
5816.1750001037435
5912.865000105854
6016.265000108111
6194.220000111995
6317.475000114686
6346.365000115316
6545.765000119669
6582.115000120462
6629.270000121492
6658.50000012213
6864.390000126624
6920.005000127838
7089.560000131539
7129.225000132405
7171.765000133333
7305.300000136248
7337.065000136941
7539.95500014137
7634.825000143441
7659.465000143979
7672.415000144261
8141.310000154496
8171.845000155163
8421.16500011892
8619.795000087124
8886.77000004439
8906.770000041188
8918.230000039353
9189.834999995877
9208.914999992823
9235.469999988572
9375.534999966152
9405.704999961323
9424.974999958238
9465.899999951687
9481.454999949197
9520.869999942888
10062.544999856182
10106.319999849175
10213.404999832033
10229.994999829378
10339.379999811868
10443.089999795267
10525.59499978206
10601.149999769967
10626.289999765942
10639.469999763833
10659.959999760553
10684.799999756577
10750.604999746043
10775.309999742089
10938.609999715949
10993.614999707144
11080.514999693234
11096.734999690638
11439.404999635786
11474.664999630142
11547.734999618446
11563.104999615985
11610.29999960843
11634.574999604545
11650.60499960198
11676.664999597808
11847.909999570396
11947.46499955446
12032.919999540782
12291.599999499374
12698.064999434311
12782.464999420801
12841.25999941139
13103.799999369365
13293.939999338929
13327.624999333537
13346.464999330521
13371.194999326563
13397.06999932242
13540.649999299438
13612.299999287969
13682.899999276668
13724.094999270073
13786.384999260103
13873.069999246227
13889.79499924355
14079.104999213247
14160.454999200225
14172.23499919834
14185.619999196197
14359.324999168392
14374.01499916604
14401.69499916161
14612.699999127834
14640.494999123384
14675.81499911773
14785.119999100234
14834.964999092255
15086.539999051985
15115.464999047355
15125.459999045755
15409.229999000332
15538.49999897964
15599.689998969845
15691.459998955155
15713.884998951566
15743.199998946873
15757.129998944643
15803.044998937294
15931.364998916753
16084.144998892298
16244.514998866627
16312.099998855809
16322.204998854191
16335.58499885205
16348.724998849946
16442.159998856147
16455.839998858934
16780.134998925
16801.469998929348
16897.034998948817
16916.994998952883
16945.359998958662
16993.194998968407
17032.944998976505
17055.119998981023
17077.069998985495
17210.694999012718
17422.224999055812
17570.00499908592
17666.26999910553
17733.149999119156
17793.909999131534
18097.27999919334
18114.02499919675
18182.039999210607
18359.489999246758
18516.81999927881
18636.409999303174
18694.369999314982
18749.449999326203
18819.099999340393
18844.25999934552
18875.709999351926
19087.58499939509
19270.689999432394
19294.939999437334
19309.559999440313
19344.15999944736
19609.664999501452
19641.07499950785
19662.354999512187
20210.124999623782
20283.234999638677
20359.37999965419
20422.93999966714
20437.209999670045
20573.68999969785
20606.28999970449
20699.859999723554
21062.254999797384
21088.68999980277
21155.74999981643
21231.62499983189
21245.47999983471
21260.48999983777
21277.064999841146
21421.53499987058
21685.974999924452
22145.88500001815
22248.700000039094
22277.38500004494
22293.365000048194
22409.015000071755
22809.22500015329
23161.835000225125
23248.485000242777
23586.340000311608
23717.56000033834
24002.475000396385
24016.255000399193
24172.155000430954
24234.38000044363
24570.490000512105
24634.985000525245
24650.805000528468
24843.415000567707
24868.80000057288
24888.405000576873
24944.89500058838
25054.705000610753
25100.845000620153
25133.72500062685
25150.6550006303
25202.72500064091
25221.460000644725
25243.295000649174
25260.925000652765
25272.025000655027
25314.660000663713
25469.51500069526
25485.875000698594
25582.875000718355
25637.19500072942
25698.875000741988
25746.235000751636
25781.775000758877
25803.58500076332
26211.250000846372
26326.610000869874
26397.340000884284
26547.790000914934
26580.630000921625
26695.42500094501
26726.115000951264
26739.485000953988
26764.150000959013
26826.735000971763
26981.18500100323
27050.170001017283
27314.13500107106
27333.28000107496
27384.855001085467
27442.620001097235
27456.075001099976
27482.245001105308
27749.650001159785
27904.020001191235
27992.89500120934
28082.700001227637
28093.350001229806
28109.305001233057
28163.90000124418
28415.585001295454
28498.390001312324
28532.225001319217
28572.470001327416
28595.41500133209
28769.740001367605
28803.945001374574
28825.255001378915
28884.590001391003
29136.205001442264
29147.97500144466
29163.72000144787
29186.06500145242
29205.1000014563
29319.705001479648
29531.96000152289
29567.625001530156
29732.935001563834
29826.61500158292
29960.08000161011
29977.495001613657
30094.72500163754
30146.185001648024
30231.4700016654
30271.225001673498
30297.64000167888
30439.1150017077
30665.68500175386
30704.71000176181
30740.610001769124
30791.470001779486
30833.475001788043
30891.47500179986
30953.065001812407
30974.170001816707
31089.085001840118
31210.77500186491
31361.71500189566
31455.03000191467
31764.85000197779
31842.07000199352
31862.28500199764
31947.59000201502
31970.980002019784
32081.025002042203
32174.105002061166
32212.65500206902
32259.6800020786
32294.14000208562
32378.940002102896
32445.03500211636
32460.24000211946
32508.65000212932
32535.84000213486
32672.320002162665
33008.51000205616
33184.33000196405
33303.81500190146
33338.92000188307
33428.90500183593
33522.90500178668
33588.870001752126
33607.41000174241
33618.04500173684
33676.87500170602
33762.59500166112
33933.670001571496
34082.280001493644
34093.97500148752
34109.63500147931
34123.205001472204
34132.66500146725
34143.61500146151
34215.55000142383
34250.200001405676
34267.85000139643
34279.3550013904
34301.21500137895
34314.570001371954
34344.05000135651
34395.865001329366
34533.37000125733
34730.91000115385
34788.6500011236
34902.920001063736
35004.80500101036
35083.43000096917
35101.45500095973
35183.03500091699
35267.52000087273
35449.38000077746
35485.23000075868
35504.160000748765
35538.58500073073
35597.695000699765
35613.825000691315
35644.7800006751
35666.070000663945
35793.55500059716
35820.7750005829
35892.81500054516
35904.46000053906
36006.480000485615
36072.280000451145
36083.65000044519
36375.980000292046
36428.265000264655
36445.75500025549
36593.610000178036
36611.68500016857
36625.38500016139
36786.83500007681
36840.390000048756
36855.94500004061
37236.30499984135
37415.09999974768
37432.6349997385
37450.53499972912
37532.77499968604
37560.02499967176
37594.97499965345
37627.61499963635
37659.46499961967
37994.974999443904
38013.47499943421
38025.35499942799
38139.149999368376
38175.99499934907
38192.08999934064
38249.21999931071
38321.70499927274
38367.91999924853
38384.06999924007
38459.17999920072
38687.074999081335
38699.174999074996
38748.309999049256
38796.47499902402
39005.244998914655
39021.69499890604
39444.83499868437
39455.4599986788
39472.614998669815
39500.539998655186
39700.21499855058
39734.61499853256
39802.499998497
40155.50999831207
40189.67499829417
40237.80999826895
40250.25999826243
40266.11999825412
40577.82999809083
40609.35999807431
40625.86999806566
41017.789997860345
41036.37499785061
41048.769997844116
41187.5799977714
41208.9499977602
41225.09999775174
41273.38499772645
41755.93999747365
41887.02499740498
42059.20999731478
42110.07499728813
42128.59999727843
42212.27999723459
42256.76999721128
42369.404997152276
42391.17999714087
42483.35499709258
42528.089997069146
42708.49499697464
42757.53499694895
42776.65999693893
42794.66999692949
42875.3999968872
42902.54499687298
42930.464996858354
43251.039996690415
43280.48499667499
43583.35999651632
43905.9999963473
43996.549996299866
44037.65499627833
44136.74499622642
44168.064996210014
44227.58999617883
44248.61499616782
44380.98999609847
44530.789996019994
44753.039995903564
44801.36499587825
44837.5299958593
45027.30999575988
45053.819995745995
45218.974995659475
45263.32999563624
45276.69499562924
45342.37999559483
45361.224995584955
45379.88999557518
45528.41499549737
45596.93999546147
45703.43999540568
46185.649995153064
46201.34499514484
46217.41499513642
46402.59999503941
46431.04999502451
46738.5849948634
46757.279994853605
47026.34499471265
47236.234994602695
47285.86999457669
47314.92999456147
47424.95999450383
47469.249994480626
47487.479994471076
47579.48499442288
47746.04999433562
47980.07999421302
47997.27499420401
48018.719994192776
48105.994994147055
48122.21499413856
48161.659994117894
48236.029994078934
48407.61999398904
48431.44999397656
48582.18999389759
48636.10499386935
48646.53999386388
48670.53999385131
48954.45499370257
48979.12999368965
49104.26999362409
49144.96999360277
49178.80999358504
49215.62999356575
49229.73999355836
49258.11999354349
49317.50999351238
49347.849993496486
49456.444993439596
49481.36999342654
49491.819993421064
49700.24499331188
49736.21499329303
49902.81499320576
49985.09499316265
50131.66999308587
50520.69499288207
50536.78999287364
50563.40999285969
50682.04499279754
50776.9999927478
50840.29499271464
50943.01499266083
51363.18999244071
51383.56499243004
51540.64499234775
51570.78999233196
51592.21499232073
51615.419992308576
51827.24499219761
51842.20499218977
51876.59999217175
52101.174992054104
52118.69999204492
52231.264991985954
52485.389991852826
52537.654991825446
52560.32499181357
52627.124991778575
52840.539991666774
53163.4699914976
53431.889991356984
53490.61999132622
53563.89499128783
53744.46999119323
54084.014991015356
54132.749990989825
54216.624990945886
54336.68999088299
54872.84999060211
54881.82499059741
54923.62499057551
54936.93499056854
54961.41499055571
55154.284990454675
55567.249990238335
55592.254990225236
55623.044990209106
55686.344990175945
55706.18499016555
55734.5399901507
55960.13999003251
55973.16499002569
56147.02498993461
56211.9399899006
56232.13498989002
56271.55498986937
56287.88498986082
56547.94498972458
56669.97998966065
56790.77498959737
56873.19498955419
56937.97998952025
56953.734989512
57043.55998946494
57211.96998937672
57231.789989366334
57455.849989248956
57501.584989225
57658.43498914283
57685.679989128555
57706.63498911758
57744.42998909778
57789.27998907428
58042.679988941534
58098.894988912085
58115.58998890334
58146.62498888708
58167.33998887623
58199.97998885913
58415.5549887462
58435.18498873591
58457.28998872433
58475.26498871492
58587.19498865628
58857.864988514484
58872.01998850707
58889.664988497825
59039.224988419475
59070.0949884033
59094.334988390605
59115.274988379635
59173.20498834929
59339.01998826242
59359.88998825149
59384.28498823871
59571.169988140806
59666.039988091106
59869.604987984465
59885.70998797603
59910.7749879629
59931.0049879523
59981.32498792594
60018.95998790622
60130.19498784795
60272.23498777354
60289.36998776456
60384.25998771485
60407.2649877028
60434.52998768852
60446.74498768212
60479.224987665104
60765.26498751526
60787.92998750338
60803.87998749503
60876.00998745724
60940.81998742329
61174.299987300976
61203.8399872855
61291.61498723952
61458.664987152006
61659.60498704674
61916.37998691222
62118.70498680623
62338.18998669125
62348.15498668603
62362.594986678465
62408.9199866542
62425.59998664546
62437.74998663909
62540.86998658507
62593.624986557435
62664.96498652006
62693.80998650495
62789.01498645508
62820.63998643851
63136.66998627295
63150.52498626569
63245.924986215716
63265.30498620556
63328.93498617223
63464.95998610097
63679.11998598878
63935.56998585443
63956.31998584356
64340.02998564255
64466.85498557611
64482.65498556783
64729.73998543839
64997.76498529798
65010.06498529154
65131.42498522796
65193.759985195305
65628.50998510217
65931.45998538431
65964.38498541497
66132.83498557186
66310.06998573692
66338.43998576334
66356.10498577979
66380.20998580224
66410.36998583033
66692.59998609318
66843.2699862335
66864.65498625342
66881.29498626891
66898.27998628473
66955.479986338
67076.92498645111
67197.96998656384
67218.74998658319
67417.83998676861
67459.74498680764
67477.51498682419
67809.58998713345
67832.43998715474
67921.44998723763
68133.85498743545
68318.24998760718
68353.64498764015
68467.21998774592
68501.79498777812
68518.56998779374
68529.43998780387
68560.70498783299
68906.19998815475
69210.35498843802
69232.31998845848
69527.28498873318
69653.99498885119
69665.41498886183
69690.06498888478
69806.37998899311
69870.74498905306
69913.7449890931
69949.4999891264
70039.23998920998
70247.95998940436
70525.51498966286
70546.79998968268
70561.16998969606
70619.05498974997
70631.99498976202
70821.54998993856
70905.6699900169
70959.40999006695
70991.20499009656
71122.57499021891
71136.23499023163
71153.56499024777
71175.42499026813
71314.40499039757
71491.26999056229
71677.26999073551
71847.03499089362
71899.46499094245
72041.87999107508
72067.2349910987
72120.05499114789
72316.65999133099
72480.61999148369
72496.81999149878
72723.71499171009
73038.08999200288
73674.44999259553
73705.4399926244
73776.04999269015
73794.5649927074
73870.6899927783
74557.05999341753
74765.15999361133
75025.42999385373
75102.84999392583
75151.16499397083
75166.32999398495
75178.9499939967
75191.44499400834
75258.74999407103
75319.71999412781
75460.54999425897
75479.01499427616
75633.91499442043
75666.65499445092
75693.44499447587
75728.97999450896
75911.30499467877
76089.70999484492
76108.96499486285
76129.50499488198
76291.49999503285
76331.30999506993
76347.74999508524
76454.50999518466
76473.42499520228
76529.94999525492
76599.74999531993
76714.95499542722
76726.11999543762
76744.779995455
76811.79999551742
76828.94999553339
76849.06999555213
76874.9249955762
77031.22999572178
77115.14499579993
77280.66999595409
77294.8549959673
77516.46499617369
77547.32499620243
77785.43499642418
77807.95999644516
77877.17999650963
77902.09999653284
77949.92499657738
78060.63499668048
78085.889996704
78109.73999672622
78260.44999686658
78349.78999694978
78363.8799969629
78409.58999700547
78535.3549971226
78574.05999715865
78584.43999716832
78596.73499717977
78642.6149972225
78670.92499724886
78784.71999735484
78949.84499750863
79009.93499756459
79029.89999758318
79075.62499762577
79088.1149976374
79190.45999773272
79213.13999775384
79226.8399977666
79246.90999778529
79489.81999801152
79503.01999802381
79525.8749980451
79642.40999815363
79724.43999823002
79815.55499831488
79863.2549983593
80398.57999885787
80419.4499988773
80613.05499905761
80697.4449991362
80882.90499930893
80900.81999932561
80978.549999398
80994.06499941245
81250.77499965153
81271.64999967098
81282.57499968115
81313.37999970984
81365.5149997584
81377.19999976928
81420.02499980916
81529.03499991068
81544.04999992467
81557.31999993703
81625.84000000084
81656.01500002894
81675.17000004678
81730.99000009877
81864.52000022313
82223.57000055752
82248.63500058086
82379.31000070256
82400.62500072242
82465.88000078319
82522.92500083632
82631.29500093724
82654.78500095912
82675.63000097853
82691.40000099322
82704.45500100538
83345.27500160219
83510.15500175575
83549.4100017923
83569.18500181072
83582.27000182291
83597.58500183717
83650.80000188673
83665.21000190015
83685.47500191903
83874.15500209475
84020.34000223089
84222.12500241882
84297.45000248897
84669.79500283574
84749.0900029096
84761.43500292109
84781.60000293987
85213.13000334176
85249.48500337562
85263.83500338899
85287.11500341067
85320.14500344143
85338.95500345895
85382.88000349986
85395.26000351139
85406.5450035219
85787.02500387625
85803.69500389177
85817.48500390461
85839.4850039251
85875.11500395829
86024.57500409748
86119.34000418574
86184.97000424686
86200.42500426125
86365.26500441477
86380.4300044289
86439.74000448413
86451.53500449512
86473.24500451534
86485.1300045264
86538.97500457655
86845.87500486238
87104.3500051031
87126.61500512384
87231.19500522123
87272.85000526003
87410.42000538815
87430.52000540687
87447.5250054227
87629.69500559237
87696.05500565417
87715.97000567272
87928.21500587038
87976.34500591521
87993.14500593086
88008.53000594518
88109.16500603891
88140.10000606772
88379.72000629088
88405.76000631513
88437.1800063444
88451.18000635743
88544.11000644398
88568.81000646699
88615.04000651004
88634.26000652794
88862.36000674037
88938.76500681153
89081.66500694462
89093.5600069557
89347.42000719212
89487.0900073222
89519.15500735206
89535.42500736722
89552.19500738283
89589.33000741742
89600.00000742736
89642.84000746725
89916.45000772207
90054.27500785043
90197.46500798379
90522.09500828612
90798.81500854384
90832.30500857503
90999.31500873057
91041.53000876989
91096.96500882151
91113.42000883684
91307.91500901798
91433.87500913528
91526.0200092211
91560.3850092531
91697.65500938095
91792.80500946956
91807.4500094832
91815.86500949104
91828.82500950311
91908.4900095773
91931.2450095985
92080.44500973745
92229.29500987608
92244.54000989028
92271.7350099156
92288.25000993098
92361.9300099996
92421.47001005505
92447.89001007966
92477.90001010761
92530.89501015696
92647.7600102658
92662.74001027975
92816.36001042282
92830.87001043634
92979.49001057475
93128.62501071364
93363.4000109323
93381.4500109491
93399.45001096587
93516.0950110745
93526.32501108403
93543.57001110009
93615.17501116678
93791.12501133065
93841.51501137757
93869.72001140384
93993.10001151875
94007.87501153251
94084.8450116042
94102.81501162093
94219.21501172933
94238.175011747
94250.44001175842
94265.4600117724
94346.36001184775
94401.18501189881
94482.5700119746
94604.80001208844
94735.47001221013
94752.89501222636
94770.23001224251
94783.60001225496
94824.37001229293
94839.60501230712
94886.86001235113
94899.91001236328
94915.69501237798
94994.60501245147
95090.45501254074
95131.04501257854
95223.58001266472
95386.61001281656
95708.16501311603
95979.78001336899
96350.93501371465
96422.23501378106
96432.67501379078
96451.82001380861
96519.85501387197
96537.11501388805
96583.51001393126
96600.17001394677
96665.34001400747
97142.9800144523
97155.39001446386
97208.3700145132
97229.91501453327
97306.92001460498
97320.45501461759
97458.4400147461
97487.04501477274
97530.9200148136
97688.31501496019
98013.79001526331
98183.62501542148
98319.2600155478
98571.17501578241
98597.16001580661
98631.92501583899
98678.91501588275
98691.80001589475
98711.16501591279
98751.94501595077
98789.28001598554
98825.7450160195
99012.93501619383
99036.39001621568
99052.9450162311
99115.27001628914
99140.01001631218
99203.80001637159
99312.37501647271
99446.38501659752
99458.08501660841
99522.56001666846
99591.14501673233
99604.2100167445
99644.08001678163
99669.00001680484
99697.15001683106
99779.75501690799
99995.0450171085
100039.2800171497
100050.53501716017
100637.41501770675
100820.66001787741
100845.06001790013
100889.53001794155
100960.51501800766
100973.53001801978
100984.6150180301
101209.48501823953
101289.73501831427
101308.39001833164
101407.22001842369
101524.12501853256
101553.87501856027
101741.8050187353
101841.61001882824
101858.23001884372
101892.0250188752
101948.95501892822
101960.14001893863
102077.60501904803
102201.33501916326
102214.02001917508
102336.63501928927
102346.7650192987
102438.25501938391
102455.22501939972
102516.28001945658
102575.39501951163
102614.99001954851
102633.16501956544
102653.94501958479
102682.24001961114
102712.05501963891
102783.38001970534
102895.90501981013
102952.40001986275
102962.64001987228
102974.77001988358
102988.4200198963
103035.4550199401
103060.2650199632
103319.48002020462
103336.26502022025
103367.87002024968
103502.65002037521
103514.97502038669
103528.66002039943
103872.90002072003
103896.65002074215
104341.80002115673
104392.21002120367
104417.38502122712
104429.67002123856
104452.59502125991
104486.38002129138
104574.83502137376
104608.04002140468
104747.24502153433
104869.65502164833
104995.63502176566
105099.34002186224
105178.25502193574
105204.02002195973
105346.33002209227
105616.61002234399
105675.82002239913
105728.14502244786
105840.01002255204
105855.04502256605
105883.38502259244
105917.08502262383
106064.53502276115
106505.13502317149
106517.88502318336
106544.24002320791
106586.36002324714
106958.45002359367
107015.65002364694
107044.63502367394
107059.17502368748
107261.04002387548
107344.57502395328
107356.42002396431
107372.63502397941
107395.79002400098
107412.4550240165
107450.39502405183
107497.14002409537
107548.78502414346
107711.02002429456
107723.83002430649
107747.80002432881
107789.35002436751
107807.74002438464
107907.85002447787
108107.93502466421
108163.49002471595
108301.90502484486
108321.17502486281
108617.53002513881
108916.81502541754
109015.35502550931
109219.16502569913
109290.79002576583
109306.50502578047
109318.40002579155
109372.07002584153
109387.16002585558
109402.39502586977
109423.13502588909
109533.82002599217
109553.32002601033
109584.33002603921
109621.3600260737
109647.41002609796
109676.27002612484
109919.09002635098
110047.32502647041
110294.48002670059
110361.77002676326
110390.12502678967
110523.65502691403
110803.99002717511
110855.43502722302
110998.40502735617
111043.30002739799
111285.985027624
111312.41502764862
111329.73502766475
111391.06502772187
111541.88502786233
111947.12502823974
112048.74002833437
112070.3500283545
112205.37002848025
112300.51002856885
112467.4200287243
112520.76002877398
112533.09002878546
112544.67502879625
112557.38002880808
112674.96502891759
112689.29502893094
112717.72002895741
112817.6700290505
112882.02502911043
112893.15002912079
112931.0600291561
112952.55002917611
112971.46502919373
113348.24502954463
113363.70502955903
113475.11002966278
113497.43502968358
113571.58002975263
113662.69502983749
113948.45003010362
113998.72003015043
114036.22503018536
114080.10503022623
114207.10503034451
114656.32503076288
114669.95503077557
114685.2400307898
114849.88503094314
114918.38503100694
115210.14003127866
115380.4850314373
115499.39503154805
115601.42003164307
115647.56503168604
115670.34503170726
115688.06503172376
115705.10003173962
115895.35503191681
115982.7500319982
116117.9300321241
116132.7450321379
116145.86503215012
116165.7150321686
116215.76003221521
116227.56503222621
116254.79003225156
116269.29503226507
116284.92503227963
116515.02003249392
116531.02003250882
116623.81003259524
116709.68503267522
116899.79503285227
117097.48003303638
117179.85003311309
117345.06503326696
117361.77503328252
117425.51503334189
117498.85503341019
117605.02003350906
117622.11003352498
117639.03003354074
118024.47503389971
118040.64003391477
118564.54503440269
118577.39503441466
118670.55503450142
118762.1250345867
118779.25503460265
118847.89003466658
118865.21503468271
118879.1550346957
118896.40503471176
118920.96003473463
119077.28003488021
119104.18003490526
119177.79503497382
119200.22503499471
119296.45003508433
119322.75003510882
119431.20003520983
119442.68003522052
119459.2000352359
119599.59003536665
119727.37503548566
119763.2750355191
119870.82003561925
119912.94003565848
119932.94503567711
119946.62503568985
119966.2150357081
119983.8300357245
119995.26503573515
120048.29003578454
120060.73003579612
120101.68003583426
120141.9850358718
120198.5700359245
120294.96503601427
120454.56503616291
120591.79003629071
120742.50503643107
120757.92003644543
120885.42003656417
120899.31503657711
120917.33003659389
121138.22003679961
121170.94003683008
121211.39503686776
121245.52003689954
121349.10503699601
121391.70503703569
121430.94003707223
121488.19003712555
121807.1500374226
121829.39003744331
122020.91003762168
122120.13003771409
122471.5850380414
122492.57503806095
122536.645038102
123421.88003892644
123530.88503902795
123642.10503913154
123834.32003931055
123857.11003933178
123879.6800393528
123900.59503937227
123911.55503938248
123936.08003940532
123945.94503941451
123959.18503942684
124008.17503947247
124085.64003954461
124118.15003957489
124133.96503958962
124152.35003960674
124164.15003961773
124191.27503964299
124241.74003968999
124286.12503973133
124325.49003976799
124513.50503994309
124531.51003995986
124541.68503996934
124671.26004009001
124818.85504022747
124866.2450402716
124947.04004034685
125094.6200404843
125210.06004059181
125360.90004073229
125477.5200408409
125500.79504086258
125650.9300410024
125683.71004103293
125778.32004112104
125809.46504115005
126006.81004133384
126168.52504148445
126239.62504155067
126253.28004156338
126357.40004166035
126430.5750417285
126467.93004176329
126485.05504177924
126506.90504179959
126597.13004188362
126730.50004200783
126865.79504213383
126879.86004214693
126895.28004216129
127123.64504237397
127138.44004238775
127181.94504242827
127320.58004255738
127339.75504257524
127544.55004276597
127671.68004288437
127683.49504289537
127881.77004308003
127896.72004309396
127932.68004312745
128045.52004323254
128102.46004328557
128217.01004339225
128242.74504341622
128521.95504367625
128552.02004370425
128569.24004372029
128763.79504390148
128793.65504392929
128954.15504407877
129072.75504418922
129088.57004420395
129101.88004421635
129225.47504433146
129250.52004435478
129345.60004444333
129509.3100445958
129529.81004461489
129585.02504466631
129655.43504473189
129935.5950449928
129953.03504500905
130036.55004508683
130067.72004511586
130161.86504520354
130190.99504523067
130266.01004530053
130389.6800454157
130508.38504552626
130738.49004574056
130782.30004578136
130884.64004587667
131202.0700461723
131303.80504626705
131320.2800462824
131334.28004629543
131353.70504631352
131457.2000464099
131537.20504648442
131547.34504649387
131598.96004654194
132136.7700470428
132321.3450472147
132350.06504724146
132502.60504738352
132517.86504739773
132531.7800474107
132572.77004744887
132585.22004746046
132600.92004747508
132660.16004753025
132702.43504756963
132831.53504768986
133040.57004788454
133173.29004800814
133386.30504820653
133397.4450482169
133555.85004836443
133572.48004837992
133794.3000485865
133819.8550486103
133854.3200486424
133917.5700487013
133930.49004871334
133944.26004872617
133968.5750487488
133996.9150487752
134063.22504883696
134115.79004888592
134133.2700489022
134221.14004898403
134237.90004899964
134477.46004922275
134496.7400492407
134525.3950492674
134596.6000493337
134623.47504935873
134702.76004943257
134783.2250495075
134947.64504966064
134971.61504968297
135009.1400497179
135083.35004978703
135110.4750498123
135168.76504986658
135244.62504993723
135301.1750499899
135400.03005008196
135684.42505034682
135778.17005043413
135848.86005049996
135861.4600505117
136226.29005085147
136518.13505112327
136782.0900513691
136795.69505138177
136835.75505141908
136847.43505142996
137100.6750516658
137112.73505167704
137184.69005174405
137362.83505190996
137391.5400519367
137457.42005199805
137548.67505208304
138127.97505262255
138206.25005269545
138219.90505270817
138288.18505277176
138302.68505278527
138605.06005306687
138870.79505331436
138883.47005332616
138900.3600533419
139197.92005361902
139282.44005369773
139366.56005377608
139568.52005396417
139580.2650539751
139609.2450540021
139740.83005412464
140122.26005447988
140138.98005449545
140283.72505463025
140354.78005469643
140453.91505478875
140462.4350547967
140486.15005481878
140572.5000548992
140584.92005491076
140617.57005494117
140730.8950550467
140748.41005506302
140768.20505508146
140873.86505517986
140947.2350552482
141374.68005564628
141415.00005568383
141426.81505569484
141445.255055712
141577.69505583536
141790.54005603358
142123.46005634364
142316.60505652352
142370.03005657328
142553.54005674418
142686.490056868
142759.0850569356
142823.85505699593
143049.5150572061
143062.9450572186
143074.38005722925
143088.76505724265
143103.7300572566
143259.62005740177
143343.34005747974
143394.095057527
143551.8200576739
143572.8700576935
143784.0650578902
143807.29005791183
144051.51505813928
144065.02005815186
144079.85505816567
144100.600058185
144157.21005823772
144519.51005857514
144586.54505863757
145026.30005904712
145037.2450590573
145056.6700590754
145154.12005916616
145194.38005920366
145277.33505928091
145292.33005929488
145432.87005942577
145471.36505946162
145487.2300594764
145517.47505950456
145664.96505964192
145687.1750596626
145751.19505972223
146222.18506016087
146576.645060491
146619.43506053084
146649.5550605589
146727.54506063153
146948.26006083708
146992.98006087873
147018.78006090276
147057.84006093914
147187.9250610603
147390.95506124938
147623.1350614656
147876.79006170185
147893.76006171765
148073.60006188514
148089.81006190024
148121.2400619295
148146.81006195332
148393.8500621834
148611.03006238566
148683.48506245314
148740.06506250583
149031.3450627771
149103.73506284453
149341.16506306565
149399.3050631198
149416.5950631359
149479.79006319476
149608.20006331435
149667.8500633699
149723.20006342145
149970.78006365203
150063.67006373854
150081.38006375503
150168.9700638366
150242.47506390506
150262.34006392356
150290.21006394952
150387.31006403995
150446.6500640952
150587.10006422602
150644.23506427923
150970.70506458328
151150.64006475086
151184.17006478208
151206.02006480243
151244.28506483807
151310.48506489972
151321.3100649098
151554.61006512708
151568.97006514046
151590.8250651608
151631.23506519845
152028.22006556817
152403.48006591765
152447.4350659586
152464.9600659749
152946.11006642302
153101.4750665677
153337.85006678785
153544.25506698008
153612.83006704395
153644.26006707322
153655.6100670838
153828.1600672445
153844.36506725958
154158.68506755232
154231.5800676202
154251.2350676385
154332.91506771458
154364.67006774415
154522.19506789086
154665.0350680239
154763.03506811516
155154.51006847975
155226.55006854684
155241.83006856107
155267.99006858544
155302.2950686174
155346.79006865883
155533.7000688329
155788.34006907005
155805.44006908598
155820.67506910017
155840.6700691188
155862.6950691393
156135.05006939295
156159.45006941567
156405.33006964467
156621.70006984618
156857.37507006567
156892.39507009828
156988.9550701882
157489.98007065483
157580.21007073886
157910.58007104654
157931.96007106645
157947.64007108106
158169.06507128727
158207.57007132313
158218.4900713333
158236.06507134967
158354.6500714601
158397.41007149994
158412.8400715143
158959.21007202315
158987.21507204924
159069.9550721263
159185.25007223367
159264.66007230763
159332.32507237064
159491.7350725191
159512.90007253882
159667.14007268246
159679.13007269363
159697.38507271063
159714.79507272685
159755.62507276487
159921.94507291977
159936.8900729337
159996.94507298962
160336.14507330552
160427.34507339046
160513.73507347092
160546.05507350102
160579.335073532
160630.51007357967
160716.2100736595
160737.46007367928
160779.62007371854
160791.99507373007
160841.8550737765
160885.2450738169
161195.48007410584
161355.27507425466
161373.11007427127
161389.82007428684
161429.0700743234
161484.2700743748
161499.55507438903
161597.16007447994
161629.49507451005
161708.60507458373
161844.4100747102
161908.15007476957
161927.6200747877
162012.69007486693
162089.08507493808
162117.7900749648
162217.9550750581
162288.1850751235
162395.05007522303
162462.86007528618
162476.17007529858
162490.09507531155
162600.81007541466
162656.4800754665
162821.30507562
162852.5450756491
162983.83007577137
163057.49507583998
163099.9450758795
163211.78507598367
163252.90507602197
163345.30507610802
163645.6150763877
163795.76007652754
163818.87507654907
163840.62507656933
163875.8200766021
164037.06507675227
164052.32007676648
164139.3200768475
164419.4600771084
164438.28007712594
164455.9500771424
164495.67007717938
164555.20007723483
164727.200077395
164758.08507742378
164772.84507743752
164789.52007745305
164801.13007746387
164836.32007749664
164915.26507757016
164992.11007764173
165521.16507813445
165847.33507843822
165942.96507852728
165957.03007854038
165975.88007855794
166095.9800786698
166348.34507890482
166468.10007901635
166511.1050790564
166528.76507907285
166723.10007925384
166744.1100792734
166790.02007931616
166801.93507932726
166883.54007940326
166905.1500794234
166944.42507945996
167148.42007964995
167161.74007966236
167176.9200796765
167489.2700799674
167637.90508010582
167651.1900801182
167767.74008022674
167796.8050802538
167994.4900804379
168055.64508049487
168072.48008051055
168166.65008059825
168181.93008061248
168325.79008074646
168337.50008075737
168506.25508091453
168724.6350811179
168828.3300812145
168892.20008127397
168950.0000813278
168995.26008136995
169008.14008138195
169082.51508145122
169193.82008155488
169211.4450815713
169228.02008158673
169350.13508170046
169364.01508171338
169382.915081731
169503.92008184368
169556.7550818929
169759.66508208186
169778.6150820995
169825.78008214344
169834.62508215167
169872.21008218668
169893.13008220616
169983.28008229012
169999.97008230566
170146.7750824424
170200.11508249206
170224.49008251476
170240.11508252932
170294.3100825798
170602.0450828664
170666.065082926
170936.2050831776
171151.5000833781
171164.53508339025
171194.06008341775
171231.72008345282
171429.3900836369
171543.28008374298
171568.9550837669
171650.59008384292
171748.21008393384
171896.31008407177
172389.21008453082
172410.48508455063
172517.64508465043
172671.77508479398
172697.18508481764
172722.54008484125
173086.20008517994
173312.55508539075
173333.59008541034
173432.93508550286
173462.58008553047
173614.80008567224
173641.10508569673
173718.24508576858
173880.84008592
173895.1150859333
173905.1950859427
173941.36008597637
173997.30008602847
174424.49508642632
174478.1650864763
174488.09508648555
174497.7100864945
174513.61008650932
174843.72508681676
174910.1350868786
174934.3900869012
174946.70508691267
174974.975086939
174986.2500869495
175040.10508699965
175070.4300870279
175092.57508704852
175112.47008706705
175166.0050871169
175183.9400871336
175205.0800871533
175726.8150876392
175944.6750878421
176042.24008793297
176057.8400879475
176073.27508796187
176239.57008811674
176254.58008813072
176283.20508815738
176302.4550881753
176314.39008818642
176340.41508821066
176364.90008823347
176442.30008830555
176483.55508834397
176525.48008838302
176568.24508842285
176679.3350885263
176726.0250885698
177010.1600888344
177408.66508920555
177455.30508924898
177473.71008926613
177485.63008927723
177505.11008929537
177527.50008931622
177646.00008942658
177712.01008948806
177791.5200895621
177837.91508960532
177997.53508975398
178108.42508985725
178235.67508997576
178255.9150899946
178345.21009007777
178365.3300900965
178433.69009016018
178452.35009017756
178630.05509034306
178702.72509041073
178816.55509051675
178830.50509052974
178863.40009056038
178939.91009063163
179016.50509070297
179153.3500908304
179166.880090843
179232.7900909044
179261.59509093122
179563.31009121222
179625.61009127024
179672.35509131377
179690.68509133084
179854.97509148385
180005.73509162426
180079.57509169303
180350.69509194553
180622.13509219832
180639.2850922143
180694.3700922656
180832.28009239404
180899.4450924566
181002.8650925529
181074.6750926198
181090.3750926344
181152.72509269248
181169.2950927079
181180.79509271862
181203.2200927395
181223.36509275826
181422.42009294365
181531.55009304528
181593.76009310322
181613.78509312187
181851.8500933436
181890.2000933793
182060.1750935376
182125.53509359848
182231.67009369732
182272.27509373514
182286.075093748
182342.62009380065
182742.49509417306
182758.49509418797
182961.29009437683
182978.20009439258
182992.2800944057
183283.34009467677
183302.89009469497
183336.02009472583
183363.1650947511
183380.18009476695
183397.70509478328
183599.7150949714
183620.9750949912
183855.18509520934
183865.00009521848
183897.30509524856
183963.1600953099
183976.08009532193
184302.6850956261
184509.820095819
184566.36509587168
184681.51509597892
184875.13009615924
184964.23509624222
184984.70009626128
185008.93009628385
185052.76509632467
185115.4900963831
185339.72009659192
185372.62509662256
185619.39009685238
185680.4950969093
185717.73509694397
185733.26509695844
185772.03009699454
185787.41009700886
185799.11009701976
185902.5450971161
185920.12509713246
186073.3800972752
186099.0400972991
186116.93009731575
186129.25009732723
186140.6150973378
186161.91009735764
186344.57009752776
186354.7200975372
186367.86509754945
186387.33009756758
186407.15009758604
186506.87509767892
186539.15509770898
186733.8600978903
186755.69009791064
186790.14509794273
186872.70009801962
186898.52009804366
187005.73509814352
187066.87509820046
187100.16009823146
187255.81009837642
187376.41009848873
187447.71509855514
187571.41509867035
187592.38009868987
187636.59509873105
187694.3100987848
187709.9900987994
187854.96509893442
187871.53009894985
187892.86509896972
187904.3300989804
187929.54009900388
187998.4850990681
188114.5850991762
188202.405099258
188334.62509938114
188376.28509941994
188397.34009943955
188435.5150994751
188739.72009975842
188811.95009982568
188830.08509984257
188861.63509987196
189053.2301000504
189099.16010009317
189449.31510041928
189466.47510043526
189640.44510059728
189735.2901006856
189861.59010080324
190264.35510117834
190280.35010119324
190607.97010149836
190760.4901016404
190779.19510165782
190966.24510183203
191105.88010196207
191135.89010199002
191164.08510201628
191219.7401020681
191518.40510234627
191555.40510238073
191597.0351024195
191610.6851024322
191634.13010245404
191719.96010253398
191807.89010261587
191831.57510263793
191871.5001026751
191933.49510273285
191947.43510274583
192128.24010291422
192362.21010313212
192395.07010316272
192431.20510319638
192753.07510349614
193129.66510384687
193258.07010396646
193289.65510399587
193360.5551040619
193465.15510415932
193634.3501043169
193768.2451044416
193908.98510457267
194128.2851047769
194143.82010479138
194164.0451048102
194184.92010482965
194274.9651049135
194325.49010496057
194462.93510508857
194775.1051053793
194810.225105412
194971.275105562
195040.37010562635
195054.33510563936
195257.89010582893
195277.7201058474
195325.0751058915
195345.01010591007
195357.55010592175
195424.9351059845
195455.59010601306
195470.26510602672
195668.69010621152
195693.0451062342
195929.65510645456
196142.8451066531
196407.48510689958
196421.2401069124
196437.91510692792
196473.52510696108
196544.38010702707
196582.45510706253
196757.90010722593
196992.5951074445
197028.1401074776
197048.66510749672
197098.82510754344
197150.07010759116
197544.69010795868
197566.21510797873
197607.43510801712
197673.26510807843
197764.9351081638
197791.7701081888
197864.96510825696
197920.7301083089
197958.9551083445
198028.40010840917
198064.90010844317
198095.06010847125
198329.75510868983
198363.62010872137
198379.6401087363
198391.64510874747
198593.3251089353
198787.9001091165
198804.9501091324
198826.29010915227
198850.5951091749
198874.28510919696
199311.4301096041
199333.59010962473
199356.56010964612
199398.98010968562
199416.62010970205
199479.22510976036
199503.7551097832
199520.23010979855
199689.0851099558
199739.14511000243
199755.39511001756
199792.99511005258
199819.99511007773
199937.16011018684
199955.00511020346
200029.9951102733
200203.1851104346
200336.09511055838
200697.70011089515
200787.11511097843
200828.8551110173
200842.13511102967
200853.60511104035
200894.4501110784
200914.05011109664
200930.530111112
200954.03511113388
201090.0951112606
201214.34511137631
201297.95011145418
201385.08011153532
201405.3401115542
201576.05011171318
201591.47511172754
201642.39511177497
201656.15011178778
201689.07011181844
201737.08511186315
202143.93511224206
202159.3401122564
202178.5501122743
202347.89511243202
202371.32511245384
202384.0551124657
202423.77511250268
202434.9501125131
202448.5801125258
202473.56011254905
202758.4701128144
202867.51511291595
202923.64011296822
202945.12011298822
203018.93511305697
203046.21011308237
203076.68511311075
203145.09011317446
203164.64511319267
203219.72011324397
203237.88011326088
203307.14011332538
203348.1901133636
203502.4801135073
203517.89011352166
203561.0001135618
203578.77011357836
204018.02511398745
204033.5451140019
204048.0501140154
204170.68511412962
204259.63511421246
204326.92011427513
204845.9301147585
204887.95011479763
204928.53011483542
204941.97511484794
204976.7151148803
205070.96511496807
205122.25011501584
205394.47511526936
205416.62011529
205467.100115337
205484.3901153531
205496.04011536395
205538.26011540327
205569.81511543266
205639.92511549796
206003.52011583658
206173.47011599486
206190.5801160108
206204.28011602355
206488.9901162887
206511.44011630962
206538.4901163348
206568.770116363
206612.50011640374
206626.45011641673
206638.70511642814
206656.85011644504
206936.12511670514
206990.90511675616
207152.49511690665
207175.76511692832
207247.0251169947
207311.63011705485
207634.8751173559
207869.12511757406
207902.69511760533
207918.83511762036
208006.7151177022
208017.6551177124
208235.7551179155
208442.67511810822
208510.69011817157
208523.7151181837
208658.08011830883
208944.82511857589
208989.87011861784
209000.92011862813
209018.55511864455
209083.455118705
209122.0101187409
209133.24511875137
209519.87011911144
209724.75511930225
209738.49511931505
209830.82011940103
210052.42511960742
210071.48011962516
210111.32511966227
210201.92011974665
210224.18511976738
210238.20011978043
210286.055119825
210350.6851198852
210381.625119914
210398.44011992967
210670.06012018264
210682.00012019376
210755.67512026237
210773.91012027935
211050.30512053677
211124.3301206057
211143.18012062326
211216.69512069173
211253.79012072628
211330.54512079776
211349.32012081525
211447.66512090684
211482.3001209391
211659.31012110395
211893.26512132183
211907.31512133492
211925.1201213515
211942.7201213679
212025.16512144468
212048.52512146643
212171.06012158055
212184.28012159286
212222.1051216281
212276.42512167868
212391.2401217856
212417.0051218096
212511.98012189806
212745.75012211577
213108.0551224532
213399.97012272506
213536.95012285264
213788.10012308654
213842.99012313766
213865.5801231587
213879.6501231718
213898.73512318957
214157.0001234301
214263.89512352966
214276.23012354114
214325.72512358724
214371.28012362967
214477.91012372897
214505.39512375457
214559.50012380496
214619.71012386103
214666.8001239049
214763.3551239948
214978.60512419528
215069.62012428005
215262.04012445925
215280.010124476
215485.40012466727
215521.0751247005
215537.81012471608
215559.27512473607
215689.92012485774
215712.60512487887
215767.58012493007
215852.45512500912
215870.18012502562
215891.87012504583
215909.51512506226
215956.02012510557
215973.15012512152
216038.8351251827
216264.66512539302
216299.8501254258
216441.20012555743
216671.54012577195
216688.58512578782
216915.4451259991
217011.2301260883
217030.27512610605
217139.9651262082
217182.78012624808
217204.155126268
217310.9101263674
217344.16012639838
217467.85512651358
217494.74512653862
217603.8101266402
217769.1851267942
217785.54012680944
217802.48012682522
217861.59012688027
217910.33512692567
217958.2651269703
218042.3401270486
218116.24012711743
218246.30512723856
218442.00512742082
218471.0801274479
218577.3801275469
218675.0901276379
218689.54512765136
218702.85012766375
218887.1501278354
218924.54512787022
218994.47012793535
219140.00012807088
219388.85512830265
219500.75012840686
219838.7951287217
219852.005128734
219941.07512881694
220033.19512890273
220266.40512911993
220380.5251292262
220524.73512936052
220546.43012938072
220665.84512949194
220709.58512953267
220759.28512957896
220775.430129594
220853.2751296665
220867.4601296797
220886.38012969733
220960.85512976669
220996.82012980018
221010.24512981268
221027.89012982912
221119.1551299141
221174.70012996584
221363.58013014175
221463.84013023513
221487.81513025746
221615.26013037615
221649.65513040818
221787.1301305362
221927.62013066706
221986.2801307217
222112.5651308393
222146.02013087046
222186.73013090837
222268.3651309844
222301.20013101498
222389.99013109767
222402.20513110905
222625.52513131703
222727.97513141244
222979.16013164638
223186.45513183944
223201.61513185356
223218.90513186966
223322.80513196642
223376.45013201638
223419.60513205657
223574.10513220046
223587.30013221275
223617.27013224066
223799.02513240994
224233.25513281435
224356.1601329288
224371.21513294283
224388.11013295857
224413.57513298228
224430.49513299804
224446.8751330133
224507.06513306935
224593.67013315
224607.46513316286
224834.0701333739
225001.00513352937
225055.4751335801
225113.08013363375
225263.51013377385
225389.46513389115
225404.15013390483
225439.08513393736
225679.78513416153
225702.67513418285
225834.1601343053
225854.21513432398
225868.69513433747
225884.88013435254
225979.26513444044
226125.62513457675
226151.30013460066
226208.50013465394
226226.815134671
226257.80013469985
226293.31013473292
226327.745134765
226361.29513479624
226385.2101348185
226502.59013492783
226535.07013495808
226585.8801350054
226709.85013512085
226724.0601351341
226745.445135154
226925.03013532126
226942.21513533726
226961.66013535537
227122.95013550558
227513.53013586934
227583.9351359349
227601.72513595148
227707.3051360498
227770.860136109
227814.87013614998
227917.38513624546
227939.48013626604
227962.5301362875
228100.80013641628
228286.13513658888
228330.25013662997
228506.33513679396
228530.82513681677
228556.69013684086
228724.10513699678
228759.22513702948
228960.16013721662
229094.9051373421
229153.04513739626
229324.3401375558
229349.88513757958
229405.095137631
229785.59013798536
229802.10013800074
230019.265138203
230156.32513833063
230172.96013834613
230276.3401384424
230288.31513845356
230300.20013846463
230311.5551384752
230432.41513858776
230497.25013864815
230519.41013866878
230702.74013883952
230736.7501388712
230753.15513888648
230777.37513890903
230858.38013898447
230941.99013906234
231019.96513913496
231041.87013915536
231073.18013918452
231102.22513921157
231130.31513923773
231167.88513927272
231180.34513928433
231192.80013929593
231213.36013931507
231231.23013933172
231262.52013936086
231282.93013937987
231301.07513939677
231501.95013958385
231807.75013986864
231863.50013992056
231877.09013993322
231914.69513996824
232085.71514012752
232497.480140511
232521.36014053324
232541.8151405523
232565.51014057436
232700.98514070053
232768.13014076307
232786.6251407803
232817.6701408092
232925.19514090935
233016.28014099417
233030.74514100765
233054.70014102996
233093.8201410664
233105.90514107764
233199.46014116477
233398.08014134975
233734.51014166308
233745.9101416737
233801.98014172592
233920.9301418367
234012.8501419223
234068.42514197406
234110.83014201355
234223.37514211837
234362.3401422478
234489.54014236626
234826.1101426797
234859.96514271124
234910.19514275802
235445.18014325626
235503.1951433103
235561.05514336418
235643.525143441
235680.9201434758
235697.9651434917
235814.94514360063
235891.37514367182
235911.95514369098
235981.04014375532
236123.1851438877
236136.2751438999
236163.17014392494
236385.95514413243
236435.76514417882
236480.57514422055
236499.87514423853
236516.74514425424
236535.41014427162
236550.15014428535
236562.07514429645
236573.69514430728
236598.5201443304
236694.8501444201
236711.01014443516
236816.32514453324
236829.11014454515
236901.04014461214
236948.87014465668
236998.68514470308
237017.33514472045
237246.06014493346
237634.53014529526
237647.52014530735
237671.15514532937
237685.60514534282
237707.74514536344
237776.47014542745
237797.81514544733
237812.91014546138
238216.89014583762
238294.99014591036
238358.00514596904
238371.3851459815
238518.4701461185
238541.55014613998
238568.8351461654
238837.3801464155
238850.75514642795
238947.15514651773
238964.79514653416
239002.3051465691
239017.17514658294
239064.0401466266
239229.5001467807
239274.36014682247
239614.75014713948
239717.59514723526
239734.7051472512
240114.52514760493
240156.6801476442
240172.98514765938
240185.40014767094
240199.25514768384
240255.02014773578
240319.685147796
240330.6251478062
240345.50514782005
240441.40014790936
240499.13014796312
240528.55014799052
240729.72514817788
240758.61014820478
241024.1701484521
241040.18514846702
241062.87514848815
241078.96014850313
241090.78514851414
241141.68514856155
241202.13514861785
241310.19014871848
241436.97014883655
241455.77014885406
241532.6801489257
241582.7251489723
241599.96514898835
241615.54014900286
241743.7951491223
242184.73514953296
242408.0051497409
242443.31514977379
242493.06514982012
242625.9751499439
242647.37514996383
242680.34014999453
242739.61015004973
242842.67515014572
242929.50515022659
243269.4751505432
243281.99515055487
243316.87015058735
243412.41515067633
243473.8151507335
243493.85015075217
243602.125150853
243725.43515096785
244017.8701512402
244045.96515126637
244381.69515157904
244407.69015160325
244802.38515197084
245308.37015244208
245479.69515260163
245577.63015269284
245754.3101528574
245791.8951528924
245896.23515298957
245911.8451530041
245983.43015307077
246025.63015311008
246057.4251531397
246098.06015317753
246250.4851533195
246269.85515333753
246505.12015355664
246542.025153591
246707.61015374522
246933.79015395587
246951.15515397204
247205.19015420863
247274.12015427282
247350.4501543439
247370.2901543624
247389.01015437982
247759.4151547248
247776.21015474043
247886.70015484333
247937.42015489057
248000.39015494921
248057.31515500223
248067.78515501198
248114.54515505553
248186.54015512258
248204.09015513893
248267.8451551983
248445.58015536383
248478.5051553945
248528.07515544066
248565.61015547562
248705.36015560577
248804.67015569826
248830.34015572217
248939.8851558242
249173.08015604137
249216.31015608163
249246.25515610952
249276.3051561375
249465.11515631335
249496.98515634303
249514.3351563592
249721.30515655194
249731.70515656163
249749.270156578
250081.3951568873
250267.73515706084
250439.31015722064
250456.42515723658
250469.25015724852
250559.08015733218
250571.27515734354
250696.0051574597
250711.95515747456
250852.8701576058
250863.95515761612
250889.61015764
250963.2551577086
250976.50515772094
250995.27515773842
251038.1101577783
251521.24515822827
251792.3901584808
251809.17015849642
251873.40015855624
251900.34515858133
251953.7951586311
252123.6401587893
252386.31515903393
252535.73515917308
252556.21015919215
252778.97515939962
252800.82515941997
253120.15515971737
253164.2101597584
253180.80015977385
253197.09515978902
253266.1101598533
253393.8951599723
253826.91016037558
253851.59516039857
253929.9051604715
254034.41016056883
254046.1851605798
254215.9501607379
254380.94016089157
254398.3701609078
254425.08516093268
254468.0701609727
254561.5951610598
254575.48016107274
254655.60516114737
254736.9351612231
254755.85516124073
254779.58016126283
254809.4151612906
254824.07516130427
255025.57016149192
255043.4901615086
255699.83516211988
255816.12516222819
255827.5301622388
255893.59516230033
255912.9851623184
255989.2251623894
256193.60016257974
256242.48516262526
256328.59516270546
256356.8751627318
256392.43516276492
256423.8801627942
256486.5751628526
256585.1551629444
256603.64516296162
256758.43516310578
256777.20516312326
256801.64516314602
256812.93516315654
256830.43016317283
256856.33516319696
256919.0901632554
257057.41016338422
257149.8201634703
257170.5501634896
257384.1251636885
257404.7301637077
257520.0551638151
257539.26016383298
257683.61516396742
257696.29016397923
257835.58016410895
257943.59016420954
257964.56516422908
258132.57516438555
258491.7901647201
258825.87016503123
258868.4601650709
258886.57016508776
259013.92016520636
259366.2651655345
259382.01516554918
259410.00016557524
259476.26016563695
259739.76016588236
259762.97016590397
259811.69516594935
259887.8651660203
259911.10516604193
259932.69016606204
259986.20516611187
260109.33516622655
260454.97016654845
260472.4201665647
260485.0001665764
260506.80516659672
260551.62016663846
260570.18516665575
260591.87016667594
260603.94016668719
260633.11016671435
260742.17516681593
261070.3851671216
261088.57016713853
261185.10016722843
261222.9551672637
261297.19016733282
261318.6251673528
261563.670167581
261651.99016766326
261733.1101677388
261757.0351677611
261916.08516790922
262144.19516812166
262170.2101681459
262276.4151682448
262295.91516826296
262307.4701682737
262334.47016829887
262479.18016843364
262569.5301685178
262586.56016853364
262837.48516876734
262960.86516888224
263138.2151690474
263452.20016933983
263474.8301693609
263492.4151693773
263509.0451693928
263674.1101695465
263742.6401696103
264003.4201698532
264062.5851699083
264086.8751699309
264116.8101699588
264264.3551700962
264326.0901701537
264433.6651702539
264485.2301703019
264571.3451703821
264588.54017039813
264783.88517058006
264822.31017061585
264835.95017062855
264868.1351706585
265095.0151708698
265111.91017088556
265149.7301709208
265197.6351709654
265533.1951712779
265689.8101714238
265708.37017144106
265769.99017149844
265877.38017159846
265901.2901716207
265958.6951716742
266062.81017177115
266080.32017178746
266231.9601719287
266345.4651720344
266358.94017204695
266376.5001720633
266392.88017207856
266404.48517208936
266537.73517221346
266553.92517222854
266634.4251723035
266705.7351723699
266759.0951724196
266990.84517263545
267058.05017269804
267148.4351727822
267352.57017297234
267364.05517298303
267457.5401730701
267473.7601730852
267544.22517315083
267554.88517316076
267692.9151732893
267958.5801735367
267987.9701735641
268002.6751735778
268023.45017359714
268037.23017361
268332.0851738846
268381.21517393034
268783.46017430496
268805.70017432567
268895.160174409
268939.0051744498
269092.06517459237
269123.0451746212
269141.4951746384
269240.86017473094
269392.6601748723
269463.0801749379
269520.6001749915
269536.7651750065
269571.9551750393
269664.6451751256
269764.925175219
269772.6101752262
269781.025175234
269794.3351752464
270020.1151754567
270050.2951754848
270084.48517551663
270110.68517554103
270439.28517584706
270456.370175863
270514.98517591757
270583.03517598094
270677.580176069
270780.83017616515
270890.175176267
270931.71017630567
270953.15517632564
271431.09517677076
271466.8951768041
271520.10017685365
271638.65517696406
271661.8051769856
271881.75017719046
272099.210177393
272210.7751774969
272292.8201775733
272337.0551776145
272354.4351776307
272528.695177793
272539.10017780267
272562.18017782416
272589.01017784915
272644.1701779005
272669.73517792433
272870.66517811146
272886.99017812667
273048.57517827715
273337.8601785466
273381.23017858696
273429.63017863204
273443.72517864517
273531.76017872716
273685.2151788701
273715.37017889816
273839.57517901383
273860.8301790336
273877.0101790487
274169.2851793209
274284.6951794284
274316.2851794578
274333.63517947396
274408.9701795441
274482.0651796122
274500.9951796298
274600.25017972226
274671.62017978873
274734.5851798474
274749.230179861
274772.2101798824
274795.35517990397
274836.8551799426
274848.8901799538
274920.5851800206
275232.79018031136
275358.40018042835
275371.1551804402
275389.0751804569
275701.23518074764
275879.6401809138
276069.75518109085
276442.04518143757
276661.92018164234
276671.6451816514
276692.75518167106
276867.43018183374
277077.070182029
277088.18018203933
277101.6501820519
277178.07518212305
277188.1151821324
277226.9551821686
277246.14518218645
277405.7851823351
277590.17018250684
277689.110182599
277717.41018262535
277842.92518274224
278025.90518291265
278230.3951831031
278283.4601831525
278335.6251832011
278410.0251832704
279060.315183876
279106.18518391874
279123.26518393465
279233.0501840369
279336.30518413306
279507.45018429245
279539.3901843222
279563.80018434493
279753.7251845218
279776.6651845432
279841.5451846036
279884.5801846437
280021.5151847712
280295.03518502595
280307.05518503714
280327.4201850561
280342.5751850702
280465.12018518435
280490.99518520845
280522.5201852378
280546.38518526003
280568.2251852804
280691.99018539564
280704.67518540745
280767.4501854659
280781.13518547866
280979.090185663
281034.0601857142
281383.29018603946
281539.83518618526
281640.77518627926
281657.4651862948
281736.77018636867
281884.255186506
281968.56018658454
282219.7801868185
282291.6251868854
282335.7451869265
282368.8251869573
282430.3651870146
282467.45518704917
282482.310187063
282509.0601870879
283062.0451876029
283086.3151876255
283107.4351876452
283124.58518766117
283194.23518772604
283208.43518773926
283221.97018775187
283478.4401879907
283522.2501880315
283539.33018804743
283553.10518806026
283637.665188139
283970.0801884486
284039.81018851354
284138.4301886054
284302.99518875865
284355.4201888075
284380.2201888306
284502.18018894416
284644.9351890771
284739.2001891649
284977.40518938674
285046.7451894513
285073.9951894767
285149.00518954656
285170.17018956627
285230.7751896227
285444.61518982187
285459.65018983587
285568.5401899373
285612.31518997805
285667.005190029
285694.7401900548
285838.9201901891
285855.8151902048
285871.95019021985
285889.270190236
285950.6151902931
286139.94019046944
286152.8851904815
286165.7651904935
286184.9151905113
286211.55519053614
286348.3301906635
286372.29019068583
286414.2201907249
286456.1251907639
286483.43519078934
286601.6001908994
286622.71019091905
286744.7351910327
286783.12519106845
286816.20519109926
286842.18019112345
286966.1201912389
286981.9201912536
287060.16519132646
287085.6801913502
287097.0251913608
287351.66019159794
287489.30519172613
287526.49519176077
287539.7051917731
287549.3751917821
287560.3451917923
287725.370191946
287868.165192079
287894.1601921032
287947.60519215296
288029.4401922292
288261.33019244514
288416.09019258927
288429.2351926015
288445.58019261673
288461.05019263114
288532.89519269805
288542.3701927069
288554.69519271835
288601.7551927622
288614.38019277394
289153.0201932756
289291.70019340474
289307.6601934196
289900.62019397184
290096.9401941547
290149.0151942032
290167.4201942203
290206.75019425695
290294.830194339
290333.76519437524
290347.3651943879
291077.66019506805
291140.1951951263
291261.6301952394
291302.30519527727
291320.5901952943
291402.03019537014
291430.9651953971
291491.5301954535
291603.66519555793
291614.6651955682
291627.93519558053
291639.5851955914
291655.66519560636
291668.7301956185
291678.51519562764
291690.88019563915
291704.73019565205
291851.795195789
291972.6701959016
291984.35019591247
291996.4351959237
292053.8251959772
292082.0651960035
292139.4001960569
292185.0701960994
292225.1301961367
292246.6901961568
292262.2651961713
292298.5551962051
292315.1751962206
292762.5451966372
292878.84519674553
292948.03519681
292961.56019682257
292986.12519684545
293258.31019709894
293481.6151973069
293654.8151974682
293706.07519751595
293809.0051976118
293821.6451976236
293980.6601977717
294000.6601977903
294071.9601978567
294233.6351980073
294466.51019822416
294483.2051982397
294522.9251982767
294554.8301983064
294666.01519840996
294683.0201984258
294699.1001984408
294720.64519846084
294836.0151985683
294975.4951986982
295237.23019894195
295430.92519912234
295568.48019925045
295736.4701994069
295778.9801994465
296167.8851998087
296197.67519983643
296258.6251998932
296277.90519991115
296335.14019996446
296531.8852001477
296632.22520024114
296696.85520030133
296721.47520032426
296824.56020042027
296840.63520043524
296962.72020054894
297056.8302006366
297066.87520064594
297178.9302007503
297243.39020081033
297256.6702008227
297327.4252008886
297341.1802009014
297365.7352009243
297379.99020093755
297427.66520098195
297730.66020126414
297786.4652013161
297817.55520134507
297830.74020135734
297900.7102014225
297917.95520143857
297981.1452014974
298158.22520166234
298180.69020168326
298411.32520189806
298443.8152019283
298460.69020194403
299138.8502025756
299433.5502028501
299750.0252031448
299806.84520319774
299833.7852032228
299885.2102032707
