362.8899999997425
404.3299999997048
417.90999999969245
479.4349999996365
505.4849999996128
527.9399999995924
702.5499999994336
768.1149999993739
953.3799999992054
961.0649999991984
970.8999999991895
1405.4350000074671
1416.9150000077177
1445.5400000083425
1467.4050000088198
1483.7950000091776
1494.7300000094162
1967.0700000197264
2025.785000021008
2045.4000000214362
2096.615000022554
2481.855000030963
2792.100000037735
2802.7950000379683
2812.95000003819
3005.36000004239
3070.640000043815
3097.3700000443982
3114.6600000447756
3153.0350000456133
3171.120000046008
3282.395000048437
3428.045000051616
3443.485000051953
3462.2850000523636
3508.0150000533617
3863.3850000611187
3878.3050000614444
3983.3150000637365
4035.8600000648835
4047.2350000651318
4062.2550000654596
4073.5600000657064
4166.965000067745
4185.795000068156
4345.9450000716515
4388.440000072579
4430.910000073506
4456.965000074075
4562.745000076384
4660.115000078509
4897.9400000837
5111.690000088366
5327.510000093077
5340.995000093371
5358.3650000937505
5374.185000094096
5419.905000095094
5547.475000097878
5561.355000098181
5580.655000098603
5688.880000100965
5700.510000101219
5729.975000101862
5743.15500010215
5881.725000105174
5912.095000105837
6034.0850001085
6774.150000124654
6794.960000125108
6829.940000125872
7088.71500013152
7099.265000131751
7144.650000132741
7229.020000134583
7287.885000135868
7297.965000136088
7308.065000136308
7331.365000136817
7446.815000139337
7475.425000139961
7494.680000140382
7510.3850001407245
7545.300000141487
7600.785000142698
7776.380000146531
7947.115000150257
7961.590000150573
7971.200000150783
8050.420000152512
8174.275000155216
8187.565000155506
8264.845000143941
8275.185000142286
8291.46500013968
8325.33000013426
8358.100000129014
8532.525000101094
8702.620000073866
8741.910000067577
8855.420000049407
8877.565000045863
8935.285000036623
9130.080000005442
9276.934999981935
9320.689999974931
9560.189999936594
9578.984999933586
9603.659999929636
9935.709999876484
9958.299999872868
9975.40999987013
9996.294999866786
10013.20499986408
10029.25999986151
10121.194999846794
10130.02499984538
10153.354999841646
10215.204999831745
10347.24499981061
10364.449999807855
10380.554999805277
10438.494999796003
10592.089999771417
10603.619999769571
10619.289999767063
10697.994999754465
10708.174999752835
10718.25999975122
10734.604999748604
10824.71499973418
10876.954999725818
10885.30999972448
10932.889999716865
11032.304999700951
11219.429999670998
11235.559999668416
11255.869999665165
11484.029999628643
11495.299999626839
11508.28999962476
11565.999999615522
11626.314999605867
11639.10999960382
11654.299999601388
11664.549999599747
11672.679999598446
11904.069999561407
12003.359999545513
12052.084999537714
12265.404999503568
12279.25499950135
12328.384999493486
12370.919999486678
12381.77499948494
12402.434999481633
12441.3699994754
12505.90499946507
12518.849999462998
12533.569999460642
12561.844999456116
12571.394999454587
12702.764999433559
12712.769999431957
12790.15999941957
12850.519999409908
13014.794999383612
13040.194999379546
13208.59499935259
13253.184999345453
13284.454999340447
13398.359999322214
13416.559999319301
13428.524999317386
13443.284999315023
13466.244999311348
13515.189999303513
13559.959999296347
13604.814999289167
13647.89999928227
13750.644999265824
13796.849999258427
14094.609999210765
14447.754999154236
14478.414999149329
14539.63499913953
14630.77499912494
14662.399999119878
15023.569999062065
15110.804999048101
15312.619999015797
15439.54499899548
15450.794998993679
15476.754998989523
15490.14499898738
15503.214998985288
15526.62999898154
15539.759998979438
15869.699998926624
15892.079998923042
15952.489998913372
15962.664998911743
15985.92499890802
16095.409998890495
16160.124998880136
16171.259998878353
16189.634998875412
16360.904998847996
16444.984998856722
16527.964998873627
16602.87999888889
16784.094998925808
16911.604998951785
16921.374998953776
16931.10999895576
16943.789998958342
16989.359998967626
17216.4899990139
17226.449999015927
17435.4199990585
17665.254999105324
17705.544999113532
17720.274999116533
17760.249999124677
17771.25499912692
17965.459999166484
18413.459999257753
18421.404999259372
18438.96999926295
18470.97499926947
18503.889999276176
18516.36999927872
18666.42499930929
18737.489999323767
18746.429999325588
18841.204999344896
18851.804999347056
18897.80999935643
18910.954999359106
18923.309999361623
18935.90499936419
19049.899999387413
19157.09499940925
19478.484999474727
19494.564999478003
19950.859999570963
20038.22499958876
20098.524999601046
20123.22499960608
20142.56999961002
20196.949999621098
20225.13499962684
20265.699999635104
20276.92499963739
20562.484999695567
20580.054999699147
20622.13999970772
20836.724999751437
20848.284999753792
20867.9549997578
20915.65999976752
21092.52499980355
21227.06999983096
21804.734999948647
21824.944999952764
21837.549999955332
21849.944999957857
21866.8449999613
22006.48999998975
22034.50999999546
22312.525000052097
22332.240000056114
22805.070000152442
22835.750000158692
22846.05000016079
22877.41000016718
22931.190000178136
22960.4600001841
22971.235000186294
23191.375000231143
23206.500000234224
23219.220000236815
23288.20000025087
23300.950000253466
23364.4300002664
23441.425000282085
23463.64500028661
23478.190000289575
23518.95500029788
23710.77500033696
23721.555000339155
23735.980000342093
23919.25000037943
23933.47500038233
23962.575000388257
24087.895000413788
24111.26500041855
24167.120000429928
24179.94500043254
24192.70000043514
24212.33500043914
24309.060000458845
24662.30000053081
24723.81000054334
24903.535000579956
24917.88500058288
24938.585000587096
25050.81500060996
25098.735000619723
25157.445000631684
25392.810000679634
25406.855000682495
25422.19500068562
25530.905000707768
25676.55500073744
25757.79500075399
25802.930000763186
26108.815000825503
26249.57500085418
26301.740000864807
26485.37500090222
26498.19500090483
26715.945000949192
26793.020000964894
26829.545000972335
26987.590001004533
27124.61500103245
27598.48500112899
27616.835001132727
27643.095001138077
27842.40000117868
28693.495001352072
28962.37500140685
29026.940001420004
29042.53500142318
29062.870001427324
29191.820001453594
29208.085001456908
29216.83500145869
29342.120001484214
29360.870001488034
29485.020001513327
29518.71000152019
29804.265001578366
29884.510001594714
30120.14500164272
30142.615001647297
30471.30500171426
30518.115001723796
30538.01000172785
30633.020001747205
30675.225001755804
30804.06000178205
30813.210001783915
30883.200001798174
31081.425001838557
31236.280001870105
31250.595001873022
31284.99500188003
31298.34000188275
31320.105001887183
31355.170001894327
31656.400001955695
31696.96000196396
31839.925001993084
31853.715001995894
31905.745002006493
31924.14000201024
31942.170002013914
32448.405002117048
32544.980002136723
32567.090002141227
32689.435002166152
32754.9550021795
32925.60000209959
32990.2950020657
33140.31500198711
33239.185001935315
33452.465001823584
33826.965001627395
33882.39000159836
34039.49500151606
34353.29500135167
34366.63000134468
34480.53500128501
34493.07500127844
34850.16500109137
34987.790001019275
35003.94500101081
35287.53000086225
35361.395000823555
35375.31500081626
35391.87500080759
35402.380000802084
35453.175000775474
35623.66500068616
35793.20500059734
35823.86500058128
35930.295000525526
35964.61500050755
36060.87000045712
36072.79000045088
36090.78000044145
36201.395000383505
36258.6650003535
36281.570000341504
36449.11500025373
36572.75500018896
36638.33000015461
36671.38500013729
36740.995000100826
36759.35000009121
36811.25500006402
36875.30000003047
36933.6499999999
36945.244999993825
37067.67499992969
37193.264999863895
37245.5599998365
37255.324999831384
37294.07999981108
37304.59499980557
37546.18499967901
37783.42499955473
37796.734999547756
37809.80999954091
37878.49999950492
37973.05499945539
37987.13999944801
38015.63499943308
38083.43999939756
38094.11499939197
38165.0599993548
38350.39499925771
38364.59999925027
38456.40999920217
38762.934999041594
38795.269999024655
38939.43999894913
38965.28499893559
39305.97499875711
39351.914998733046
39369.53999872381
39390.29499871294
39433.22499869045
39507.68499865144
39677.129998562676
39690.914998555454
39789.01499850406
39813.96499849099
39825.05999848518
40240.32999826763
40267.92499825318
40283.10999824522
40351.90499820918
40388.87999818981
40710.65999802124
40729.2549980115
40757.839997996525
40873.53999793591
41005.52999786677
41090.06499782248
41139.464997796604
41204.85499776235
41481.31499761752
41659.27499752429
41924.30499738545
41977.269997357704
42436.789997116975
42452.45499710877
42476.21499709632
42487.3299970905
42794.66999692949
43064.87499678794
43077.124996781524
43290.40499666979
43534.51499654191
43567.53999652461
43675.36999646812
43720.40499644453
43770.16499641846
43805.65499639987
43817.22499639381
43886.89999635731
43906.449996347066
43917.024996341526
43999.164996298496
44072.09499626029
44095.15999624821
44142.8949962232
44152.659996218084
44168.10999620999
44299.91499614094
44310.60499613534
44382.52999609766
44512.74499602945
44669.06999594755
44722.37499591963
44734.18499591344
44749.07999590564
44767.924995895766
44821.739995867574
44854.69499585031
44911.609995820494
45053.71999574605
45064.43999574043
45186.88999567628
45198.95499566996
45211.799995663234
45849.27999532928
45861.24499532301
45874.15499531625
45887.20999530941
45981.589995259965
46109.57499519292
46338.53499507297
46348.99999506749
46485.09999499619
46796.4249948331
47201.589994620845
47215.979994613306
47808.73499430278
47840.60999428608
47955.07499422612
47965.82999422048
48034.34499418459
48152.64499412262
48231.329994081396
48250.25499407148
48306.81499404185
48321.069994034384
48335.899994026615
48349.50499401949
48575.384993901156
48767.10499380072
48782.92999379243
49096.374993628226
49109.03999362159
49439.80499344831
49492.754993420574
49512.80999341007
49525.55499340339
49565.09499338268
49581.67999337399
49685.10499331981
49699.45999331229
49712.82499330529
49726.39499329818
49775.96499327221
50016.53499314618
50102.64499310107
50196.59999305185
50214.08499304269
50462.309992912655
50867.2899927005
50893.19499268693
51103.27499257687
51121.689992567226
51140.50999255737
51253.14499249836
51323.38999246156
51597.79499231781
51771.04999222705
51782.34999222113
51866.98499217679
51904.30499215724
51929.7599921439
51978.259992118496
52024.2499920944
52066.089992072484
52092.51499205864
52144.68499203131
52163.13999202164
52478.519991856425
52522.20999183354
52567.339991809895
52576.69999180499
52587.7599917992
52706.914991736776
52755.55999171129
52780.844991698046
52917.45499162648
52931.65499161904
52959.70499160435
52976.34499159563
53081.66999154045
53230.939991462255
53317.699991416805
53325.78999141257
53337.69999140633
53523.16499130917
53653.74499124076
53701.43499121578
53884.53499111986
53922.16999110014
53965.25999107757
53975.84999107202
53985.39999106702
54018.694991049575
54110.604991001426
54160.429990975324
54267.26499091936
54283.23999091099
54347.114990877526
54527.27999078314
54780.144990650675
55201.89499042973
55320.124990367796
55331.64499036176
55601.88499022019
55945.6499900401
55983.4549900203
56004.0649900095
56015.589990003464
56076.55998997152
56163.91998992576
56180.344989917154
56191.97998991106
56733.67498962728
56746.72998962044
56772.91998960672
56782.78998960155
56798.76998959318
56811.87998958631
57027.66998947327
57126.21498942164
57189.32998938858
57216.27998937446
57527.089989211636
57608.199989169145
57623.33998916121
57639.33998915283
57722.56998910923
57877.88998902786
57890.43498902129
58121.86498890005
58300.74998880634
58401.65498875348
58442.949988731845
58506.28998869866
58566.61998866706
58638.36498862947
59069.364988403686
59086.909988394495
59180.614988345405
59198.214988336185
59306.00498827972
59458.49998819983
59494.42498818101
59675.0249880864
59691.829988077596
59718.58498806358
59777.27998803283
59825.0549880078
60344.53998773566
60498.91998765479
60512.224987647816
60527.194987639974
60559.19998762321
60597.84498760296
60970.71498740763
61010.634987386715
61080.859987349926
61095.25998734238
61473.06498714446
61488.09498713659
61507.10498712663
61583.81998708644
61733.1699870082
61757.62498699539
61793.83998697642
61929.38498690541
61971.2149868835
61985.34998687609
62074.43998682942
62082.694986825096
62212.54498675707
62286.34998671841
62302.94998670971
62487.72998661291
62510.014986601236
62621.034986543076
62828.914986434174
63006.79498634099
63068.69498630856
63088.674986298094
63125.114986279004
63313.05498618055
63332.17998617053
63345.87998616335
63394.529986137866
63566.33998604786
63578.0949860417
63724.96998596476
63761.759985945486
63833.74998590777
63928.694985858034
64086.954985775126
64108.48498576385
64131.779985751644
64144.57998574494
64167.054985733164
64431.3699855947
64444.319985587914
64700.679985453615
64894.54998535205
64916.514985340546
65021.08998528576
65042.5899852745
65220.2999851814
65297.509985140954
65435.01498506892
65729.94498519663
65754.10498521914
65972.72998542275
65991.8999854406
66019.7049854665
66321.03998574713
66336.2549857613
66536.00498594734
66548.4249859589
66665.26998606772
66775.85998617072
66791.98498618574
66803.69498619664
66835.01998622582
66886.92498627416
66981.42998636217
67062.24998643744
67125.2349864961
67260.9599866225
67273.11998663383
67286.92998664669
67301.91998666065
67660.64998699474
67799.20498712378
67990.14498730161
68004.11998731463
68056.72498736362
68120.32498742285
68338.26498762582
68351.90498763853
68371.07498765638
68481.28498775902
68507.92498778383
68519.3849877945
68534.39998780849
68560.67498783296
68594.35498786432
68614.68498788326
68640.84498790762
68684.96998794872
68699.0249879618
68718.90498798032
68780.52998803771
69209.88498843758
69313.00998853362
69325.20498854498
69337.72498855664
69472.23498868191
69554.88498875889
69585.6149887875
69659.87498885667
69679.42998887488
69907.58998908737
69928.92998910724
69939.03498911666
70183.84998934466
70572.8049897069
70589.86998972279
70666.4399897941
70684.73998981115
70695.49498982116
70735.40498985833
70798.24498991686
70807.65498992562
70832.63498994889
70883.72498999647
71032.13499013468
71065.38499016565
71089.379990188
71228.22999031731
71275.23499036109
71290.64999037544
71631.32499069272
71667.44499072636
71838.36499088554
72017.80499105266
72117.98499114596
72144.47999117064
72267.86499128555
72303.07499131834
72328.83999134233
72340.75999135344
72356.45499136805
72375.0849913854
72460.40999146487
72470.34499147412
72485.3599914881
72535.32499153464
72552.47499155061
72570.09999156703
72582.05999157816
72593.13499158848
72608.92999160319
72676.01499166567
72835.79499181447
73046.75999201095
73061.9499920251
73321.83499226713
73496.44499242975
73513.25999244541
73524.52999245591
73603.35999252932
73668.17499258969
73681.79499260237
73841.12499275076
73852.40999276127
73899.19999280485
73907.5199928126
73946.47499284887
74048.19999294361
74132.08499302174
74312.02499318932
74331.19999320718
74619.32999347552
74638.46499349334
74886.4599937243
74963.2349937958
75337.23499414412
75348.34499415447
75359.02999416442
75378.8749941829
75417.14499421854
75449.25499424845
75476.9099942742
75494.2949942904
75516.13999431074
75594.32999438356
75608.73999439698
75631.67499441834
75671.039994455
75871.81999464199
75904.64499467256
76157.05999490764
76186.70499493525
76363.43499509984
76379.03499511437
76517.44499524328
76528.65999525372
76755.88999546535
76768.56999547716
77115.70499580045
77140.04999582312
77170.11499585112
77194.06499587343
77209.00999588735
77337.87499600736
77356.39999602461
77446.55499610858
77505.0949961631
77864.0449964974
77994.45499661885
78015.38499663834
78265.20999687101
78459.14499705163
78555.62999714148
78652.58499723178
78813.81499738194
78911.83999747323
78936.56499749626
78979.6599975364
79136.08499768208
79151.51499769645
79391.83499792026
79570.2249980864
79717.04999822314
79776.78999827878
80079.27499856049
80101.02999858075
80387.05999884714
80965.8749993862
80978.81999939826
81008.86499942624
81030.02499944594
81278.25499967713
81311.54999970814
81322.47499971831
81454.41499984119
81702.08500007185
81759.22500012506
81922.82500027743
81958.17000031035
81979.07500032982
82008.78500035749
82019.41500036739
82028.21500037558
82039.59500038618
82063.73500040866
82097.33000043995
82323.85000065091
82335.23000066151
82350.22500067548
82370.05000069394
82401.99500072369
82437.61500075686
82457.2000007751
82598.77000090695
82621.02000092767
82887.75500117609
82902.57000118989
82911.99500119867
82922.29500120826
82943.44000122795
83052.21500132926
83063.28000133956
83074.48500135
83102.01500137564
83113.12000138598
83139.74500141077
83158.48000142822
83178.7450014471
83210.81500147696
83219.70500148524
83227.87500149285
83282.3650015436
83559.9200018021
83697.55000193027
83714.27000194584
83734.70500196487
83867.73000208876
84074.64500228147
84084.97500229109
84099.22000230436
84221.81000241853
84363.43000255042
84472.47000265197
84483.97000266268
84518.44000269478
84532.89500270825
84630.65500279929
84650.13000281743
84679.12000284443
84868.40500302071
84943.26500309043
85274.03500339849
85332.22500345268
85342.82000346255
85431.04500354471
85697.60000379296
85768.44500385894
85779.43500386918
85788.45000387757
85881.45000396419
86002.18500407663
86015.59000408911
86024.5950040975
86035.4350041076
86051.81000412285
86356.46500440658
86397.31500444462
86475.74000451766
86486.32000452752
86499.27000453958
86550.22500458703
86594.4250046282
86626.70000465825
86844.97500486154
86890.00500490348
86914.09500492591
86926.73500493768
87123.0350051205
87138.30000513472
87330.61500531383
87341.87500532431
87394.98000537377
87409.9350053877
87421.06000539806
87462.7700054369
87557.06000552472
87570.90000553761
87584.21500555001
87830.79000577965
87844.17000579211
87988.60000592662
88004.035005941
88264.05000618316
88360.31500627281
88509.71500641195
88523.79000642506
88539.56000643974
88660.8450065527
88733.89500662073
88900.84000677621
89040.60000690637
89107.32500696852
89318.04000716476
89499.5450073338
89534.61500736646
89588.95000741706
89599.55000742694
89949.32500775269
90101.85500789474
90189.87500797672
90211.19000799657
90277.51500805834
90524.66500828852
90886.9200086259
90934.91500867059
90944.3650086794
90981.19000871369
91046.5900087746
91063.7700087906
91114.00500883738
91128.59000885097
91312.68500902242
91471.10000916995
91690.05000937387
91724.62000940606
91736.53500941716
91767.77500944625
91783.57000946096
91802.6100094787
92067.41500972532
92111.23500976613
92194.33000984351
92224.09000987123
92364.84001000231
92421.405010055
92503.52501013147
92517.99501014495
92535.59001016134
92557.2450101815
92670.55501028703
92687.8000103031
92711.57001032523
92894.69001049577
92999.39501059329
93015.84501060861
93357.8250109271
93366.77001093543
93405.20001097122
93431.13001099537
93440.52501100412
93450.31001101324
93661.50501120993
93718.50501126301
93730.18501127389
93742.59501128545
93875.17501140892
93886.49501141947
93914.24501144531
93938.19501146761
93950.72501147928
93966.89001149434
93979.61001150619
94055.63501157699
94149.26001166418
94254.21501176193
94267.68501177448
94380.37501187943
94557.75501204462
94578.6700120641
94629.05501211103
94928.54501238995
95000.31001245679
95017.44501247274
95113.87501256255
95439.89501286618
95570.54001298785
95606.00501302088
95621.33501303516
95751.8300131567
95770.94001317449
95838.41501323733
95924.94001331792
96048.6150134331
96303.88501367084
96557.01001390658
96611.39001395722
96761.3750140969
96772.79001410754
96785.2100141191
97145.74001445487
97305.26001460344
97338.42501463433
97349.07001464424
97393.22501468536
97545.25001482695
97561.76501484233
97722.65501499217
97968.43001522106
97982.5350152342
98008.76001525862
98078.33001532342
98420.12501564174
98533.29001574713
98554.18501576659
98607.84501581657
98741.81001594133
98816.65501601103
98858.86001605034
98904.89501609321
98984.14501616702
99189.27001635806
99205.58501637325
99497.73001664534
99510.33001665707
99527.06501667266
99536.31501668127
99558.52501670195
99613.34501675301
99648.16001678543
99791.76501691918
100022.19501713378
100041.91001715214
100295.2600173881
100308.87001740077
100334.59001742472
100536.58001761284
100547.19501762273
101167.71001820063
101211.3900182413
101226.89001825574
101460.68501847348
101480.55001849198
101488.9450184998
101506.16001851583
101529.5300185376
101547.5650185544
101572.910018578
101592.3500185961
101605.4400186083
101687.10501868435
101702.6200186988
101720.51001871546
101774.96001876617
101858.05501884356
101867.06001885195
101875.26001885958
101882.55501886638
101894.1800188772
101989.24501896574
102018.03001899255
102027.36501900124
102040.64501901361
102268.03001922538
102280.49001923698
102336.68501928932
102374.86501932488
102413.14001936052
102423.67501937033
102593.70001952868
102605.92001954006
102794.04501971527
102813.67001973354
102910.95001982414
102925.47501983767
102956.73501986678
102969.89001987904
102981.16501988954
103002.46501990937
103197.88502009137
103249.73002013966
103395.19502027513
103701.83002056071
103813.24502066447
103848.175020697
103898.4200207438
103922.43002076616
104056.62502089114
104077.12002091022
104094.15002092608
104110.90002094168
104126.95002095663
104209.90502103389
104241.67502106348
104261.50502108195
104764.68002155056
105107.64502186998
105296.8600220462
105328.6500220758
105458.18502219644
105797.68502251263
105841.17502255313
105853.35502256447
105998.48502269964
106039.85002273816
106053.61502275098
106118.52502281143
106133.14002282504
106197.86002288532
106209.6450228963
106350.34502302733
106400.80502307432
106417.11502308951
106690.06502334372
106839.97502348333
106955.30002359074
107137.1450237601
107159.92502378131
107422.29002402566
107538.9450241343
107590.87002418266
107608.79502419935
107623.0150242126
107635.75002422446
107873.46502444585
108142.4900246964
108162.7900247153
108247.3950247941
108400.4150249366
108419.05002495396
108444.87002497801
108543.7550250701
108803.68002531218
108865.11502536939
108877.01002538047
108898.40002540039
108916.60502541735
109000.44002549542
109232.0250257111
109275.16002575128
109329.18502580159
109499.26502595999
109510.17002597015
109623.34002607554
109634.39502608584
109801.36002624134
109967.04002639564
110820.68502719066
110846.68502721487
110993.47002735158
111274.73502761353
111317.83002765366
111362.36002769513
111389.77002772066
111440.57502776798
111550.39502787025
111677.92002798902
111703.00502801238
111713.8650280225
111731.06002803851
111744.61502805114
111767.54502807249
111846.83002814633
111855.29002815421
111872.24502817
111884.58002818149
111908.25002820353
111923.15002821741
112047.10002833285
112173.93502845097
112185.8800284621
112298.11002856662
112766.69502900302
112781.1700290165
112831.8450290637
112845.6950290766
113252.65502945561
113273.36002947489
113303.37002950284
113332.67002953013
113374.43502956902
113484.4650296715
113654.13502982951
113860.86503002205
113886.32503004576
114048.34003019665
114061.40003020881
114074.35503022088
114206.37503034383
114242.46503037744
114346.83503047464
114437.25503055885
114455.92503057624
114489.14003060717
114576.28003068833
114592.82503070374
114610.14503071987
114695.81003079965
114706.64503080974
114761.52003086085
114865.34003095754
114882.53503097355
115028.45503110945
115092.12003116874
115101.16003117716
115111.97003118723
115122.70503119723
115200.84003127
115214.53003128275
115562.95503160724
115580.06503162318
115711.12003174523
115738.59003177081
115758.34003178921
115809.45003183681
115823.67003185005
115906.63503192732
115924.2200319437
115937.31503195589
116016.61003202974
116102.61503210984
116126.68003213225
116289.36503228376
116300.70503229433
116456.46003243938
116584.7950325589
116849.4600328054
116871.83003282623
116972.79503292026
116991.76003293792
117278.14003320463
117314.15003323817
117374.49503329437
117389.49503330834
117452.2650333668
117492.41003340419
117504.38503341534
117521.29503343109
117533.82503344276
117620.75503352372
117704.50003360171
117795.8650336868
117812.58503370237
117822.45503371157
117989.350033867
118351.68003420444
118366.240034218
118391.19003424124
118401.675034251
118415.17003426357
118558.50503439707
118589.45003442588
118613.6200344484
118653.62003448565
118802.16503462399
118814.80503463576
118827.31003464741
119118.42503491853
119183.77003497939
119309.04003509606
119369.47003515234
119384.10003516596
119396.42003517743
119407.63003518787
119424.24503520335
119775.93003553088
119785.21503553953
119800.48503555375
119960.9500357032
120235.73503595911
120544.94003624708
120582.51503628207
120700.95003639237
120736.4100364254
120745.62003643397
120758.27503644576
120876.41003655578
121025.98003669508
121243.58003689774
121257.45503691066
121298.02503694844
121314.67003696394
121463.36503710243
121542.39503717603
121616.26503724483
121629.67003725731
121705.52003732795
121749.67003736907
121891.83503750147
122058.4050376566
122112.74503770721
122155.63503774715
122274.67503785802
122427.50003800035
122605.24003816588
122617.85003817762
122647.01503820479
122739.12503829057
122764.83503831452
122863.23003840615
122962.57003849867
123183.40003870433
123211.78003873077
123304.96503881755
123318.51503883017
123454.01003895636
123640.00503912958
123865.4100393395
123951.88503942004
123963.17503943056
124156.98503961106
124226.0700396754
124559.95503998635
124579.07004000415
124597.36504002119
124634.41004005569
124779.14004019048
124981.60004037904
124993.70504039031
125023.46504041803
125094.36504048406
125154.46004054003
125180.69504056446
125202.33004058461
125220.4700406015
125231.1000406114
125251.31004063023
125327.26004070096
125342.9750407156
125364.95004073606
125393.17004076234
125408.20504077635
125423.45004079054
125448.34004081372
125463.98004082829
125473.30004083697
125482.82504084584
125495.20004085737
125519.51004088
125745.01004109002
125753.99504109839
126095.59004141652
126103.92504142429
126361.90004166454
126385.6850416867
126609.74504189537
126623.97004190861
126639.47004192305
126698.18504197773
126729.45504200686
126795.73504206858
126806.58504207869
126867.44004213536
126912.63504217746
127139.55004238879
127185.8400424319
127241.82004248403
127272.89004251297
127291.30504253012
127319.6300425565
127589.24004280759
127623.78504283977
127746.79004295432
127829.53004303138
127893.50004309096
127910.78504310705
127922.90504311834
127969.27504316153
128171.06004334945
128209.09004338487
128337.56004350452
128476.43504363386
128487.88504364452
128630.62504377746
128817.75504395174
128948.54504407354
129148.13004425942
129164.87004427501
129179.54004428867
129313.77504441369
129350.78004444815
129377.05504447263
129654.21504473075
129857.76504492032
129942.6700449994
130084.78504513175
130539.4550455552
130601.83004561329
130615.15004562569
130776.99504577642
130852.63004584686
130897.90004588902
130932.16004592093
130959.19504594611
130996.7600459811
131005.50004598923
131021.00004600367
131040.73004602204
131191.1250461621
131217.77504618693
131231.8000462
131300.36504626385
131450.83504640398
131593.15004653652
131608.67004655098
131684.89004662196
132019.74004693382
132188.2000470907
132237.54004713666
132306.15504720056
132337.63504722988
132357.03504724795
132901.97504775546
132924.37504777632
133075.61004791717
133091.72004793218
133134.95004797244
133151.84504798817
133397.3400482168
133626.16504842992
133903.7000486884
133935.8200487183
134065.9400488395
134135.18004890397
134160.19504892727
134361.15004911443
134482.2550492272
134875.95004959387
134885.78004960302
135019.25504972733
135041.8850497484
135283.49004997342
135345.2150500309
135445.9200501247
135483.47005015967
135648.6500503135
135682.9050503454
135696.88005035842
136065.22505070147
136103.28505073691
136289.49505091034
136304.13005092397
136583.5400511842
136837.96505142114
136922.55005149991
137003.15005157498
137050.9500516195
137101.4200516665
137655.42505218246
137675.26505220094
137721.42005224392
137796.8850523142
137831.75005234667
137842.13005235634
137858.5200523716
137898.95005240926
138067.52505256626
138227.9750527157
138284.41505276825
138358.51005283726
138372.68505285046
138463.3550529349
138509.8600529782
138716.3400531705
138802.8600532511
138895.98005333781
139236.8850536553
139250.25505366776
139273.2800536892
139383.61005379196
139591.04005398514
139611.3950540041
139678.00505406613
139741.6300541254
139798.0250541779
139845.375054222
139934.6050543051
139945.78505431552
139963.0550543316
140184.4600545378
140195.45005454804
140222.82505457354
140245.5650545947
140368.3800547091
140385.01005472458
140404.72005474294
140593.1050549184
140682.6700550018
140722.5150550389
140820.15005512984
141501.6200557645
141679.45505593013
141933.29505616653
142123.98005634412
142146.68505636527
142186.2250564021
142417.9400566179
142471.59005666786
142542.04505673348
142598.5550567861
142656.59005684016
142716.3350568958
142735.31505691347
142874.56005704316
142913.99005707988
142961.2500571239
142995.53005715582
143008.78505716816
143036.7400571942
143061.0200572168
143079.53005723405
143586.4050577061
143600.96005771967
143615.13005773287
143653.99505776906
144007.68005809846
144026.64505811612
144413.53005847643
144429.95005849173
144505.59505856218
144514.3050585703
144600.13505865022
144713.96005875623
144762.85505880177
144779.27505881706
144790.65005882765
144991.6050590148
145016.38005903788
145069.4500590873
145271.97505927592
145305.52005930716
145316.74505931762
145325.47505932575
145712.6250596863
146089.4850600373
146342.7800602732
146727.25006063125
146746.05006064876
146763.3800606649
146791.0850606907
146811.24006070948
146833.4900607302
147081.07506096078
147100.3050609787
147111.7100609893
147127.14506100368
147263.12006113032
147275.2400611416
147355.89506121672
147452.22506130644
147488.84006134054
147590.7900614355
147633.90506147564
147759.8050615929
147795.28006162593
147838.80006166646
147929.75506175117
148087.24506189785
148099.38006190915
148429.20506221632
148438.8350622253
148458.5900622437
148484.55006226787
148595.55006237124
148613.51006238797
148621.50506239542
148638.09506241087
148661.05006243224
148682.50006245222
148697.99006246665
148833.08506259246
148878.5300626348
148951.765062703
148969.43506271945
149049.42006279394
149334.3400630593
149368.42006309103
149383.27506310487
149436.87006315478
149513.38506322604
149529.94506324147
149594.49506330158
149744.23006344103
149796.41506348964
149874.93006356276
150032.41006370942
150083.5900637571
150117.58506378875
150164.70506383263
150182.75506384944
150211.57006387628
150380.0650640332
150393.14006404538
150446.24506409484
150456.89006410475
150477.36006412382
150498.03506414307
150567.8650642081
150580.7500642201
150593.79006423225
150654.32506428863
150734.4050643632
150859.3750644796
150969.09006458177
150981.50506459334
151020.61506462976
151096.20006470016
151222.82006481808
151240.90006483492
151282.18006487336
151358.69006494462
151628.52006519592
151667.97506523266
151683.13506524678
151741.75506530137
151943.0150654888
152384.36506589985
152398.0450659126
152456.29506596684
152489.3250659976
152499.46006600704
152559.7700660632
152571.48506607412
152611.6250661115
152819.7050663053
153028.96506650018
153131.45006659563
153140.03006660362
153173.01006663434
153219.7900666779
153250.42006670643
153273.29506672773
153379.885066827
153577.86006701138
153586.72006701963
153628.85006705887
153641.890067071
153823.31006723997
153867.61006728123
153880.6800672934
153890.8900673029
153902.76506731397
153976.37006738252
153987.15506739257
153999.40006740397
154441.76006781595
154657.28506801667
154701.68006805802
154745.86006809917
154758.580068111
154952.73506829183
155226.4100685467
155273.23006859032
155288.70006860472
155320.58006863442
155437.6150687434
155581.1550688771
155601.16506889573
155615.91006890946
155738.59506902372
155842.8300691208
155898.38506917254
155911.67506918492
156034.95006929972
156129.6200693879
156200.76506945415
156213.32006946584
156232.3950694836
156276.11506952433
156353.55506959645
156543.08006977296
156565.19506979355
156578.51506980596
156854.01007006253
157125.36007031525
157139.3750703283
157201.94507038657
157244.15507042588
157379.53507055197
157393.80507056526
157405.91507057654
157420.82507059042
157435.37007060397
157563.54007072333
157578.24507073703
157593.95507075166
157662.3850708154
157680.3400708321
157708.64507085847
157721.18507087015
157992.44007112278
158190.7700713075
158212.24007132748
158229.1000713432
158472.34007156972
158573.44507166388
158595.83007168473
158607.84507169592
158618.86007170618
158861.7650719324
158873.75507194357
158893.78507196222
158939.12007200444
158963.47007202712
158973.61507203657
158991.6900720534
159116.39507216954
159141.42007219285
159273.18507231557
159310.28507235012
159329.490072368
159378.72007241385
159558.180072581
159658.98007267487
159704.0000727168
159797.60007280397
159815.08507282025
159901.49007290072
159918.0050729161
160042.39007303194
160241.54507321742
160250.05007322534
160258.8100732335
160290.96507326345
160330.38507330016
160409.54507337388
160623.0100735727
160637.14507358585
160664.63007361145
160754.350073695
160796.66507373442
160811.62007374835
160984.72507390956
160999.86007392366
161105.94007402245
161131.25007404602
161335.29007423605
161438.34507433203
161459.795074352
161477.9300743689
161791.8850746613
161818.81007468636
161839.37507470552
162170.1850750136
162354.18007518497
162364.22507519432
162569.00007538503
162580.37007539562
162731.79507553665
162768.5600755709
162784.2500755855
163001.74007578805
163042.3900758259
163261.33507602982
163278.1600760455
163301.95507606765
163320.39007608482
163360.44007612212
163462.24007621693
163471.83507622586
163488.37507624127
163501.45007625344
163558.45007630653
163622.50007636618
163982.52507670148
164069.4150767824
164107.88507681823
164150.57007685798
164435.30507712316
164483.96007716848
164585.06007726263
164599.69507727626
164633.3450773076
164647.6350773209
164662.85007733508
165022.7750776703
165213.76007784816
165277.31007790734
165289.09507791832
165311.8350779395
165826.2700784186
165896.0750784836
166096.87007867062
166128.6350787002
166145.13007871556
166154.195078724
166184.50007875223
166272.98507883464
166287.81507884845
166349.70007890608
166413.32007896533
166426.1750789773
166547.8300790906
166734.09507926408
166769.0150792966
166847.97507937014
166865.9750793869
166889.76007940905
166927.12007944385
166939.7250794556
167039.64007954864
167048.87507955724
167064.3850795717
167086.38007959217
167136.10507963848
167261.69507975545
167283.39007977565
167631.1250800995
167652.2850801192
167792.8150802501
167823.28508027847
167892.2700803427
167930.74008037854
168059.5350804985
168202.00508063118
168302.5300807248
168351.99008077086
168364.9100807829
168409.56508082448
168427.98508084164
168468.2000808791
168734.96508112754
168942.51508132083
168958.56008133577
168997.3650813719
169041.84508141334
169090.880081459
169105.09508147225
169266.38008162245
169330.26508168195
169363.03008171247
169454.47008179763
169665.40008199407
169734.41508205835
169758.47008208075
169780.79508210154
169851.01008216693
169870.58508218516
169900.49508221302
169940.46008225024
170316.64008260058
170328.39508261153
170444.51008271967
170490.95008276292
170626.45508288912
170646.98508290824
170657.33508291788
170678.15008293727
170694.90508295287
170709.81008296675
170728.90008298453
170751.28508300538
170766.73508301977
170812.4100830623
170934.8200831763
170948.80008318933
170974.59508321335
170992.97508323047
171004.73008324142
171015.27008325123
171081.2550833127
171223.5250834452
171379.3400835903
171389.19508359948
171419.47508362768
171671.9300838628
172107.020084268
172121.13508428115
172132.27508429153
172173.67008433008
172420.6400845601
172459.5200845963
172622.99008474854
172650.80008477444
172816.3150849286
172882.82508499053
172909.9650850158
172922.1900850272
172934.78008503892
172957.68008506024
172969.51008507126
173263.39508534496
173288.15008536802
173946.8750859815
174281.7700862934
174354.20008636086
174369.67508637527
174656.36508664227
174684.7400866687
174708.60008669092
174722.3400867037
174853.9700868263
174863.75508683542
174876.33508684713
174884.2500868545
174909.07508687762
174924.27008689177
174946.49508691247
175060.5450870187
175143.53508709598
175193.9150871429
175229.0300871756
175245.80508719123
175410.10008734424
175442.86508737475
175456.62508738757
175486.66508741555
175544.36008746928
175616.66508753662
175771.63508768094
175819.86008772586
175851.3600877552
175896.48008779722
175999.95008789358
176632.49508848268
176652.29508850112
176665.24008851318
176675.73508852295
176703.11508854845
176757.46508859907
176778.15508861834
177130.02508894604
177359.90008916013
177573.17508935876
177844.00008961099
177980.73508973833
178002.1800897583
178011.07008976658
178026.47508978093
178490.33509021293
178557.7400902757
178590.5900903063
179162.65009083907
179172.08509084786
179406.83009106648
179419.01509107783
179542.1450911925
179563.84509121272
179662.89509130496
179672.9100913143
179924.36009154847
180002.70509162144
180152.81009176123
180236.305091839
180248.59509185044
180359.85009195405
180372.4750919658
180627.85509220365
180638.91509221395
180675.29509224783
180825.4900923877
180888.65009244654
180951.57509250514
181324.48509285244
181565.96509307734
181587.8350930977
181626.88509313407
181678.31509318197
181890.6300933797
181911.7850933994
182040.3200935191
182061.3650935387
182145.68509361724
182383.3550938386
182418.7000938715
182433.90509388567
182650.49509408738
182663.21009409922
182682.69009411737
182823.5950942486
182832.58009425696
182901.9700943216
182936.49009435374
183039.68509444984
183049.1900944587
183072.19509448012
183100.5250945065
183153.76009455608
183165.99509456748
183295.7250946883
183620.5300949908
183780.8450951401
183813.63509517064
183825.37509518157
183861.0550952148
183886.20509523823
183894.1350952456
183906.61509525724
184465.0400957773
184519.42009582795
184596.52509589976
184621.83009592333
184635.2050959358
184743.22009603638
184793.87009608356
184805.31509609421
184873.61509615782
185006.67509628175
185031.13509630453
185106.66509637487
185198.63509646052
185232.34509649192
185515.44009675557
185527.95009676722
185555.25509679265
185589.97009682498
185605.25509683922
185801.68509702216
185822.0350970411
185839.90509705775
185850.22009706736
185862.8150970791
185920.51009713282
185971.4850971803
185997.41509720444
186065.60009726795
186083.93509728502
186093.93009729433
186112.65009731177
186127.8150973259
186248.48009743827
186386.89509756718
186402.95509758213
186428.9100976063
186482.98509765667
186501.3750976738
186514.41509768594
186527.23009769787
186548.56509771774
186626.65509779047
186697.5600978565
186717.90509787545
186832.4250979821
186847.18009799585
186910.62509805494
186996.11009813455
187095.72509822733
187135.4250982643
187155.69509828318
187172.76509829907
187701.86009879183
187738.2400988257
187750.2650988369
187901.51009897777
187950.13509902306
187968.47509904014
187984.67009905522
188045.57509911194
188061.36009912664
188194.3650992505
188759.10009977646
188783.92009979958
188814.93009982846
189128.9401001209
189143.38010013435
189164.21510015376
189198.04510018526
189392.41010036628
189462.2401004313
189627.9951005857
189655.84510061162
189665.64010062075
189675.43010062986
189836.29510077968
189970.18010090437
189980.7501009142
190126.9701010504
190182.5951011022
190204.32010112243
190241.09510115668
190249.96010116494
190267.35010118113
190337.99010124692
190349.0201012572
190701.82510158577
190745.16010162613
190755.2201016355
190800.90010167804
190867.7501017403
191189.29510203976
191215.5451020642
191416.70510225155
191710.66010252532
191765.06010257598
191922.00510272215
191965.89510276302
192101.3701028892
192198.17010297935
192267.42510304385
192372.5101031417
192393.25010316103
192454.46010321804
192560.25510331657
192601.510103355
192691.4901034388
192710.80010345677
192821.8551035602
192832.51510357013
192849.21510358568
192862.7751035983
192877.0451036116
192888.0901036219
192905.33010363794
192918.75010365044
192977.7601037054
193232.18010394234
193656.53010433755
193981.86510464054
194354.75010498782
194413.41510504246
194452.7601050791
194469.02510509425
194583.3151052007
194748.1451053542
194820.1951054213
194841.81510544143
194853.5901054524
194868.7351054665
195515.06010606844
195660.0901062035
195795.24010632938
195850.675106381
195881.76510640996
195893.91010642127
195907.63510643406
196097.14510661055
196188.42010669556
196204.65010671067
196265.42010676727
196287.4751067878
196302.3751068017
196360.52510685584
196377.07510687126
196563.9451070453
196591.7501070712
196745.4251072143
196759.84510722774
196903.6751073617
196923.39010738005
196943.67510739894
196994.32510744611
197017.76510746795
197090.830107536
197132.86510757514
197300.71510773146
197334.76010776317
197359.74510778644
197410.20510783343
197499.87510791695
197607.04510801675
197621.67510803038
197997.4051083803
198548.7551088938
198559.25010890356
198634.59010897373
198651.66010898963
198814.92010914168
199081.0101093895
199111.625109418
199144.39010944852
199155.61510945897
199175.11510947713
199215.4651095147
199236.23510953406
199380.3801096683
199397.64510968438
199422.4601097075
199464.15510974632
199548.26010982465
199567.55010984262
199582.19510985626
199784.18011004437
199841.1051100974
200116.57011035393
200722.26011091803
200792.74011098366
200858.24011104467
200908.72011109168
200924.5401111064
200940.88511112164
200985.05511116277
200999.61011117633
201072.30511124403
201083.020111254
201096.91011126695
201111.8951112809
201128.08011129597
201508.36011165014
201823.40511194355
201855.5551119735
202173.13511226926
202184.73511228006
202282.09511237073
202524.15511259617
202535.65511260688
202683.60511274467
202950.96511299367
203010.62511304923
203030.18511306745
203045.85511308204
203056.3301130918
203484.970113491
203615.12511361222
203705.05011369596
203813.36511379684
204109.0301140722
204122.0351140843
204134.46011409588
204189.72011414735
204307.97511425748
204549.055114482
204932.89011483948
204942.7751148487
204957.3851148623
205099.19511499436
205206.27011509408
205357.6901152351
205365.37511524226
205377.73011525377
205496.7301153646
205529.5951153952
205550.3051154145
205564.14511542738
205742.87511559384
205893.97011573456
205916.30511575536
206114.97011594038
206144.4051159678
206304.53511611692
206875.91011664906
206896.82511666854
206961.77511672903
207026.7201167895
207573.51511729875
207648.11011736823
207725.69011744048
207955.96011765493
207979.07511767646
208314.73511798907
208344.3051180166
208543.76011820236
208591.55511824688
208703.40511835105
208715.23011836206
208743.14011838805
208795.01511843636
208812.7751184529
208832.93511847168
208885.22511852038
208899.48011853365
208934.15511856595
208946.1351185771
208986.00511861424
209009.28511863592
209098.41511871893
209311.37011891726
209322.28511892742
209340.9501189448
209479.79511907412
209494.41511908773
209525.97511911712
209811.5751193831
209829.01011939935
210370.18011990335
210394.510119926
210476.58512000245
210716.5051202259
210726.44012023514
210751.54512025852
210762.795120269
210773.2201202787
211348.25012081425
211493.61512094963
211508.37012096337
211869.63512129983
211914.76512134186
212379.89012177504
212396.74012179073
212405.33012179873
212416.59012180922
212511.40512189752
212576.54012195818
212602.5501219824
212708.8551220814
212867.38012222905
212882.2601222429
212897.04012225667
213083.83012243063
213095.5901224416
213192.59512253193
213248.96012258442
213366.65512269404
213460.6701227816
213543.5751228588
213609.8301229205
213703.1301230074
213754.1201230549
213944.21012323193
214005.26012328878
214029.130123311
214064.0151233435
214110.86512338714
214194.2451234648
214343.96012360422
214610.95512385288
214769.83012400084
214863.79012408835
215043.64512425585
215054.02512426552
215066.30512427696
215234.37012443348
215250.87512444885
215264.4451244615
215293.16512448824
215559.91012473666
215689.07512485696
215712.88012487913
216003.31512514962
216059.84512520226
216073.9651252154
216361.34512548306
216382.4201255027
216649.22012575116
216750.8351258458
216790.3351258826
216805.34512589657
216819.36012590962
216850.21012593835
216969.96512604988
217061.2601261349
217070.6951261437
217090.6901261623
217166.11012623255
217210.00012627343
217276.16012633505
217372.0901264244
217447.67012649478
217542.5051265831
217582.16012662003
217593.23512663034
217602.58512663905
217632.79012666718
217727.98512675584
217738.50512676564
217923.75512693817
218050.9101270566
218066.96512707154
218123.8351271245
218139.05512713868
218153.38512715203
218166.82512716454
218191.4701271875
218427.88012740767
218579.4301275488
218598.70012756676
218700.70512766176
218710.33012767072
218774.26512773026
218927.36012787285
218970.88012791338
218993.97012793488
219009.51512794936
219039.71512797748
219057.28512799385
219084.47512801917
219343.51012826042
219365.7101282811
219379.12012829358
219599.30512849864
219676.15512857022
219684.7401285782
219698.480128591
219835.66512871877
219898.7201287775
219937.3901288135
220464.87512930477
220625.6551294545
220642.56012947025
220761.8001295813
220986.4151297905
221068.3651298668
221083.64012988104
221250.63013003656
221285.6701300692
221362.72513014096
221374.9051301523
221390.00513016636
221399.55013017525
221410.48513018544
221429.62013020326
221494.97513026412
221596.9501303591
221620.45013038098
221719.9951304737
221741.52013049374
221750.31513050193
221766.36013051687
221792.83513054153
222034.57013076666
222051.27513078222
222063.03513079317
222090.52013081877
222329.4751310413
222445.4251311493
222461.89513116464
222487.28513118828
222634.6251313255
222649.73013133957
222663.24513135216
222698.86513138533
222884.39513155812
222903.88513157627
222918.68513159006
223074.47513173515
223164.67513181915
223219.63013187033
223230.09513188008
223242.76013189188
223281.80513192824
223311.14513195556
223797.8151324088
223899.51513250353
224031.9951326269
224099.1101326894
224394.7001329647
224482.92013304686
224617.97513317264
224636.42513318983
224700.68013324967
224709.57013325795
224729.12513327616
224937.41013347014
224947.19013347925
224958.5101334898
225040.49513356615
225057.25513358176
225120.35513364052
225152.8801336708
225220.33513373364
225272.12513378187
225296.25013380434
225441.63513393974
225457.68513395468
225470.09013396624
225480.81513397623
225511.42013400473
225524.12513401656
225709.04513418878
225740.90013421845
225763.34513423935
225791.17513426527
225813.81013428635
225847.9001343181
226237.1401346806
226254.87513469713
226444.4751348737
226685.78513509844
226813.9401352178
226914.49513531144
226984.86513537698
227022.6901354122
227100.860135485
227160.36513554043
227372.04013573757
227490.1801358476
227568.52013592055
227644.7001359915
227724.60513606592
227761.04013609985
227864.19013619592
228221.4101365286
228234.725136541
228267.99013657199
228549.2251368339
228648.3151369262
228692.5751369674
228807.53513707448
228817.31513708358
229076.90013732534
229735.53513793874
229959.92013814772
230009.47013819386
230033.6551382164
230463.18013861642
230639.42513878056
230689.37013882707
230879.11013900378
230894.77013901836
231172.23513927677
231182.0351392859
231200.44013930304
231537.09513961658
231549.29013962793
231573.06513965008
231612.6051396869
231647.36013971927
231657.75013972895
231920.64513997379
231944.85513999633
231955.75514000648
231966.68014001666
231991.74514004
232004.36514005176
232016.5451400631
232030.98014007654
232237.620140269
232263.52514029312
232386.10014040727
232410.02014042955
232446.22014046327
232459.2601404754
232468.470140484
232482.3351404969
232504.50514051755
232515.70514052798
232560.11514056934
232828.38514081918
232838.0601408282
232849.68514083902
232895.43014088162
233069.26514104352
233121.5351410922
233145.33514111437
233383.37514133606
233522.95514146605
233613.47514155036
233624.93514156103
233804.88014172862
234280.29514217138
234295.80014218582
234511.30514238653
234525.22014239948
234569.4801424407
234662.40014252724
234842.78514269524
234876.83514272695
235015.26514285587
235028.4001428681
235047.46014288586
235174.03014300374
235186.21514301508
235264.6251430881
235426.0051432384
235480.1301432888
235608.01514340792
235967.6001437428
236045.47514381533
236085.4851438526
236641.3751443703
236654.16514438222
236669.42514439643
236695.94514442113
237007.06014471088
237213.95514490356
237234.32514492254
237251.95514493895
237281.03514496604
237302.01514498558
237465.7901451381
237557.12514522317
237575.05014523986
237859.8501455051
237903.07014554535
237922.47514556343
237932.91014557314
237948.47014558763
237972.53514561005
237987.16014562367
238001.7051456372
238014.38014564902
238053.69514568563
238169.89514579385
238183.41014580644
238264.94014588237
238278.11514589464
238377.89514598757
238388.39514599735
238404.60514601244
238422.89014602947
238510.420146111
238630.4751462228
238649.22014624026
238700.03014628758
238709.3901462963
238838.64014641667
238990.8301465584
239014.8601465808
239555.99014708475
239822.17514733266
239833.90014734358
239893.02014739864
239902.29514740728
239917.08014742105
239928.6251474318
240062.8601475568
240076.7101475697
240495.50514795975
240510.3901479736
240609.96514806635
240719.51014816837
240752.20514819882
240813.0601482555
241148.42014856782
241161.58014858008
241221.36514863576
241441.71014884097
241454.05514885247
241468.24514886568
241598.28014898679
241711.31514909206
241850.92514922208
242087.95014944283
242263.35014960618
242311.07014965062
242328.8801496672
242341.02514967852
242367.77014970343
242384.97514971945
242407.64514974057
242432.72014976392
242447.04014977725
242522.98014984798
242534.6051498588
242547.28514987061
242680.88514999504
243041.2951503307
243052.00515034067
243071.3551503587
243087.8901503741
243226.44515050313
243293.02015056513
243388.85015065438
243401.67015066632
243475.00015073462
243546.56515080127
243750.95515099162
243970.78515119635
244071.4601512901
244089.76515130716
244211.26515142032
244220.93515142932
244232.6001514402
244241.81015144876
244305.07015150768
244337.82015153818
244396.7951515931
244472.24015166337
244531.04515171814
244552.23515173787
244797.8351519666
244898.8801520607
244931.80015209137
244966.06515212328
244978.07515213446
245002.285152157
245043.075152195
245088.21515223704
245105.16015225282
245117.96515226475
245175.95515231875
245340.89515247237
245355.39015248587
245371.03015250043
245384.46015251294
245393.5351525214
245737.81515284203
245757.81515286065
245857.0901529531
245870.33515296545
245888.45015298232
245953.03515304247
245992.5801530793
246157.15015323256
246175.03515324922
246288.64015335502
246306.0151533712
246319.39015338366
246329.44015339302
246339.095153402
246717.81515375472
246730.95015376696
246786.06015381828
246822.78515385248
246838.365153867
246882.1751539078
246894.44515391922
246908.88015393267
247019.55015403574
247059.51015407295
247075.51015408785
247219.50515422196
247352.1651543455
247375.85515436757
247408.7401543982
247689.29015465948
247821.77015478286
247833.92015479418
247845.69015480514
247864.02515482221
247917.2701548718
247942.0601548949
247965.44015491667
247986.9451549367
248014.58515496243
248038.08015498432
248106.97515504848
248117.90515505866
248338.23515526386
248429.09015534847
248442.3301553608
248487.5201554029
248499.80515541433
248510.56515542435
248525.1151554379
248540.93015545263
248592.39015550056
248635.36015554058
248736.72515563498
248751.74515564897
248762.26015565876
248778.15515567356
248840.16515573132
248964.78015584737
248979.67515586125
249004.88515588472
249013.91015589313
249025.82015590422
249039.06015591655
249084.89515595924
249421.55515627278
249430.75515628135
249642.1251564782
249651.82515648723
249836.0351566588
249847.58015666954
249861.04015668208
249887.13015670638
249941.29515675682
249954.8101567694
250213.50015701033
250261.75015705527
250295.67015708686
250745.32015750563
250760.50515751977
250817.5551575729
250888.12515763863
250908.90015765798
251002.95515774557
251022.50015776377
251257.27515798243
251290.8551580137
251346.33515806537
251362.63015808054
251397.87015811336
251552.72015825758
251711.27515840525
251727.6501584205
251753.22515844431
251901.66015858256
251993.8251586684
252161.25015882432
252214.2851588737
252233.0601588912
252277.10515893222
252320.43515897257
252331.635158983
252430.88015907543
252495.50515913562
252659.16515928804
252686.8351593138
252827.29015944462
252994.84015960066
253013.6851596182
253033.4451596366
253426.72016000288
253524.71516009414
253596.87516016135
253613.53016017686
253734.11516028916
253782.71516033442
253877.55016042275
254091.54516062204
254322.63016083726
254361.08016087307
254376.96516088786
254583.73016108043
254639.7601611326
254709.94016119797
254728.230161215
254744.94016123057
254763.10516124748
254775.83016125934
254797.0501612791
254978.32516144792
255110.0351615706
255125.87516158534
255136.98016159568
255152.95016161056
255169.29516162578
255181.9801616376
255192.7251616476
255206.84016166074
255220.2151616732
255323.21516176913
255423.12516186218
255676.4601620981
255703.35516212316
255715.98516213492
255724.31516214268
255733.82516215154
255742.90516216
255829.69516224082
256072.545162467
256092.79016248585
256183.5601625704
256195.0601625811
256478.82016284537
256550.87016291247
256608.48016296612
256619.65516297653
256630.2551629864
256683.67516303615
256708.07016305887
256737.46016308625
256747.27016309538
256867.17016320705
257052.6751633798
257201.63516351854
257300.93016361102
257358.01516366418
257566.5451638584
257644.35516393086
257657.76516394335
257765.26516404346
257788.48016406508
257810.11516408523
258054.20016431255
258112.68516436702
258136.25016438897
258271.1451645146
258370.82016460743
258380.16516461613
258595.22016481642
258904.1251651041
259015.75016520807
259146.68516533
259376.21016554377
259401.73016556754
259433.2501655969
259444.90516560775
259486.92516564688
259499.45016565855
259592.09516574483
259655.87016580423
259840.0901659758
260056.49016617733
260298.81516640302
260313.15016641637
260339.0651664405
260354.03516645444
260373.06016647216
260467.8201665604
260882.32516694645
260898.50516696152
260949.72516700922
260961.87016702053
260988.51516704535
261223.3951672641
261634.16516764666
261653.73516766488
261687.32516769617
261745.9851677508
261758.47516776243
261778.70516778127
261903.7051678977
261923.2651679159
261981.54516797018
262241.79516821256
262263.8451682331
262407.2001683666
262496.4401684497
262563.37016851205
262576.6601685244
262652.1151685947
262691.26516863116
262714.8501686531
262723.9251686616
262778.86516871274
262938.2401688612
263421.9001693116
263533.5501694156
263558.60516943893
263574.6851694539
263600.28516947775
263615.4851694919
263649.7101695238
263663.6101695367
263676.3551695486
263713.7101695834
264086.6251699307
264107.65016995027
264119.35516996117
264130.30516997137
264582.4851703925
264724.50517052476
264818.5201706123
264914.74517070194
264927.695170714
264976.38517075934
265025.395170805
265042.34017082077
265052.31017083005
265062.10017083917
265076.27017085237
265102.55517087685
265116.1101708895
265287.15517104877
265305.5351710659
265432.6701711843
265574.68017131655
265647.2901713842
265808.170171534
265872.585171594
266170.045171871
266184.7201718847
266419.5401721034
266557.79517223214
266587.2601722596
266764.900172425
266776.7751724361
266787.05017244566
266855.9251725098
266900.33017255116
266909.7351725599
266964.7951726112
267014.5951726576
267454.58017306734
267629.7701732305
267991.095173567
268254.3501738122
268591.02017412573
268805.7351743257
268823.07517434185
268838.62517435633
268855.1501743717
269028.2351745329
269044.92017454846
269104.51517460396
269131.7001746293
269396.35017487576
269504.9251749769
269528.83517499914
269575.5801750427
269587.4001750537
269600.25517506566
269743.2001751988
269814.285175265
270305.46017572243
270360.34017577354
270412.8851758225
270431.30517583963
270463.1301758693
270485.8451758904
270606.25017600256
270750.0801761365
270774.210176159
270807.52017619
270820.54017620214
270838.71017621906
270868.695176247
271035.6601764025
271049.69017641555
271084.555176448
271095.4951764582
271335.71517668193
271353.24517669826
271433.9151767734
271446.400176785
271462.45517679997
271549.475176881
271677.51017700025
271927.1951772328
272050.2801773474
272362.13017763785
272376.1451776509
272389.3501776632
272445.3901777154
272473.5151777416
272485.9901777532
272521.77517778653
272760.5101780089
272957.9801781928
272973.9051782076
272993.1901782256
273274.39517848747
273285.66017849796
273338.5601785472
273363.80017857073
273749.8601789303
273773.25017895206
273844.8101790187
273919.8751790886
273935.8751791035
273960.08517912606
273976.40517914126
274189.1651793394
274298.0551794408
274341.77017948154
274363.59517950186
274387.54517952417
274486.64017961646
274593.70517971617
274617.30517973815
274749.27017986105
275029.7551801223
275044.74518013623
275213.67018029356
275236.7851803151
275247.1301803247
275321.47018039395
275374.7501804436
275400.27018046734
275412.0501804783
275421.30518048693
275432.7351804976
275460.3301805233
275561.32518061734
275572.6551806279
275715.83518076123
275738.9101807827
275876.4151809108
275958.3401809871
276100.47018111945
276112.69018113083
276131.69518114853
276215.7251812268
276226.53018123686
276242.2301812515
276580.5101815665
276596.1401815811
276605.11518158944
276626.82518160966
276775.2401817479
276790.88518176245
276801.9851817728
276903.6551818675
276923.82518188626
276942.4501819036
276951.0351819116
277151.8451820986
277166.0101821118
277458.4851823842
277577.91518249543
277590.8751825075
277617.23018253205
277692.92518260254
277713.790182622
277730.6901826377
277856.78018275514
277886.83518278314
278011.83018289955
278040.8651829266
278054.7001829395
278071.8951829555
278105.4901829868
278132.52018301195
278219.7701830932
278310.12018317735
278428.2751832874
278441.3851832996
278453.3951833108
278465.9801833225
278531.4601833835
278725.57018356427
278970.14518379205
279007.73518382706
279015.9401838347
279027.1051838451
279114.1701839262
279150.2701839598
279202.5551840085
279219.5251840243
279230.4751840345
279241.91018404515
279342.685184139
279428.08018421853
279470.31018425786
279725.22518449527
279892.455184651
279911.49018466874
279992.7051847444
280002.22018475324
280017.5201847675
280030.95518478
280239.53518497426
280456.5901851764
280544.3151852581
280655.6551853618
280669.4851853747
280689.0701853929
280901.5401855908
280934.65018562163
281021.21018570225
281069.4601857472
281096.71518577257
281121.6801857958
281237.01018590323
281249.2451859146
281290.7551859533
281304.4901859661
281323.59518598387
281387.1901860431
281398.1501860533
281763.37518639344
281782.19018641097
281793.03518642107
281805.36018643255
281823.70518644963
281879.78518650186
282040.1151866512
282089.5151866972
282102.47518670926
282181.675186783
282200.30018680036
282542.70518711925
282811.7101873698
282861.06518741575
283193.150187725
283216.720187747
283334.835187857
283403.8951879213
283419.705187936
283431.67018794717
283458.9701879726
283511.0601880211
283861.8501883478
283883.78518836823
284000.72518847714
284040.1951885139
284069.4851885412
284090.750188561
284137.4001886044
284238.57518869865
284390.41018884006
284450.5501888961
284540.71518898004
284627.5151890609
284863.7601892809
284879.71518929576
284984.4551893933
285056.21018946014
285065.79018946906
285177.6251895732
285192.49018958706
285263.8601896535
285286.6051896747
285309.7751896963
285351.59018973523
285405.52518978546
285592.0451899592
285753.5701901096
285794.3551901476
285858.4801902073
285878.84019022627
285893.4551902399
286011.8801903502
286078.84519041254
286097.0401904295
286113.86519044515
286187.3351905136
286202.0751905273
286229.94519055326
286247.20519056934
286306.7851906248
286489.0651907946
286502.88519080746
286537.57019083976
286547.77519084926
286604.5351909021
286617.295190914
286715.56519100553
286732.7151910215
286747.48019103525
286792.9501910776
286896.30519117386
287122.7251913847
287155.59019141534
287453.99019169324
287657.3901918827
287742.2701919617
287960.17019216466
288072.9801922697
288085.8301922817
288110.27519230446
288565.52019272844
288637.5401927955
288717.68519287015
288742.8601928936
289149.145193272
289344.9351934543
289591.575193684
289699.39519378444
289763.4851938441
289868.4901939419
289893.5101939652
290124.5701941804
290281.3501943264
290300.245194344
290310.36019435344
290326.3351943683
290338.81019437994
290350.5601943909
290370.61519440956
290409.0951944454
290431.58519446634
290446.06519447983
290458.045194491
290492.78019452334
290620.0601946419
290759.2651947715
290766.47019477823
290784.5651947951
290806.6051948156
290838.34519484517
290863.96519486903
290919.61519492086
290941.9651949417
290969.4001949672
290981.1551949782
291053.6751950457
291075.9951950665
291087.1851950769
291187.09519516997
291233.1051952128
291264.1951952418
291441.34019540675
291537.54519549635
291547.44019550557
291580.6301955365
291741.67519568646
291766.0601957092
291827.050195766
291931.4251958632
291967.0751958964
292081.93019600335
292221.7101961335
292286.0251961934
292381.8601962827
292417.5601963159
292431.8401963292
292450.925196347
292508.7701964009
292834.3851967041
292850.8701967195
293307.4751971447
293340.3101971753
293354.1501971882
293423.02519725234
293445.7251972735
293484.6301973097
293518.6401973414
293530.31019735226
293563.25019738293
293574.86019739375
293601.47519741853
293630.8501974459
293809.5451976123
293969.8151977616
294124.1351979053
294272.015198043
294286.0501980561
294445.5201982046
294457.69519821595
294485.4601982418
294624.195198371
294638.72019838454
294852.19019858335
295110.19019882364
295124.8551988373
295215.44519892166
295226.575198932
295249.91519895376
295394.95019908884
295405.04519909824
295420.61519911274
295547.43019923085
295636.55019931385
295694.3551993677
295708.27519938065
295978.5001996323
296025.04019967566
296236.89019987296
296248.4101998837
296354.7001999827
296370.7551999976
296394.3552000196
296484.7302001038
296493.17520011164
296518.6602001354
296547.255200162
296656.62020026386
296844.4402004388
296855.8402004494
296866.170200459
296911.10520050087
297050.23020063044
297081.5202006596
297099.175200676
297167.7452007399
297289.48520085326
297401.0652009572
297451.6852010043
297461.5302010135
297478.44020102924
297909.00020143023
298098.6102016068
298110.3852016178
298297.0452017916
298325.0652018177
298347.94520183903
298361.6602018518
298410.215201897
298425.5202019113
298504.3702019847
298552.4502020295
298568.6452020446
298613.48520208633
298909.12020236166
299002.00520244817
299031.2152024754
299071.9502025133
299085.94520252635
299288.90020271536
299516.64520292747
299667.15020306763
299675.88520307577
299687.4852030866
299698.1152030965
299706.80020310456
299811.9752032025
