42.48000000000328
303.67499999979634
462.88499999965154
660.4149999994719
695.9999999994395
825.7349999993215
978.3649999991827
1044.6749999995925
1267.0050000044455
1304.8550000052717
1361.820000006515
1431.040000008026
1523.805000010051
2064.6300000218557
2145.5800000236227
2417.58000002956
2534.0700000321026
2613.170000033829
2652.415000034686
2695.985000035637
2785.090000037582
2996.570000042198
3057.7500000435334
3095.7350000443626
3433.72500005174
3501.6400000532226
3718.5950000579583
3837.095000060545
3937.515000062737
4116.705000066648
4268.5200000699615
4346.735000071669
4379.675000072388
4458.925000074118
4582.620000076818
4684.085000079032
4713.680000079678
4954.395000084933
5058.215000087199
5244.650000091268
5309.3900000926815
5365.180000093899
5470.945000096208
5545.350000097832
5592.360000098858
5635.750000099805
5676.350000100691
5706.645000101353
5749.785000102294
5788.785000103146
6039.770000108624
6100.8550001099575
6234.180000112868
6275.285000113765
6320.375000114749
6507.380000118831
6693.230000122888
6746.645000124054
6786.695000124928
6906.8000001275495
6931.225000128083
6972.885000128992
7015.900000129931
7220.970000134407
7323.870000136653
7479.910000140059
7509.660000140709
7532.830000141214
7710.105000145084
7750.0300001459555
7794.625000146929
7854.155000148228
7997.260000151352
8105.27000015371
8221.615000150861
8266.570000143665
8552.940000097826
8582.4650000931
8639.825000083918
8771.37500006286
8802.080000057946
8858.02500004899
8901.390000042049
9080.600000013363
9161.400000000429
9234.599999988712
9502.48999994583
9928.99499987756
10015.13999986377
10211.534999832333
10522.239999782598
10599.394999770248
10720.619999750843
10844.874999730953
10917.164999719382
11157.799999680863
11359.874999648517
11504.53999962536
11552.399999617699
11615.79999960755
11721.994999590552
11889.509999563737
11910.164999560431
11940.734999555538
12049.694999538096
12130.664999525135
12173.529999518274
12197.764999514395
12231.669999508968
12332.534999492822
12493.859999466998
12558.064999456721
12914.904999399601
13299.359999338061
13427.74499931751
13454.98499931315
13512.719999303908
13562.659999295915
13586.499999292098
13741.60499926727
13822.32499925435
14011.644999224045
14050.72499921779
14328.484999173328
14540.839999139336
14659.379999120361
14897.47499908225
14930.369999076984
14969.904999070655
15011.314999064027
15048.969999058
15081.849999052736
15130.169999045002
15273.61999902204
15384.56999900428
15419.644998998665
15653.189998961281
15756.889998944682
15827.62499893336
15890.14999892335
15936.82499891588
16214.974998871356
16242.044998867023
16371.834998846247
16440.004998855708
16471.064998862035
16513.809998870744
16621.544998892692
17071.709998984403
17116.76499899358
17152.809999000925
17210.774999012734
17300.859999031087
17346.904999040467
17395.45499905036
17703.4199991131
17729.33499911838
17764.19999912548
17841.044999141137
18213.529999217022
18306.87499923604
18351.659999245163
18522.294999279926
18579.619999291604
18637.439999303384
18709.03499931797
18892.2799993553
18930.12499936301
19188.44999941564
19315.73499944157
19451.68999946927
19926.559999566012
19952.5099995713
20001.94999958137
20044.84999959011
20085.694999598432
20806.764999745334
20893.28999976296
21066.45499979824
21092.734999803593
21162.834999817875
21283.244999842405
21352.154999856444
21421.769999870627
21616.324999910263
21787.689999945174
21814.56999995065
22026.099999993745
22096.385000008064
22137.905000016523
22240.600000037444
22263.955000042202
22293.04500004813
22558.245000102157
22658.430000122567
22878.78500016746
23009.465000194083
23133.060000219262
23259.380000244997
23305.98500025449
23393.15000027225
23546.470000303485
23587.610000311866
23674.425000329553
23774.580000349957
23852.530000365838
23885.650000372585
23966.02000038896
24052.935000406665
24082.31500041265
24180.58500043267
24220.77500044086
24352.060000467605
24418.25000048109
24472.665000492176
24736.12500054585
24811.250000561155
24896.04500057843
24957.370000590923
25246.400000649806
25278.305000656306
25339.945000668864
25373.870000675775
25613.250000724543
25707.600000743765
25748.9950007522
25891.360000781202
25918.710000786774
25998.225000802973
26042.155000811923
26204.185000844933
26261.815000856674
26338.07500087221
26577.340000920954
26612.830000928185
26761.49000095847
27163.995001040472
27293.095001066773
27439.370001096573
27525.55000111413
27550.155001119143
27808.22500117172
27884.2100011872
27925.920001195696
28024.720001215825
28109.440001233084
28161.115001243612
28236.98500125907
28369.71500128611
28685.700001350484
28736.39000136081
29044.575001423596
29179.13000145101
29227.14000146079
29346.150001485035
29368.875001489665
29419.36500149995
29457.515001507723
29699.73000155707
29751.595001567635
30124.105001643526
30213.200001661677
30249.04000166898
30416.715001703138
30488.960001717856
30586.675001737764
30620.53500174466
30744.07000176983
30935.620001808853
31013.185001824655
31079.62000183819
31110.35000184445
31174.035001857425
31209.685001864687
31237.67000187039
31379.03500189919
31412.530001906012
31523.11000192854
31558.655001935782
31678.240001960145
31780.395001980956
31810.470001987083
31839.975001993094
31986.97000202304
32301.960002087213
32380.72500210326
32415.72500211039
32511.570002129916
32564.590002140718
32683.525002164948
32747.615002178005
32909.83500210785
33255.58500192672
33323.730001891025
33373.85000186477
33407.12500184734
33466.29500181634
33527.87500178408
33562.12500176614
33626.81000173225
34094.16500148742
34405.355001324395
34462.15500129464
34548.290001249516
34573.890001236105
34774.23500113115
34982.140001022235
35081.26500097031
35125.03000094738
35298.54500085648
35332.650000838614
35361.205000823655
35381.30000081313
35753.10000061835
35891.125000546046
36037.39500046942
36076.77500044879
36130.425000420684
36335.840000313074
36610.87500016899
36633.04500015738
36736.40500010323
36847.835000044855
36883.27000002629
36917.22000000851
37046.82499994061
37097.46499991408
37138.31999989268
37226.86999984629
37419.76999974524
37576.1799996633
37741.074999576915
37899.36999949399
38121.399999377674
38282.55499929325
38315.71499927588
38356.73499925439
38426.92499921762
38538.30499915927
38825.24999900895
39017.62499890817
39072.97999887917
39213.044998805795
39359.854998728886
39400.44999870762
39437.92499868799
39689.45499855622
39798.134998499285
39819.399998488145
40088.454998347195
40141.614998319346
40184.54499829686
40311.22499823049
40491.52499813604
40514.54499812398
40684.044998035184
40839.769997953605
41167.51999778191
41491.10499761239
41543.47999758495
41961.00999736622
41996.68999734753
42054.74499731712
42101.03499729287
42368.2099971529
42442.81499711382
42931.97499685756
42965.47999684001
43106.01499676639
43230.08499670139
43445.154996588724
43572.934996521784
43930.52999633445
43962.25499631783
44171.669996208126
44247.75499616827
44296.65499614265
44515.75499602787
44745.12499590771
44886.374995833714
44913.56999581947
45139.72499570099
45253.354995641464
45342.649995594686
45372.85499557886
45436.78999554537
45495.04999551485
45528.98499549707
45641.85999543794
45688.97499541326
45926.69999528872
45999.169995250755
46122.824995185976
46233.60999512794
46278.18499510459
46359.734995061866
46429.32999502541
46532.82499497119
46557.384994958324
46665.559994901654
46706.34499488029
47039.029994706005
47491.204994469124
47555.75499443531
47732.24499434285
47917.8899942456
48039.394994181945
48060.084994171106
48220.07999408729
48278.67499405659
48340.234994024344
48703.32499383413
48783.97999379188
49211.174993568085
49254.97999354514
49334.54999350345
49481.39999342652
49506.12499341357
49584.41499337256
49665.88499332988
49885.97499321458
49999.05999315534
50122.279993090786
50149.15499307671
50241.95999302809
50321.034992986664
50362.724992964824
50403.95999294322
50423.70499293288
50449.20999291952
50471.51499290783
50555.88999286363
50606.389992837176
50718.939992778214
50750.894992761474
50814.169992728326
50852.28499270836
50968.80499264732
51141.544992556825
51407.6949924174
51476.25499238148
51524.18499235637
51648.81999229108
52347.57999192502
52408.769991892965
52474.3649918586
52524.34499183242
52565.45499181088
52723.83499172791
53186.67999148544
53264.249991444805
53292.999991429744
53360.06499139461
53426.43999135984
53521.32499131013
53772.99999117829
53828.7199911491
53885.264991119475
53923.24499109958
53977.53499107114
54181.55499096426
54247.65999092963
54354.7949908735
54486.349990804585
54619.664990734746
54674.51999070601
54729.58999067716
54785.6299906478
54856.499990610675
54900.01499058788
55055.71999050631
55132.91499046587
55200.114990430666
55283.83499038681
55321.50499036707
55495.84999027574
55579.95499023168
55819.089990106404
55894.62999006683
55999.77499001175
56137.72498993948
56266.35998987209
56316.694989845724
56353.29498982655
56530.03998973396
56605.3599896945
56880.09498955058
57009.939989482555
57396.809989279885
57479.79998923641
57516.844989217
57665.10998913933
57802.18998906752
57932.81498899909
57999.25998896428
58030.9099889477
58100.039988911485
58264.66498882524
58381.9499887638
58409.83498874919
58765.19498856303
58844.024988521734
58928.97998847723
59261.759988302896
59555.16498814919
59711.189988067454
59952.30998794114
59983.36498792487
60179.48498782213
60239.34998779077
60270.42498777449
60331.60498774244
60359.52498772781
60676.44498756179
61196.804987289186
61286.51498724219
61332.21498721825
61404.0799871806
61459.51998715156
61571.31998709299
61760.25498699401
61809.37498696828
61893.60998692415
61963.30998688764
62065.52998683409
62094.35498681899
62127.079986801844
62181.38998677339
62331.229986694896
62880.014986407405
62938.389986376824
63029.1099863293
63266.22998620508
63492.55998608651
63566.68498604768
63888.07998587931
63996.76998582237
64320.164985652955
64388.17498561733
64491.71998556308
64577.74498551802
64774.21498541509
64810.62498539602
64838.58498538137
64907.41498534531
64986.54998530386
65097.5699852457
65175.454985204895
65291.48998514411
65325.969985126045
65464.21498505362
65660.61498513207
65792.63998525502
65846.66998530534
65953.34498540469
66047.81998549268
66106.91498554772
66148.61998558656
66169.73998560623
66260.51498569077
66295.92498572374
66584.58998599258
66670.2949860724
66729.72998612776
66810.35998620285
66955.2599863378
67018.78998639697
67067.43998644227
67125.51498649636
67152.22498652124
67428.06998677814
67522.31998686591
67586.78998692596
67718.904987049
67971.40498728416
68028.2449873371
68377.11998766201
68529.4799878039
68603.54998787289
68777.95498803532
68823.76998807798
68867.25498811848
68904.81498815346
69019.05998825986
69111.51998834597
69208.97498843673
69258.69998848304
69309.72498853056
69418.78498863213
69447.85498865921
69521.94998872821
69574.59498877724
69686.49998888146
69761.95998895174
69960.89998913702
70042.85998921335
70176.51998933783
70232.57998939004
70270.57998942543
70302.58498945524
70338.35498948855
70473.82998961472
70607.79998973949
70663.17498979106
70692.88498981873
70743.33498986572
70853.14998996799
70884.7349899974
71038.1599901403
71083.11499018216
71247.81999033556
71701.3049907579
71745.5449907991
72168.03499119257
72439.58499144547
72606.32999160077
72713.82999170088
72804.16999178502
73284.65999223251
73395.73999233596
73450.44999238692
73634.17499255802
73809.9149927217
73846.68999275594
73932.4399928358
74044.24499293993
74071.81999296561
74137.44999302673
74181.35499306762
74411.91999328235
74548.27499340934
74595.5799934534
74660.63499351399
74710.66499356058
74746.03999359353
74824.30999366642
75018.37499384716
75055.73999388196
75149.61999396939
75295.91499410564
75350.65499415662
75381.18999418506
75439.78999423963
75574.14999436477
75598.38999438734
75852.56499462406
75877.25999464706
76012.67499477317
76157.64499490819
76247.79499499215
76300.48499504122
76511.36499523761
76621.84999534051
76888.47499558883
76951.63999564765
76989.21499568265
77066.4799957546
77373.65499604068
77396.52999606199
77444.08999610628
77510.20999616786
77592.48499624449
77628.92499627842
77689.36499633471
77931.96999656066
77973.55499659939
78082.40499670076
78260.30999686645
78348.54499694862
78571.73499715648
78602.72999718535
78673.55499725131
79024.37999757804
79106.82499765482
79156.65499770123
79692.85499820061
79827.62499832612
79883.24999837793
79935.46999842656
80092.54499857285
80149.67999862606
80255.17499872431
80390.4599988503
80628.24499907176
80712.51999915024
80767.15999920113
80822.29999925249
81042.58499945764
81094.1899995057
81139.67999954807
81171.90999957809
81245.91499964701
81263.38499966328
81366.73499975953
81594.37999997154
81834.71000019537
81942.60000029585
82006.74000035558
82267.2550005982
82320.84500064811
82359.79500068439
82444.57500076335
82501.38000081625
82532.37000084511
82561.63500087237
82795.94000109058
82832.2500011244
82930.9350012163
83000.26500128087
83182.80500145088
83203.7700014704
83254.37000151753
83299.53000155959
83456.01500170532
83605.72000184475
83818.77000204317
84076.290002283
84141.3600023436
84182.9200023823
84789.05500294681
85003.83000314684
85148.97000328201
85259.15500338463
85355.05000347394
85394.88000351103
85648.91000374762
85790.26500387926
86036.67000410875
86226.05000428512
86352.53500440292
86513.11000455247
86571.85500460718
86849.70500486594
86982.47000498959
87029.79500503367
87108.98500510742
87142.81000513892
87414.22000539169
87547.03500551538
87633.93000559631
87651.81000561296
87758.96500571276
87873.48500581941
87912.48000585573
87966.51000590605
88072.4350060047
88207.02000613004
88363.86000627611
88496.1350063993
88582.91000648012
88674.22000656516
88754.82000664022
88853.20000673184
88881.22000675794
88905.0150067801
89007.14500687522
89241.66500709363
89266.5400071168
89318.96000716562
89383.17500722542
89557.43500738771
89589.90000741795
89746.05000756338
89883.05000769097
89976.95500777842
90049.45500784594
90123.67500791507
90213.43500799866
90357.92500813323
90720.73500847112
90796.10000854131
90885.82000862487
90907.13000864472
91154.67500887526
91311.32000902115
91499.83500919671
91578.76000927022
91625.82000931405
91667.95000935328
91692.43500937609
91757.46500943665
91874.09500954527
91931.24000959849
92034.27500969445
92152.51500980457
92199.40500984824
92225.28000987234
92266.8950099111
92401.5450100365
92470.77501010097
92664.38001028128
92801.58501040906
92836.38501044147
92909.4350105095
92953.19001055026
93034.76001062623
93065.5500106549
93148.05001073173
93220.4850107992
93288.59501086263
93372.6400109409
93776.53001131705
93804.44001134305
93853.82501138904
93973.9350115009
94023.60501154716
94168.15001168178
94223.27501173312
94345.81001184724
94519.87501200935
94629.27501211123
94765.2800122379
94881.71501234634
95025.08001247986
95057.49501251004
95131.19001257868
95480.70501290419
95595.04501301068
95706.71001311467
95780.65501318354
95836.21501323528
95868.5550132654
96008.8850133961
96039.15001342428
96332.47501369746
96457.80001381418
96645.36001398886
96699.43501403922
96862.63501419121
97312.5200146102
97373.20001466671
97443.03001473175
97540.64001482265
97742.6600150108
97842.735015104
97893.3100151511
98290.04001552059
98693.91001589672
98879.95501606999
98958.31501614297
99256.17501642037
99657.97001679457
99691.9350168262
99888.18001700897
100014.24001712637
100125.47001722996
100147.71001725068
100341.64501743129
100588.27501766098
101035.73001807771
101094.03501813201
101168.30001820117
101205.19001823553
101491.6300185023
101681.70501867932
102083.41001905344
102245.9350192048
102286.10501924221
102429.19001937547
102561.06501949829
102629.52001956204
102661.78001959209
102753.72501967772
103139.06002003659
103225.79502011737
103267.93502015661
103680.33502054069
103768.42002062273
103791.65002064436
103923.50502076716
104093.21002092521
104224.72002104769
104273.20002109284
104661.84502145479
104758.52002154483
104906.9900216831
104965.86502173793
105055.6950218216
105103.77502186637
105312.12502206041
105438.84502217843
105517.99002225214
105568.97002229962
105602.14502233051
105692.08002241427
105771.83002248855
105824.7200225378
105855.11502256611
105881.47002259066
105916.54502262332
106055.85502275306
106381.52002305636
106467.10502313607
106656.13502331212
106716.82502336864
106869.01502351038
107028.97502365935
107216.6100238341
107613.84002420405
107854.57002442825
107958.23002452479
108083.67002464161
108458.51502499072
108607.5400251295
108638.39502515824
108725.68002523953
108760.37502527185
108935.95502543537
109126.14002561249
109648.6350260991
109743.92502618785
109795.40002623579
109846.15002628305
109871.04002630623
109899.1400263324
109988.60002641572
110161.40502657666
110218.91002663021
110355.23502675717
110397.49502679653
110468.28002686246
110714.72502709198
110886.94002725236
110935.42502729752
111142.14502749004
111281.81502762012
111401.89002773195
111515.88002783811
111678.98002799001
111773.54002807807
111820.1650281215
111877.05502817448
111955.4600282475
112018.79502830649
112042.05502832815
112098.85502838105
112153.52502843196
112214.99502848921
112371.83002863528
112426.33502868604
112552.32002880337
112620.23502886662
112672.27002891508
112764.75002900121
112858.92002908891
112933.39002915827
113032.77502925083
113139.50002935022
113363.70502955903
113581.17502976157
113646.57502982247
113710.42002988193
113811.66002997622
113923.04003007995
113993.24503014534
114087.19003023283
114165.53003030579
114423.450030546
114585.77003069717
114673.9550307793
114876.99003096839
115012.18003109429
115125.54003119987
115180.47003125102
115240.13503130659
115287.22503135045
115350.69503140956
115428.54003148206
115527.3750315741
115600.7050316424
115840.23003186547
115913.58503193379
116040.45503205195
116117.40503212361
116318.87003231124
116415.80503240152
116586.31503256032
116652.83003262227
116696.00003266247
117116.0700330537
117187.23003311997
117555.14003346261
117633.56003353564
117762.56503365579
118053.68003392691
118495.91503433877
118783.54503460665
118877.09503469378
118914.67503472877
119177.84003497387
119232.55503502482
119323.84503510984
119391.1150351725
119517.12503528985
119571.7300353407
119733.8650354917
120020.20003575837
120343.29003605928
120374.32503608818
120551.92003625358
120715.84503640624
120800.78003648535
121055.29003672238
121085.35503675038
121367.64503701328
121487.23003712465
121601.72003723128
121631.75003725925
121702.81503732543
121731.25003735191
121767.79503738595
121876.31003748701
121933.94503754069
122055.48003765388
122182.52003777219
122277.79503786092
122330.74503791024
122400.76003797544
122457.3000380281
122568.47503813164
122687.81503824278
122742.19003829343
122896.43003843707
122973.06003850844
123257.97003877378
123344.03003885393
123373.19003888109
123547.97503904387
123784.15003926383
123957.3200394251
124155.80503960996
124196.80503964814
124302.79003974685
124534.6650399628
124675.74004009418
124928.79504032986
124952.29504035175
124988.71004038566
125313.39004068804
125546.31504090497
125564.61004092201
125702.51504105044
125730.33004107635
125854.39504119189
125904.93004123896
125952.06004128285
126031.49004135682
126112.73004143249
126157.0900414738
126456.78504175291
126602.86004188895
127407.91004263872
127488.49504271377
127698.17504290905
127861.32504306099
127910.93004310719
127997.08504318743
128140.37004332087
128245.5150434188
128530.36504368408
128614.59504376253
128755.15504389344
128851.42004398309
128956.94004408136
129303.66004440427
129359.71004445647
129460.97004455078
129544.97504462901
129792.8900448599
129953.47504500946
130088.9150451356
130118.50004516315
130296.60504532902
130411.97504543647
130528.56004554505
130688.31504569383
130848.22504584276
130917.59004590736
131349.46004630957
131394.88504635188
131477.88504642918
131644.20504658407
131941.31004686077
132015.27004692965
132055.9100469675
132083.7050469934
132230.12504712975
132245.6450471442
132279.71504717594
132428.96504731494
132482.91004736518
132508.87504738936
132545.73004742368
132602.04004747613
132727.94004759338
132872.41004772793
132979.16504782735
133602.99004840833
133741.4800485373
134037.85504881333
134081.54504885402
134104.10504887503
134220.97004898387
134464.23004921043
134797.21004952054
134817.62504953955
134837.09004955768
134862.05004958092
134903.4850496195
134976.36004968738
135061.23504976643
135364.94505004928
135476.48505015316
135587.81005025684
135667.46505033103
135747.41005040548
135798.08505045268
136017.55505065707
136048.9300506863
136377.66505099245
136432.30505104334
136527.59505113208
136693.89505128696
136740.07005132997
136818.44505140296
136906.2000514847
136940.83005151694
137064.13505163178
137121.10005168483
137180.03505173972
137271.58005182497
137844.68505235872
137928.60005243687
137991.04005249502
138046.45005254663
138232.23505271965
138338.54005281866
138396.07505287224
138521.25005298882
138628.4850530887
138699.3650531547
138732.77505318582
138767.78505321842
138809.36005325714
138896.09505333792
138921.67005336174
138948.92005338712
138985.79005342146
139173.39505359618
139289.01505370386
139479.5450538813
139752.8050541358
139784.14005416498
139812.02505419095
139836.40505421365
139912.6800542847
140109.2850544678
140237.9150545876
140503.76505483518
140569.84005489672
140613.27505493717
140707.4800550249
141016.87005531305
141121.24505541025
141234.31005551555
141295.53505557257
141352.83505562594
141464.49005572993
141692.33505594212
142096.01505631808
142364.66005656827
142459.23505665635
142511.30505670485
142540.1450567317
142596.64505678433
142765.64005694172
142819.71505699208
142836.84505700803
143000.36505716032
143049.7450572063
143195.03005734162
143240.89005738433
143400.56005753303
144003.0050580941
144279.90005835198
144457.8450585177
144516.74505857256
144602.44505865237
144836.05005886994
144967.6550589925
145301.50005930342
145603.0850595843
145657.94005963538
145723.38005969633
145827.02005979285
145857.94005982165
145908.54005986877
145949.96505990735
145998.21005995228
146032.98505998467
146130.5250600755
146365.15006029402
146543.94506046054
146579.07006049325
146623.94506053504
146685.9700605928
146777.25506067782
146941.10006083042
147010.42006089498
147121.87506099878
147232.8150611021
147262.68506112992
147310.10006117407
147361.25506122172
147575.36006142112
147630.34506147233
147864.85006169073
147897.18006172084
148091.5000619018
148228.94506202982
148283.06506208022
148681.64006245142
149056.23006280028
149131.6200628705
149204.07006293797
149256.63506298693
149286.5500630148
149362.43006308546
149528.51506324013
149578.14506328636
149603.51006330998
149785.92506347987
149847.57006353728
149877.9900635656
150011.91506369034
150156.3050638248
150211.62506387633
150323.06506398012
150490.90506413643
150584.73506422382
150823.92506444658
150924.50506454025
150973.1950645856
151086.39506469102
151118.53006472095
151171.69506477047
151321.22506490973
151407.1050649897
151757.2550653158
151817.42506537185
151907.93506545614
152001.6300655434
152021.0550655615
152305.00006582594
152366.53006588324
152416.66506592993
152467.81006597757
152701.08006619482
152749.96006624034
152875.29506635707
153121.0100665859
153147.28506661038
153218.09006667632
153307.92006675998
153458.4800669002
153487.00506692677
153528.1650669651
153902.33006731357
154183.07506757503
154380.85506775923
154409.86506778625
154464.8000678374
154527.48006789578
154703.75506805995
154865.88506821095
155118.4950684462
155173.2450684972
155199.08506852126
155310.9050686254
155488.69006879098
155552.5050688504
155718.67506900517
155817.94006909762
155953.55506922392
156269.7600695184
156420.89506965916
156518.41506975
156541.45506977144
156652.2050698746
156708.85006992734
156798.50007001084
156818.9850700299
156883.68007009017
156980.75007018057
157069.09007026284
157118.24007030862
157152.66507034068
157186.97007037263
157224.70507040777
157255.75007043668
157358.99507053284
157473.15507063916
157524.39007068687
157681.09507083282
157981.91007111297
158083.5200712076
158234.85507134855
158323.01507143065
158409.69007151137
158437.79007153754
158527.23007162084
158618.2350717056
158672.6750717563
158850.68007192208
158895.17507196352
158948.8300720135
159045.5950721036
159094.9900721496
159124.14007217676
159240.8900722855
159278.09007232013
159350.88007238792
159387.29007242183
159424.7250724567
159527.13507255208
159583.2150726043
159765.3150727739
159860.42507286248
159948.63007294462
159985.80507297924
160036.26007302623
160066.02007305395
160139.7400731226
160177.2150731575
160213.33007319114
160282.18507325527
160322.8100732931
160370.74507333775
160474.4200734343
160628.42507357773
160745.8500736871
160836.89007377188
160998.3100739222
161038.51507395966
161197.07007410732
161271.64007417677
161341.93507424224
161415.25007431052
161536.81007442373
161574.39507445873
161678.59007455577
161721.75507459597
161849.07007471455
161958.9750748169
162013.12507486733
162212.43007505295
162253.43507509114
162330.45507516287
162384.01007521275
162420.29507524654
162666.73007547605
162730.9950755359
163034.03507581813
163075.90007585712
163103.87007588317
163543.46507629257
163592.17007633793
163655.9250763973
163968.77507668867
164132.03007684072
164370.87007706315
164423.50007711217
164481.0750771658
164572.3550772508
164660.89507733326
165094.5100777371
165491.63007810694
165549.05007816042
165658.9700782628
165704.98507830565
165870.4950784598
166181.8850787498
166367.79507892294
166429.76507898065
166604.47507914336
166708.4500792402
166887.82507940725
166999.56507951132
167063.50007957086
167137.1050796394
167248.95007974358
167345.34507983335
167398.03507988242
167495.0850799728
167535.93008001085
167661.4050801277
167706.14008016937
167776.00508023443
167797.93008025485
167828.13508028298
167856.4900803094
167932.7250803804
167964.44508040993
168019.8250804615
168119.4550805543
168348.52008076763
168436.14508084924
168491.81508090108
168516.6200809242
168662.85508106038
168721.6200811151
168862.00008124585
168920.31508130016
169000.54508137488
169033.18508140527
169108.45508147537
169367.64008171676
169468.86008181103
169690.2200820172
169740.42508206394
169816.3000821346
170026.3200823302
170076.9900823774
170139.76508243586
170318.3850826022
170497.55008276907
170529.33508279867
170668.88008292863
170806.11508305644
170904.16008314776
170937.13508317847
171024.63508325996
171104.26508333412
171259.59508347878
171302.70508351893
171327.60008354211
171359.86008357216
171404.780083614
171457.25008366286
171492.27008369548
171687.46008387726
171724.19508391147
171841.82508402102
171951.47008412314
172246.34008439776
172430.5350845693
172462.01008459862
172488.03508462285
172537.67008466908
172746.51008486358
172778.67008489353
172960.39008506277
173103.2450851958
173486.9950855532
173678.36008573143
173758.93008580647
173788.10508583364
173960.63008599431
174099.1150861233
174323.23508633202
174371.3350863768
174493.89508649096
174549.22008654248
174701.4000866842
174839.0350868124
175066.6850870244
175086.90508704324
175181.60508713144
175391.2600873267
175471.22008740116
175547.9200874726
175620.76008754043
175741.28508765268
176481.48508834204
176631.48508848174
176836.1950886724
176986.70008881256
177107.35008892493
177169.76508898305
177450.9050892449
177521.3500893105
177671.92508945073
177756.3950895294
177838.19508960558
177903.53508966643
178009.08508976473
178456.060090181
178485.44009020837
178565.07009028253
178647.22509035905
178736.79009044246
178772.08509047533
178856.0250905535
178914.46009060793
178995.13509068306
179113.66009079345
179223.53509089578
179347.1400910109
179481.2450911358
179518.7250911707
179560.1800912093
179871.11509149888
180090.9350917036
180133.6650917434
180197.26509180263
180234.12509183696
180289.7950918888
180340.1450919357
180369.10509196267
180419.42509200954
180528.375092111
180591.89509217016
180734.8400923033
180760.65509232733
180913.9550924701
180973.38009252545
181230.585092765
181251.4400927844
181282.7850928136
181531.05009304482
181614.17509312223
181680.8200931843
181809.37009330402
181847.3450933394
181871.96509336232
181961.94009344612
182025.9300935057
182160.86009363137
182306.08509376663
182376.8250938325
182485.13509393338
182646.71509408386
182694.80509412865
182717.60009414988
182760.1350941895
182956.78509437264
183051.9750944613
183074.205094482
183156.30009455845
183180.01509458054
183223.49009462103
183268.48509466293
183307.44509469921
183371.91509475926
183430.1500948135
183460.26509484154
183816.25009517308
184043.65509538486
184478.27509578964
184633.84509593452
184700.90009599697
184749.73509604245
184795.99009608553
184874.43009615858
185076.59509634686
185119.7850963871
185591.53509682644
185667.04009689676
185776.68009699887
185887.78509710234
185945.1750971558
186140.4900973377
186227.28509741853
186393.21509757306
186625.6050977895
186720.58009787794
186752.2100979074
186813.81509796478
186834.82509798434
186969.89509811014
187268.4750983882
187431.11009853968
187478.79009858408
187675.05009876686
187703.56509879342
187731.07509881904
187772.5850988577
187870.610098949
187897.27009897382
187991.22509906132
188084.03009914776
188301.26009935007
188519.84009955364
188559.70009959076
188709.02509972983
188792.90009980794
188914.23509992094
188983.2300999852
189108.24010010163
189141.75010013283
189457.2801004267
189515.3901004808
189754.96510070394
189893.52010083298
189927.33010086446
190289.58510120184
190329.23510123877
190414.79510131845
190469.8351013697
190512.05010140903
190571.78010146465
190780.82510165934
190984.64010184916
191229.295102077
191262.2301021077
191500.22510232934
191717.02010253124
191739.61510255228
191764.37010257534
191835.3051026414
191890.74010269303
192049.12010284053
192177.91510296048
192238.42510301684
192321.64510309434
192363.3751031332
192668.25010341714
192755.8251034987
192817.00010355568
192851.84510358813
192895.81010362908
192985.3751037125
193008.480103734
193116.1651038343
193345.57510404795
193374.14510407456
193753.2151044276
193913.44510457682
193951.37010461214
194062.20510471537
194158.8851048054
194335.11010496953
194502.6901051256
194537.2701051578
194743.76510535012
194881.5201054784
194928.330105522
195042.0251056279
195062.91510564735
195162.03510573966
195553.83010610455
195851.01010638132
196100.26510661346
196218.89510672394
196273.59510677488
196323.95510682178
196480.4201069675
196672.065107146
196742.37010721146
196916.38510737353
197032.2201074814
197365.5101077918
197460.22510788002
197617.97510802693
197783.45510818105
197839.8901082336
197983.91510836774
198042.00010842184
198204.78510857344
198343.21010870236
198422.64510877634
198575.32010891853
198955.2951092724
199003.96510931774
199089.41010939731
199126.9651094323
199156.58510945988
199252.43510954914
199460.9051097433
199647.430109917
199789.8051100496
200052.07011029386
200081.3251103211
200164.17511039827
200319.94011054334
200756.4801109499
200784.56011097605
200944.96511112544
201007.40011118358
201043.78011121746
201076.8801112483
201180.24511134456
201206.64511136914
201296.32011145266
201500.35511164268
201549.95511168888
201594.03511172993
201697.21011182602
201815.01511193573
201862.79011198023
201893.55011200887
202030.13011213607
202070.03511217324
202175.05011227104
202226.560112319
202348.59011243266
202434.56511251273
202465.30011254136
202499.88011257356
202610.45511267654
202645.7251127094
202813.5551128657
202846.085112896
202894.58511294116
202956.1401129985
203008.25011304702
203217.16011324158
203255.67011327745
203413.86511342478
203486.75511349266
203514.32511351834
203548.4401135501
203694.32011368597
203744.02011373226
203875.95011385513
204310.96011426026
204508.63511444436
204555.32011448784
205017.5301149183
205190.97511507984
205293.24011517508
205321.68511520157
205350.42011522833
205496.76011536462
205773.24511562212
205824.7751156701
205852.2601156957
206007.14511583996
206047.70011587773
206114.27011593973
206418.06511622266
206488.25011628802
206679.7801164664
206725.91011650936
206751.47511653317
206781.49011656112
206862.76511663682
207011.97511677578
207158.26011691202
207272.07511701802
207330.39011707233
207368.95011710824
207443.25011717743
207699.80511741637
207826.29011753417
207903.36011760595
207934.60511763504
207968.4751176666
208202.72011788475
208302.855117978
208365.07511803595
208493.57511815563
208537.38511819643
209204.98011881817
209303.32011890976
209332.98011893738
209514.60511910653
209541.7251191318
209580.2701191677
209947.86511951004
209981.23511954112
210038.6651195946
210084.00511963683
210242.19011978415
210279.80511981918
210345.68011988053
210505.2151200291
210639.36512015405
210752.01012025896
210791.91512029612
210869.16012036806
211162.82512064156
211198.43512067472
211240.88012071425
211396.15512085886
211438.97012089874
211473.54012093093
212204.00012161123
212312.80512171256
212588.28512196912
212955.96512231155
212989.89012234315
213023.72012237465
213048.75512239797
213319.03012264968
213424.41512274783
214158.8301234318
214192.80512346345
214236.1401235038
214272.14012353733
214575.41012381978
214623.07512386417
214818.50012404617
214994.45512421004
215133.53012433957
215210.30512441107
215277.16512447334
215403.15012459067
215538.66512471688
215588.44012476323
215660.36512483022
215935.35012508632
216004.54512515076
216132.9951252704
216435.44512555207
216604.13012570917
216709.78012580756
216925.90512600885
217158.40512622538
217456.59012650308
217539.37012658018
217587.79512662528
217764.00012678938
217817.63012683933
217844.17012686405
218088.1901270913
218633.68512759934
219066.19512800215
219100.26512803388
219135.9501280671
219178.64012810687
219282.4101282035
219338.770128256
219373.6601282885
219521.88512842654
219717.41512860864
219847.72512873
219882.05512876197
219905.51512878382
220022.0851288924
220120.9851289845
220207.1151290647
220298.19512914954
220592.21012942336
220783.25512960128
220945.48012975237
220972.23512977728
221015.6451298177
221110.16012990574
221155.6501299481
221305.80013008794
221340.19513011997
221397.32013017318
221447.41013021983
221550.00513031537
221597.0551303592
221625.65013038582
221675.58013043232
221861.12013060512
221892.30513063417
222002.67513073696
222084.78013081342
222163.4601308867
222274.02513098967
222387.83513109566
222778.34013145935
222872.07513154665
222971.6651316394
223040.29513170331
223075.8251317364
223209.59013186098
223253.76513190212
223517.6801321479
223554.04013218178
223607.92513223196
223648.0201322693
223745.47013236006
223787.3951323991
223895.87513250014
224015.70513261174
224061.2851326542
224212.32513279485
224483.45513304736
224832.84013337275
224873.4801334106
224896.97513343248
225001.72513353004
225027.32013355388
225266.53013377666
225346.84513385146
225504.9601339987
225662.07513414504
225730.4301342087
225824.51513429632
225869.9001343386
226050.4151345067
226084.58013453853
226148.0251345976
226489.76013491588
226565.055134986
226881.08013528032
226932.4901353282
227354.55513572128
227436.80013579788
227635.83013598324
227933.78013626073
228247.52013655292
228344.3351366431
228456.69013674773
228565.04513684864
228651.7601369294
228813.01513707958
228954.25513721112
229034.49013728584
229242.84013747989
229316.26513754827
229363.91513759264
229386.67513761384
229450.17513767298
229725.37513792928
229899.80013809173
229977.46513816406
230026.11013820936
230124.74013830122
230157.2701383315
230269.3651384359
230555.57013870246
230707.16513884364
230951.47013907117
231047.57013916067
231164.16013926925
231294.7701393909
231431.87013951858
231491.75513957435
231535.8251396154
231591.82513966755
231705.77513977367
231794.9201398567
231918.48013997177
232177.2751402128
232432.71014045068
232549.7601405597
232667.71014066954
232710.1951407091
232905.2851408908
232949.97014093242
233128.45514109865
233168.85514113627
233468.4501414153
233585.74514152453
233835.0201417567
234039.45014194708
234149.8651420499
234203.83014210017
234339.85514222685
234390.42514227395
234491.47014236805
234572.21514244325
234601.51014247054
234645.85014251183
234789.98514264607
234998.78514284053
235048.0351428864
235358.95014317596
235417.66014323063
235720.68514351285
235846.2651436298
235886.69514366746
236217.05514397513
236447.26014418952
236499.44514423813
236538.8201442748
236743.8151444657
236855.31014456955
236954.74514466216
237001.3001447055
237033.33514473535
237145.22514483955
237198.26514488895
237232.58514492091
237479.88014515123
237599.40014526254
237700.97014535713
237832.60014547972
237963.16014560132
238020.54514565476
238077.26514570758
238377.0701459868
238564.15514616104
238599.89514619432
238882.07014645712
239110.59014666994
239173.72014672874
239614.05514713883
239701.8451472206
240107.27514759818
240175.56014766177
240206.70514769078
240282.24014776113
240483.0951479482
240563.18014802277
240624.2001480796
240858.1751482975
240883.48014832108
240963.00514839514
241001.7401484312
241119.22014854063
241321.1501487287
241519.14514891308
241693.51014907548
241736.67514911568
241782.4551491583
241863.70514923398
242012.26514937234
242172.80514952185
242485.82014981337
242534.4801498587
242706.24515001866
242736.96515004727
242943.4751502396
242974.37515026837
243445.69515070732
243547.17015080183
243570.82015082386
243660.83015090768
243700.09015094425
244137.40015135152
244685.0951518616
244780.00515195
244852.96015201794
244921.68515208195
244968.94015212596
245016.90515217063
245064.4301522149
245279.305152415
245386.9001525152
245432.9351525581
245464.0801525871
245661.19515277067
245835.24515293277
245941.56015303178
246028.18515311246
246140.69015321723
246279.52015334653
246376.59015343693
246420.5751534779
246455.92015351081
246609.90015365422
246645.04015368695
246754.1951537886
246836.67515386542
246959.10515397944
247076.89015408914
247349.62015434314
247425.45015441376
247509.18515449174
247593.6551545704
247687.9251546582
247720.1351546882
247760.2851547256
247793.8851547569
247886.1251548428
247988.20515493787
248132.7801550725
248241.95015517419
248351.7051552764
248412.38515533292
248547.8651554591
248586.410155495
248643.04515554773
248775.395155671
248846.4901557372
248884.35015577247
249197.02515606367
249255.22515611787
249299.13015615876
249472.30515632004
249636.68515647313
249714.3801565455
249774.36515660136
249822.11015664582
250100.410156905
250221.1801570175
250263.600157057
250518.80515729467
251200.30015792936
251254.75515798008
251294.14515801676
251433.1201581462
251620.7201583209
251896.73515857797
251946.41515862424
252007.97015868156
252033.85515870567
252136.9651588017
252513.03015915194
252595.3351592286
252762.70015938446
252815.71515943384
252887.6151595008
252985.6601595921
253099.32015969796
253126.57515972335
253328.9101599118
253377.9901599575
253809.80016035965
253897.20016044105
254302.45516081847
254547.59016104677
254651.40016114345
254847.13016132574
255066.86516153038
255132.3801615914
255229.32516168169
255335.6351617807
255441.32516187913
255600.90516202775
255671.42016209342
255707.07516212662
255738.35016215575
255797.80516221112
255827.66016223893
256024.5601624223
256327.84516270476
256566.32516292686
256592.52516295126
256864.3251632044
257034.06516336248
257155.93016347598
257209.59516352596
257349.4451636562
257402.45516370557
257450.84516375064
257552.78016384557
257606.1801638953
257640.6301639274
257821.61016409594
257875.6801641463
257996.67516425898
258029.4501642895
258049.1951643079
258171.69016442198
258297.72516453936
258489.81516471825
258871.86016507406
258904.3201651043
259068.14516525686
259109.38016529527
259159.19016534166
259226.81016540463
259359.87016552855
259468.61516562983
259747.0151658891
259816.5751659539
259927.45016605716
259977.61016610387
260019.38516614278
260101.36016621912
260191.67016630323
260304.85516640864
260375.9001664748
260496.45016658708
260638.66516671953
260762.5601668349
260974.66016703245
261075.35516712622
261114.3201671625
261357.87516738934
261764.38516776793
261901.83516789594
261994.7851679825
262032.97016801807
262059.45516804274
262128.48016810702
262227.8801681996
262540.1501684904
262640.640168584
262816.0551687474
262968.5351688894
263025.5351689425
263152.0351690603
263429.2951693185
263529.3901694117
263628.6601695042
263671.17016954377
263747.3451696147
263779.3401696445
263839.07516970014
263981.78016983304
264172.1351700103
264215.1551700504
264436.50017025654
264478.59017029573
264892.6151706813
264935.59017072135
265114.81017088826
265267.2251710302
265309.8351710699
265473.6851712225
265557.0401713001
265656.72517139296
265741.0351714715
265763.89517149277
265819.4151715445
265858.80017158116
266013.4801717252
266178.1701718786
266348.83517203754
266743.24517240486
266793.37517245155
266818.72017247515
266954.6051726017
267169.660172802
267204.96517283487
267342.71517296316
267495.1451731051
267551.87517315795
267628.11517322896
267758.34517335024
267812.02017340023
267848.97017343465
267954.3451735328
268005.6101735805
268175.5351737388
268209.22517377016
268369.4601739194
268422.57017396885
268830.750174349
268868.4601743841
268956.95517446654
268989.7451744971
269215.20517470705
269622.6601750865
269849.34517529764
269975.6751754153
270132.27017556113
270157.10017558426
270193.47517561814
270353.04017576674
270418.9301758281
270441.8951758495
270497.6301759014
270635.32517602964
270865.77017624426
270912.4151762877
270989.9551763599
271050.99517641676
271175.44017653266
271244.2901765968
271361.0001767055
271541.88017687394
271581.50017691083
271690.4751770123
271851.210177162
271913.8051772203
271989.6201772909
272144.1251774348
272222.33517750766
272413.89517768606
272457.59517772676
272628.8751778863
272658.5501779139
272963.11017819756
273078.5551783051
273138.45017836086
273204.1951784221
273292.18517850403
273487.30017868575
273826.9701790021
273865.25017903774
273966.8951791324
274040.29517920077
274387.76017952437
274650.425179769
274738.43517985096
274950.3201800483
275110.67018019763
275136.98018022213
275178.0451802604
275203.9651802845
275260.27518033696
275286.8501803617
275332.0251804038
275373.45518044237
275411.24018047756
275563.27518061915
275615.2851806676
275824.1451808621
275962.7601809912
276067.30518108857
276109.83018112817
276226.2851812366
276414.4701814119
276482.39518147515
276546.675181535
276584.1551815699
276878.5601818441
276940.0951819014
277036.8501819915
277530.81518245157
277594.23518251063
277717.51018262544
277788.6701826917
277918.31018281245
278033.2301829195
278092.1801829744
278383.0701832453
278463.6351833203
278647.1051834912
278735.66518357367
278770.76018360635
278859.75518368924
278903.4151837299
279153.1401839625
279177.1251839848
279277.99518407875
279322.9401841206
279386.98518418026
279446.35518423555
279751.8601845201
280271.6551850042
280310.61018504045
280427.6901851495
280561.7251852743
280624.44518533273
280711.55018541386
280749.43518544914
280788.0701854851
280858.09018555033
281063.5601857417
281117.3701857918
281484.2651861335
281561.30518620525
281595.7051862373
281676.9101863129
281734.50518636656
281817.5551864439
281890.30018651165
282211.33518681064
282694.74518726085
282731.79518729536
282791.8351873513
283343.84018786537
283405.36018792266
283435.42018795066
283467.4651879805
283574.67518808035
283607.5051881109
283897.32018838084
284063.23518853536
284110.49018857937
284158.78518862434
284382.4001888326
284502.4401889444
284549.8801889886
284823.66518924356
285016.6651894233
285083.3601894854
285182.3501895776
285414.64018979395
285536.94018990785
285569.6301899383
285629.69018999423
285739.8201900968
285772.10519012687
286115.5101904467
286151.12019047985
286264.07519058505
286376.9001906901
286657.39519095136
286687.6051909795
286707.41519099794
286808.5201910921
286960.1551912333
287075.0351913403
287131.66519139305
287572.96519180405
287609.04519183765
287676.15519190015
287805.4001920205
287962.1601921665
288117.7401923114
288142.93019233487
288181.68019237096
288479.3751926482
288562.75019272586
288614.40019277396
288729.9851928816
288820.12519296556
289301.9901934143
289353.7301934625
289553.29019364837
289637.720193727
289711.9101937961
289895.69019396725
289922.4701939922
290022.80519408564
290049.3101941103
290124.5851941804
290187.455194239
290221.1151942703
290449.1601944827
290581.6501946061
290648.3501946682
290958.06019495666
291345.24019531725
291409.1551953768
291514.12519547454
291612.5501955662
291791.4001957328
291991.53019591916
292108.370196028
292232.48019614356
292634.520196518
292861.2151967291
293004.15519686224
293203.99019704835
293305.57019714295
293490.0051973147
293662.0201974749
293689.0351975001
293782.82519758743
293836.5851976375
293905.1701977014
294052.2101978383
294117.345197899
294170.3301979483
294270.22019804135
294409.48019817105
294616.60519836395
294724.2701984642
294757.5351984952
294818.3901985519
294878.8651986082
294926.0301986521
295071.46519878757
295291.6101989926
295421.0801991132
295452.3301991423
295502.7951991893
295560.76519924327
295622.8651993011
295723.51519939484
295803.3401994692
295986.25519963953
296028.7651996791
296062.6551997107
296225.8701998627
296289.9901999224
296443.080200065
296478.8702000983
296633.8752002427
296868.04020046076
297028.9402006106
297060.8502006403
297110.16020068625
297223.2502007916
297274.0702008389
297341.24020090146
297394.61020095117
297466.9152010185
297671.20520120877
297843.83020136954
297894.75520141696
297948.01520146657
298196.515201698
298236.7002017354
298397.5402018852
298509.76520198974
298603.3752020769
298667.1502021363
298807.1402022667
298830.71020228864
299247.10520267644
299391.20020281064
299824.14020321384
299924.9952033078
300037.3252034124
300073.5402034461
300143.80520351155
300185.35520355025
300295.4402036528
300417.7402037667
300543.76520388405
300612.90020394843
300723.060204051
300837.6252041577
301131.85520443175
301153.0452044515
301329.8952046162
301386.35520466877
301449.78520472784
301519.2202047925
301645.0752049097
301776.11520503176
301898.5752051458
301926.0652051714
302251.53520547453
302344.5702055612
302538.3952057417
302631.23020582815
302725.2152059157
302823.0752060068
302850.72520603257
302958.18020613265
303004.88020617614
303120.4952062838
303166.15520632634
303206.3552063638
303298.93520645
303347.94020649564
303429.86020657193
303806.43520692264
304067.9502071662
304127.5152072217
304210.48520729895
304322.71020740346
304374.2052074514
304411.6852074863
304673.37020773004
305071.8952081012
305119.1602081452
305309.67520832265
305369.3502083782
305470.76020847267
305716.4552087015
305895.7052088684
305926.8152088974
306093.5402090527
306204.44020915596
306227.08520917705
306256.28520920424
306468.7252094021
306577.6102095035
306754.5452096683
306783.07020969485
306884.8902097897
306933.29020983475
306978.59020987694
307056.46020994947
307100.88520999084
307239.9952101204
307301.870210178
307361.05521023314
307534.5352103947
307729.48021057626
307833.2252106729
307852.8852106912
308094.1752109159
308172.27521098865
308612.85021139897
308731.7252115097
308824.1802115958
308907.2002116731
309291.87521203136
309323.24021206057
309393.0402121256
309435.6902121653
309557.9752122792
309725.21521243494
309815.485212519
309845.26021254674
309975.7752126683
310164.1252128437
310286.59021295776
310401.89021306514
310438.60021309933
310630.39521327795
310786.53521342337
310837.7652134711
310904.10521353286
311063.180213681
311235.24021384126
311311.5252139123
311395.8902139909
311463.0402140534
311992.88521454687
312116.6052146621
312176.5452147179
312245.2202147819
312371.35021489934
312617.3952151285
312739.84521524253
312770.2902152709
312889.4152153818
312987.13521547284
313219.7602156895
313271.04021573724
313671.7252161104
313967.24021638563
313997.52521641384
314024.8502164393
314072.26521648344
314226.400216627
314548.7502169272
314692.5152170611
314758.4252171225
315098.3952174391
315170.8452175066
315242.6202175734
315419.91021773854
315640.7202179442
315896.6352181825
315970.76021825155
316036.9602183132
316115.125218386
316242.61521850474
316703.4052189339
316853.92021907406
316903.41521912016
316931.2802191461
316964.93521917745
317157.34021935664
317219.29021941434
317404.09021958645
317457.90521963657
317581.6302197518
317663.0552198276
317845.82021999784
317983.0852201257
318074.2852202106
318149.3502202805
318236.2852203615
318426.94022053905
318544.30022064835
318654.36522075086
318677.8502207727
318728.77522082016
318947.39022102376
319071.09522113897
319101.0902211669
319446.6352214887
319607.62022163864
319638.9252216678
319822.59022183885
319933.320221942
320231.70522221987
320263.55522224953
320351.10522233107
320477.8252224491
320512.59022248146
320627.5252225885
320656.13522261515
320745.6552226985
320770.885222722
320949.6602228885
321266.0902231832
321359.34022327006
321599.20022349345
321634.29522352613
321805.0702236852
321836.06022371404
321924.96522379684
321951.8752238219
321985.54022385326
322112.58022397157
322137.6152239949
322159.14022401493
322184.7502240388
322370.8552242121
322437.8702242745
322523.79522435454
322742.5702245583
322804.2352246157
322862.1952246697
323286.9352250653
323418.1852251875
323534.52022529586
323574.37022533297
323677.2752254288
323732.84522548056
323847.82522558764
323922.4802256572
324054.30022577994
324104.0902258263
324359.8702260645
324481.56522617786
324538.7052262311
324588.2302262772
324692.0402263739
325107.0752267604
325191.1252268387
325245.3702268892
325348.0252269848
325372.915227008
325404.2602270372
325509.5052271352
325607.9352272269
325685.385227299
325754.15022736305
325783.9302273908
325827.07022743096
326000.7302275927
326074.4152276613
326132.96022771584
326314.41522788483
326368.67022793536
326578.98522813123
326844.9302283789
327098.5452286151
327290.9752287943
327391.0052288875
327550.51022903604
327911.82022937253
328038.20022949023
328355.4652297857
328401.13022982824
328521.4602299403
328558.5252299748
328768.57523017045
328818.2452302167
328876.8802302713
328903.75023029634
328932.87023032346
328992.23023037874
329252.6552306213
329326.16023068974
329721.21523105766
329815.03523114504
329861.6802311885
330063.8552313768
330175.5702314808
330207.8502315109
330236.6502315377
330297.090231594
330412.90023170185
330453.5402317397
330508.9702317913
330593.49523187004
331230.2902324631
331287.35023251624
331327.84523255395
331410.19023263064
331592.1302328001
331650.17023285414
331766.5352329625
332024.0802332024
332147.2402333171
332180.460233348
332692.0052338244
332718.420233849
332941.23023405654
333178.6802342777
333334.34523442265
333473.9652345527
333574.19523464603
333937.5152349844
333973.75523501815
334035.08023507526
334606.7602356077
334916.18023589585
334992.75523596717
335133.31023609807
335400.97523634735
335484.2202364249
335511.7402364505
335819.330236737
336025.14023692865
336204.68523709587
336311.73523719556
336633.4702374952
336675.8502375347
336710.1302375666
336798.7402376491
336819.5202376685
336861.79523770785
336929.77023777115
337127.180237955
337208.30523803056
337257.13023807603
337424.4652382319
337506.37523830816
337585.5352383819
337860.6402386381
337940.3052387123
337981.6602387508
338104.1502388649
338304.0752390511
338403.15523914335
338452.53023918933
338593.76023932087
338727.96523944585
338910.71523961605
339135.3002398252
339172.0352398594
339270.7002399513
339320.11523999734
339384.7202400575
339429.0852400988
339608.0752402655
339825.97524046846
340166.79024078586
340207.05524082336
340283.81524089485
340425.11524102645
340498.86524109513
340573.94524116506
340812.4502413872
340836.6102414097
340885.8102414555
340934.1252415005
341107.4102416619
341215.5552417626
341314.0202418543
341371.665241908
341433.8602419659
341569.4602420922
341633.08024215145
341709.6802422228
341984.1552424784
342061.50024255045
342312.97524278465
342443.9402429066
342486.5252429463
342610.40024306165
342730.2802431733
342762.9502432037
342862.82524329674
342948.17524337623
342983.8202434094
343032.28024345456
343196.46524360747
343257.41524366423
343306.18024370965
343562.7302439486
343615.50524399773
343693.90524407075
343773.7602441451
343817.0452441854
343851.9202442179
343925.3352442863
343946.2702443058
344019.14024437364
344313.8202446481
344361.0902446921
344766.5102450697
344792.2102450936
344818.9252451185
344933.96024522564
344983.70024527196
345055.21524533856
345097.72524537815
345128.4752454068
345465.59024572076
345484.5102457384
345677.8852459185
345719.6552459574
345750.03524598567
345790.5352460234
345836.89024606656
345867.2452460948
345924.94524614856
345974.2602461945
346001.28024621966
346082.5302462953
346117.3102463277
346221.30524642457
346309.3852465066
346673.0702468453
346701.8102468721
346739.89024690754
346807.6052469706
346982.76524713374
347232.9352473667
347260.9402473928
347329.48024745664
347384.02024750743
347453.7852475724
347548.62524766073
347579.77024768974
347648.71024775394
347740.97024783987
347798.7652478937
347860.325247951
347932.09024801786
348126.30524819874
348167.6952482373
348239.355248304
348757.1102487862
348908.6902489274
348970.40524898487
349085.15024909173
349127.14024913084
349439.59024942183
349465.9702494464
349497.4252494757
349557.5452495317
349651.9602496196
349755.08524971566
349780.29524973914
350049.3402499897
350087.82025002554
350146.6152500803
350212.1902501414
350373.1702502913
350772.66025066335
351284.0502511396
351378.4152512275
351461.5252513049
351515.06025135476
351901.29025171447
351934.085251745
352237.8252520279
352285.04525207187
352334.93525211833
352487.5602522605
352588.14025235415
352634.31525239715
352665.5002524262
352978.36025271757
353141.6902528697
353164.3952528908
353200.72525292466
353267.7802529871
353303.90025302075
353361.3052530742
353402.0852531122
353672.6602533642
353691.3652533816
353916.34025359113
353960.8452536326
354003.53525367234
354099.0402537613
354308.70525395655
354365.72525400965
354641.000254266
354767.2702543836
355064.7852546607
355220.3802548056
355271.96025485365
355408.12025498046
355457.2352550262
355959.4502554939
355985.0952555178
356192.03025571053
356269.24025578244
356379.0402558847
356454.6552559551
356493.165255991
356523.4702560192
356557.8102560512
356644.2352561317
356758.6102562382
356824.0002562991
356895.46525636566
356919.7952563883
356976.5552564412
357027.7202564888
357170.32025662164
357611.87025703286
357820.70525722735
357898.2002572995
358065.8902574557
358102.1552574895
358211.3002575911
358249.44525762665
358345.45025771606
358414.9352577808
358439.5702578037
358496.9902578572
358947.9552582772
359193.2902585057
359364.30025866494
359448.0002587429
359560.90025884804
359606.0652588901
359642.8002589243
359686.41525896493
359715.21525899175
359845.5052591131
359881.1852591463
360272.9752595112
360375.57525960676
360455.7052596814
360589.9652598064
360658.3102598701
360759.6802599645
360875.2202600721
360937.23026012984
361018.75026020576
361059.9352602441
361110.95526029164
361163.7202603408
361562.68026071234
361770.3302609057
361877.8652610059
361991.0602611113
362089.26526120276
362235.37526133884
362524.45526160806
362559.5102616407
362844.83526190644
362891.2752619497
362938.830261994
362969.2702620223
363226.1802622616
363256.4952622898
363300.0852623304
363347.27026237437
363707.0002627094
363842.2952628354
363878.8052628694
364106.4102630814
364265.2552632293
364308.6052632697
364460.2252634109
364498.6752634467
364535.0552634806
364657.87526359496
364703.9002636378
364828.4252637538
365006.4402639196
365081.2752639893
365154.4952640575
365195.07026409527
365270.4552641655
365372.2552642603
365416.3052643013
365574.1502644483
365652.66526452143
365798.1152646569
366075.9902649157
366130.8752649668
366204.59526503546
366266.5852650932
366585.86026539054
366624.97526542697
366668.64526546764
366740.68526553473
366993.5252657702
367048.6252658215
367104.1152658732
367247.9952660072
367340.91526609374
367388.2102661378
367435.4802661818
367510.4352662516
367552.6402662909
367584.930266321
368039.93026674475
368101.2052668018
368186.4202668812
368544.3102672145
368597.73526726424
369041.4952676775
369066.42026770074
369086.9102677198
369287.1402679063
369338.39026795403
369442.1602680507
369537.0902681391
369574.08026817354
369613.93526821065
369660.43026825396
369813.1902683962
369947.64526852145
370031.92026859993
370105.030268668
370138.9302686996
370169.8852687284
370312.6752688614
370590.4352691201
370833.7652693467
370890.92026939994
371053.105269551
371109.0802696031
371258.25026974204
371355.96026983304
371526.4052699918
371602.845270063
371981.3652704155
372095.58027052187
372153.98527057626
372293.3752707061
372443.65027084603
372469.8002708704
372621.0752710113
372680.74027106684
372873.9952712468
373244.05027159146
373328.8252716704
373461.02527179354
373632.1302719529
373901.2152722035
374057.6652723492
374380.9752726503
374494.61527275614
374627.0702728795
374725.4252729711
374792.2252730333
374843.14527308074
374928.24527316
375015.6302732414
375081.73527330294
375164.66027338017
375428.88027362624
375582.44527376926
375736.84027391305
375950.2352741118
376065.94527421956
376095.36527424696
376166.12527431286
376249.7252743907
376276.17527441535
376326.0452744618
376439.1302745671
376536.705274658
376663.7352747763
376749.90027485654
376961.21527505334
376989.1002750793
377031.7952751191
377240.20027531317
377314.8602753827
377522.66527557623
377638.44527568406
377697.48027573904
377740.44027577905
377994.5502760157
378034.1902760526
378159.0502761689
378194.4402762019
378278.0152762797
378443.22027643357
378596.8052765766
378716.5052766881
378774.6252767422
378826.0402767901
378880.11527684046
378934.0702768907
378980.0302769335
379090.7052770366
379148.44027709035
379221.1902771581
379297.1152772288
379482.0952774011
379571.3152774842
379603.300277514
379782.645277681
379856.56527774985
379931.3702778195
379985.85027787025
380072.9552779514
380127.0852780018
380159.6052780321
380198.02027806785
380302.49527816515
380445.0152782979
380899.2152787209
381265.66027906217
381295.29527908977
381404.4502791914
381540.07027931773
381962.09027971077
382076.5002798173
382150.28027988604
382401.10028011963
382429.45528014604
382599.2852803042
382939.0252806206
383029.4402807048
383216.96528087946
383581.3102812188
383598.22028123453
383924.6152815385
383988.6902815982
384145.75528174447
384436.1252820149
384692.885282254
384774.3502823299
384880.72528242896
384978.7202825202
385108.66028264124
385179.1902827069
385205.21028273116
385521.3652830256
385539.54528304253
385644.15528313996
386169.9002836296
386258.21528371185
386293.2602837445
386442.6152838836
386763.52528418245
386835.45528424944
386881.165284292
387070.59528446844
387138.15028453135
387427.655284801
387936.4452852748
387955.05528529215
388090.0602854179
388195.6052855162
388250.33528556715
388299.8652856133
388412.1852857179
388459.08028576156
388747.79528603045
388786.76028606674
388913.8352861851
389011.5702862761
389054.45028631605
389099.32028635783
389163.23028641735
389196.20528644806
389345.9102865875
389442.8902866778
389888.7852870931
390017.7902872132
390211.7602873939
390271.99028744997
390450.42028761614
390907.5452880419
391011.7102881389
391220.85528833367
391339.90528844454
391375.47028847766
391552.1502886422
391727.23028880527
391839.7652889101
391970.0402890314
392000.67528905993
392031.4452890886
392110.9352891626
392158.4052892068
392362.7952893972
392595.23528961366
392785.9702897913
392809.6202898133
392890.7852898889
392956.35528995
392979.6802899717
393238.18529021245
393333.0552903008
393403.1552903661
393485.6152904429
393537.98529049166
393583.9602905345
393646.87029059307
393785.9702907226
393833.56029076694
393910.45529083855
394003.24529092497
394143.02529105515
394237.4702911431
394333.17529123224
394409.0252913029
394487.17029137566
394525.2402914111
394613.8202914936
394796.92029166414
394845.120291709
394893.68529175426
394930.975291789
395001.6652918548
395032.3602918834
395181.0852920219
395268.73529210355
395292.7452921259
395421.1352922455
395525.36529234255
395626.8902924371
395708.77529251337
395740.1402925426
395903.73529269494
396010.5402927944
396086.60029286525
396202.9502929736
396522.21029327094
396574.61529331974
396661.2302934004
396811.14529354003
396848.41029357474
396897.80529362074
396994.1602937105
397026.79029374087
397145.5602938515
397223.50529392407
397284.4952939809
397363.9552940549
397406.2602940943
397425.4002941121
397473.3852941568
397542.18529422086
397604.14029427856
397645.24029431684
397729.76529439556
397894.0602945486
397939.2802945907
398258.79029488825
398413.40529503225
398493.09029510646
398545.5102951553
398634.91529523855
398667.4202952688
398713.8802953121
398876.61529546365
398961.77029554296
399139.2252957082
399209.4052957736
399277.2852958368
399307.2402958647
399343.25029589824
399419.5302959693
399468.5252960149
399510.99029605446
399697.0852962278
399820.3802963426
399859.39029637893
399931.56529644615
