93.74999999998722
119.44499999996385
255.7549999998399
276.81999999982077
288.3099999998103
420.7199999996899
527.9899999995923
573.4949999995509
583.324999999542
788.4199999993555
810.0499999993358
895.4749999992581
1123.3650000013101
1221.8500000034599
1503.290000009603
1827.135000016672
1835.4400000168532
1848.720000017143
1912.9650000185454
1928.9200000188937
2156.91000002387
2299.9150000269915
2342.265000027916
2355.655000028208
2621.3050000340068
2644.3350000345094
2744.8600000367037
2798.8650000378825
2816.3100000382633
2884.460000039751
2895.7150000399965
3086.730000044166
3181.700000046239
3344.5800000497943
3448.9050000520715
3486.5150000528924
3544.305000054154
3573.770000054797
3595.2650000552662
3998.965000064078
4407.055000072985
4461.77000007418
4657.550000078453
4933.720000084481
4942.505000084673
5009.575000086137
5041.840000086841
5142.005000089028
5240.59000009118
5298.735000092449
5310.035000092696
5451.430000095782
5924.250000106103
5958.465000106849
5981.915000107361
6044.815000108734
6105.005000110048
6180.715000111701
6199.295000112106
6243.00000011306
6262.940000113495
6605.82000012098
6637.255000121666
6692.560000122873
6706.855000123185
6716.210000123389
6789.405000124987
7198.65500013392
7332.985000136852
7531.975000141196
7740.14500014574
7982.450000151029
7997.3750001513545
8103.660000153674
8128.365000154214
8176.5950001552665
8219.100000151264
8281.28500014131
8294.885000139133
8308.875000136894
8333.190000133001
8349.525000130387
8363.550000128142
8375.410000126243
8399.515000122385
8414.47000011999
8454.380000113602
8598.295000090566
8618.815000087281
8634.965000084696
8680.10500007747
8698.565000074515
8716.59000007163
8854.105000049618
8953.970000033632
9298.544999978476
9326.744999973962
9405.624999961336
9425.509999958153
9470.104999951014
9502.214999945874
9558.869999936805
9629.769999925456
9811.879999896306
9893.169999883294
10003.429999865644
10063.874999855969
10258.564999824805
10277.539999821767
10293.589999819198
10358.574999808796
10392.244999803406
10420.89499979882
10497.564999786548
10514.834999783783
10556.409999777128
10570.099999774937
10746.919999746633
10844.26999973105
10963.294999711998
11013.289999703995
11026.479999701884
11043.899999699095
11073.809999694307
11196.064999674738
11233.454999668753
11246.83999966661
11269.619999662964
11326.289999653893
11953.004999553574
12271.799999502544
12335.519999492344
12424.354999478124
12451.014999473857
12505.549999465127
12518.454999463062
12801.849999417698
13068.479999375018
13139.729999363613
13232.164999348817
13317.814999335107
13628.324999285403
13643.89999928291
13665.684999279423
13694.00499927489
13781.694999260853
13802.88999925746
13832.239999252763
13982.80999922866
14011.629999224047
14022.389999222325
14318.959999174853
14387.089999163947
14456.654999152812
14550.429999137801
14580.694999132957
14645.089999122649
14656.804999120774
14665.184999119432
14678.224999117345
14967.18499907109
15013.534999063671
15298.454999018064
15338.239999011696
15615.634998967293
15670.81499895846
15935.659998916066
15974.55499890984
15993.769998906764
16157.799998880508
16188.104998875657
16204.32499887306
16225.919998869604
16379.399998845036
16421.144998851865
16914.264998952327
17139.664998998247
17178.789999006218
17372.864999045756
17442.53499905995
17675.559999107423
17853.08499914359
17870.69999914718
17916.49999915651
18015.594999176697
18335.969999241966
18354.424999245726
18443.67499926391
18483.849999272094
18584.079999292513
18609.58499929771
18624.31999930071
18655.029999306968
18771.384999330672
18845.849999345843
18910.074999358927
18973.079999371763
18986.784999374555
19169.70499941182
19196.119999417202
19207.579999419537
19231.9449994245
19395.64499945785
19409.764999460727
19806.664999541586
19826.55999954564
19838.809999548135
19974.279999575734
19993.419999579633
20117.04999960482
20132.379999607943
20148.41499961121
20161.66499961391
20312.789999644698
20389.934999660414
20531.52999968926
20541.13999969122
20668.509999717167
20808.394999745666
21047.439999794366
21153.574999815988
21254.684999836587
21338.28499985362
21355.444999857114
21527.679999892203
21808.549999949424
21924.099999972965
22287.035000046904
22391.81000006825
22431.47000007633
22473.505000084893
22783.500000148048
22803.93500015221
22813.625000154185
22827.54500015702
22920.145000175886
23111.270000214823
23171.5400002271
23182.705000229376
23191.745000231218
23212.295000235405
23239.000000240845
23543.130000302805
23601.67500031473
23691.39500033301
23779.615000350983
23853.215000365977
23860.93500036755
23869.5300003693
23878.11500037105
23901.750000375865
23917.72500037912
23929.195000381456
23953.85000038648
23968.38500038944
24052.345000406545
24071.690000410486
24103.870000417042
24116.485000419612
24167.500000430005
24210.190000438703
24370.49500047136
24446.66500048688
24457.405000489067
24556.890000509335
24630.580000524347
24661.350000530616
24692.00000053686
24978.07000059514
24988.42000059725
25020.250000603733
25079.400000615784
25220.805000644592
25248.19000065017
25265.235000653644
25278.81500065641
25293.910000659485
25426.405000686478
25439.295000689104
25471.87500069574
25556.025000712885
25598.880000721616
25869.295000776707
26069.655000817525
26239.400000852107
26372.04000087913
26421.32500088917
26493.39000090385
26642.26000093418
26756.655000957486
26768.670000959934
26821.66000097073
26833.025000973044
26982.17500100343
27007.050001008498
27285.880001065303
27296.780001067524
27307.495001069707
27318.84500107202
27330.745001074443
27342.46000107683
27504.180001109777
27636.320001136697
27862.71500118282
27938.490001198257
28044.760001219907
28086.630001228437
28112.40500123369
28140.810001239475
28226.410001256914
28253.350001262403
28413.365001295002
28436.12500129964
28455.52500130359
28591.570001331307
28887.555001391607
29033.41000142132
29078.61000143053
29190.72500145337
29247.3150014649
29349.205001485658
29366.49000148918
29384.540001492856
29460.8350015084
29470.925001510455
29625.800001542008
29655.91000154814
29669.965001551005
29780.810001573587
29795.74500157663
29807.210001578966
29825.59000158271
29835.89500158481
29845.845001586837
30002.34000161872
30012.390001620766
30059.1850016303
30253.490001669885
30314.835001682382
30476.430001715304
30524.850001725168
30830.335001787404
30844.49500179029
30860.885001793627
30956.845001813177
31004.010001822786
31027.24500182752
31064.345001835078
31073.795001837003
31163.480001855274
31178.14000185826
31190.245001860727
31220.170001866823
31235.600001869967
31419.860001907506
31447.145001913064
31663.24500195709
31701.19500196482
31718.650001968377
31735.470001971804
31771.100001979063
31898.255002004968
31921.055002009613
32563.695002140536
32669.20500216203
32724.390002173273
32748.215002178127
32763.850002181312
32777.55500217715
32791.61500216978
32807.36500216153
32841.62000214359
32899.465002113284
32913.570002105895
33008.480002056174
33058.65000202989
33116.0950019998
33188.34000196195
33518.06000178922
33900.95000158864
33917.94000157974
34075.710001497086
34089.35000148994
34107.65000148035
34119.780001474
34303.23500137789
34335.55500136096
34380.69500133731
34441.985001305206
34482.44000128401
34612.485001215886
35162.145000927936
35180.48500091833
35217.22500089908
35419.82000079295
35628.24500068376
35703.560000644306
35713.78000063895
35804.42000059147
35842.205000571674
35851.005000567064
35871.72000055621
35885.03500054924
35915.49500053328
36075.97500044921
36395.67500028173
36413.27000027251
36429.15500026419
36451.31000025258
36891.28500002209
36917.37000000843
36951.7899999904
36978.73999997628
37160.82499988089
37341.20999978639
37352.93999978025
37452.204999728245
37467.31499972033
37483.09499971206
37626.274999637055
37647.93499962571
37668.114999615136
37822.62999953419
37847.109999521366
37861.174999514
37901.52999949286
37923.044999481586
37982.219999450586
38040.94999941982
38122.74499937697
38260.6949993047
38307.25499928031
38553.55999915128
38899.454998970075
38920.49499895905
38955.49499894072
38998.00499891845
39368.84499872418
39395.019998710464
39433.1249986905
39443.4349986851
39477.329998667345
39495.749998657695
39583.444998611754
39691.44499855518
39995.80499839573
40256.45999825918
40271.954998251065
40452.819998156316
40475.499998144434
40708.86499802218
40749.614998000834
40863.54499794115
40880.52999793225
41016.29499786113
41080.26499782762
41138.28499779722
41173.35499777885
41268.389997729064
41291.24499771709
41332.90499769527
41381.93999766958
41413.479997653056
41501.95499760671
41578.829997566434
41623.25499754316
41960.53999736647
41970.549997361224
41987.33999735243
42012.5899973392
42030.95999732958
42108.614997288896
42225.96999722742
42263.694997207655
42304.734997186155
42321.169997177545
42463.82499710281
42522.65499707199
42535.614997065204
42727.02499696493
42737.59999695939
42751.199996952266
42773.31499694068
42820.55499691593
42834.64999690855
43059.38499679082
43172.95499673132
43337.61499664506
43424.32499659964
43443.37499658966
43528.51999654505
43558.36499652942
43571.5749965225
43590.60499651253
43609.524996502616
43653.49499647958
43673.74999646897
43889.594996355896
43990.67999630294
44259.649996162036
44280.45499615114
44299.49999614116
44310.44999613542
44364.35999610718
44402.26999608732
44414.58499608087
44424.52499607566
44494.85499603882
44945.34499580282
44959.85499579522
44973.759995787936
44987.74999578061
45050.04999574797
45345.859995593004
45431.73499554802
45623.619995447494
45728.85999539236
45748.47499538209
45850.5699953286
45987.21499525702
46012.16499524395
46025.19499523712
46056.11999522092
46297.70999509436
46406.87499503717
46526.76999497436
46693.65999488693
46792.36999483522
46822.31999481953
46863.57999479792
46877.06499479085
46923.50999476652
46973.08499474055
47046.38499470215
47058.939994695575
47091.864994678326
47119.409994663896
47131.22499465771
47172.114994636286
47674.19499437326
47816.47999429872
48008.22999419827
48038.689994182314
48142.78999412778
48161.639994117904
48171.79999411258
48189.36499410338
48535.13499392224
48592.40499389224
48656.15499385884
48738.27999381582
48797.39499378485
49028.38499366384
49083.65999363489
49098.85499362693
49154.39999359783
49392.01999347335
49406.9999934655
49443.91499344616
49647.04499333975
49696.36999331391
49715.35999330396
49789.09499326533
49801.549993258806
49819.83499324923
49836.50999324049
50015.70499314662
50427.61499293083
50981.36499264074
51001.99499262993
51018.45499262131
51062.059992598464
51176.79499253836
51196.3699925281
51302.96499247226
51334.61999245568
51453.29499239351
51481.61999237867
51694.34499226723
51861.27999217978
51878.55499217073
52266.059991967726
52427.04499188339
52439.064991877094
52456.244991868094
52491.559991849594
52511.784991839
52653.504991764756
52694.124991743476
52705.01499173777
52909.88999163044
53042.92499156075
53165.60999149648
53299.104991426546
53488.77999132718
53559.61999129007
53577.25999128083
53736.47999119742
53806.28499116085
53836.52499114501
53877.10999112375
54018.78499104953
54036.559991040216
54252.14499092728
54566.81999076243
54576.36999075743
54596.68999074678
54622.28499073337
54655.66999071588
54673.97999070629
54774.35499065371
54785.02499064812
54796.60999064205
55063.784990502085
55104.50999048075
55226.86999041665
55243.544990407914
55256.349990401206
55428.894990310815
55439.34499030534
55475.74499028627
55686.134990176055
55711.02999016301
55764.76999013486
56102.70498995783
56111.27498995334
56138.46498993909
56148.9549899336
56161.43998992706
56257.99998987647
56998.53998948853
57013.40498948074
57028.40998947288
57122.79498942343
57828.25998905386
57875.31498902921
57929.67998900073
58207.89498885498
58260.90498882721
58404.60498875193
58465.99998871977
58491.704988706304
58517.739988692665
58714.69498858949
58731.19498858084
58741.12498857564
58753.15498856934
58771.91498855951
58795.31998854725
58861.34998851266
58873.91998850607
58883.49498850106
58894.0999884955
59100.6399883873
59114.99498837978
59136.06998836874
59228.45998832034
59239.4149883146
59256.31498830575
59331.19998826652
59383.82498823895
59414.90498822267
59496.93998817969
59515.45498816999
59551.42498815115
59565.78498814363
59837.31498800138
59931.13498795223
59966.96998793346
59989.89498792145
60009.889987910974
60100.979987863255
60120.45998785305
60258.06998778096
60496.87498765586
60513.67498764706
60617.35498759274
60773.48998751095
60849.33998747121
60861.02998746509
60871.48998745961
61034.79498737406
61077.769987351545
61113.749987332696
61264.64498725365
61278.68998724629
61310.69998722952
61338.16998721513
61365.914987200595
61597.0649870795
61984.484986876545
62064.31998683472
62113.9899868087
62469.05998662269
62511.619986600395
62522.369986594764
62790.09498645451
63606.894986026615
63621.69498601886
63658.48498599959
63767.51998594247
63799.16498592589
63857.59998589528
63876.31998588547
63960.48998584138
63970.839985835955
64091.349985772824
64165.10998573418
64174.40998572931
64185.04498572374
64197.31498571731
64642.85498548391
64760.20998542243
64771.479985416525
64821.83998539014
65448.20498506201
65518.67498502509
65588.12498506455
65659.07998513064
65879.45498533588
65930.12498538307
65945.75998539763
65960.74498541158
66267.47498569725
66282.48498571123
66295.88498572371
66335.99498576106
67057.44498643297
67328.3849866853
67344.56498670037
67423.09998677351
67953.21998726722
68017.70498732728
68092.72998739715
68137.68498743902
68162.7899874624
68175.57998747431
68188.8799874867
68200.78998749779
68436.79498771759
68478.41498775635
68620.07998788828
68696.42498795938
68708.54998797068
68718.7799879802
68957.02998820209
69015.19498825626
69027.69998826791
69045.01998828404
69282.69498850539
69338.60998855747
69510.68498871772
69543.2949887481
69588.9299887906
69614.50998881442
69670.1149888662
69740.39998893166
69947.58498912462
69969.71998914523
69998.8949891724
70022.14498919406
70243.14998939988
70320.73998947215
70505.11498964386
70515.51998965355
70578.56498971226
70651.70998978039
70677.22498980415
70932.60499004199
70943.22499005188
70968.73499007564
71124.51499022072
71134.45999022998
71148.45499024302
71448.67999052262
71459.19499053241
71468.65499054122
71815.36499086412
71883.96499092801
72015.30999105034
72028.54499106266
72314.76499132923
72398.02999140677
72410.47999141837
72444.08999144967
72476.82999148016
72564.25499156158
72709.45499169681
72765.18499174871
72823.53999180306
72841.58999181987
72872.05499184824
72890.16999186511
72922.54499189527
72945.10999191628
72996.5699919642
73037.13999200199
73403.31999234302
73463.34999239893
73656.87499257916
73834.52999274462
73881.95499278879
73905.5949928108
74040.03999293601
74077.23999297066
74090.51999298303
74121.40499301179
74177.72499306424
74195.98499308125
74412.97499328334
74824.65999366675
74858.05499369785
74897.1949937343
74963.48999379604
74979.72999381117
75037.79499386525
75046.15499387303
75060.47499388637
75079.66499390424
75149.02499396884
75177.44999399531
75787.30999456329
75813.54999458772
75831.8849946048
76017.2199947774
76032.95499479206
76048.07499480614
76064.06999482104
76083.8899948395
76380.27999511553
76454.90999518504
76978.77999567293
76998.97999569174
77059.94499574852
77070.19499575807
77405.71499607054
77419.75999608362
77480.69499614037
77516.4749961737
77528.87999618525
77539.43499619508
77706.76999635092
77724.8999963678
77739.71999638161
77835.19499647053
77859.90499649354
77879.32499651163
77955.29499658238
78099.16999671637
78166.01999677863
78301.35499690467
78494.57499708462
78646.75999722636
78675.32499725296
78792.27999736188
78807.35499737592
78881.0899974446
78907.77999746945
78939.80499749928
79001.59999755683
79162.25499770645
79287.09499782271
79425.6949979518
79497.30499801849
79579.6699980952
79749.27499825315
79778.03499827994
79835.3249983333
79854.83999835147
79950.30499844038
80045.53999852907
80189.95499866357
80212.71999868477
80240.54999871069
80362.30499882408
80461.44499891641
80488.54999894166
80534.02499898401
80560.89999900904
80588.63999903487
80773.8849992074
80793.81999922596
80812.91999924375
81096.73499950807
81159.51499956654
81238.86999964045
81480.45999986544
81608.46999998466
81622.62999999785
81635.55000000988
81684.26000005525
81811.96000017418
81846.30000020616
81860.61000021949
81890.22000024706
81902.4950002585
82146.98000048619
82296.19500062516
82539.49500085175
82548.9000008605
82573.2650008832
82606.95500091458
82789.51000108459
82810.19500110386
82842.14500113361
82854.1550011448
82883.27500117192
82958.91500124236
83035.63500131381
83700.42000193294
83738.68500196858
83868.60500208958
83936.2700021526
84016.73000222753
84064.75000227225
84349.94500253786
84368.9950025556
84483.64500266238
84565.52000273863
84577.84500275011
84729.00500289089
84754.63000291475
84782.21000294044
84859.94500301284
84873.77500302572
84904.19500305405
85325.50500344642
85466.20500357746
85481.52500359173
85568.1450036724
85592.66500369523
85657.95000375604
85910.94500399166
85925.17500400491
85974.3500040507
86068.27500413818
86105.14500417252
86129.02000419475
86251.4800043088
86316.7650043696
86331.11500438297
86569.17500460468
86677.58000470564
86824.24000484223
87153.40000514878
87166.03500516055
87214.04000520526
87244.23500523338
87254.71500524314
87307.02000529185
87342.26000532467
87372.59500535292
87384.75000536424
87532.90500550222
87699.85500565771
87824.56500577385
87851.4650057989
87876.89500582259
87897.27000584156
87924.81000586721
88191.04000611516
88305.5450062218
88318.80500623415
88344.03000625764
88462.50000636798
88530.67500643147
88567.59500646585
88632.79500652658
88706.260006595
88856.39000673481
88910.99000678567
89402.53000724345
89716.61000753596
89727.6050075462
89954.76000775775
89966.05000776827
89980.96000778215
90014.42000781331
90042.70000783965
90653.84500840883
90745.9400084946
90756.11000850407
90906.83500864444
90926.72500866296
90935.20500867086
90960.73500869464
91260.66000897397
91282.43000899424
91331.75500904018
91363.70500906993
91457.70500915748
91731.71500941267
91742.92500942311
91756.32500943559
91892.37000956229
91939.9500096066
92021.81500968285
92046.26500970562
92076.81500973407
92313.72500995471
92404.18001003895
92490.3500101192
92604.43001022545
92829.62501043518
92842.65501044731
93010.61501060374
93189.92501077073
93251.17001082777
93433.56001099764
93465.92501102778
93484.89501104545
93739.87001128291
93766.15001130739
93777.3300113178
93789.6750113293
93798.54001133755
93866.5650114009
94097.29501161579
94195.05501170683
94215.78001172614
94270.43501177704
94297.23001180199
94323.2300118262
94386.98001188558
94563.06501204957
94591.3350120759
94619.01501210168
94670.6800121498
94756.73501222994
94827.57001229591
95065.98501251795
95228.30001266912
95280.88501271809
95297.52001273358
95334.95001276844
95894.96001329
95929.69501332234
95994.35001338256
96186.63001356163
96400.82501376112
96536.38001388736
96643.35501398699
96661.35001400375
96717.48001405603
96866.52501419483
96897.86501422402
96961.35501428315
96977.50001429819
97144.74001445394
97256.92001455842
97269.1350145698
97356.5400146512
97414.72501470539
97458.92501474655
97552.60001483379
97613.34001489036
97738.10001500655
97970.59501522308
97983.5050152351
98203.36501543986
98237.45501547161
98307.74001553707
98333.73001556128
98366.02501559135
98401.99001562485
98418.76001564047
98615.25001582346
98844.44501603692
98871.60501606221
98979.31501616252
99158.51501632942
99501.1350166485
99538.34001668316
99552.21001669607
99568.43501671118
99614.89501675445
99626.58001676534
99642.72501678037
99665.4050168015
99679.42001681455
99698.92001683271
99809.36001693556
99837.9650169622
99858.19001698104
100078.0550171858
100102.50501720858
100115.90501722106
100487.2600175669
100508.3050175865
100539.36501761543
100554.66001762968
100577.3350176508
100612.94501768396
100899.39501795074
100918.88501796889
100994.93501803972
101010.83501805452
101030.28501807264
101163.87001819705
101310.21501833334
101365.94501838525
101480.00001849147
101549.78501855646
101563.53501856927
101621.1300186229
101738.47001873219
101846.06501883239
101974.02501895156
101984.79001896159
102134.45501910098
102147.03001911269
102191.61501915421
102495.02501943678
102640.68001957244
102773.70001969632
102783.56501970551
102797.5200197185
102847.90501976543
103204.33502009738
103244.64502013492
103291.71502017876
103356.52002023911
103374.19002025557
103435.48002031265
103529.89502040058
103758.56002061354
103807.67002065928
103818.8650206697
103841.54502069083
103857.63002070581
103953.02502079465
103968.68002080923
103982.41002082202
104071.77002090524
104171.76002099836
104184.99502101069
104473.76502127963
104497.84002130205
104682.80502147431
104701.51002149173
104716.66002150584
104987.99002175854
105297.11502204643
105369.10002211347
105391.87002213468
105454.07502219261
105488.66002222482
105502.78002223797
105514.97002224933
105525.33502225898
105564.19002229517
106127.46002281975
106169.82502285921
106430.16002310166
106600.96002326073
106696.33502334956
106713.86502336588
106863.15502350492
107002.95002363512
107058.36502368673
107069.30502369691
107100.1000237256
107180.17502380017
107193.34002381243
107216.25002383377
107242.29502385802
107327.18502393708
107569.46002416272
107592.01502418373
107679.26502426498
107798.05502437562
107825.7400244014
107920.06002448924
107932.53502450086
107944.34502451186
107957.34002452396
107982.77502454765
108028.7900245905
108427.19502496155
108734.52002524777
108753.31502526527
108775.66502528609
108812.48502532038
108828.43002533523
109565.4250260216
109587.26002604194
109618.3550260709
109651.23002610152
109747.07002619078
109764.66002620716
109847.54002628435
109872.73502630781
109973.7600264019
109984.91002641228
110024.96002644958
110048.7050264717
110061.1700264833
110148.10502656427
110163.36002657848
110218.64502662997
110467.09002686135
110587.55502697354
110814.09502718452
110836.14002720505
110897.62002726231
110917.66002728097
110975.04502733442
110991.94502735016
111010.61502736754
111029.30002738495
111055.36002740922
111170.80502751673
111294.28002763173
111564.82002788369
112223.21002849686
112243.28002851555
112319.20502858626
112335.76002860168
112348.56502861361
112370.69002863421
112620.66502886702
112652.2150288964
112665.48002890876
112731.21502896998
112775.54502901126
112821.20002905378
112844.44002907543
112857.47002908756
113092.58002930653
113124.62502933637
113137.03502934793
113147.6350293578
113269.8200294716
113362.14002955757
113522.82002970722
113532.87502971658
113817.34502998152
113908.84003006673
113923.22503008012
114050.81503019895
114272.84003040573
114373.66003049962
114525.28003064083
114548.70503066265
114571.7350306841
114758.33503085788
114850.30003094353
114915.92003100464
114929.48003101727
115360.73503141891
115428.56503148208
115435.48003148852
115445.30003149767
115463.24503151438
115524.49503157142
115534.75003158097
115584.43003162724
115631.97003167152
115651.39503168961
115934.4200319532
115946.82503196475
115971.85003198805
116329.07003232074
116374.1250323627
116428.9850324138
116480.2100324615
116492.30503247277
116510.08003248932
116748.5350327114
116765.11503272684
116847.70003280375
116969.07003291679
117118.02503305551
117215.4000331462
117241.54503317055
117331.11003325396
117344.19503326615
117579.00503348483
117593.54003349837
117617.44003352063
117634.06503353611
117655.46503355604
117717.43003361375
117861.13503374759
118126.48003399471
118150.17003401677
118166.65003403212
118257.17003411643
118417.65003426588
118444.39503429079
118858.34503467631
118873.93003469083
118890.215034706
118910.38003472477
119010.09503481764
119043.51503484877
119098.66503490013
119119.3600349194
119143.28003494168
119199.2500349938
119303.62503509101
119515.73503528856
119597.23503536446
119613.98503538006
119831.6850355828
120121.46003585268
120231.66003595531
120240.76003596379
120253.75503597589
120333.05003604974
120398.24503611046
120416.015036127
120442.69003615185
120467.57003617502
120536.18503623892
120555.13503625657
120598.6550362971
120613.1500363106
120626.60503632313
120831.64503651409
120852.3700365334
120863.62503654388
121241.03503689537
121259.80503691285
121533.35503716761
121654.68503728061
121668.9550372939
121679.25003730349
121691.15003731457
121748.80003736826
121800.96003741684
121825.65003743983
122067.25503766484
122078.155037675
122093.06003768888
122209.52503779734
122303.0050378844
122364.5350379417
122382.61503795855
122459.48003803013
122641.16503819934
122662.53003821924
122706.76003826043
122877.08003841905
123004.79003853799
123025.5200385573
123050.09503858018
123132.64003865706
123292.51503880596
123364.04503887257
123389.06003889587
123410.19003891555
123423.70003892813
123621.08503911196
123707.8900391928
123717.84003920207
124132.48503958824
124316.63003975974
124554.32503998111
124596.28004002018
124716.08504013176
124786.8900401977
124796.94504020707
124809.93004021916
125193.61004057649
125235.27004061529
125283.4950406602
125296.84004067263
125316.7800406912
125358.25004072982
125405.67504077399
125519.03504087956
125543.37004090223
125604.47504095914
125623.73004097707
125684.68504103384
125934.34004126635
126041.58504136623
126055.9400413796
126069.22004139196
126175.92004149134
126253.63004156371
126269.52004157851
126443.49504174053
126457.69504175376
126633.50004191749
126658.5350419408
126686.9750419673
126736.95004201384
126785.03504205862
126800.18504207273
126834.38504210458
126855.52504212427
127270.30004251056
127319.095042556
127392.74504262459
127649.06504286331
127694.1600429053
127781.7750429869
127857.4650430574
127877.18004307576
127896.96504309418
127973.81004316575
127986.60504317767
128279.79504345072
128358.32004352385
128377.79004354199
128394.75004355778
128523.7300436779
128549.26004370168
128602.24004375102
128618.69504376635
128642.56504378858
128718.49004385929
129244.57004434924
129360.72004445741
129399.6900444937
129431.44004452327
129443.90504453488
129458.56004454853
129880.9300449419
129893.53004495363
129903.93004496332
129917.88004497631
129976.7100450311
130020.18504507159
130094.45004514075
130134.03004517761
130194.3550452338
130208.3200452468
130326.22504535661
130467.43504548812
130490.2850455094
130509.21504552703
130661.59004566894
130737.64004573977
130795.04004579323
130825.45504582155
131051.1050460317
131261.4600462276
131392.05504634924
131479.7500464309
131551.48504649772
131642.02504658204
131653.23004659248
131708.50004664395
131727.26004666142
131748.280046681
132067.0750469779
132371.2800472612
132576.76004745258
132601.98004747607
132664.75504753453
132695.70504756336
132823.8450476827
132843.48004770098
132913.21004776593
132951.3100478014
133018.7350478642
133141.06004797813
133480.48504829424
133495.61504830833
133506.65504831861
133537.125048347
133615.81004842027
133632.30504843564
133826.8150486168
133868.12004865526
133923.42504870676
134020.60004879726
134032.80504880863
134084.0900488564
134154.58504892205
134272.8700490322
134838.7250495592
134986.11504969647
135009.69504971843
135064.51004976948
135090.15504979336
135104.33004980657
135124.41004982527
135175.80504987313
135643.36005030858
135760.90005041804
135775.32505043148
135887.31005053577
135897.83005054557
136157.19005078712
136192.1900508197
136370.8500509861
136387.45505100157
136409.44005102204
136480.1500510879
136666.06505126104
136682.38505127624
136695.83505128877
136730.7750513213
137088.6300516546
137101.97505166702
137124.77505168825
137334.14505188324
137363.78005191084
137486.4550520251
137518.1250520546
137577.47505210986
137679.5150522049
137707.79005223123
137730.06505225197
138040.32005254092
138073.39005257172
138431.32005290507
138457.7650529297
138467.770052939
138480.27005295065
138770.1200532206
138828.17005327466
139022.7700534559
139252.79505367012
139377.06005378586
139393.12505380082
139554.99005395157
139580.3700539752
139601.43005399482
139910.70505428285
139990.07005435677
140073.4250544344
140095.49005445495
140257.07505460543
140275.36005462246
140345.35505468765
140390.75005472993
140629.8350549526
140747.1100550618
140811.71505512198
141140.69505542837
141271.76005555043
141425.11005569325
141643.31505589647
141741.00505598745
141757.52505600284
141952.09005618404
142005.740056234
142042.94505626865
142055.49505628034
142063.16005628748
142075.34505629883
142260.6500564714
142433.21505663212
142463.70505666052
142486.60505668184
142605.46505679254
142620.18005680625
142648.51505683264
142658.4500568419
142777.765056953
142793.83505696798
143051.29005720775
143379.2550575132
143394.98505752784
143412.82505754445
143460.5450575889
143476.61005760386
143492.30005761847
143616.8950577345
144038.68505812733
144287.0200583586
144471.9050585308
144619.4350586682
144636.97505868453
144776.89505881484
144797.16005883372
144819.06505885412
145041.91505906166
145087.88005910447
145104.61005912005
145349.01505934767
145410.19505940465
145424.68505941815
145501.32505948952
145514.13505950145
145567.15505955083
145583.26505956583
145597.0700595787
145692.12505966722
145705.81505967997
145859.25505982287
146013.63005996664
146030.96005998278
146104.15006005095
146118.9050600647
146220.7050601595
146233.9050601718
146247.2450601842
146289.71506022377
146369.39506029797
146382.59506031027
146397.14506032382
146462.5150603847
146578.18006049242
146728.95006063284
146756.01006065804
146774.91006067564
146832.56506072934
146852.04506074748
146943.2250608324
147012.55506089696
147109.82506098755
147169.06506104273
147195.0100610669
147399.95006125775
147421.49506127782
147487.77006133954
147520.28006136982
147644.08006148512
147657.45006149757
147690.06006152794
147895.08506171888
147998.9250618156
148018.4750618338
148137.0250619442
148150.30006195657
148163.48006196885
148178.95006198325
148311.91006210708
148413.00506220123
148766.01006253
148790.41006255272
148876.68506263307
149069.3500628125
149088.91506283073
149200.15006293432
149214.79506294796
149278.9250630077
149321.3450630472
149538.035063249
149549.67006325984
149561.31006327068
149675.01506337657
149692.58506339294
149769.4150634645
149839.38006352965
150058.1450637334
150386.48506403918
150580.8450642202
150699.14506433037
151059.37506466586
151170.9700647698
151265.02006485738
151469.00506504736
151521.94506509666
151553.0150651256
151620.48506518843
151634.3000652013
151659.70006522496
151692.33006525534
151706.81506526883
151874.24006542476
152063.30006560084
152168.02506569837
152192.93006572156
152270.9250657942
152316.865065837
152577.50006607972
152596.44006609736
152682.45006617747
152691.34506618575
152699.15006619302
152718.75006621127
152740.07506623113
152810.4800662967
152825.835066311
152906.23006638588
152930.89006640884
153344.06506679364
153489.22006692883
153596.5500670288
153614.8150670458
153712.9550671372
153726.51506714983
153796.88506721536
153827.8550672442
153840.12006725563
153849.50506726437
153868.1000672817
153908.55506731936
153938.14006734692
153953.08006736083
154128.88506752456
154401.38006777834
154500.07506787026
154512.2350678816
154535.8600679036
154610.23506797286
154715.88006807124
154921.00506826228
155009.20506834442
155053.12506838533
155371.26006868161
155488.22006879054
155512.19506881287
155524.71506882453
155808.84006908914
155840.6700691188
155859.49006913631
155874.10506914993
156032.2500692972
156087.18506934837
156204.11006945727
156220.88006947289
156233.61506948475
156253.73006950348
156268.95006951765
156504.86506973737
156607.7650698332
156625.35506984958
156656.37506987847
156745.13006996113
156894.6700701004
157169.48507035634
157492.72007065738
157713.46507086296
157921.77007105696
157937.94507107203
158117.21007123898
158132.12007125287
158151.88007127127
158447.96007154702
158494.80007159064
158537.97507163085
158554.84507164656
158920.78507198737
159182.89007223147
159251.28007229517
159265.66007230856
159389.24507242366
159592.62007261306
159853.3650728559
160178.6100731588
160327.7450732977
160541.18007349648
160730.99007367325
160881.040073813
160963.9250738902
160972.23507389793
161197.4600741077
161217.19007412606
161322.64507422427
161683.6600745605
161699.94007457566
161735.43507460871
161767.37507463846
161821.17507468857
161833.60507470014
161903.84007476555
161927.33007478743
161943.63507480262
162216.83507505705
162248.37007508642
162279.1700751151
162296.6550751314
162315.8700751493
162347.8950751791
162408.68507523573
162419.4900752458
162435.03007526026
162590.20007540478
162754.6050755579
163001.59507578792
163014.6600758001
163037.125075821
163068.50507585023
163251.60507602076
163349.95007611235
163360.46507612214
163489.40507624223
163764.84007649875
163800.10007653158
163836.7250765657
163865.81007659278
164053.17007676727
164080.96507679316
164143.2800768512
164180.0000768854
164199.82507690386
164248.8450769495
164267.87507696723
164350.56007704424
164404.76507709472
164444.32007713156
164467.4350771531
164992.04007764166
165054.1500776995
165100.89507774304
165174.46507781156
165214.09007784846
165357.94007798244
165904.19007849117
165921.04507850687
166101.31507867476
166172.0150787406
166359.11007891485
166375.72007893032
166457.25507900625
166512.34007905755
166529.91007907392
166731.61007926177
166808.34007933323
167002.47007951402
167030.09007953975
167044.16507955285
167080.25007958646
167106.9350796113
167127.99507963093
167140.47507964255
167156.05007965706
167405.56007988943
167432.40007991443
167445.31507992645
167466.26507994597
167638.18508010608
167763.06008022238
167784.6800802425
167829.70508028445
167949.35508039588
168051.98508049146
168356.3200807749
168446.80508085917
168589.31008099188
168809.28508119675
168829.68508121575
168848.01508123282
169076.99508144608
169152.3900815163
169207.11008156725
169283.075081638
169295.97008165
169368.31008171738
169406.540081753
169616.34508194838
169788.6900821089
169873.28008218767
169892.07508220518
169953.4050822623
169973.68008228118
169986.34508229297
170067.7700823688
170082.0550823821
170141.77508243773
170358.68008263974
170392.0400826708
170778.92508303112
170942.02008318302
170957.06508319703
170970.97508320998
170988.00508322584
171018.3400832541
171101.37508333143
171216.3550834385
171403.51508361282
171421.93508362997
171435.97008364304
171573.87008377147
171591.35508378776
171866.75008404424
171887.30008406338
172047.24508421234
172104.18008426536
172119.70008427982
172404.7700845453
172463.66008460015
172520.70008465328
172659.71008478274
172696.7100848172
173008.02508510713
173076.34508517076
173104.22008519672
173228.3250853123
173247.31008532998
173357.78508543287
173371.1400854453
173417.06508548808
173554.3050856159
173573.79008563404
173724.065085774
173741.59508579032
173934.8500859703
173959.35508599313
173973.04008600587
174091.55508611625
174277.08008628903
174288.9700863001
174323.84508633259
174364.59008637053
174418.60508642084
174432.99508643424
174593.800086584
174642.14008662902
174692.6900866761
175362.26008729968
175508.35008743574
175627.99008754716
175676.61008759245
175838.11508774286
175853.54508775723
175894.07008779497
176045.15008793568
176058.12008794775
176201.4000880812
176239.840088117
176390.9200882577
176428.02008829225
176437.69508830126
176501.845088361
176626.23508847685
176661.86008851003
176768.0250886089
176792.47508863168
177069.6300888898
177226.4050890358
177286.60508909187
177380.43508917926
177476.1550892684
177569.2600893551
177611.1350893941
177632.01008941355
177659.5500894392
177827.88008959597
177841.37508960854
177852.4900896189
177954.0700897135
177975.18508973316
178046.39508979948
178204.81508994702
178218.29508995957
178373.44509010407
178385.44009011524
178398.42009012733
178412.3500901403
178558.5950902765
178582.88009029912
178781.24509048386
178960.20009065053
178990.57509067882
179127.50509080634
179357.21509102028
179369.1500910314
179463.04509111884
179481.40509113594
179501.90509115503
179566.310091215
179576.09509122412
179588.2100912354
179664.67009130662
179684.12509132473
179856.05009148485
180008.61009162694
180027.4650916445
180072.83509168675
180085.19009169826
180200.84009180596
180339.42009193503
180351.3100919461
180365.4900919593
180404.4750919956
180424.49509201426
180443.14509203163
180462.64009204978
180478.05009206414
180587.87509216642
181007.20509255695
181020.96509256976
181212.8800927485
181285.00509281567
181497.5450930136
181728.5000932287
181755.40009325376
181803.27509329835
181848.61509334057
181941.2100934268
182009.21509349014
182102.43009357696
182159.2650936299
182338.52009379683
182347.80009380548
182504.65009395155
182538.07009398268
182753.5850941834
182837.37509426143
182904.1350943236
182929.02009434678
182987.05509440083
182997.63509441068
183010.860094423
183021.9200944333
183032.36509444303
183046.300094456
183084.58009449166
183101.8100945077
183239.28509463574
183320.14509471104
183653.91009502189
183740.21009510226
183751.2050951125
183782.64009514177
183850.40009520488
183894.89509524632
184091.73509542964
184153.6350954873
184326.75009564852
184350.48009567062
184473.6350957853
184702.2150959982
184744.71009603777
184946.31009622553
184955.395096234
184966.71009624453
185106.0400963743
185167.32009643136
185183.5850964465
185200.35509646212
185346.4600965982
185421.6200966682
185488.68009673065
185507.50509674818
185733.6550969588
185751.86009697575
185925.1000971371
185937.05509714823
186054.3750972575
186086.3700972873
186406.96009758586
186431.87509760907
186449.87509762583
186486.47509765992
186605.2000977705
186626.87009779067
186647.4050978098
186659.0100978206
186882.2350980285
187144.62509827287
187228.4100983509
187239.9000983616
187249.94009837095
187265.33009838528
187523.2650986255
187618.5100987142
187649.88509874343
187722.5600988111
187780.5200988651
187802.38509888545
187918.90509899397
187970.5700990421
188068.01009913284
188115.23509917682
188138.16009919817
188153.015099212
188169.63009922748
188298.5150993475
188383.875099427
188396.02009943832
188559.55509959062
188666.8900996906
188698.7950997203
188794.6850998096
188840.58009985235
188850.96009986202
188871.61509988125
188881.93509989086
188929.47009993513
189013.74010001362
189143.24510013423
189255.4251002387
189356.32010033267
189551.81510051474
189573.22510053468
189594.6051005546
189798.15510074416
189831.97510077566
189851.2301007936
189902.49510084133
189915.79010085372
189937.11510087358
190114.61010103888
190226.2051011428
190435.2551013375
190589.2101014809
190680.44010156585
190705.96010158962
190715.15510159818
190844.82010171894
190856.29010172962
190868.1801017407
190968.49510183412
191058.15510191763
191085.26010194287
191102.53510195896
191172.32510202395
191366.10510220443
191381.67510221893
191396.795102233
191415.02510225
191503.085102332
191821.94510262896
191857.49510266207
191879.29010268237
192024.64010281774
192042.7501028346
192064.27010285464
192168.5851029518
192193.91510297538
192462.12010322517
192473.8501032361
192714.0401034598
192734.75510347908
192917.07510364888
193074.27510379528
193109.99010382855
193190.06010390312
193204.4301039165
193271.45010397892
193332.29510403558
193700.99510437896
193714.83010439185
193729.01010440505
193742.51510441763
193752.76510442718
193790.97510446276
193884.45010454982
193895.9101045605
194011.7751046684
194216.71510485926
194228.7951048705
194260.70510490023
194271.98010491073
194562.01010518085
194651.5201052642
194670.7451052821
194686.45510529674
194775.78010537993
194918.61010551295
194966.4301055575
195270.27010584046
195292.70510586136
195304.6651058725
195346.1251059111
195381.7501059443
195447.89010600589
195657.24010620086
196018.22010653705
196088.73510660272
196104.32510661724
196117.88010662986
196183.07510669058
196208.81010671455
196282.4101067831
196679.0601071525
197016.50010746677
197045.15510749345
197289.1501077207
197347.97510777548
197364.8501077912
197615.55510802468
197631.33010803937
197773.07010817138
197797.85510819446
197810.8951082066
197902.52510829194
197915.60010830412
197939.98010832682
197958.55010834412
198246.9251086127
198344.08010870317
198364.0801087218
198386.89010874304
198583.0151089257
198764.43510909466
198799.3801091272
199081.55010939
199216.56010951573
199292.5451095865
199328.9551096204
199558.9301098346
199576.53010985098
199736.18510999967
199749.56011001213
199784.19011004438
199932.64011018263
199944.67511019384
199994.29511024005
200022.65511026647
200038.245110281
200219.36511044967
200284.34011051018
200309.2801105334
200333.49011055595
200540.26511074853
200595.05011079955
200693.37011089112
200705.74011090264
200740.68011093518
200923.1301111051
200937.26011111826
201296.13011145248
201325.3551114797
201339.9601114933
201358.59011151065
201935.95511204837
202009.2201121166
202129.1601122283
202148.51011224632
202157.825112255
202239.1101123307
202276.5701123656
202292.39511238033
202571.98511264072
202595.56011266267
202612.85511267878
202693.8301127542
202707.65511276707
202718.0901127768
202771.10511282616
203005.94011304487
203029.94511306722
203094.09511312697
203170.54511319817
203185.91511321248
203230.86011325434
203291.44511331077
203321.25011333852
203373.04011338676
203399.7251134116
203418.0701134287
203541.18511354335
203680.87511367345
203820.99511380395
203870.30511384987
203886.8651138653
203941.39511391608
204060.2851140268
204301.06011425104
204560.3301144925
204755.83011467458
204888.38011479803
205065.9601149634
205150.16511504183
205247.17511513218
205310.325115191
205452.065115323
205476.6501153459
205702.5801155563
205782.38011563063
205986.6951158209
206059.64511588885
206093.6351159205
206105.61511593167
206131.15011595545
206143.61011596705
206155.99511597859
206373.84011618147
206386.50511619326
206587.39011638035
206694.02011647966
206712.59511649696
206724.90011650842
207461.38511719432
207908.50011761073
208058.51511775044
208385.62011805509
208447.2801181125
208465.57011812954
208496.5601181584
208521.09511818126
208549.9201182081
208637.2001182894
208650.24511830154
208671.3651183212
208830.09511846903
208938.51011857
208961.4701185914
209075.02511869714
209150.42011876736
209386.250118987
209591.29011917795
209609.51511919493
209684.38511926465
209718.4801192964
209781.6101193552
209797.67011937016
209863.2101194312
209876.08011944318
209914.4151194789
209936.8701194998
209973.18511953362
209988.57011954795
210045.29511960078
210058.89511961344
210068.49511962238
210081.1851196342
210111.85011966276
210209.90511975408
210775.50012028083
211118.07512059988
211132.7101206135
211207.57012068323
211275.6251207466
211417.2301208785
211550.09012100223
211576.09012102644
212398.29512179218
212412.41512180533
212426.2401218182
212449.80012184015
212461.32012185088
212777.18512214505
212789.01512215607
212805.52512217144
212870.19512223167
212891.2651222513
213004.41012235667
213218.35512255592
213512.05012282945
214323.9751235856
214395.73012365244
214445.2901236986
214470.3151237219
214958.73012417677
215118.35512432543
215187.69512439
215239.05512443784
215258.6551244561
215297.71012449247
215408.70512459584
215492.39012467378
215518.90512469847
215665.79012483527
215690.87012485863
215999.91512514645
216010.51012515632
216060.37012520275
216081.44512522238
216193.6651253269
216370.1851254913
216390.09512550983
216410.98012552928
216556.44012566475
216828.61512591824
216898.43512598326
216909.09012599319
216920.1751260035
216951.88512603304
217014.89512609172
217070.75012614374
217108.88012617925
217248.34512630914
217349.8901264037
217394.85012644558
217408.76012645854
217719.575126748
217732.05012675963
217995.4151270049
218029.2401270364
218154.99012715352
218253.1051272449
218521.03012749442
218583.0551275522
218842.1701277935
218854.35012780485
218879.51012782828
218935.12012788007
219080.71012801566
219223.95512814907
219255.70012817864
219268.29012819036
219461.2751283701
219477.45512838516
219498.31012840458
219750.7551286397
219782.18512866896
219804.72012868995
219841.275128724
219883.65012876346
219905.5951287839
219921.25512879848
220052.9201289211
220066.73012893397
220333.00012918195
220347.06512919505
220371.76512921805
220740.1151295611
220752.86512957298
220773.11512959184
220831.12012964586
221055.64012985496
221135.64512992947
221173.54012996476
221284.80013006838
221391.72513016796
221561.87013032642
221585.33513034828
221740.24013049254
221937.69013067643
221954.3001306919
222050.99013078195
222079.68013080867
222123.07013084908
222247.8651309653
222268.7951309848
222377.12013108568
222417.44013112324
222442.45013114653
222550.27013124694
222576.37513127126
222619.57013131148
222892.4301315656
222901.64013157418
222976.16013164358
222988.3051316549
223044.00513170677
223056.9151317188
223181.64013183495
223277.245131924
223434.81513207074
223558.8951321863
223590.64513221587
223864.8001324712
224061.075132654
224081.7951326733
224097.1651326876
224154.00513274054
224177.32513276226
224300.18513287668
224313.23013288883
224360.28013293265
224379.61513295065
224527.06013308797
224649.3851332019
224660.7701332125
224681.78513323207
224883.94013342034
224900.9651334362
225082.91513360565
225092.28013361437
225100.49013362202
225112.21013363294
225141.9251336606
225159.12013367662
225267.7601337778
225280.17513378937
225320.23513382667
225341.02013384603
225780.65513425547
225882.3651343502
226007.19013446645
226054.97013451095
226208.9951346544
226249.02013469167
226479.71513490652
226493.27513491915
226562.52013498364
226609.9401350278
226781.45013518754
226793.0051351983
226807.95013521222
226821.23013522458
226847.48513524904
226925.1701353214
226937.4351353328
226972.93513536587
227051.81013543933
227198.18013557565
227338.5901357064
227442.54013580322
227462.02513582137
227573.96513592562
227737.30013607774
227854.8151361872
227876.4051362073
227894.60013622424
228062.77013638086
228354.6501366527
228488.84013677767
228542.0351368272
228595.41513687692
228616.6651368967
228770.28013703978
228982.13513723708
229239.40013747668
229253.46513748978
229271.81513750687
229289.96513752377
229300.58013753366
229310.55513754295
229326.45013755775
229427.05013765144
229444.55513766775
229458.19013768045
229503.94013772305
230324.94513848767
230530.73513867933
230552.14513869927
230753.0701388864
230776.51513890823
230809.21013893868
230950.0051390698
231101.77513921115
231121.5901392296
231277.13513937447
231299.3851393952
231421.99513950938
231569.4451396467
231684.58013975393
231697.83013976627
231834.61513989366
231853.0301399108
231869.5451399262
231899.31513995392
231963.32514001353
232073.19014011585
232183.34514021844
232216.83514024963
232259.92514028976
232517.69514052983
232649.0851406522
232733.8051407311
232744.5351407411
232864.5901408529
232879.15014086646
232924.86014090903
232936.80514092016
232966.22014094755
232995.5901409749
233010.4101409887
233145.9051411149
233161.3551411293
233417.39514136774
233432.94014138222
233624.32014156046
233738.3051416666
233766.35014169273
233779.7351417052
233823.10014174558
233898.33514181565
233944.69014185882
233964.07014187687
234015.9701419252
234034.82014194276
234181.71014207957
234284.8301421756
234488.42514236522
234693.5051425562
235151.19014298246
235175.57014300517
235187.46014301624
235297.5701431188
235315.81514313578
235445.45514325652
235528.0101433334
235551.56514335534
235570.535143373
235585.09514338657
235663.87014345994
235725.53014351736
235747.7951435381
235764.42014355358
235873.47514365515
235923.01514370128
235936.5701437139
236457.84014419938
236468.36514420918
236500.64514423924
236723.89514444716
236734.18014445674
236748.2151444698
236758.36514447926
236847.3151445621
236868.62514458195
236918.8101446287
236974.99514468102
237049.78514475067
237063.70514476363
237118.46014481463
237409.68014508585
237432.37514510698
237708.08014536375
237783.78014543426
237805.1901454542
238088.09014571767
238123.16014575033
238141.43014576734
238256.2801458743
238346.16514595802
238361.5101459723
238874.04014644964
238888.68514646328
238918.10014649067
238933.18014650472
239167.10514672258
239350.1901468931
239416.27514695463
239437.36514697428
239507.23514703935
239630.29014715395
239647.45514716994
239664.44014718576
239752.745147268
239796.47014730872
239897.84014740313
240139.63514762832
240152.6251476404
240215.15514769865
240821.30514826317
240839.0601482797
240859.08514829836
240880.6001483184
241107.25514852948
241180.03014859726
241192.1951486086
241217.53014863218
241296.10014870536
241312.19514872035
241483.62014888
241627.32514901384
241637.76014902355
241649.90514903486
241709.79514909064
241729.0851491086
241856.33514922712
241918.76514928526
241970.26014933322
242106.57014946017
242134.79514948645
242268.45014961093
242626.45014994434
242830.14015013404
242851.20015015366
242955.78015025106
243385.9751506517
243399.99015066476
243412.68515067658
243441.66015070357
243494.03015075234
243582.1401508344
244221.20515142957
244233.8001514413
244359.69515155855
244543.59015172982
244564.15515174897
244597.92515178042
244606.5901517885
244657.13015183556
244686.01515186246
244913.8051520746
244927.36015208723
244956.9501521148
245129.59515227558
245142.86015228793
245239.29515237774
245304.67515243863
245591.4251527057
245607.02515272022
245776.91515287844
245963.9301530526
245974.8751530628
246019.07515310397
246028.49515311274
246043.0351531263
246150.4251532263
246176.99015325104
246459.73515351437
246472.1101535259
246620.57015366416
246664.16015370475
246907.88015393174
246929.90515395225
247033.20515404845
247138.11015414615
247368.93015436112
247478.62515446328
247539.02515451954
247555.0801545345
247658.9301546312
247735.87015470286
247746.5301547128
247764.4651547295
247814.37015477597
247844.70515480422
247857.9001548165
247873.38515483093
247915.16515486984
248058.11015500297
248098.57015504065
248114.91515505587
248240.4751551728
248450.03015536797
248726.80515562574
248746.04015564366
249142.47515601286
249175.3701560435
249220.64515608567
249245.65015610895
249549.31515639176
249567.15515640838
249579.24015641963
249682.63015651592
249767.94015659537
249783.67515661003
249796.22515662172
249810.53015663504
249868.7801566893
249882.70015670225
249893.74015671253
249920.82015673775
250028.32015683787
250044.6851568531
250219.21515701566
250281.66515707382
250322.81015711214
250346.63515713433
250504.82515728165
250558.27515733143
250983.91015772783
251005.72015774815
251257.32515798247
251298.3751580207
251467.56515817827
251532.8701582391
251546.5251582518
251627.17515832692
251647.7651583461
251798.7451584867
251961.22515863803
252178.58015884046
252191.58015885256
252585.93515921984
252753.79515937617
252890.60015950358
252914.9851595263
252931.07515954127
253156.11515975086
253308.68015989295
253346.50515992817
253358.47015993932
253434.38516001002
253492.26516006392
253518.125160088
253540.29016010865
253576.9701601428
253603.67516016768
253617.80016018084
253637.37516019907
253652.0051602127
253670.18516022962
253694.36016025214
253717.00516027323
253730.20016028552
253767.19516031997
253781.5151603333
253799.45516035001
253827.42016037606
253880.99516042595
253890.86016043514
253903.96016044734
253944.43516048504
253960.6151605001
254118.29016064695
254146.5851606733
254229.07016075013
254239.81016076013
254254.1601607735
254277.44016079517
254308.22016082384
254322.69516083732
254382.7901608933
254409.6451609183
254419.14516092715
254590.96016108716
254606.27516110142
254617.33016111172
254738.6551612247
254749.84016123513
254885.22516136122
254904.34016137902
254918.44516139216
255009.540161477
255518.69516195118
255590.70516201825
255617.48016204318
255648.5151620721
255661.97516208462
255724.08516214247
255903.1201623092
256056.2301624518
256272.00516265276
256339.7101627158
256464.97016283247
256479.4001628459
256492.8151628584
256516.5301628805
256550.18516291183
256572.75016293285
256586.62016294576
256791.98516313703
256913.9251632506
256941.51016327628
256951.3101632854
256964.02016329725
256978.86516331107
256995.5451633266
257018.27016334777
257033.20516336168
257045.345163373
257072.93016339868
257139.5151634607
257148.48016346904
257161.57016348123
257217.2601635331
257380.53016368515
257443.48516374378
257456.67016375606
257562.97016385506
257912.935164181
257925.16016419238
257940.94516420708
257956.8701642219
258085.3751643416
258097.9651643533
258180.8401644305
258238.7301644844
258444.53016467608
258476.36516470573
258705.87016491947
258792.340165
258986.11016518046
259023.26016521506
259242.18016541895
259290.64016546408
259308.78516548098
259327.3851654983
259377.34516554483
259720.2701658642
260003.89516612835
260076.25016619574
260247.3651663551
260259.20016636612
260332.05016643397
260363.03516646283
260401.68016649882
260426.23516652168
260445.20016653935
260516.30016660556
260740.0101668139
260771.1351668429
260802.45516687207
261114.44016716263
261224.10516726476
261270.90016730834
261473.5901674971
261520.09016754042
261680.45016768976
261748.1201677528
262122.72516810166
262286.97016825463
262343.4151683072
262371.06016833294
262422.5751683809
262434.51016839204
262557.6501685067
262576.0701685239
262644.10016858723
262678.5601686193
262886.34516881284
262896.6101688224
262933.3551688566
262949.9701688721
262995.3051689143
263009.83016892785
263022.3201689395
263042.80516895856
263078.4101689917
263105.560169017
263332.4251692283
263423.8251693134
263551.7901694326
263568.62516944826
263795.37516965944
263808.25516967144
263830.9901696926
263857.4701697173
263869.27016972826
263881.39516973955
263978.34516982984
264011.72516986093
264029.7601698777
264251.92517008464
264263.3901700953
264345.0951701714
264357.9501701834
264413.1401702348
264434.6351702548
264486.4801703031
264500.9801703166
264513.27517032804
264537.22517035034
264648.7351704542
264788.29517058417
265139.30017091107
265212.7701709795
265417.6651711703
265476.7051712253
265539.1101712834
265549.88517129346
265576.1101713179
265594.31017133483
265693.96517142764
265812.0251715376
265897.5851716173
265915.6451716341
265960.14517167554
266048.30017175764
266062.8701717712
266088.68017179525
266258.75517195364
266315.0601720061
266404.6451720895
266746.02517240745
266777.61517243687
266791.6201724499
266805.8051724631
266996.4501726407
267067.4551727068
267080.52017271897
267107.9401727445
267236.8051728645
267261.3701728874
267434.40017304855
267579.7201731839
267877.43517346116
267919.29017350014
267930.0901735102
267940.3951735198
267952.1251735307
267962.3351735402
267977.62517355446
268240.4101737992
268271.2351738279
268287.58017384313
268344.5501738962
268519.4701740591
268636.03517416766
268701.3751742285
268745.85517426993
268766.5301742892
268817.7401743369
269059.7951745623
269074.2601745758
269218.96517471055
269229.4401747203
269318.5451748033
269431.0651749081
269470.8851749452
269602.92017506814
269634.995175098
269656.3501751179
270130.87517555984
270178.86517560453
270268.9301756884
270385.91517579736
270456.1851758628
270480.9801758859
270586.4501759841
270626.9901760219
270659.6851760523
270869.7051762479
270902.5051762785
270914.51517628966
270946.000176319
270964.3701763361
270983.53517635394
271354.4701766994
271423.9651767641
271702.3801770234
271926.28017723194
272110.0701774031
272682.8851779366
272707.2501779593
272732.1901779825
272838.1501780812
273127.4251783506
273162.8951783836
273389.6501785948
273421.4351786244
273556.5201787502
273571.6201787643
273582.43017877435
273844.73017901863
273860.95517903374
273870.85517904296
273912.70017908193
274405.8551795412
274415.6201795503
274552.3751796777
274873.16017997643
274965.96018006286
275171.3951802542
275207.0301802874
275218.440180298
275244.8701803226
275266.8401803431
275311.05518038425
275502.1501805622
275670.1351807187
275725.7601807705
275788.8201808292
275801.85018084134
275848.0701808844
275874.2601809088
275906.1751809385
275951.76018098096
275981.4401810086
276005.13018103066
276048.5601810711
276075.5301810962
276154.9851811702
276172.07518118614
276193.01518120564
276521.78518151183
276573.9351815604
276607.6601815918
276635.0401816173
276912.2451818755
276948.8801819096
277228.51518217
277262.7101822019
277507.9501824303
277530.7551824515
277566.2651824846
277583.9851825011
277595.3751825117
277668.13518257946
277697.32018260664
277741.9551826482
277819.44018272037
277923.6151828174
277942.0651828346
278004.7051828929
278174.95018305146
278253.31018312444
278314.07518318103
278333.7651831994
278395.48018325685
278539.4401833909
278764.86018360086
278778.49018361355
278836.27518366737
278923.12018374825
278961.88018378435
279292.8501840926
279427.3901842179
279489.94018427614
279533.9101843171
279618.69018439605
280116.05518485926
280166.40518490615
280188.54518492677
280510.23518522637
280527.71018524264
280592.67518530315
280604.9901853146
280633.9801853416
280654.9201853611
280753.6651854531
281347.9951860066
281469.50018611975
281496.86018614523
281620.8351862607
281644.4751862827
281673.40018630965
281715.62018634897
281886.54018650815
281912.2551865321
281942.15018655994
282129.84518673475
282296.73018689017
282310.2601869028
282360.15018694923
282543.1051871196
282595.4601871684
282611.2351871831
282626.00518719683
282641.190187211
282651.940187221
282663.52018723177
282928.27018747834
283122.8101876595
283137.89518767357
283153.65518768824
283343.92018786544
283408.6151879257
283426.2351879421
283466.3651879795
283636.32518813777
283660.80518816056
283823.98518831254
283837.375188325
283857.8701883441
283976.25018845435
283992.55518846953
284221.0401886823
284272.9651887307
284319.8801887744
284330.16018878395
284343.59518879646
284499.6251889418
284657.1701890885
284683.32518911286
284769.400189193
284780.7701892036
284795.62518921745
284814.8201892353
284837.7701892567
284887.76018930326
284911.71018932556
284966.960189377
285142.57518954057
285278.9751896676
285318.33018970425
285447.5301898246
285477.56018985255
285600.2101899668
285949.05019029166
285976.85519031755
285992.62519033224
286009.29519034777
286049.6051903853
286414.6951907253
286429.9951907396
286627.8201909238
286670.6301909637
286751.36019103887
286875.8401911548
286984.6901912562
286999.69019127014
287040.1501913078
287060.46519132674
287082.3351913471
287116.3551913788
287172.2251914308
287185.8151914435
287195.6051914526
287224.55019147956
287309.1951915584
287360.7301916064
287372.41019161727
287387.2901916311
287399.11019164213
287870.83019208146
287882.84019209264
287984.4801921873
288059.6151922573
288180.28019236965
288255.9101924401
288326.22019250557
288772.0751929208
288844.240192988
288868.3701930105
288920.1401930587
288987.19019312115
289001.58519313455
289015.8051931478
289031.01519316196
289338.3851934482
289362.68019347085
289382.165193489
289451.26019355335
289532.9251936294
289832.96519390884
289922.3701939921
290045.1851941065
290062.945194123
290100.54519415804
290303.0201943466
290321.1801943635
290401.29519443813
290422.90019445826
290448.2651944819
290875.6151948799
290931.41019493184
290946.46019494586
291179.56519516296
291205.395195187
291407.0301953748
291671.8151956214
291822.64019576187
292124.9201960434
292327.47519623203
292461.675196357
292676.98019655753
292866.2601967338
292925.12019678863
293058.3301969127
293086.595196939
293475.9051973016
293676.5001974884
293691.92019750277
293702.20519751235
293716.9451975261
293740.470197548
293863.7301976628
294000.8901977905
294052.4401978385
294145.65019792534
294323.1951980907
294352.9601981184
294422.59019818326
294434.63019819447
294483.47019823996
294599.2801983478
294746.3451984848
295137.89519884944
295151.5101988621
295308.07519900793
295318.74519901787
295332.5101990307
295345.8101990431
295368.31519906403
295384.1501990788
295480.20019916823
295499.7301991864
295645.9551993226
295671.66519934655
296050.5201996994
296064.7201997126
296112.1551997568
296129.84019977326
296149.2401997913
296200.36019983893
296219.9601998572
296470.2902000903
296581.5302001939
296593.71020020527
296819.72020041576
296893.6502004846
296909.27520049916
296923.24020051217
296947.1102005344
297216.66520078544
297304.1602008669
297407.9552009636
297421.5902009763
297512.4202010609
297829.25020135596
297853.0502013781
298192.210201694
298397.295201885
298467.1752019501
298482.41020196426
298496.2902019772
298521.70520200086
298609.64020208275
298635.49520210683
298648.3302021188
298675.4902021441
298732.71020219737
298948.115202398
298961.7502024107
299115.2052025536
299199.1502026318
299317.485202742
299415.81520283356
299453.58520286874
299472.8852028867
299497.28520290944
299518.56520292925
299538.01520294737
299859.03020324634
299884.7652032703
299915.7852032992
299939.1052033209
