214.2899999998776
414.03499999969597
599.7499999995271
716.369999999421
737.0999999994021
862.2399999992883
929.1849999992274
1095.9300000007113
1375.2900000068091
1443.730000008303
1488.715000009285
1704.1150000139867
1782.930000015707
1890.0600000180455
1912.1050000185267
2045.6100000214408
2073.3650000220464
2096.300000022547
2319.7000000274234
2346.7800000280145
2370.480000028532
2476.9300000308554
2502.885000031422
2699.2100000357073
2759.6500000370265
2889.095000039852
2902.3450000401413
2990.24500004206
3013.60500004257
3062.450000043636
3076.005000043932
3190.2050000464246
3283.6150000484636
3338.6850000496656
3641.6500000562787
3682.210000057164
3697.0350000574877
4211.105000068708
4364.470000072056
4564.630000076425
4581.175000076786
4706.9050000795305
4755.155000080584
4798.94500008154
4878.68500008328
4892.255000083576
4956.08500008497
4972.845000085335
5028.870000086558
5141.920000089026
5320.455000092923
5453.745000095832
5570.345000098378
5830.930000104066
5860.230000104705
5924.4750001061075
6223.605000112637
6248.405000113178
6297.620000114252
6526.060000119239
6649.36000012193
6999.550000129574
7170.570000133307
7264.940000135367
7362.6600001375
7410.085000138535
7456.465000139548
7504.5650001405975
7536.475000141294
7585.995000142375
7747.04000014589
7844.260000148012
7862.47500014841
7881.575000148827
7985.090000151086
8014.260000151723
8098.735000153567
8136.980000154402
8338.765000132109
8369.415000127203
8591.985000091576
8616.735000087614
8636.620000084431
8650.835000082156
8733.825000068871
8934.56000003674
8954.015000033625
8968.930000031238
9003.970000025629
9113.680000008068
9124.940000006265
9140.265000003812
9166.45499999962
9398.504999962475
9411.96499996032
9478.714999949636
9605.014999929419
9620.019999927017
9658.344999920882
9717.754999911373
9897.984999882523
9968.429999871247
10005.689999865283
10193.514999835217
10227.199999829825
10377.754999805726
10409.129999800703
10460.389999792498
10481.924999789051
10580.929999773203
10597.324999770579
10639.85999976377
10683.099999756849
10801.444999737905
11001.089999705948
11031.714999701046
11093.28999969119
11125.619999686014
11198.384999674367
11348.209999650384
11362.859999648039
11383.959999644661
11551.569999617832
11567.19999961533
11582.239999612922
11603.439999609529
11670.859999598737
11811.044999576297
11869.709999566907
11885.764999564337
11911.119999560278
11938.524999555892
12061.689999536176
12176.504999517798
12262.194999504081
12315.754999495508
12398.504999482262
12604.164999449342
12632.72499944477
12807.429999416805
12927.289999397619
13149.49499936205
13159.069999360518
13167.294999359201
13184.739999356409
13274.594999342025
13387.719999323917
13413.584999319777
13550.56999929785
13736.524999268084
13835.904999252176
13850.24499924988
13862.93499924785
13878.444999245366
13891.629999243256
13916.634999239253
14115.554999207412
14194.414999194789
14221.909999190388
14238.654999187707
14380.504999165001
14445.98499915452
14469.089999150821
14480.84499914894
14664.109999119604
14701.609999113602
15027.814999061386
15156.924999040719
15447.134998994265
15469.509998990683
15582.889998972534
15822.739998934141
15868.614998926798
15881.614998924717
15893.329998922842
16017.364998902987
16026.814998901475
16064.88999889538
16076.639998893499
16087.149998891817
16099.144998889897
16108.834998888346
16119.544998886631
16166.049998879187
16180.749998876834
16213.119998871653
16260.699998864036
16279.549998861019
16292.309998858977
16626.374998893676
16655.99999889971
16754.25499891973
16773.65499892368
16788.509998926707
16981.359998965996
16991.809998968125
17032.03499897632
17397.109999050695
17419.834999055325
17844.69999914188
17871.919999147427
18144.79499920302
18164.854999207106
18205.65999921542
18253.57499922518
18274.804999229505
18459.04499926704
18581.489999291985
18598.019999295353
18621.544999300146
18634.62499930281
18746.079999325517
18871.864999351143
18914.144999359756
19000.514999377352
19094.324999396464
19120.779999401853
19142.049999406187
19292.944999436928
19308.35999944007
19508.43999948083
19532.009999485632
19653.064999510294
19905.24999956167
20136.279999608738
20161.81999961394
20212.21999962421
20460.409999674772
20585.139999700183
20740.149999731762
20846.434999753415
20860.164999756213
20872.46999975872
21297.669999845344
21382.444999862615
21402.064999866612
21652.19499991757
21891.67499996636
22006.164999989684
22030.459999994633
22052.264999999075
22100.465000008895
22125.955000014088
22356.705000061098
22397.69500006945
22414.24500007282
22431.165000076267
22446.64000007942
22596.10500010987
22684.685000127916
22898.32500017144
23017.470000195714
23034.740000199232
23059.66500020431
23068.75000020616
23081.635000208786
23128.935000218422
23291.69000025158
23665.63000032776
23734.39500034177
23966.785000389114
23982.02500039222
23998.545000395585
24097.67500041578
24120.585000420448
24132.905000422958
24314.165000459885
24324.585000462008
24406.71000047874
24476.75500049301
24492.160000496147
24845.360000568104
24869.170000572954
24882.74500057572
25253.520000651257
25279.275000656504
25792.205000761
26042.810000812056
26086.245000820905
26106.815000825096
26159.480000835825
26240.280000852286
26255.355000855358
26284.150000861224
26421.53000088921
26440.235000893023
26452.865000895596
26572.485000919965
26666.980000939217
26925.005000991783
27077.965001022945
27092.750001025957
27183.600001044466
27204.995001048825
27221.920001052273
27230.70000105406
27247.990001057584
27279.070001063916
27451.550001099054
27873.65500118505
27886.630001187692
27900.135001190443
28110.565001233314
28129.915001237256
28144.525001240232
28156.655001242703
28208.350001253235
28327.195001277447
28346.515001281383
28434.375001299282
28552.61500132337
28573.695001327666
28601.89000133341
28747.755001363126
28805.15000137482
28821.40000137813
28838.610001381636
28868.96000138782
28919.415001398098
29007.015001415944
29440.85000150433
29743.67000156602
29755.365001568403
29798.73500157724
29814.215001580393
30166.870001652238
30179.34000165478
30189.620001656873
30198.68500165872
30219.285001662916
30289.065001677132
30370.475001693718
30384.440001696563
30461.365001712235
30591.18000173868
30739.35500176887
30791.135001779418
30804.520001782144
30813.23000178392
31092.34000184078
31295.89500188225
31346.90000189264
31385.630001900532
31635.540001951445
31664.000001957244
31752.68000197531
31766.08000197804
31811.220001987236
32100.825002046236
32150.480002056353
32565.890002140983
32610.84500215014
32658.36000215982
32757.84500218009
32942.05500209097
33003.040002059024
33048.850002035026
33126.91500199413
33177.450001967656
33281.57000191311
33292.6600019073
33304.355001901175
33323.95500189091
33469.835001814485
33482.76500180771
33493.93000180186
33516.67500178995
33637.665001726564
33650.59500171979
33677.98500170544
33691.530001698346
33901.085001588566
33913.64000158199
33927.32000157482
33951.31500156225
33967.670001553684
34039.85500151587
34049.3400015109
34252.570001404434
34284.73000138759
34317.02500137067
34334.000001361776
34422.65500131533
34443.835001304236
34778.615001128856
35231.39000089166
35275.17500086872
35292.93000085942
35386.03000081065
35437.310000783786
35470.640000766325
35519.680000740635
35537.16000073148
35549.86500072482
35590.155000703715
35693.70000064947
35788.56000059978
35809.76000058867
35843.84000057082
35864.57000055996
35968.10500050572
35985.24500049674
36011.060000483216
36022.60000047717
36080.470000446854
36290.445000336855
36305.07500032919
36437.59500025977
36465.84500024497
36479.50500023781
37080.23499992311
37092.8499999165
37110.879999907054
37239.16499983985
37616.839999642
37637.90499963096
37846.979999521434
38053.85499941306
38064.72999940736
38107.19999938511
38127.25499937461
38385.25499923945
38635.65499910827
38723.954999062014
38949.8049989437
38965.01499893573
39022.194998905776
39032.63499890031
39043.7199988945
39155.05999883617
39561.974998623
39673.37999856464
39850.4149984719
40067.96999835793
40082.35499835039
40227.92499827413
40285.98999824371
40363.544998203084
40577.09499809121
40634.489998061144
40645.52999805536
40666.77499804423
40682.22499803614
40766.23499799213
40912.804997915344
40931.24999790568
40951.48499789508
41049.60499784368
41071.10999783241
41089.78999782263
41370.73499767545
41476.969997619795
41742.04499748093
41884.97999740605
41906.79499739462
41967.529997362806
41980.77499735587
42005.174997343085
42159.13499726243
42301.204997188004
42323.18499717649
42354.744997159956
42540.1999970628
42714.609996971434
42733.389996961596
42753.90499695085
42923.43499686204
42976.64999683416
42988.664996827865
43206.91499671353
43325.714996651295
43357.289996634754
43502.42999655872
43567.31499652473
43616.15999649914
43641.58999648582
43662.67999647477
43860.20499637129
43889.9649963557
44170.87999620854
44358.704996110144
44369.124996104685
44384.434996096665
44400.99499608799
44588.35499598984
44883.259995835346
44900.98999582606
45449.089995538925
45506.74499550872
45529.97999549655
45598.344995460735
45688.119995413705
45721.66499539613
45802.80999535362
45896.11499530474
45921.22499529159
46086.044995205244
46116.91999518907
46383.5249950494
46419.00499503082
46486.21499499561
46527.72999497386
46558.06499495797
46653.319994908066
46729.34999486824
46744.13499486049
46757.984994853236
46772.44499484566
46992.909994730166
47006.92499472282
47026.469994712585
47853.7499942792
47874.964994268084
47960.689994223176
48104.89999414763
48120.87499413926
48143.219994127554
48169.904994113575
48236.67999407859
48249.67999407178
48378.78499400415
48393.469993996456
48607.66999388424
48634.11999387039
48649.66499386224
48881.34999374087
48929.93499371542
48938.40499371098
48949.17999370534
48981.68499368831
48991.579993683124
49172.31499358844
49210.36499356851
49293.85499352477
49306.314993518245
49443.18999344654
49841.579993237836
50021.85999314339
50038.52999313466
50152.16499307513
50207.08999304636
50228.75499303501
50249.394993024194
50321.204992986575
50337.754992977905
50443.19499292267
50457.67999291508
50476.61499290516
50633.454992823
50720.98999277714
50825.184992722556
50835.99999271689
50860.884992703854
50877.0249926954
50893.75999268663
50949.70999265732
50988.26999263712
51261.48999249399
51405.42999241858
51500.05499236901
51565.81999233456
51641.93999229468
51665.07499228256
51694.89999226694
51727.89999224965
51912.67499215285
52060.65499207533
52127.24499204045
52149.87499202859
52491.364991849696
52677.14499175237
52740.21499171933
53025.50499156988
53126.57999151693
53178.349991489806
53252.65999145088
53444.87999135018
53469.40499133733
53495.49499132366
53593.299991272426
53989.8299910647
54007.27499105556
54028.32499104453
54076.839991019115
54280.174990912594
54292.219990906284
54311.09999089639
54378.48499086109
54388.9699908556
54481.08499080734
54690.73999069751
54751.739990665556
54768.97499065653
54790.11999064545
54841.704990618426
55000.02499053549
55075.09499049616
55126.549990469204
55153.79499045493
55189.274990436345
55219.74499042038
55331.43499036187
55468.09499029028
55661.58999018891
55677.714990180466
55703.38499016702
55815.41499010833
55946.044990039896
55970.364990027156
56165.95498992469
56202.18998990571
56214.82998989909
56435.29498978359
56690.754989649766
56851.57498956552
57051.89998946057
57203.4099893812
57769.51498908464
58024.29998895116
58057.03998893401
58075.17998892451
58119.16998890146
58504.6899886995
58649.5749886236
58695.50498859954
58735.81498857842
58955.50498846333
59005.534988437124
59025.07498842689
59124.19498837496
59138.16998836764
59189.93998834052
59222.17998832363
59302.954988281315
59315.914988274526
59346.3199882586
59395.819988232666
59451.02998820374
59494.8299881808
59914.53498796093
60164.68998782988
60199.704987811536
60302.45498775771
60319.47998774879
60419.68998769629
60434.12998768873
60451.52998767961
60470.41998766972
60741.76498752757
60755.76998752023
60774.11998751062
60961.12998741265
61027.06498737811
61081.76498734945
61105.9149873368
61117.739987330606
61250.2249872612
61635.524987059354
61690.059987030785
61786.69998698016
61805.87498697011
62174.114986777204
62368.359986675445
62459.89498662749
62478.289986617856
62490.279986611575
62506.199986603235
62615.75498654584
62633.44998653657
62849.14498642358
63170.06498625546
63183.31998624851
63212.274986233344
63231.11998622347
63356.46498615781
63394.704986137775
63415.51498612687
63430.96498611878
63556.65998605293
63634.269986012274
64279.144985674444
64295.72498566576
64308.0549856593
64567.41498552343
64595.749985508584
64609.44498550141
64623.18998549421
64644.42998548308
64659.769985475046
64790.11998540676
65011.26498529091
65311.099985133835
65501.0949850343
65545.41998502478
65598.79498507449
65609.20498508419
65627.264985101
65641.77498511452
65713.10498518095
65726.51998519344
65853.51998531172
65873.40498533024
65897.77998535294
65991.49998544023
66037.62998548319
66189.24498562439
66206.91998564085
66233.919985666
66248.88498567994
66792.42998618615
66827.72998621903
66862.02498625097
66874.71498626278
66887.54998627474
66900.14498628647
66970.37498635188
67092.01498646516
67163.49998653174
67346.06498670176
67358.37498671323
67367.87998672208
67402.71498675452
67448.81498679746
67633.48498696944
67647.63498698262
68006.79998731712
68023.4149873326
68081.824987387
68134.30498743587
68333.10998762102
68342.98498763022
68352.78498763934
68406.6349876895
68865.17498811655
68914.71498816268
69112.23498834664
69125.504988359
69138.10998837074
69316.35998853674
69650.77498884819
69873.6999890558
69895.47998907609
69916.78998909594
70212.74498937157
70228.94498938665
70465.98498960742
70506.96998964559
70546.3949896823
70557.54498969269
70664.69498979248
70680.59498980729
70698.58498982404
70711.44498983602
70898.37499001011
71337.409990419
71567.03499063285
71824.5699908727
72148.22499117412
72351.53499136347
72422.93499142997
72455.84499146062
72476.57999147993
72490.9399914933
72788.99499177089
72809.65999179013
72862.57999183942
72881.10499185667
72907.23999188101
72932.68499190471
73109.57999206946
73191.8799921461
73216.12999216869
73491.51999242516
73692.94999261276
73703.26999262237
73822.44499273336
73904.37499280967
73932.08999283548
73944.6699928472
74127.77499301772
74171.24999305821
74405.86999327672
74463.1899933301
74581.60999344039
74785.98999363073
74948.6299937822
75053.71499388007
75066.59999389207
75149.0999939689
75490.26499428664
75513.66499430843
75672.98499445681
75686.7099944696
75707.52499448898
76000.19499476155
76042.6649948011
76263.99999500724
76470.95499519998
76485.23499521328
76748.19999545818
76780.32999548811
76793.40499550028
76944.09999564063
77042.86999573262
77057.10499574587
77070.79499575862
77095.04999578121
77135.20999581862
77325.47999599582
77366.62999603414
77387.22999605333
77397.97499606333
77407.89999607258
77419.92499608378
77450.12999611191
77490.19999614923
77611.87499626254
77636.17999628518
77647.5899962958
77764.89499640506
77792.19499643048
77887.3449965191
77941.26999656932
78061.09999668092
78306.78499690973
78320.0649969221
78334.91499693593
78395.95999699278
78462.29499705456
78512.53999710135
78616.02499719773
78826.81499739405
78848.07999741385
78861.15499742603
78876.99499744078
78926.52499748691
78968.95999752643
79113.03499766061
79217.97999775835
79304.17999783863
79315.43999784911
79520.58999804017
79531.20499805006
79543.35499806138
79704.07499821106
79720.04999822594
79738.29999824293
79876.12499837129
79892.01499838609
79967.20999845612
79980.38499846839
79994.48999848153
80018.99999850435
80200.10999867303
80222.12999869353
80258.4999987274
80283.73999875091
80319.03499878378
80349.36499881203
80361.52999882336
80408.97499886755
80423.2099988808
80468.86499892332
80549.74999899865
80568.11499901576
80591.6699990377
80685.53499912511
80872.65999929939
80901.39499932615
80945.19499936694
80993.3549994118
81065.49499947898
81095.96499950736
81515.15999989776
81647.11500002065
81792.94500015647
81864.44000022305
82145.89500048518
82241.74000057444
82431.55000075122
82441.24500076025
82493.84000080923
82531.27000084409
82545.09500085696
82847.10000113823
82869.34000115894
82879.85500116873
82895.80500118359
82945.67500123003
83164.35000143369
83195.34000146255
83250.96500151436
83283.85500154499
83453.1900017027
83510.51000175608
83532.30500177637
83598.73500183824
83637.40000187425
83649.84500188584
83725.42000195623
83777.37000200461
83995.57000220782
84309.42500250012
84382.35000256804
84454.7800026355
84716.41500287916
84862.275003015
84889.59500304045
84922.85000307142
84978.33000312309
85050.48500319029
85149.86500328284
85202.66500333202
85519.38500362699
85532.9300036396
85676.86000377365
85702.60000379762
85788.43500387756
85812.87000390032
85859.49500394374
86074.89500414435
86167.31500423042
86228.01500428695
86241.14500429918
86253.13500431034
86263.81000432029
86569.88500460534
86632.98500466411
86769.26500479103
86973.06500498083
87048.25000505085
87096.13500509545
87150.45000514603
87242.09500523139
87265.92000525357
87342.92000532529
87353.91000533552
87543.02500551165
87556.0800055238
87802.56500575336
88109.23500603897
88406.43000631576
88471.9800063768
88539.81000643998
88554.96500645409
88942.33500681486
88955.10000682675
89123.53500698361
89154.2350070122
89289.87500713853
89403.35000724421
89788.56000760297
89803.3050076167
90021.84500782023
90167.50000795588
90189.70500797656
90241.81500802509
90384.27000815776
90489.97500825621
90559.69500832114
90606.48500836472
90694.92000844708
90713.3000084642
90842.83000858483
91439.52500914055
91460.70000916027
91596.44500928669
91670.68000935583
91698.29500938155
92078.7750097359
92280.16000992345
92319.92000996048
92381.46001001779
92394.17001002963
92638.99501025764
92705.08001031919
92717.04001033033
92750.63001036161
92760.70501037099
92879.42501048156
92992.07001058647
93018.90001061145
93178.64501076023
93414.89001098025
93458.79501102114
93563.6600111188
93576.27501113055
93722.93501126714
93793.24001133261
93824.0350113613
93920.86501145147
93946.88501147571
93984.68501151091
93998.35501152364
94628.34001211036
94800.03001227026
94820.96501228976
94952.66501241241
94968.34501242702
95074.1950125256
95139.47001258639
95174.02001261857
95191.14501263452
95247.1850126867
95447.30001287308
95517.96001293889
95878.39001327456
95899.10001329385
95957.76001334848
95997.5050133855
96107.10001348756
96145.82501352363
96210.28001358366
96222.91501359543
96310.4000136769
96346.64001371065
96372.0300137343
96433.86501379189
96528.30001387984
96560.4750139098
96573.09001392155
96586.22001393378
96676.25501401763
96693.30501403351
96715.54001405422
96925.81001425005
96965.10001428664
97103.75001441577
97119.54001443047
97148.74501445767
97302.72501460108
97317.44501461479
97331.9550146283
97364.66501465876
97390.87501468317
97402.3850146939
97525.07501480816
97537.42001481965
97836.65001509833
97847.31501510827
97919.86001517583
97963.60001521657
97977.7050152297
97994.54501524539
98284.82501551573
98370.11501559516
98475.50501569331
98647.22001585324
98701.4050159037
98716.69001591793
98732.865015933
98752.72001595149
98799.36001599493
98815.99501601042
98839.7000160325
98909.23001609725
99049.5100162279
99069.21501624625
99120.93501629442
99475.7900166249
99495.17001664295
99557.75501670124
99583.90501672559
99641.38001677912
99739.01001687004
99902.54501702235
99949.38501706597
99965.00501708052
100098.97501720529
100111.41501721687
100159.62001726177
100173.73001727491
100202.87001730205
100392.88501747901
100626.55501769664
100692.06001775764
100710.11001777445
101054.23001809494
101132.26001816761
101247.40001827484
101258.33501828503
101275.47001830098
101636.6900186374
101654.69501865417
101704.58001870062
101775.88001876703
101786.63001877704
101803.90501879313
101870.18001885485
101882.17001886602
101938.35501891834
102033.47001900693
102349.75501930149
102364.67001931538
102456.04501940048
102483.48501942604
102532.7300194719
102712.52001963934
102730.92001965648
102992.1850198998
103107.67002000735
103167.48002006306
103229.46502012078
103297.6700201843
103410.72002028959
103471.69502034638
103537.3300204075
103555.17002042412
103701.27002056019
103856.8650207051
104204.03502102842
104220.63502104388
104303.79002112133
104320.68502113706
104329.78502114554
104342.02502115694
104575.22002137412
104589.1600213871
104842.3500216229
104958.17502173077
104995.85002176586
105046.73002181324
105060.95002182649
105130.68502189143
105276.42002202716
105286.93502203695
105340.32502208668
105404.29502214625
105417.6650221587
105622.56502234953
106289.67002297082
106471.35502314003
106563.06502322544
106600.33002326015
106641.71002329868
106766.64502341504
106862.8050235046
106872.78002351389
106914.20502355247
107360.97502396855
107539.63002413494
107602.42002419342
107677.97502426378
107747.33002432837
107815.31002439169
107865.7950244387
107883.03002445475
107984.10002454888
108034.51002459583
108053.43502461346
108066.14002462529
108159.50502471224
108323.17002486467
108391.65002492844
108562.08002508717
108922.3550254227
108936.94502543629
109037.47002552991
109059.72502555064
109074.19502556411
109262.2000257392
109300.28502577468
109582.2700260373
109605.42002605886
109693.49502614088
109752.1350261955
109775.77502621751
109984.38002641179
110001.54502642778
110015.66502644093
110049.71502647264
110064.80502648669
110076.02502649714
110242.63502665231
110379.25502677955
110634.10002701689
110716.4750270936
110728.1650271045
110766.01502713974
110869.2600272359
111121.95502747124
111232.17502757389
111252.68502759299
111298.62002763577
111587.96502790524
111600.66002791707
111648.08502796124
111734.45002804167
111917.28502821195
111938.67502823187
112004.1000282928
112074.65502835851
112090.12002837291
112224.68002849823
112366.64002863044
112412.65002867329
112443.9000287024
112506.25002876046
112535.85502878804
112563.89002881414
112665.38002890866
113096.00502930972
113199.56502940616
113224.5200294294
113374.70502956928
113391.98502958537
113606.340029785
113661.69502983656
113795.315029961
114063.52503021079
114285.4850304175
114296.73503042798
114708.35503081133
114783.65503088146
114842.46003093623
114913.7300310026
114927.91503101581
114947.37503103394
115261.86003132683
115273.83003133797
115283.98003134743
115403.26003145851
115626.36003166629
115639.13503167819
115648.56503168697
115713.36003174732
115788.00003181683
115800.50003182847
115809.57503183692
115819.03503184573
115836.22003186174
115972.81003198895
116014.11503202742
116077.85003208678
116113.67003212014
116132.33003213751
116282.58003227744
116291.15003228543
116301.45003229502
116316.455032309
116336.66003232781
116512.89503249194
116664.43503263308
116781.400032742
116791.52503275144
116962.70503291086
117008.79503295379
117036.4000329795
117289.74503321544
117584.41503348987
117724.49503362033
117831.20503371971
117849.04503373633
118119.34003398806
118144.06503401109
118193.87003405747
118296.69003415323
118600.7350344364
118640.56503447349
118653.43003448547
118681.62503451173
118701.30003453005
118848.54003466718
118865.37503468286
118889.35003470519
118960.34503477131
119089.44503489154
119175.05503497127
119186.85503498226
119198.68003499327
119266.54003505647
119646.87003541068
119661.64503542444
119963.3200357054
120019.09503575735
120196.2200359223
120262.40003598394
120277.14503599767
120292.04003601155
120310.19503602845
120377.38003609102
120425.51503613585
120604.92003630294
120623.62503632036
120757.31503644487
120813.88003649755
120824.4650365074
120849.93003653112
120866.8700365469
120976.53003664903
120990.28503666184
121009.21503667947
121023.70503669296
121033.8400367024
121122.46503678494
121144.18003680516
121503.0600371394
121518.39503715368
121575.63503720699
121657.42503728316
121834.40003744798
121849.78503746231
122048.53503764741
122298.01503787976
122533.61503809917
122546.45503811113
122565.67003812903
122582.12003814435
123064.17003859329
123250.10503876646
123288.20003880194
123707.97503919288
123720.96003920498
123743.36503922584
124097.50503955566
124157.75003961177
124168.19003962149
124177.69503963034
124429.51003986486
124445.04003987933
124483.21503991488
124553.37503998022
124585.25004000991
124620.26504004252
124820.31504022883
124830.82004023861
124921.26504032285
125115.780040504
125292.12004066823
125372.46004074306
125384.48504075425
125405.5850407739
125463.58004082792
125492.38504085474
125506.42004086782
125533.00004089257
125628.12504098116
125640.50004099269
125653.73004100501
125712.22004105948
125983.47504131211
126072.02004139457
126135.58504145377
126162.12504147849
126250.15004156047
126487.49004178151
126566.98004185554
126653.5950419362
126664.99004194682
126678.99504195986
126701.9050419812
127311.42504254886
127391.18504262314
127436.3400426652
127476.06504270219
127536.47004275845
127874.17504307296
127905.6850431023
127997.65004318795
128076.96004326182
128088.7500432728
128102.62004328571
128116.1350432983
128247.93004342105
128549.74504370213
128564.87004371622
128737.94504387741
128760.23004389816
128812.72504394705
128830.96004396403
128862.18004399311
129061.41504417866
129072.58004418906
129087.71504420316
129213.41504432022
129246.52504435106
129334.52504443302
129352.40504444967
129371.90004446782
129392.15504448669
129418.61504451133
129480.7500445692
129569.42004465178
129823.09504488803
130138.02004518133
130157.19504519919
130183.6250452238
130253.3050452887
130272.17004530627
130341.60004537093
130394.71004542039
130411.35004543589
130547.05504556227
130597.32504560909
130624.66004563455
130688.32004569384
130813.88004581077
130846.09004584077
130867.01004586025
130881.21504587348
130889.66004588135
130909.74504590005
130960.89004594769
131031.7700460137
131052.08504603262
131073.66504605272
131256.22004622273
131498.92504644877
131861.70504678664
131875.75504679972
131958.0900468764
132006.8500469218
132244.44004714309
132282.1300471782
132356.74504724768
132367.7300472579
132581.37504745688
132637.48004750913
132722.150047588
132738.03004760278
132761.69504762482
132780.10004764196
133372.57004819374
133497.1900483098
133524.19004833495
133626.81504843052
133641.70004844439
133682.58004848246
133696.22004849516
133853.84004864196
133909.720048694
133933.41504871607
133944.54504872643
133957.26004873827
134005.0750487828
134026.770048803
134048.68004882341
134077.71004885045
134245.46504900669
134255.82004901633
134268.8750490285
134348.40504910256
134481.42504922644
134492.46004923672
134729.05504945706
134823.56004954508
134833.07004955393
134843.06504956324
134854.96504957433
135298.53004998743
135324.40505001153
135369.42005005345
135384.8350500678
135494.57005017
135540.8400502131
135765.62005042244
135953.51005059743
135987.21505062882
136132.07505076373
136148.56505077909
136159.3100507891
136175.23005080392
136196.3700508236
136233.98005085863
136606.6500512057
137041.42505161063
137293.81005184568
137403.70505194803
137421.0800519642
137471.80005201144
137502.46005204
137620.32505214977
137635.56005216396
137712.83005223592
138166.74005265866
138182.52505267336
138202.99505269242
138336.80005281704
138460.4500529322
138473.18505294406
138802.3400532506
138823.66005327046
138851.4050532963
138869.2200533129
139126.52005355252
139157.23005358112
139231.54505365033
139251.13005366857
139304.32505371812
139375.58505378448
139397.8350538052
139651.84505404177
139725.68005411053
139910.04005428223
139948.48005431803
140013.58005437866
140023.96005438833
140177.55005453137
140196.72505454923
140220.60505457147
140235.5500545854
140565.60005489277
140583.79505490971
140767.90505508118
140799.32505511044
140818.98505512875
140855.2250551625
140901.62505520572
140912.94505521626
140924.12505522667
140938.7500552403
140953.53005525406
141097.17005538783
141158.62005544506
141242.77005552343
141253.74505553365
141376.46505564795
141407.75005567708
141493.7650557572
141543.5950558036
141716.00505596417
141727.88505597523
141759.98505600513
141928.37505616195
142095.2700563174
142117.415056338
142393.91005659552
142718.83505689813
143076.42505723116
143211.7750573572
143246.62005738966
143301.730057441
143935.53505803127
143953.6200580481
143996.28005808784
144150.16005823115
144173.610058253
144281.9750583539
144313.87005838362
144338.28505840636
144352.80505841988
144394.5000584587
144430.92505849263
144444.57505850535
144464.91005852428
144478.9000585373
144490.99505854858
144711.65005875408
144837.5100588713
145249.32005925482
145273.4500592773
145294.11005929654
145415.8250594099
145642.86005962134
145659.62005963695
145957.71005991456
145994.93505994923
146352.52006028226
146482.96006040374
146554.37506047025
146607.22506051947
146631.90506054246
146647.12006055663
146699.73006060562
146750.4000606528
146784.79506068485
146911.27506080264
146929.21506081935
146940.5550608299
146959.60006084765
146993.96506087965
147020.91506090475
147047.0550609291
147082.96506096254
147186.84006105928
147263.06006113027
147533.19506138185
147566.62006141298
147593.21506143775
147663.47006150318
147675.86006151472
147715.5600615517
147885.58006171003
148206.0650620085
148292.95506208943
148360.21506215207
148375.2750621661
148462.42006224726
148575.44506235252
148595.9250623716
148608.95506238373
148694.58506246348
148707.9350624759
148721.5750624886
148780.4950625435
148827.13006258692
148866.1950626233
149142.75006288086
149153.99506289134
149169.15006290545
149481.6600631965
149554.29506326414
149572.52506328112
149583.5750632914
149595.30506330234
149603.89506331034
149648.76006335212
149658.78506336146
149670.37506337225
149736.86006343417
149758.6950634545
150087.44006376067
150099.52506377193
150242.2900639049
150398.88006405073
150420.4500640708
150434.74006408412
150671.30006430444
150718.27506434818
150797.49506442196
150811.2800644348
150903.54006452073
151059.49006466597
151249.2700648427
151260.8550648535
151334.55006492214
151438.6800650191
151554.78506512725
151605.7250651747
151624.60006519227
151648.5750652146
151776.5800653338
151924.6300654717
151962.77506550722
152132.39006566518
152176.1200657059
152235.42006576114
152347.4800658655
152360.02506587718
152805.78006629233
152861.23506634397
152896.66506637697
153157.48506661988
153188.760066649
153202.41006666172
153281.4150667353
153298.03006675077
153503.60506694223
153602.42006703425
154182.13006757415
154222.69506761193
154257.7600676446
154844.9050681914
155157.80006848281
155207.75506852934
155267.49506858498
155286.3250686025
155334.64506864751
155862.85506913945
155878.66506915417
155942.34506921348
156614.005069839
156713.55006993172
156745.28506996128
156783.2050699966
156799.51007001178
156902.7300701079
156920.7500701247
156981.88507018163
156996.9950701957
157011.73007020942
157139.55007032846
157154.59507034248
157239.68007042172
157265.51007044577
157287.47007046622
157311.2750704884
157398.87007056997
157479.94007064548
157590.26507074822
157601.89007075905
157730.675070879
157753.57507090032
157859.26007099875
157931.62507106614
157945.58007107914
158044.19007117097
158060.310071186
158085.5700712095
158119.52007124113
158331.35507143842
158435.32007153524
158468.60007156624
158483.0650715797
158499.6050715951
158514.60507160908
158539.39507163217
158558.69507165015
158690.15007177257
158823.29507189657
158848.5450719201
158860.49507193122
158872.00507194194
158903.5450719713
158946.61507201142
159128.21007218055
159388.90507242334
159653.56507266982
159707.60507272015
159840.3850728438
159882.7800728833
159939.10007293575
159991.43007298448
160146.62507312902
160273.39507324708
160347.21507331583
160367.780073335
160539.6900734951
160766.5850737064
160826.46007376217
160848.830073783
161038.83007395995
161171.77507408377
161189.72007410048
161203.64007411344
161297.05007420044
161658.47507453704
161697.01507457293
161986.80507484282
162000.27507485537
162016.2050748702
162138.05007498368
162172.93007501616
162225.24007506488
162259.5050750968
162364.98007519502
162631.21507544297
162643.8000754547
162816.5800756156
162886.6850756809
162909.8650757025
163074.39507585572
163256.3900760252
163468.24007622252
163539.27507628867
163549.67507629836
163590.0000763359
163769.43507650302
163782.04507651477
163806.15507653722
163825.75007655547
164010.83507672785
164131.85007684055
164140.83507684892
164166.8000768731
164183.64007688878
164208.6700769121
164223.85007692623
164239.52007694083
164347.15507704107
164467.38507715304
164942.95507759595
165005.74007765442
165157.03507779533
165189.7650778258
165229.71507786302
165296.85007792554
165347.24507797247
165512.07507812598
165569.2150781792
165594.69507820293
165626.80007823283
165673.145078276
165735.09007833368
165760.59507835744
165777.44007837313
166019.50007859856
166116.03007868846
166336.03007889335
166349.3950789058
166360.2300789159
166382.6950789368
166407.4900789599
166578.17007911886
166763.24007929122
166781.71007930842
166797.64507932327
166920.6150794378
166939.8550794557
166957.4700794721
166990.71007950307
167078.74007958506
167506.75507998368
167623.14008009207
167762.48508022184
167780.85008023895
167883.5650803346
168133.39508056728
168266.21508069098
168339.0300807588
168417.76008083211
168565.82508097
168591.11508099356
168608.5400810098
168653.66508105182
168666.4250810637
168686.1900810821
168772.55008116254
168786.30508117535
168912.4250812928
168950.94008132868
169582.4250819168
169666.6050819952
169686.07008201332
169699.2650820256
169746.37008206948
169777.29508209828
169792.72008211265
169910.7900822226
169921.21508223232
170012.0350823169
170254.13008254237
170295.33508258074
170440.42008271586
170450.15508272493
170462.06508273602
170688.76508294715
170754.69008300855
170767.5150830205
170777.47508302977
171130.5650833586
171185.36508340965
171197.7750834212
171232.96508345398
171535.18008373544
171607.57008380286
171622.1050838164
171698.71508388774
171709.9350838982
171723.73508391104
171787.2650839702
171978.76508414856
172153.21508431103
172297.62508444552
172315.49508446216
172445.6850845834
172570.81008469994
172583.71508471196
172596.50508472387
172963.89508506603
173197.02008528315
173207.24008529267
173783.64008582948
173817.33508586086
173841.13508588303
173858.77508589946
173896.81008593488
173912.87008594983
173932.370085968
173944.06008597888
173956.5450859905
173985.22508601722
174169.73508618906
174183.81508620217
174262.81508627575
174364.70008637063
174657.20508664305
174670.1300866551
174682.19508666632
174743.78008672368
174766.51508674485
175192.76008714183
175219.65508716687
175445.01008737675
175459.51508739026
175571.89508749492
175649.45508756716
175660.27508757723
175677.90508759365
176041.59008793236
176072.8650879615
176120.79508800613
176136.96508802118
176175.3050880569
176303.6200881764
176371.91508824
176390.7050882575
176529.2200883865
176546.79008840286
176998.83508882386
177217.40008902742
177234.93008904374
177408.48508920538
177541.09508932888
177847.22008961398
177865.78008963127
178036.88008979062
178054.470089807
178076.88508982788
178207.5700899496
178239.95008997974
178552.02009027038
178569.16509028635
178761.3250904653
178781.78509048437
178802.85009050398
178815.69009051594
178825.76509052532
178846.59009054472
178865.52009056235
179009.86509069678
179027.20509071293
179045.67009073013
179101.7850907824
179558.4550912077
179751.4250913874
179822.99509145407
179836.7750914669
180010.69509162888
180066.71509168105
180125.42009173572
180153.35009176173
180170.11009177734
180193.9150917995
180244.60009184672
180260.8950918619
180279.84509187954
180292.8950918917
180399.9600919914
180559.0950921396
180765.1250923315
180803.82009236753
180855.5500924157
180991.5700925424
181082.0000926266
181098.79009264224
181260.27009279263
181683.24509318656
181765.99509326363
181862.23009335325
181961.9100934461
182002.15509348357
182067.66009354457
182128.16009360092
182198.2600936662
182340.2950937985
182361.44509381818
182405.85009385954
182420.36509387306
182534.40009397926
182571.1800940135
182614.82009405416
182627.2250940657
182660.31509409653
182671.82509410725
182699.13009413268
182751.7750941817
182770.73509419936
182786.63509421417
182884.9000943057
183013.47509442543
183065.65009447403
183163.5450945652
183176.92509457766
183191.3500945911
183207.0250946057
183384.9600947714
183431.8750948151
183536.7800949128
183551.8250949268
183864.2800952178
183879.17509523168
183942.96009529108
184112.98509544943
184422.7150957379
184485.0050957959
184685.82009598293
184782.535096073
184797.43009608687
184843.18509612948
184865.61509615037
184990.22509626643
185019.1950962934
185087.53509635705
185199.72509646154
185220.9300964813
185234.13509649358
185415.7350966627
185546.90509678487
185575.01009681105
185598.88009683328
185614.44009684777
185995.3400972025
186178.6150973732
186199.61509739276
186435.62009761255
186609.9500977749
186636.30509779946
186650.4150978126
186719.72009787714
186739.28009789536
187000.1200981383
187020.0100981568
187107.195098238
187310.6600984275
187829.2850989105
187848.96509892883
187938.54009901226
188256.5100993084
188276.09009932663
188324.79009937198
188379.20509942266
188391.20009943383
188469.9950995072
188481.22509951767
188558.00009958918
188783.295099799
188883.51509989233
189020.4901000199
189052.4801000497
189213.63010019978
189227.56510021276
189247.19510023104
189270.49010025273
189347.16510032414
189358.90510033508
189408.1201003809
189436.50510040735
189467.6901004364
189624.73010058264
189756.47510070534
190060.06010098808
190075.8801010028
190207.86510112573
190231.40010114765
190279.17510119214
190322.0901012321
190503.81010140135
190520.23510141665
190537.33010143257
190573.19010146597
190686.8201015718
190827.08010170242
190850.50010172423
190870.88510174322
190889.85510176088
191256.8651021027
191386.17510222312
191497.67510232696
191509.92510233837
191530.98510235798
191611.29510243278
191718.33010253246
191741.470102554
192083.28010287235
192097.15010288527
192162.51510294614
192440.0201032046
192584.8701033395
192719.0001034644
192753.53510349657
192768.23010351026
192778.70510352
192801.95010354166
192851.90010358818
192870.3801036054
192882.7401036169
192899.3951036324
192916.07010364794
192937.26510366768
192967.7751036961
192989.93510371674
193117.75010383577
193162.70510387764
193248.10510395718
193267.6801039754
193282.270103989
193296.8701040026
193322.4201040264
193342.17510404479
193387.74010408722
193431.8401041283
193841.71510451002
193900.5351045648
193912.69510457612
194035.2851046903
194352.97510498617
194490.0101051138
194704.0101053131
194719.44010532746
194741.9351053484
194775.12010537932
194866.035105464
195143.14010572206
195162.14010573976
195234.18010580685
195268.11010583845
195315.1901058823
195381.7601059443
195399.23510596057
195497.5151060521
195586.48010613496
195603.08510615042
195770.01010630588
195929.08510645403
196171.90010668017
196201.94510670815
196334.30010683142
196662.66010713723
196681.6501071549
196911.33510736882
196935.88010739168
196958.69010741293
196979.22510743205
197105.03510754922
197144.2101075857
197244.9201076795
197264.52010769775
197277.05510770943
197289.97510772146
197307.69510773796
197319.16510774865
197335.38010776375
197353.73510778084
197366.05510779232
197423.76510784606
197507.6601079242
197517.06510793295
197785.58510818303
197951.3251083374
198078.690108456
198108.60510848387
198159.26510853105
198206.48510857503
198252.2101086176
198278.11010864173
198588.2851089306
198604.9151089461
198624.07510896394
198647.09010898537
198694.74010902975
198709.86010904383
198732.89510906528
198746.91510907834
199171.28510947357
199182.77510948427
199193.0001094938
199266.0101095618
199287.00010958133
199301.19510959456
199312.38510960498
199566.06510984123
199593.75510986702
199613.57510988548
199647.22510991682
199745.15011000802
199766.67011002806
199863.29511011805
199874.3001101283
199896.9501101494
199954.35511020286
200014.0051102584
200137.60511037352
200249.76511047798
200285.93011051166
200487.3101106992
200508.6551107191
200523.94511073333
200556.91011076403
200680.41511087905
200712.70011090912
200724.4751109201
201116.54511128523
201272.86511143082
201434.20511158108
201467.9351116125
201514.2301116556
201787.94011191052
202020.67011212726
202036.43511214195
202052.3751121568
202064.12511216773
202143.9601122421
202174.22511227027
202326.43511241203
202507.94511258107
202617.9151126835
202629.27511269407
202661.9451127245
202722.3051127807
202911.04011295649
203246.3751132688
203399.04011341097
203562.5901135633
203602.79011360073
203635.5051136312
203747.12511373515
203757.97011374525
203778.90511376475
203802.810113787
203902.48511387984
204053.12011402013
204160.20511411986
204187.47511414526
204267.35511421965
204278.63011423015
204305.82511425548
204349.335114296
204476.1451144141
204524.61011445924
204618.66011454683
204659.2251145846
204676.9251146011
204835.1951147485
204871.41511478223
204949.2251148547
204967.20011487143
204987.3351148902
205007.06511490856
205104.9251149997
205135.65011502831
205175.56011506548
205656.5201155134
205667.5801155237
205727.51511557953
205757.72511560767
205898.70011573896
206018.86511585087
206084.33511591185
206095.8901159226
206115.35511594074
206428.24011623213
206448.58011625108
206528.3701163254
206560.21011635504
206613.7501164049
206651.5301164401
206672.55011645966
206697.80511648318
206852.1151166269
206868.2201166419
207019.23011678254
207029.405116792
207124.78511688084
207231.32511698006
207250.17011699761
207270.91511701694
207465.62511719827
207540.57511726808
207557.15511728352
207581.9451173066
207622.0001173439
207825.1501175331
207892.5651175959
207904.58011760708
207984.77011768176
208341.7151180142
208544.09011820267
208755.71511839976
208915.8451185489
208947.18511857808
209153.17511876993
209165.9251187818
209189.6451188039
209388.98011898954
209804.5851193766
209934.11011949723
209967.88011952868
210084.4101196372
210237.49511977978
210260.3951198011
210283.2551198224
210464.98011999164
210490.56012001546
210573.53012009274
210584.50512010296
210594.9551201127
210621.08012013702
210649.15512016317
210735.47012024355
210757.9601202645
210775.8851202812
211074.23012055905
211129.43512061046
211148.23512062797
211171.21512064937
211375.0401208392
211395.99512085872
211428.47012088896
211667.18512111128
211690.54012113303
211704.49512114603
211755.12512119318
211823.4201212568
211837.76512127015
211890.49512131925
211909.89012133732
211997.0601214185
212163.98012157396
212410.30012180336
212439.50512183056
212452.71012184286
212474.6451218633
213128.00512247178
213528.4151228447
213547.6401228626
213626.93512293644
213672.58012297895
213697.52012300218
214000.27512328414
214082.53512336075
214102.52012337936
214132.3151234071
214343.77512360405
214378.8301236367
214478.64012372965
214486.23512373673
214498.41012374806
214560.74512380612
214785.01012401498
214888.4201241113
214907.94012412947
215156.30012436077
215238.00512443687
215277.60012447374
215374.500124564
215414.19012460095
215500.54012468137
215527.57512470655
215550.37512472778
215679.5751248481
215691.87512485957
215758.41012492153
215809.43012496905
215871.1151250265
215904.54012505763
215940.8151250914
215966.2601251151
215994.63012514153
216165.07012530026
216250.41012537974
216264.55512539292
216330.08512545394
216341.36512546445
216400.65512551967
216793.4651258855
216955.12512603606
217463.71512650972
217526.36512656807
217542.8201265834
217663.5051266958
218034.5951270414
218049.1051270549
218164.50512716238
218364.2451273484
218376.67012735998
218398.41512738023
218450.07512742834
218461.72012743918
218536.81512750912
218556.8851275278
218608.0801275755
218730.3901276894
218816.1851277693
219311.1601282303
219391.87012830545
219408.50512832095
219466.48012837494
219475.8951283837
219494.76012840128
219555.1301284575
219787.31512867374
219832.93012871622
219844.80012872728
219872.70012875326
220210.0951290675
220228.0301290842
220272.47012912558
220384.74012923014
220413.3751292568
220500.32512933778
220512.77512934938
220542.05012937664
220591.0751294223
220625.13012945402
220988.3501297923
221021.0151298227
221157.87512995017
221245.93013003218
221326.7001301074
221520.605130288
221863.37513060722
221883.67013062612
222091.71013081988
222115.08013084164
222329.30513104115
222403.5351311103
222423.57513112895
222444.17013114813
222483.35513118462
222495.05013119552
222505.9751312057
222516.1901312152
222542.45013123966
222557.7251312539
222622.86013131455
222686.4851313738
222746.4101314296
222755.15013143775
222765.8251314477
222774.55013145582
222787.7401314681
222801.75513148116
222827.2551315049
222846.695131523
222872.71513154724
223025.54013168957
223198.81013185094
223211.4351318627
223226.00513187627
223431.32013206749
223497.54513212916
223515.48013214587
223692.12513231038
223706.70013232395
223737.15513235232
223763.72513237706
223805.41013241588
223817.31513242697
224037.53513263207
224109.43513269903
224162.8801327488
224220.45013280242
224354.19013292697
224366.8851329388
224389.04513295944
224752.1351332976
224883.77013342018
224927.66513346107
225010.19513353793
225188.81013370428
225196.8901337118
225414.8451339148
225447.55013394525
225459.9501339568
225585.34013407357
225603.5151340905
225645.33513412945
225659.26013414242
225671.96013415424
225680.9451341626
225704.90513418493
225719.32513419836
225733.6651342117
226057.74513451353
226220.72513466532
226250.450134693
226265.0501347066
226297.34013473667
226310.8951347493
226335.6001347723
226356.79013479204
226494.36013492016
226516.58013494086
226844.80513524654
226872.3451352722
226970.00013536314
226999.4901353906
227019.09013540886
227046.66513543454
227060.77513544768
227082.9051354683
227106.82513549057
227226.72513560223
227323.35513569223
227568.61513592064
227599.90013594978
227613.015135962
227648.76013599528
227683.44013602758
227697.66013604082
227710.80013605306
227853.67013618612
227994.04513631685
228348.87513664732
228479.13013676862
228688.3851369635
228705.42013697937
228863.35013712646
228943.62513720122
228983.74013723858
229049.1451372995
229127.18513737217
229347.52513757738
229391.140137618
229554.64013777027
229571.1951377857
229677.45513788465
229689.61013789597
229706.6001379118
229731.89013793535
229946.78013813548
230008.40513819287
230025.8201382091
230055.65513823688
230066.11013824661
230508.65013865876
230711.850138848
230775.4001389072
231203.59013930598
231273.69013937126
231290.22013938666
231301.2101393969
231311.7501394067
231447.74513953336
231517.02013959788
231544.04013962304
231695.05013976368
231718.60513978562
231742.5151398079
231755.78513982025
231787.8451398501
231811.21513987187
231841.17513989977
232017.11014006363
232029.69514007535
232191.2501402258
232415.27014043444
232436.7051404544
232446.71014046372
232620.28514062538
232635.72014063975
232923.51514090778
232937.13014092046
232998.50514097762
233015.9801409939
233030.22014100716
233068.84014104313
233078.94014105253
233157.25014112546
233292.20514125115
233472.80514141935
233484.80014143052
233496.54514144146
233533.23014147562
233545.5451414871
233562.90514150326
233579.55514151877
233604.09514154162
233648.8501415833
233676.74514160928
233688.51014162024
233720.3751416499
234017.3701419265
234292.41014218266
234355.45014224137
234379.5401422638
234516.4301423913
234698.8551425612
234849.53014270152
234916.11014276353
234997.41514283925
235010.93514285184
235029.6701428693
235048.5851428869
235059.7401428973
235110.66514294472
235130.9351429636
235143.9351429757
235238.56014306383
235248.10014307272
235267.5151430908
235291.53014311317
235308.72014312918
235318.16014313797
235419.03514323191
235440.0501432515
235503.8301433109
235525.69014333125
235751.1351435412
235849.0451436324
235862.83514364524
235908.0051436873
235990.9051437645
236018.4951437902
236035.51514380606
236232.77514398977
236351.7801441006
236516.495144254
236534.6501442709
236731.15014445392
236744.73514446657
236799.3251445174
236821.2301445378
236904.7401446156
236949.0901446569
236959.36014466645
236973.64014467975
237083.08514478168
237279.36014496448
237302.29014498583
237320.46014500275
237335.81514501706
237355.57514503546
237386.1151450639
237401.39014507813
237814.26514546265
237866.41514551122
237882.76014552644
237938.74014557857
238118.60014574608
238209.98014583118
238248.92514586746
238283.3201458995
238302.5451459174
238371.42014598154
238386.935145996
238419.35014602618
238433.7601460396
238499.77514610108
238513.49514611386
238533.2951461323
238626.5101462191
238721.06514630717
238731.59514631698
238748.22014633246
238763.66514634684
238777.6901463599
238868.82014644478
238895.52514646965
238927.18014649913
238959.5651465293
238990.14514655777
239006.22514657275
239076.1851466379
239090.31514665106
239306.1901468521
239560.17514708865
239569.72014709754
239579.0251471062
239699.62514721852
239894.4851474
240046.17014754127
240058.35514755262
240076.0601475691
240506.24014796974
240663.12014811585
240677.82014812954
240695.89014814637
240903.97514834016
240919.95014835504
241049.3851484756
241209.19514862442
241238.66014865186
241353.29014875862
241483.92014888028
241565.6401489564
241577.93514896784
241593.97514898278
241608.21014899603
241640.400149026
241761.2751491386
241828.15014920087
241975.15514933778
241990.93514935247
242025.93014938507
242156.19514950638
242259.14014960226
242270.8851496132
242287.70014962886
242312.93514965236
242359.97014969616
242470.8101497994
242484.58514981222
242496.73014982353
242567.1251498891
242636.65514995385
242670.14514998504
242829.4601501334
242841.34015014448
242857.11015015916
242893.20515019278
242909.03515020752
242926.34015022364
242989.51015028247
243061.50515034952
243254.25015052903
243346.80515061523
243429.06015069183
243446.12015070772
243459.5351507202
243479.25015073858
243524.6901507809
243601.31015085225
243764.61515100434
243811.09015104763
243885.21015111665
243907.9201511378
244070.96015128965
244341.08015154122
244421.79015161638
244434.11015162786
244443.41015163652
244476.92015166773
244491.44515168126
244569.58515175403
244600.14015178249
244846.3551520118
245096.92015224515
245107.45515225496
245136.65015228215
245152.00015229644
245203.12015234405
245227.18015236646
245387.26015251555
245404.36015253147
245430.3851525557
245451.15015257505
245482.19015260396
245494.050152615
245621.79515273398
245638.07515274914
245716.03015282174
245820.6851529192
245910.93515300326
245941.99515303219
246021.01015310577
246060.71015314275
246088.6901531688
246152.82515322854
246164.77015323966
246180.6101532544
246196.97515326965
246230.40015330078
246285.9301533525
246303.13015336852
246519.85015357035
246739.1551537746
246789.97515382193
246831.925153861
246857.54515388486
246870.8951538973
246954.19515397487
247082.62015409447
247171.83015417756
247233.7101542352
247494.61515447818
247722.98515469086
247773.65515473805
247804.9601547672
247929.7151548834
247978.49015492882
248027.5401549745
248204.45515513927
248233.34015516617
248370.67015529406
248428.83515534824
248450.8201553687
248461.46515537862
248478.4051553944
248513.3101554269
248790.72515568527
248818.84015571146
248829.76015572163
248842.58515573357
248943.6601558277
248964.13515584677
249039.16515591665
249157.3251560267
249212.28015607788
249268.3651561301
249282.9501561437
249295.6401561555
249342.81515619945
249376.54015623085
249469.75515631767
249886.2901567056
249909.78515672748
250001.46515681286
250017.22515682754
250189.64515698812
250324.83515711402
250335.2151571237
250370.5651571566
250417.5901572004
250466.14015724562
250550.66515732434
250565.8601573385
250578.71015735046
250591.24015736213
250946.4151576929
250965.01515771024
250982.4801577265
251284.86515800812
251307.1851580289
251337.09015805676
251353.73015807226
251436.8951581497
251446.90015815903
251467.56515817827
251479.3951581893
251632.34015833173
251658.05015835568
251673.83015837037
251683.9501583798
251802.68015849037
251832.1301585178
251945.3951586233
252194.49015885527
252444.46515908808
252458.94015910156
252484.5351591254
252667.0701592954
252718.21515934303
252756.06015937828
252769.6001593909
252875.10015948914
252896.02015950863
252993.12015959906
253006.65015961166
253228.02515981783
253253.26515984134
253266.35515985353
253280.04515986628
253291.2351598767
253457.15016003122
253474.0001600469
253758.68016031204
253779.53016033146
253909.65516045265
253921.66016046383
253931.56516047305
253944.09016048472
254007.750160544
254137.3551606647
254212.7351607349
254475.45016097958
254484.68016098818
254496.00516099873
254520.2551610213
254696.58516118553
254711.93516119983
254743.8901612296
254754.40016123938
254889.05016136478
254911.15516138537
255112.56516157294
255144.44016160263
255253.44516170415
255395.04516183602
255590.27016201784
255633.97516205854
255736.62516215415
255752.6801621691
255774.72016218962
255901.7051623079
256077.08016247122
256087.575162481
256101.0201624935
256128.44016251905
256210.44016259542
256219.36016260373
256450.09516281862
256554.42516291578
256577.02516293683
256611.19516296865
256645.6201630007
256861.93016320217
256961.14016329456
256972.19016330485
256989.27516332077
257149.26516346977
257162.21516348183
257199.7801635168
257533.88516382797
257623.00016391097
257649.63016393577
257666.78016395174
257752.7301640318
257768.6251640466
257800.98516407673
257815.0201640898
258413.93516464758
258423.46016465646
258648.94016486645
258680.2251648956
258816.9401650229
258827.18016503245
258866.3101650689
258877.73016507953
259045.36516523565
259059.2801652486
259091.0501652782
259184.91516536562
259347.6901655172
259362.00516553054
259577.59016573132
259757.7551658991
259811.12516594882
259947.77516607608
259982.30016610824
260067.76016618783
260090.1801662087
260396.99016649445
260412.35016650875
260514.625166604
260653.7901667336
260682.7701667606
260991.1451670478
261015.78516707075
261027.2301670814
261042.93516709603
261233.7201672737
261324.26016735804
261338.54016737133
261501.88516752346
261512.43016753328
261798.01516779925
261854.8751678522
262002.0601679893
262039.85016802448
262057.87516804127
262088.48016806977
262102.55016808287
262183.38516815816
262231.3151682028
262247.25016821764
262321.2001682865
262362.9301683254
262424.2901683825
262629.94016857404
262736.185168673
263106.5151690179
263176.80516908335
263323.7401692202
263365.01016925863
263375.00016926794
263650.65016952466
263674.8301695472
263719.8501695891
263735.38516960357
263752.1751696192
264009.25516985863
264028.3201698764
264040.1751698874
264094.0251699376
264107.73016995034
264124.4451699659
264147.9301699878
264267.8801700995
264620.76017042814
264802.2801705972
264898.21017068654
264940.21517072566
265370.14517112606
265573.82517131575
265758.6851714879
265904.4051716236
265925.47517164325
266269.18017196335
266337.8351720273
266376.46017206326
266389.3551720753
266419.83017210366
266435.1051721179
266482.9851721625
266511.43517218897
266594.09517226595
266676.1001723423
266702.54017236695
266741.4951724032
266777.26517243654
266918.1051725677
267135.4451727701
267399.39017301594
267631.395173232
267644.62517324433
267801.4451733904
268039.6201736122
268054.94017362647
268070.3101736408
268293.93517384905
268311.4651738654
268441.02517398604
268464.0901740075
268549.07517408667
268574.6401741105
268663.1651741929
268730.73017425585
268783.6001743051
269007.32017451344
269112.79017461167
269121.80017462006
269142.110174639
269188.69517468236
269226.4351747175
269531.9901750021
269554.6801750232
269605.16517507023
269671.11017513165
269697.0451751558
269753.90017520875
269837.7101752868
269926.23517536925
270135.62517556426
270186.3801756115
270227.4701756498
270287.5801757058
270307.9901757248
270326.1251757417
270358.32517577166
270493.2401758973
270575.76017597417
270628.23017602303
270773.3851761582
270783.3651761675
270812.6801761948
270827.43517620856
271219.5001765737
271302.34517665085
271373.8251767174
271401.9251767436
271433.1751767727
271641.9301769671
271695.510177017
272159.06517744873
272170.34517745924
272328.5851776066
272368.35517764365
272535.7951777996
272680.62017793447
272768.6151780164
272858.83017810044
272985.22517821816
273138.86517836124
273160.43517838133
273189.89017840876
273257.42017847166
273272.46017848566
273421.9651786249
273561.1351787545
273579.3601787715
273635.46017882373
273676.81517886225
273866.24017903866
274142.05017929553
274160.6951793129
274174.60517932585
274476.5951796071
274494.2051796235
274630.92517975083
274665.2301797828
274794.92017990357
275111.9401801988
275325.76518039795
275423.9401804894
275496.6701805571
275520.7901805796
275533.20518059115
275662.15018071124
275694.105180741
275711.0501807568
275762.44518080464
275865.2351809004
276076.7801810974
276248.5101812573
276260.11518126813
276303.84018130886
276381.305181381
276599.4601815842
276658.6551816393
276670.86018165067
276749.7901817242
276907.7851818713
276972.34518193145
276994.9301819525
277107.2501820571
277123.9151820726
277275.2701822136
277324.4901822594
277413.99018234276
277439.31018236635
277455.7151823816
277470.36518239527
277496.99518242007
277515.4951824373
277531.0701824518
277612.5851825277
277634.72518254834
277647.41018256015
277751.9501826575
277801.05518270325
277851.4801827502
277951.3551828432
278019.820182907
278196.2451830713
278212.40018308634
278299.8551831678
278376.9901832396
278408.48518326896
278418.97518327873
278556.1901834065
278653.0151834967
278673.46518351574
278789.95518362423
278821.2651836534
278847.8851836782
279083.5051838976
279136.48518394696
279370.21018416464
279383.6051841771
279394.7601841875
279683.45018445636
279753.78018452186
279845.3201846071
279885.4751846445
279989.45518474135
280218.7701849549
280301.6301850321
280318.56518504786
280378.80018510396
280424.75018514675
280674.6601853795
280686.53518539056
280733.5251854343
280900.9101855902
280915.1551856035
280934.7101856217
281261.52518592606
281340.0451859992
281761.76518639195
281776.39018640557
281901.390186522
282032.0651866437
282066.62018667586
282554.9801871307
282666.3201872344
282699.9651872657
282761.505187323
282778.06018733844
282796.65518735576
282891.24018744385
282906.7401874583
282974.4801875214
283129.5251876658
283166.23018769996
283211.6951877423
283222.4551877523
283288.0351878134
283308.6701878326
283338.66518786055
283362.09018788236
283387.0401879056
283422.44018793857
283469.4951879824
283492.2751880036
283504.3951880149
283520.3701880298
283560.4351880671
283573.5751880793
283594.21018809854
283712.8951882091
283768.68018826103
284091.58018856175
284126.5451885943
284140.52518860734
284162.1951886275
284401.7001888506
284577.5851890144
284596.1751890317
284712.00518913957
284734.62018916063
284827.82018924743
284842.6001892612
284964.87018937507
284980.1651893893
285009.41518941656
285114.040189514
285141.0201895391
285173.8601895697
285187.3701895823
285201.3501895953
285225.03518961737
285237.4001896289
285387.58518976875
285612.96018997865
285701.8901900615
285724.1701900822
285985.2851903254
286002.84019034175
286046.00519038195
286110.2501904418
286118.7651904497
286293.60519061255
286305.0501906232
286365.12019067915
286375.65019068896
286386.445190699
286399.4001907111
286624.31019092054
286702.8901909937
286884.60519116296
286953.9251912275
287011.2401912809
287242.91019149666
287275.02019152656
287289.39019153995
287428.10519166914
287555.9201917882
287625.500191853
287889.0151920984
288004.0501922055
288069.14519226615
288140.46019233257
288202.8951923907
288241.1251924263
288257.8351924419
288421.75019259454
288470.38519263983
288492.9901926609
288776.1301929246
288791.8001929392
288805.43019295187
288837.29019298154
288855.1001929981
288870.3951930124
289485.0251935848
289502.9851936015
289583.12019367615
289653.44519374165
289804.41519388225
289815.15019389224
290033.0701940952
290051.7701941126
290268.37019431434
290284.59019432944
290296.85519434087
290516.11019454506
290718.8951947339
290876.77519488096
290901.8451949043
290980.83019497787
291034.82519502816
291258.67519523663
291273.41519525036
291305.9901952807
291537.6851954965
291735.4051956806
291746.4451956909
292197.02519611054
292249.080196159
292268.76019617735
292410.16519630904
292474.15519636864
292498.02019639086
292519.9701964113
292666.35019654763
293280.4101971195
293299.77519713755
293478.3651973039
293911.70019770745
293927.70019772236
294667.7951984116
294721.1451984613
294899.9051986278
294923.36019864964
295021.72519874125
295319.1001990182
295337.94019903574
295361.78519905795
295383.7551990784
295418.0951991104
295518.10019920353
295533.3401992177
295753.59519942285
295766.89519943524
295780.01519944746
295819.85019948456
296013.0851996645
296023.1601996739
296036.5751996864
296072.27019971964
296118.0701997623
296499.41020011745
296518.64520013536
296616.8002002268
296649.96020025766
296664.7302002714
296696.0552003006
296855.7502004493
296868.02020046074
296920.5752005097
296962.10020054836
296995.4002005794
297029.4802006111
297042.265200623
297078.28020065656
297098.3002006752
297232.36520080006
297287.12520085106
297381.2252009387
297400.0002009562
297411.44020096684
297538.49020108517
297640.91020118055
297665.47520120343
297753.1802012851
297762.745201294
297778.7252013089
297819.78520134714
297953.9602014721
297974.1602014909
298011.0702015253
298060.6102015714
298327.76520182024
298342.50020183396
298360.3452018506
298404.2552018915
298450.8052019348
298496.04520197696
298511.3302019912
298705.5652021721
298726.945202192
298951.74520240136
298967.94020241644
298992.0802024389
299049.46020249237
299072.8252025141
299488.0402029008
299573.86020298075
299986.7752033653
